indice_interno,distribucion,numero_capas,error_final,forma_h_final,segundos_extraccion,capa_1_rango,capa_1_error,capa_1_ortogonalidad_h,capa_2_rango,capa_2_error,capa_2_ortogonalidad_h,capa_3_rango,capa_3_error,capa_3_ortogonalidad_h,capa_4_rango,capa_4_error,capa_4_ortogonalidad_h
0,18-12-9-6,4,0.3329445987944285,6x212,0.060996699990937486,18,0.03998735568221628,0.3643826149591064,12,0.18755515632398342,0.19246291330459564,9,0.2913816090244073,0.1869300254516533,6,0.3479190495996689,0.17558517367894527
1,18-12-9-6,4,0.3778642603390586,6x212,0.05826099999831058,18,0.03791496502249451,0.35803919915327115,12,0.22600284506991739,0.12589511010982635,9,0.32617314660139024,0.10289617444775385,6,0.38974555751411416,0.1080845690241165
2,18-12-9-6,4,0.40023179540064135,6x212,0.06853300001239404,18,0.048228811316783866,0.35985152645260876,12,0.18962167018752998,0.15862930712673126,9,0.2667365281721889,0.10828436362840096,6,0.43315207834573677,0.12820717543759166
3,18-12-9-6,4,0.38677577281803716,6x212,0.05637490001390688,18,0.04851902997250851,0.384366596695397,12,0.23067839129719792,0.1776227910012979,9,0.2998780339347766,0.15330853712684125,6,0.41394537767249145,0.18129759085099595
4,18-12-9-6,4,0.33825917149532375,6x212,0.05365340001299046,18,0.04924518080190482,0.3946543646823873,12,0.25807119640614434,0.22018031580060937,9,0.3000059760384683,0.15733997842393124,6,0.3656729001116163,0.15471061559478522
5,18-12-9-6,4,0.3618572378118063,6x212,0.06927150001865812,18,0.04886225523419571,0.38525265459346314,12,0.2601207577024535,0.17959235088125608,9,0.3686172301527002,0.1667661427389775,6,0.42788311719074756,0.18022668059583472
6,18-12-9-6,4,0.3261732383627095,6x212,0.0702224999840837,18,0.044263506508192385,0.37836085721557905,12,0.22822305216925473,0.19543124482391025,9,0.2646851457024669,0.16441097703762425,6,0.378850283100034,0.14298636972603745
7,18-12-9-6,4,0.3775437230280345,6x212,0.046803299977909774,18,0.04866160869295588,0.3664073323381602,12,0.25023905406561586,0.17340800226362876,9,0.2882788869223267,0.15137572704763905,6,0.4296738654520985,0.14440811184001007
8,18-12-9-6,4,0.3566466814537939,6x212,0.06676729998434894,18,0.04455950506362745,0.4149437056222337,12,0.25203872422519535,0.1628587471392435,9,0.32204290281493303,0.14043620096960913,6,0.4336860693131339,0.0919016002301558
9,18-12-9-6,4,0.3836641217772812,6x212,0.061727399996016175,18,0.04751037662154647,0.3507195809994879,12,0.20596237297010103,0.16980202261749583,9,0.3121368969820889,0.13430990868891401,6,0.3947174872009294,0.1335869299924092
10,18-12-9-6,4,0.37776028698071634,6x212,0.06479649999528192,18,0.04193795322647494,0.3865719949306259,12,0.23275709738189534,0.18667823879163803,9,0.3386809456949141,0.15423993809500247,6,0.3692009932127331,0.14130167792510323
11,18-12-9-6,4,0.34967912750175884,6x212,0.06589270001859404,18,0.050904809731024146,0.3384427341403891,12,0.19320842368840077,0.1434124739319996,9,0.25616120318309876,0.10965914318537223,6,0.38226250175425763,0.10537467953355042
12,18-12-9-6,4,0.33267522791293525,6x212,0.07013350000488572,18,0.04944016958674688,0.39045574569649105,12,0.2649215851523458,0.20573584207496057,9,0.2803860918872915,0.17307204497258014,6,0.4552568647861788,0.160946177065546
13,18-12-9-6,4,0.31260492012814384,6x212,0.06481050001457334,18,0.04184515013647803,0.3695428933722856,12,0.24595554479311868,0.23693541766938442,9,0.32048860816884484,0.23923207004626038,6,0.3852753070080931,0.22873361721791802
14,18-12-9-6,4,0.30998875561856143,6x212,0.06656790000852197,18,0.05217396686268777,0.3616887885044397,12,0.18191108323462685,0.19800365722912633,9,0.19866455814421063,0.1829841144688029,6,0.35189697662901936,0.1646963377764008
15,18-12-9-6,4,0.3273895582260469,6x212,0.06111759998020716,18,0.053913265327189396,0.3944294561521745,12,0.2325066251908471,0.19920346256468374,9,0.32014582886342885,0.17197039728981917,6,0.43891712704381974,0.17529323352695245
16,18-12-9-6,4,0.3692490848758227,6x212,0.05190089999814518,18,0.0484279932996461,0.3803222843328036,12,0.2186097267924564,0.17510999307168285,9,0.2731883195497321,0.13580464235047188,6,0.4395447961674785,0.12171310047642551
17,18-12-9-6,4,0.3009798630974732,6x212,0.06178570000338368,18,0.04462582753918277,0.37037164765189984,12,0.18341416111246442,0.14824441974823113,9,0.25640145098600414,0.12166694787623247,6,0.3267758142162158,0.09807527282471414
18,18-12-9-6,4,0.3663126775242148,6x212,0.048777899995911866,18,0.04633466161373494,0.3733778334510801,12,0.25155381278554234,0.1995530721599668,9,0.2822593992642273,0.18480705552293428,6,0.3805075456469845,0.18214684171523088
19,18-12-9-6,4,0.3917088083454883,6x212,0.06036790000507608,18,0.05000230494965552,0.36118555063374896,12,0.2460538824762469,0.15451096571580006,9,0.30164973041588594,0.10406133917948096,6,0.4106265712842008,0.08552116777121305
20,18-12-9-6,4,0.336077994770403,6x212,0.048370700009400025,18,0.04215167107943582,0.37506353394946274,12,0.16499070423499904,0.20667266778244048,9,0.3113401753206699,0.1835502229624326,6,0.41584904121447486,0.15854595140334055
21,18-12-9-6,4,0.3545509254053266,6x212,0.06531499998527579,18,0.04078495789065078,0.37196447411638006,12,0.22471681851169148,0.16713199441758209,9,0.37382224904768485,0.13135864624641538,6,0.4283571089802058,0.12926188254611146
22,18-12-9-6,4,0.3828237388927043,6x212,0.06643169999006204,18,0.050830645964471226,0.37084553550089966,12,0.19567081417341617,0.19094144657465906,9,0.2768656896943776,0.16458714315981382,6,0.30963535436834294,0.1534702251724934
23,18-12-9-6,4,0.3778449704881203,6x212,0.07130490001873113,18,0.047510497689883614,0.3693225977058233,12,0.20508586924889716,0.18481656683799588,9,0.25470315886774786,0.13423147982037348,6,0.4257227430546797,0.1597938456935572
24,18-12-9-6,4,0.36812758298037135,6x212,0.0727875999873504,18,0.05280497516475724,0.35489787789581917,12,0.2232283561387619,0.21531139080428455,9,0.2523636982199069,0.17032256400398593,6,0.41447776311183065,0.1506289330558612
25,18-12-9-6,4,0.3955977779819509,6x212,0.06929280000622384,18,0.04623945103797626,0.3346324704680831,12,0.2129385414575788,0.1789510438021468,9,0.25101028306841106,0.12323639119409963,6,0.3816886060229456,0.11801083859239712
26,18-12-9-6,4,0.437096505384427,6x212,0.06897029999527149,18,0.0465753823231712,0.39518665727879426,12,0.20139348690457223,0.16964549691928862,9,0.35865858416929197,0.1602313998363192,6,0.43511286518229764,0.17232615448458366
27,18-12-9-6,4,0.35131970927578243,6x212,0.06267340001068078,18,0.049432573343433775,0.41700663651142356,12,0.21764246828849218,0.19773504048514406,9,0.3262771486225,0.18151836384933112,6,0.4002220543104123,0.17772992696417897
28,18-12-9-6,4,0.35757589418195795,6x212,0.05418239999562502,18,0.05102437753948315,0.3666107319034852,12,0.24049776524186472,0.17862689702000417,9,0.25565442507203,0.15723429412202555,6,0.38266569222251884,0.14075914746885262
29,18-12-9-6,4,0.39256036210352935,6x212,0.05338040000060573,18,0.05007949826924548,0.3634215953900758,12,0.2685638939156837,0.12304149141135948,9,0.3466018425417261,0.0953535115819987,6,0.4256032409239857,0.10138530623690345
30,18-12-9-6,4,0.34947986050903507,6x212,0.061994200019398704,18,0.045959143817298445,0.38714354422855796,12,0.23690088987014962,0.2002237338303712,9,0.2988672864989786,0.18836178470734988,6,0.4119856134429593,0.17060966524767887
31,18-12-9-6,4,0.3835492864279869,6x212,0.06869680000818335,18,0.04200000971401923,0.34528338734074016,12,0.18530270392568057,0.1497939237860393,9,0.3221090542754282,0.13945488352388807,6,0.3629168904008716,0.12912244496667322
32,18-12-9-6,4,0.35227176329763066,6x212,0.053658599994378164,18,0.04336652542684459,0.3772655853596532,12,0.2436133073589503,0.1225198898731501,9,0.30259705771712847,0.10940665314778084,6,0.39310518230796615,0.13932163007974224
33,18-12-9-6,4,0.37247400246276174,6x212,0.05364450000342913,18,0.050047244742427666,0.3621065089195422,12,0.20803838563529986,0.17929717309674836,9,0.29434496362193663,0.14884724966235993,6,0.40298127878395873,0.12672671257218254
34,18-12-9-6,4,0.4039914853537552,6x212,0.07573769998271018,18,0.04788035950471055,0.3791398262707382,12,0.19354397509123028,0.14998942179733132,9,0.292821741126093,0.12767455281848786,6,0.3720697908549263,0.15699532522979723
35,18-12-9-6,4,0.3291838863750867,6x212,0.06161110001266934,18,0.044008166654332326,0.4139776953205698,12,0.2404724294662741,0.18622313253736675,9,0.33858263453317894,0.15881742613534447,6,0.41045139785710694,0.15356349708502226
36,18-12-9-6,4,0.34007522904207504,6x212,0.07164109998848289,18,0.036571529979429224,0.4559818503697117,12,0.19955708306060188,0.17151912601561806,9,0.27067500426104674,0.1502558345813889,6,0.3684064085863207,0.12460337382405852
37,18-12-9-6,4,0.37102902225616896,6x212,0.048407900001620874,18,0.030680092639197992,0.4156521041813224,12,0.16538776420914592,0.150238034700197,9,0.24576179308696713,0.09562650192871172,6,0.37312490662717507,0.0971623309444322
38,18-12-9-6,4,0.4154860343770244,6x212,0.040984799998113886,18,0.034244585407174295,0.3955863506217944,12,0.1955837821717308,0.1550358559722875,9,0.24591472130997885,0.08208428794526172,6,0.4460217172515733,0.09375483907670673
39,18-12-9-6,4,0.34352124222780206,6x212,0.05846269999165088,18,0.03224828945143966,0.4043374413546969,12,0.17302301899679878,0.12121320176534985,9,0.30304765743295925,0.07673668864100304,6,0.45123509620371943,0.0712719647527251
40,18-12-9-6,4,0.36411013572035567,6x212,0.05514089998905547,18,0.03163051685837613,0.39907131135024954,12,0.2249683998427561,0.16639181128394892,9,0.3680823357675313,0.1517451623415415,6,0.42820707470081076,0.1311523483815463
41,18-12-9-6,4,0.34008634178354114,6x212,0.057045399997150525,18,0.04245865297845022,0.4040239216376831,12,0.20139137866758336,0.16298354724860267,9,0.33357678603889473,0.12397780942602196,6,0.4155598818264947,0.10695173552130179
42,18-12-9-6,4,0.3173483562272682,6x212,0.040931399998953566,18,0.033582995552779965,0.4275535060811064,12,0.17430301778402138,0.16350567916337286,9,0.26941877524372004,0.08357894571903361,6,0.4574999607946206,0.07384852962568769
43,18-12-9-6,4,0.4013459220020493,6x212,0.05309000000124797,18,0.030220574943359335,0.44848313538406115,12,0.17915888431192356,0.17227674892624864,9,0.3216691763706996,0.12494891022865172,6,0.4102891073943559,0.12312293814912513
44,18-12-9-6,4,0.389875900747108,6x212,0.057973100017989054,18,0.03520224953875344,0.4301757290982555,12,0.2427719618746529,0.13836012476046497,9,0.31350524240695604,0.0969654193579353,6,0.44429290686433653,0.090231700839056
45,18-12-9-6,4,0.37164208559866607,6x212,0.06787519998033531,18,0.0366017223446433,0.408449362871159,12,0.2165775481210528,0.16118482977494597,9,0.2449310592174113,0.12841017839621713,6,0.46594210037615535,0.13591677214347828
46,18-12-9-6,4,0.3428997851158052,6x212,0.04775349999545142,18,0.03378584329879034,0.41918627312634854,12,0.23516895850472375,0.20612499706112247,9,0.2604664849662667,0.16056317882089258,6,0.3978518611651659,0.10706694523570119
47,18-12-9-6,4,0.34593331083589585,6x212,0.04860270000062883,18,0.04246030342017932,0.42108533015301997,12,0.21228668459436056,0.18884968687447948,9,0.3057854282696029,0.15444712328955695,6,0.42046300241738344,0.14522453448408845
48,18-12-9-6,4,0.3946024627299907,6x212,0.04990350001025945,18,0.0379386800424669,0.41732628828302043,12,0.19256008978671543,0.14281683566980685,9,0.2882114240203052,0.10800826399924347,6,0.40255201158217896,0.10978359680952977
49,18-12-9-6,4,0.34943562206217915,6x212,0.05431979999411851,18,0.035012357345884836,0.4123449427340072,12,0.19408280816257484,0.1353063265003463,9,0.3280403194913459,0.09485760494513092,6,0.4116709253915279,0.08927228729715896
50,18-12-9-6,4,0.4224409740790158,6x212,0.0534650000045076,18,0.03336780450040397,0.42259844725300977,12,0.18009016389597055,0.14118321824556684,9,0.24631186897125448,0.11469908799913694,6,0.42190045158837264,0.10533529890972303
51,18-12-9-6,4,0.35598052636687766,6x212,0.06479429997853003,18,0.03799536231333834,0.401159244856417,12,0.257043451115832,0.15751431307803918,9,0.31779267141481765,0.10852591757293115,6,0.4780043196005641,0.1031555859236756
52,18-12-9-6,4,0.31649620178225496,6x212,0.07248649999382906,18,0.02977373322788443,0.42331025315780973,12,0.19287882388808025,0.16928120402430705,9,0.2666997496997141,0.13228284481446925,6,0.4256381526576371,0.15041491836362123
53,18-12-9-6,4,0.3828647358870644,6x212,0.05614989998866804,18,0.03608242787674412,0.3870616787131438,12,0.19396588374737198,0.12567659568328987,9,0.3476373148859499,0.10985210141176001,6,0.4560539509094809,0.13298123267887707
54,18-12-9-6,4,0.38969008871247185,6x212,0.05171130000962876,18,0.030108189333139506,0.42080719144953743,12,0.19548427594645001,0.14772358665397117,9,0.34432274688790104,0.10412572150635162,6,0.4877722076993366,0.1160815051056606
55,18-12-9-6,4,0.34744483630656375,6x212,0.05464610000490211,18,0.04132648449200838,0.4128505383318327,12,0.18594078437202485,0.1857716716682409,9,0.25604496415119166,0.09566259486630763,6,0.3324785025235829,0.10765020356221383
56,18-12-9-6,4,0.3792210853581108,6x212,0.057925499975681305,18,0.034079947753268586,0.41580250485935155,12,0.22490863124365226,0.17784309346818195,9,0.3306809309032999,0.1359614889584645,6,0.4302166307378794,0.12989197024950816
57,18-12-9-6,4,0.37552804811723767,6x212,0.058129999990342185,18,0.02980167907900384,0.40233995690413404,12,0.18111040782302515,0.1610955398957785,9,0.27522865041170436,0.12608599000463547,6,0.3957187367287267,0.15022101568331472
58,18-12-9-6,4,0.3470065147813566,6x212,0.04154879998532124,18,0.03561135380183312,0.4383711187139558,12,0.22035126195745663,0.11582598904029176,9,0.33615831019025416,0.08416307828712254,6,0.4771102690229438,0.07345108847896374
59,18-12-9-6,4,0.3891144559723004,6x212,0.0576788000180386,18,0.03028742073160366,0.4164254429207192,12,0.20803729674463714,0.16497474308077928,9,0.31325058005200995,0.12390643040956482,6,0.4336820391998635,0.1202770455217213
60,18-12-9-6,4,0.3370097088034204,6x212,0.05508859999827109,18,0.030676054440212482,0.41829255818165995,12,0.2257847042453964,0.21378208943561286,9,0.2761382413525337,0.1673002095295522,6,0.38757175186853854,0.13736393958345916
61,18-12-9-6,4,0.39909352116307634,6x212,0.06844740000087768,18,0.03748763296854416,0.378550558539116,12,0.15896531205935038,0.15930603987148892,9,0.2904310135254545,0.1015358095259944,6,0.3855057409418229,0.10358653476918268
62,18-12-9-6,4,0.37556789058997425,6x212,0.04983629999333061,18,0.03611075902053111,0.4344960569387921,12,0.2252957152445871,0.14115208296092893,9,0.3124322788427678,0.13244407975774564,6,0.3794536151528417,0.10486514996642335
63,18-12-9-6,4,0.32360964437965384,6x212,0.042844199982937425,18,0.034609815316086256,0.42189742386884677,12,0.18986175509597714,0.17894436601633645,9,0.24390228193592184,0.145969222685232,6,0.4519718388759104,0.14394332492785275
64,18-12-9-6,4,0.41384099513007844,6x212,0.04841839999426156,18,0.043488117196678965,0.42974773022789153,12,0.16310838434950328,0.15960711244800077,9,0.24066492924569036,0.10549252626677091,6,0.4456864355624391,0.10247385082287362
65,18-12-9-6,4,0.3382173115898741,6x212,0.04932729998836294,18,0.03145702771638866,0.42836868000178213,12,0.22780513506950523,0.13989939463068934,9,0.3071153894964306,0.10509898036564908,6,0.3858074936495646,0.09891780146425698
66,18-12-9-6,4,0.3371489867266136,6x212,0.04666930000530556,18,0.033516721271133885,0.4461675576641517,12,0.21108374634302027,0.17169313175232012,9,0.25743659732207036,0.1363314781216993,6,0.3729961141599305,0.13661582118800278
67,18-12-9-6,4,0.3606834632269305,6x212,0.045672599982935935,18,0.03445395828725832,0.41937111721378323,12,0.22375036590018346,0.1784304420182678,9,0.2929376717775069,0.1528857048434381,6,0.4224781748351162,0.1544987403468322
68,18-12-9-6,4,0.338208210713241,6x212,0.06976320000831038,18,0.042093233019701456,0.46547046411234416,12,0.264011925043129,0.17690490398198414,9,0.3179612370546149,0.14467751905542275,6,0.48505939876398513,0.145002249486311
69,18-12-9-6,4,0.3573117401501201,6x212,0.060655899986159056,18,0.04429591243700862,0.3750489662981134,12,0.2243539891803761,0.19310413890792905,9,0.2884163830310655,0.15171764786447295,6,0.41031237703714557,0.17168032513077394
70,18-12-9-6,4,0.3737748600813034,6x212,0.05061420000856742,18,0.04225946930128846,0.3872991489750794,12,0.2345785906945208,0.13849338173705683,9,0.3111185982610628,0.1191784677618047,6,0.34792476396875965,0.09380513245132414
71,18-12-9-6,4,0.35607201282890255,6x212,0.05019189999438822,18,0.04196437087168602,0.40036269014224257,12,0.2812605554761859,0.16311883191875579,9,0.33163732090041115,0.14520335808944607,6,0.44516233473660133,0.14534803790381925
72,18-12-9-6,4,0.3481874231378833,6x212,0.04941179999150336,18,0.04467883113783954,0.386245499131791,12,0.22899546449529953,0.15573953817552932,9,0.3053945577633738,0.15097310216848017,6,0.3888288733319068,0.12762305762859472
73,18-12-9-6,4,0.3353497949216062,6x212,0.04683070001192391,18,0.04726058042278449,0.3751742714330553,12,0.16278035200646068,0.13507657930336484,9,0.3629983733311769,0.11008048220567636,6,0.40769438982502665,0.07823940098438958
74,18-12-9-6,4,0.42297128125558175,6x212,0.052929600002244115,18,0.0404408087774582,0.36050819053417976,12,0.17379131360785544,0.14205964918797087,9,0.3075414499699091,0.10463380143021325,6,0.3483981205327559,0.09347818642599456
75,18-12-9-6,4,0.39903420654310146,6x212,0.05678730001091026,18,0.040750840724846624,0.37038058058383727,12,0.22715688683154533,0.18042106929054277,9,0.28414064071861744,0.1378465226324738,6,0.4343039597871174,0.1349436934989227
76,18-12-9-6,4,0.3812538223017924,6x212,0.05756299998029135,18,0.04304927827405119,0.423174616267586,12,0.2609165049957561,0.189926035047511,9,0.3691922371058095,0.1220473357987747,6,0.47072854650019275,0.11612763845282531
77,18-12-9-6,4,0.36544410440357217,6x212,0.046912700025131926,18,0.03826735472166572,0.39425447240964095,12,0.20502146171881758,0.19957939230370375,9,0.27506202087391196,0.16371264526360577,6,0.4576525124729549,0.20009668545408535
78,18-12-9-6,4,0.384932564895355,6x212,0.0468103000021074,18,0.04371855368070216,0.3734124787550023,12,0.17772374305380767,0.1274649113407639,9,0.2539355278211941,0.08330701045008394,6,0.31667920807738476,0.056876827298971915
79,18-12-9-6,4,0.4074446297937594,6x212,0.039519699988886714,18,0.04477183352471764,0.4201267654498595,12,0.1996257361422349,0.1589703689520694,9,0.3434301011705707,0.1551726094002775,6,0.38296311400885397,0.09993315752510816
80,18-12-9-6,4,0.36089295053665876,6x212,0.05443960000411607,18,0.04116129728461646,0.42306318344943694,12,0.21702003717069074,0.15661458513167756,9,0.28139775672942513,0.15357476358199704,6,0.3451350093084653,0.14794341501920288
81,18-12-9-6,4,0.36611880892712045,6x212,0.04781099999672733,18,0.039312670875237925,0.39270251735814293,12,0.18209406871523398,0.20204176889656528,9,0.28489877563766086,0.13818852066041187,6,0.4002877417521003,0.12867946682435424
82,18-12-9-6,4,0.4015465548271194,6x212,0.05076610000105575,18,0.04087331984780359,0.3975772297956907,12,0.21620678509907473,0.15616891320216833,9,0.27755653606274855,0.12146569691333196,6,0.39797134118251876,0.12102256591331945
83,18-12-9-6,4,0.33513019669028854,6x212,0.049867099995026365,18,0.04217552547740149,0.4184843322828968,12,0.21187846320011788,0.1531905076741093,9,0.28589055950604964,0.12053742385503938,6,0.3700404435328553,0.10298677072326765
84,18-12-9-6,4,0.37526312912751675,6x212,0.046508500003255904,18,0.038862988855909206,0.429067018520263,12,0.17796062779331198,0.19134920883693102,9,0.28280068801272157,0.12916141048163773,6,0.37751017561355604,0.12383959614041035
85,18-12-9-6,4,0.3880933119177331,6x212,0.05394839998916723,18,0.03855019930726113,0.4444139975119299,12,0.22808719284516166,0.14497488673165454,9,0.3571703119133331,0.1259424560171786,6,0.4057613782741106,0.11288483249271644
86,18-12-9-6,4,0.33152050646728315,6x212,0.042796899972017854,18,0.04371569926760894,0.40277002902266607,12,0.1527488439754735,0.17799557713694245,9,0.34281492081159054,0.1286938405489404,6,0.3800051982134068,0.12136657755319898
87,18-12-9-6,4,0.35711099861653905,6x212,0.05552500000339933,18,0.048347082416962596,0.37087039548508116,12,0.2032855843020085,0.14055682029714395,9,0.26456161155780206,0.12797987974529412,6,0.324220201363698,0.10082727788056965
88,18-12-9-6,4,0.3849935034068347,6x212,0.06029870000202209,18,0.04071777742624079,0.38961835479278156,12,0.20821762513966816,0.1487258147147136,9,0.35733584762835724,0.12463977100755273,6,0.43853872143599293,0.12883134927937898
89,18-12-9-6,4,0.35891745204766284,6x212,0.049730600003385916,18,0.04525263104343496,0.3735596973277788,12,0.2590829669229942,0.1284029494181515,9,0.36209045099035847,0.09092306826330125,6,0.47022419647309927,0.08670855068105397
90,18-12-9-6,4,0.3259658494238231,6x212,0.055011200020089746,18,0.043836499046049214,0.3697433452501315,12,0.22315569679012232,0.1643655178843274,9,0.2536922176085081,0.13140168137781094,6,0.41174857212599386,0.14172059957527114
91,18-12-9-6,4,0.3705455912400011,6x212,0.04572239998378791,18,0.045515518377317814,0.4278982734279878,12,0.24281563710984974,0.12562162003070923,9,0.34513200380130227,0.11852945911180009,6,0.44051223283845675,0.11109927003765516
92,18-12-9-6,4,0.36939807096281224,6x212,0.03873470000689849,18,0.0467795507348862,0.4273788307240438,12,0.17764339003332838,0.22932143622350895,9,0.2774451550240109,0.17474471362628868,6,0.33630584591153545,0.15054662045627706
93,18-12-9-6,4,0.33935503305499487,6x212,0.05496599999605678,18,0.04621105131326606,0.4402582084073337,12,0.20165527159262112,0.22130504790348382,9,0.3459796053203687,0.14741466969729888,6,0.4408970700973449,0.10898769864374813
94,18-12-9-6,4,0.3458483991913716,6x212,0.06383220001589507,18,0.03897501543284031,0.41245842563554946,12,0.19516134391545084,0.1880904192259738,9,0.2883009916627877,0.1690376690423102,6,0.3771992860963876,0.17172891188072914
95,18-12-9-6,4,0.36507920072397587,6x212,0.05424929998116568,18,0.04373252417571752,0.4261800265277285,12,0.2307211939664511,0.22988298453611122,9,0.27601258305265125,0.18759137510124224,6,0.4129713161606943,0.19179804588447602
96,18-12-9-6,4,0.3460745238924304,6x212,0.04886480001732707,18,0.04382069942817684,0.4157779418716176,12,0.20039341571589403,0.1721636352565899,9,0.3024390138663674,0.10528554094257209,6,0.44546694870696085,0.09962744347085303
97,18-12-9-6,4,0.4081566561794083,6x212,0.05249279999407008,18,0.043245098094436954,0.408591175788453,12,0.1640552038406724,0.1740814143857928,9,0.2573304558100536,0.12015308513659212,6,0.43691504604277437,0.12307638109586762
98,18-12-9-6,4,0.41718888215495387,6x212,0.04790490001323633,18,0.030594345511269484,0.44028510103938884,12,0.19186371577517158,0.12552095841046879,9,0.29106630195091143,0.09798887275395113,6,0.36472817503345184,0.09600173906800874
99,18-12-9-6,4,0.3961072502018535,6x212,0.06047430000035092,18,0.03711534372610378,0.421590618793588,12,0.17420945046354824,0.17868633227917718,9,0.30784102739769265,0.14810556315904813,6,0.3307855310770348,0.1252031611256754
100,18-12-9-6,4,0.3722201772217565,6x212,0.044248999998671934,18,0.03302191115296049,0.40242642161262054,12,0.15115387126446367,0.14411870291870382,9,0.2821256256822422,0.1433937657548982,6,0.36324515566499604,0.10310252251025304
101,18-12-9-6,4,0.46105396395336834,6x212,0.051096699986374006,18,0.04118887747020912,0.4019061771708338,12,0.1794626293832634,0.08513549703091351,9,0.3272167206263278,0.0569271877635269,6,0.40150835958913184,0.051398863197903384
102,18-12-9-6,4,0.32567667416807694,6x212,0.05442570001468994,18,0.04038310557116424,0.41076597255030517,12,0.16020130268170224,0.19699711291583463,9,0.23698704308589993,0.11813762171204001,6,0.42074141888397976,0.11232184774347069
103,18-12-9-6,4,0.3365583531561603,6x212,0.04803050000919029,18,0.03287933484749912,0.41173499121573837,12,0.2083728700551606,0.13645737528378202,9,0.2900256593830466,0.1118574061697761,6,0.41219061488645126,0.08301157151519732
104,18-12-9-6,4,0.3424330097849881,6x212,0.058396700012963265,18,0.032672221915703764,0.40564452135738316,12,0.19950813087616753,0.139029636234789,9,0.30971425236569916,0.11140182646109492,6,0.4691098388400531,0.11813000219094652
105,18-12-9-6,4,0.3940471343348276,6x212,0.04970370000228286,18,0.03159119770564772,0.4707615546495144,12,0.16743014683679272,0.1560321906865899,9,0.23590121390793156,0.09200020672833194,6,0.379050426450969,0.08105922387396386
106,18-12-9-6,4,0.3169468617658561,6x212,0.05229180000605993,18,0.029415655833198825,0.4587318131980136,12,0.19891365115313375,0.18881757248892,9,0.28220211982020266,0.13419418728888147,6,0.4450855380142613,0.10910676963365044
107,18-12-9-6,4,0.3624873686933209,6x212,0.04214470001170412,18,0.03469459428698821,0.4004888444977703,12,0.21698629582564544,0.13404559891564757,9,0.289368006370956,0.08281234845628692,6,0.42264579870678226,0.07764657399458515
108,18-12-9-6,4,0.34730133153138637,6x212,0.06493100000079721,18,0.03470243634108881,0.469958304097039,12,0.1899507574836023,0.17693874276040078,9,0.3181604066441045,0.11896178296609285,6,0.42200180778131396,0.0982939433422269
109,18-12-9-6,4,0.3856173172782406,6x212,0.05477970000356436,18,0.03478400566881635,0.44700352787817493,12,0.2075691307873015,0.15793821295737556,9,0.30825661378023933,0.13675917313192043,6,0.42426911467379297,0.14505341331077556
110,18-12-9-6,4,0.32269349288547156,6x212,0.04785709999850951,18,0.041493824314987916,0.4055487842963629,12,0.20114619932977393,0.17414974695525176,9,0.2876212826189289,0.13596757469662635,6,0.3983312737040614,0.11330312030258517
111,18-12-9-6,4,0.31852730317376904,6x212,0.04281700000865385,18,0.029707772266528255,0.4438875403725841,12,0.1685103064978936,0.20901308145763683,9,0.23046614991500217,0.1547320600494958,6,0.38648410480950235,0.1380147973532246
112,18-12-9-6,4,0.3187839417404321,6x212,0.05431219999445602,18,0.03611097785800133,0.4015091485263214,12,0.18482254101047574,0.1838326950714518,9,0.2315741656724933,0.1639065917316984,6,0.45808383510936695,0.16990888869395945
113,18-12-9-6,4,0.3556774209699178,6x212,0.04191739999805577,18,0.03826107715869922,0.42870729221451104,12,0.23262807468324095,0.18404216408256258,9,0.3327933711858058,0.1757266815483746,6,0.4456156313914654,0.14677963285366893
114,18-12-9-6,4,0.3938693954469774,6x212,0.042395399999804795,18,0.03061011546513539,0.3887008532461904,12,0.2079767485123799,0.140666935744348,9,0.28828602263256065,0.11129989374145335,6,0.34813618025390475,0.11214228043386254
115,18-12-9-6,4,0.3248296961969288,6x212,0.04419159999815747,18,0.03453315030939379,0.4282202445071823,12,0.1836410179696493,0.16134689211462042,9,0.299776082084119,0.15506379015995797,6,0.3964844195441006,0.1445651107629558
116,18-12-9-6,4,0.3530200877237133,6x212,0.05996620000223629,18,0.038670825701069445,0.44479911116912235,12,0.2434537722316609,0.1598249217274975,9,0.3480812216950354,0.13253829156286473,6,0.46744847200624184,0.14133208647988707
117,18-12-9-6,4,0.3649147224112498,6x212,0.04681739999796264,18,0.040670958643034265,0.43687283538401966,12,0.2218814778389698,0.1381288216090452,9,0.30598491991601917,0.12403648629793107,6,0.41923057635924643,0.15028518134215155
118,18-12-9-6,4,0.3846901173183151,6x212,0.04947709999396466,18,0.03610194595929606,0.4443483969746372,12,0.19998301063224516,0.13958530690979928,9,0.3174719372797224,0.13819640493388377,6,0.42685028843453404,0.1355630695207773
119,18-12-9-6,4,0.33108468172897904,6x212,0.059530300000915304,18,0.03527536497784865,0.42533937425226964,12,0.18485801126222468,0.2077507550617338,9,0.2900703095981286,0.1605162444857313,6,0.36516416648359623,0.1591080950578
120,18-12-9-6,4,0.3568834519609692,6x212,0.04245829998399131,18,0.036200514514284646,0.43943911239358685,12,0.21697397306472838,0.2190414189031653,9,0.3388093992723697,0.14780839831045345,6,0.45503035985755413,0.107618028619064
121,18-12-9-6,4,0.37418978929418567,6x212,0.045306699990760535,18,0.03361919972830285,0.39887107243590547,12,0.17148237487509485,0.1555096387004452,9,0.29484971212707556,0.08687253003640111,6,0.3901968314896982,0.11301527449700721
122,18-12-9-6,4,0.37035407599938164,6x212,0.048064100003102794,18,0.03830584103385445,0.43334719200737354,12,0.18218199232084398,0.14778398333315015,9,0.264784223901209,0.08439006021104968,6,0.4636903110876648,0.10971234807070308
123,18-12-9-6,4,0.37556969894494063,6x212,0.05191570002352819,18,0.03665284986606113,0.4249883427541794,12,0.21008695658945534,0.1814158363963031,9,0.34314548824833085,0.1401118469712664,6,0.45035432097376205,0.13160220798060185
124,18-12-9-6,4,0.4311407200803695,6x212,0.06663460002164356,18,0.03714847546707824,0.4467525713013072,12,0.17269393102413907,0.14399160612507533,9,0.2599439503152873,0.1302557010951228,6,0.40030825269835757,0.16310408142973673
125,18-12-9-6,4,0.36967908604614613,6x212,0.058451299992157146,18,0.03284170220186315,0.43278340821881595,12,0.149646648464628,0.15003382994881115,9,0.33263483854208814,0.11602932914196153,6,0.3616053277820027,0.07888760771364564
126,18-12-9-6,4,0.41998089683182876,6x212,0.05164429999422282,18,0.035283346992400044,0.44021246588544877,12,0.16589480491165168,0.1544783302330908,9,0.3064421497301137,0.09501781039190269,6,0.4467785802372127,0.07764734399862687
127,18-12-9-6,4,0.38115200459964926,6x212,0.057561099994927645,18,0.04074096010929646,0.40578595296183834,12,0.16149999284325917,0.12495980405571634,9,0.23697364441539215,0.07039346455569159,6,0.41700217150900043,0.06871617823088891
128,18-12-9-6,4,0.4365390125392561,6x212,0.06898149999324232,18,0.03509521516911147,0.4328935723148108,12,0.15852732603016187,0.12847098674569213,9,0.24124614427328966,0.10222561660462785,6,0.40627081041936075,0.0981065465028462
129,18-12-9-6,4,0.349413163200399,6x212,0.06407439999748021,18,0.037454635056148385,0.3980093976269535,12,0.16656655121610525,0.1276354875982609,9,0.27839501328659355,0.10647076837409121,6,0.4010980883274361,0.09626011872613836
130,18-12-9-6,4,0.3802368308514515,6x212,0.054217199998674914,18,0.03887946927261644,0.4055695274351596,12,0.16968250201342586,0.11361334761152064,9,0.2729518619725999,0.0750829428944009,6,0.38222463793841555,0.09209790419464174
131,18-12-9-6,4,0.3457472925217404,6x212,0.04572650001500733,18,0.041057784486086386,0.3971657460540668,12,0.18322879727892127,0.13275036026108636,9,0.27852689715550916,0.11756948426583502,6,0.3601222146960794,0.08694624385624296
132,18-12-9-6,4,0.38485319255575895,6x212,0.04934600001433864,18,0.039351179388912805,0.49043993552811144,12,0.2066476260133362,0.1816925495087819,9,0.319426290945728,0.11210193378946243,6,0.4252156945650098,0.09412651253506378
133,18-12-9-6,4,0.43312126013783764,6x212,0.05224749998888001,18,0.033103930005521,0.44652957116463987,12,0.14099673571305224,0.101221354166169,9,0.25568745357163486,0.05390280072162872,6,0.4585518833823488,0.047476841505902805
134,18-12-9-6,4,0.35812941659407677,6x212,0.05346039999858476,18,0.035948047034521036,0.4062618543234752,12,0.1893448976675491,0.13281002700171524,9,0.24207836924533982,0.08473023653809074,6,0.4173366782122256,0.042459546841240696
135,18-12-9-6,4,0.391763388752272,6x212,0.05907279998064041,18,0.03212631853080474,0.41020978690251597,12,0.16699572027746262,0.13508992296640138,9,0.28634862418891915,0.05577064012438093,6,0.4580064479531858,0.058502220326569356
136,18-12-9-6,4,0.3902510251606914,6x212,0.04205089999595657,18,0.03608854323571088,0.39537285463917826,12,0.17722100642626723,0.10235857513585886,9,0.2913170681535107,0.07859100656393155,6,0.4444492605173365,0.059876029887737846
137,18-12-9-6,4,0.35677608713870396,6x212,0.05692669999552891,18,0.040412226415404796,0.3818481113072148,12,0.17445817194477445,0.15232025152165704,9,0.17049507992378232,0.09958434439412499,6,0.3711265333144483,0.1040073245755095
138,18-12-9-6,4,0.32373664045942535,6x212,0.055984900012845173,18,0.03396545503546054,0.4262856120590556,12,0.1755888970914312,0.11704442027099608,9,0.25370463431798124,0.08090376067799634,6,0.37777820394012124,0.07950976851832665
139,18-12-9-6,4,0.38208163722371613,6x212,0.056858700001612306,18,0.028812073746185395,0.41454109802362166,12,0.18640547839901073,0.12639426710182342,9,0.2812097780693835,0.06636685479310413,6,0.43639480415296106,0.0606614214768357
140,18-12-9-6,4,0.360101418949044,6x212,0.07429030002094805,18,0.031683320065161356,0.4079887203990959,12,0.16511074652298477,0.09101449291903778,9,0.2954139820802773,0.06439352780079023,6,0.4472108613178963,0.05903266690267087
141,18-12-9-6,4,0.30878320556207606,6x212,0.048025600000983104,18,0.03815974390211169,0.4029145636516501,12,0.17959583398937165,0.15982435144673765,9,0.23751272242830637,0.14131552182594914,6,0.32885618097296204,0.11585249375922858
142,18-12-9-6,4,0.3115746938026407,6x212,0.04588360001798719,18,0.038959545197981636,0.4151212865924294,12,0.13859251509468198,0.18168398378130807,9,0.21983458742308917,0.1182609498830278,6,0.3827914340122437,0.08911879955839994
143,18-12-9-6,4,0.32398072762169244,6x212,0.06486820001737215,18,0.03930200462924247,0.4364440553611991,12,0.2110992244790465,0.16799972858027787,9,0.2868925447392424,0.12247228074419075,6,0.3679504326571051,0.09323044486766122
144,18-12-9-6,4,0.3852394955918954,6x212,0.07328810001490638,18,0.03534628679097795,0.3944628906788546,12,0.17014055601078526,0.13865162382297055,9,0.2452692058554736,0.0811025452513599,6,0.35963982430857566,0.061826150808275214
145,18-12-9-6,4,0.3794289483430299,6x212,0.04389960001572035,18,0.03437239380462059,0.37489123245527134,12,0.15412668416350714,0.1176801327158572,9,0.2988798694325046,0.10970739200696983,6,0.29584898658713277,0.0635577428722831
146,18-12-9-6,4,0.3488215446049556,6x212,0.03983460000017658,18,0.03218764545669328,0.4027183467497173,12,0.20020730457729133,0.12363270471355739,9,0.32097236431215237,0.08977362725250186,6,0.38943927746571916,0.05888850480464415
147,18-12-9-6,4,0.39877666368696335,6x212,0.048908299999311566,18,0.03693112375729268,0.3909778343020311,12,0.1911792603753221,0.09482714618542873,9,0.32117363620522726,0.056180478019716706,6,0.4243163462750405,0.052707205631612734
148,18-12-9-6,4,0.35203176343442955,6x212,0.05168030000641011,18,0.03276893150918279,0.4127899558246689,12,0.15469708679660757,0.1618808289837303,9,0.2661091582411219,0.10529831805535476,6,0.28930152012582305,0.07507842060390237
149,18-12-9-6,4,0.3954640573625377,6x212,0.053200900001684204,18,0.0329205397828107,0.366061515296611,12,0.18586715731968995,0.09363847149006976,9,0.32252652258505893,0.06472625204274383,6,0.4869358532196723,0.07310531601926509
150,18-12-9-6,4,0.4370147145608438,6x212,0.07035419999738224,18,0.033816663100793676,0.3753500612367267,12,0.16413845588378279,0.13385161225540232,9,0.2108480372164305,0.08870405380578167,6,0.37993094222246515,0.065331281802146
151,18-12-9-6,4,0.4105876710448807,6x212,0.0632601999968756,18,0.03443756576077857,0.44946975632143504,12,0.15414468917870908,0.1745172851446583,9,0.20719705187323245,0.08435603600389631,6,0.3633267353438615,0.03492956747066805
152,18-12-9-6,4,0.4028750138368981,6x212,0.05717389998608269,18,0.03764874687591201,0.416391506645437,12,0.1891097962625623,0.16795261539889222,9,0.27556921994820954,0.07821969117712574,6,0.391338961861378,0.0662646981192703
153,18-12-9-6,4,0.3870097800032824,6x212,0.05166989998542704,18,0.042601862674877575,0.4270960930411638,12,0.20800110843342287,0.12459077299699595,9,0.25715502289678427,0.08716947588737617,6,0.38840778310481067,0.09163012542446484
154,18-12-9-6,4,0.3829382764905946,6x212,0.0408750000060536,18,0.0420167557070487,0.38547887256004326,12,0.20148917911180597,0.17758598539311787,9,0.2847116334449224,0.11511451261465735,6,0.4743026615772104,0.13442177360106553
155,18-12-9-6,4,0.3608903714912833,6x212,0.05025329999625683,18,0.030267315892129207,0.4005475288107015,12,0.1761028091957434,0.16953435170012904,9,0.25682427836030053,0.1456967708954438,6,0.4031585496181644,0.15022901588487797
156,18-12-9-6,4,0.30931340674195057,6x212,0.04425499998615123,18,0.03608322275138611,0.41164167387837003,12,0.17739576392202336,0.14097530950965098,9,0.21112086135509958,0.0958661037182772,6,0.388447629007643,0.07651437781470248
157,18-12-9-6,4,0.40099059608244697,6x212,0.041389600024558604,18,0.04685010936456322,0.37987088485229903,12,0.18166718309682717,0.1623661333831279,9,0.26365235390576086,0.13795212125600775,6,0.34111808540178273,0.11435291525389359
158,18-12-9-6,4,0.3432780317823463,6x212,0.0693310999777168,18,0.04463425399594691,0.38491680348838114,12,0.22153409492022438,0.2305198316661521,9,0.31964044281711235,0.22144759807447464,6,0.40319655492681056,0.202970846670938
159,18-12-9-6,4,0.37211066159355827,6x212,0.055575600010342896,18,0.050579744276927366,0.3580497222590381,12,0.22005217457067172,0.13629363577710843,9,0.35555800471405347,0.1399448966111492,6,0.43464297814645075,0.1522540538705181
160,18-12-9-6,4,0.35541540548034883,6x212,0.05009740000241436,18,0.04546679377165023,0.38683629458220736,12,0.21105655816752916,0.1988519035045002,9,0.31093398640947784,0.179964932100139,6,0.4116293105808108,0.18108750748253064
161,18-12-9-6,4,0.33587894236347315,6x212,0.05207400000654161,18,0.047162749847694946,0.3964684539647719,12,0.21299953169221147,0.19881547181341863,9,0.24089258682025508,0.16218875492422966,6,0.40570469963029243,0.15626952695585875
162,18-12-9-6,4,0.35960524733998256,6x212,0.049766500014811754,18,0.04776290434373025,0.34906513044026544,12,0.2047516020081344,0.17922038190718365,9,0.28211816919041355,0.15863371089543138,6,0.42682679571021087,0.1646031931266166
163,18-12-9-6,4,0.3244792512077715,6x212,0.055593500001123175,18,0.04882502257911686,0.3680402451643839,12,0.20409689360263453,0.22571984442428356,9,0.2691392752207931,0.2120950337342996,6,0.37778938459407296,0.21961733763121954
164,18-12-9-6,4,0.36434872143915253,6x212,0.05513920000521466,18,0.04499397164145599,0.3738046411394384,12,0.2369788552138069,0.16644252070224225,9,0.354436392565301,0.1434923544993888,6,0.3943897498548014,0.10079711784547082
165,18-12-9-6,4,0.37056245727342557,6x212,0.06723729998338968,18,0.048208222781273395,0.33391205524660494,12,0.26499250011667846,0.16072023530960283,9,0.2654025178106819,0.13436772831902652,6,0.39546482762703566,0.12140778523239103
166,18-12-9-6,4,0.3586161139499896,6x212,0.050031399994622916,18,0.04206090609316537,0.39180635840510425,12,0.19868388106401877,0.20460675693809574,9,0.22722505561204673,0.16675983655057675,6,0.3914922431182444,0.15752117026577758
167,18-12-9-6,4,0.33193483434231275,6x212,0.054746200010413304,18,0.043407741375311386,0.39289634397400985,12,0.22838625216290293,0.18560800352993148,9,0.27638902887840655,0.15628282315176303,6,0.45562144149958334,0.16792708809598014
168,18-12-9-6,4,0.3788515003741689,6x212,0.047998599999118596,18,0.04713413569189793,0.37803687831651983,12,0.2028863010910019,0.21403510347115787,9,0.2971751185648361,0.18790848933562623,6,0.3906744455198679,0.18041805349955573
169,18-12-9-6,4,0.3456503653190188,6x212,0.05126639999798499,18,0.04698826705905212,0.4003913094161477,12,0.284705633581009,0.1688091333390761,9,0.35547977539311326,0.14599868749011036,6,0.4160114282179628,0.14438223728638008
170,18-12-9-6,4,0.37043558058470005,6x212,0.061154099996201694,18,0.04757562118040968,0.3556390091602016,12,0.19438064678106465,0.18833656810891367,9,0.341263954996378,0.16161506984815052,6,0.40404655820408564,0.1422942572403759
171,18-12-9-6,4,0.35347114638907046,6x212,0.06261230001109652,18,0.043869384715813836,0.3819240880210835,12,0.22855211351761637,0.18499001010702476,9,0.25908159844865314,0.16267503277048612,6,0.3426024603974626,0.12339726631018413
172,18-12-9-6,4,0.3421122850918932,6x212,0.05887189999339171,18,0.04676912498162146,0.3960163736301948,12,0.2439292610304796,0.20919505981959471,9,0.3212527140082298,0.13584075078811075,6,0.44935218266418475,0.12565305156720116
