indice_interno,base,clase,archivo,distribucion,representacion,numero_capas,inicializacion_onmf,error_final,forma_h_final,segundos_extraccion_deep,capa_1_rango,capa_1_error,capa_1_ortogonalidad_h,capa_1_segundos,capa_2_rango,capa_2_error,capa_2_ortogonalidad_h,capa_2_segundos,capa_3_rango,capa_3_error,capa_3_ortogonalidad_h,capa_3_segundos,capa_4_rango,capa_4_error,capa_4_ortogonalidad_h,capa_4_segundos
0,SNR_0db,N,New_N_001.wav,24-13-7-4,DeepONMF_H4,4,nndsvd,0.40198941194917404,4x212,0.036763899959623814,24,0.24706695003265872,0.28732689303535186,0.02435620001051575,13,0.20555236022938825,0.2975425507408386,0.005066900048404932,7,0.18131191210989495,0.3039220385528994,0.003842300036922097,4,0.14871552786653666,0.2925789028242725,0.002563200076110661
1,SNR_0db,N,New_N_002.wav,24-13-7-4,DeepONMF_H4,4,nndsvd,0.3963806956722725,4x212,0.03922830009832978,24,0.24539806059352365,0.30352156928670715,0.026737999985925853,13,0.1888122779133855,0.3142271282233996,0.005375899956561625,7,0.17386181032638892,0.32453837398634866,0.003487400012090802,4,0.14762734214298326,0.3081538687466511,0.002543599926866591
2,SNR_0db,N,New_N_003.wav,24-13-7-4,DeepONMF_H4,4,nndsvd,0.4034055322096442,4x212,0.03934879996813834,24,0.24998827365115453,0.2993636800563029,0.0255353000247851,13,0.19369760948417358,0.3064119020239433,0.005377499968744814,7,0.17162933591210822,0.30100775325978163,0.0036285000387579203,4,0.14853000428838073,0.29540359934622074,0.003691400052048266
3,SNR_0db,N,New_N_004.wav,24-13-7-4,DeepONMF_H4,4,nndsvd,0.4096456703308068,4x212,0.040921199950389564,24,0.2501258568850213,0.30070853763183353,0.026661000098101795,13,0.19882555643519612,0.32621476769333657,0.006618899991735816,7,0.17676734025629703,0.3114449288458097,0.0038725000340491533,4,0.1507399582596244,0.2936532323197499,0.0028292000060901046
4,SNR_0db,N,New_N_005.wav,24-13-7-4,DeepONMF_H4,4,nndsvd,0.3965154022632103,4x212,0.0411458999151364,24,0.2471470085057316,0.2999928639911731,0.026636799913831055,13,0.19156813858899568,0.29959487398081636,0.005773500073701143,7,0.17767677745333763,0.3287499777707029,0.0038166999584063888,4,0.14615457664158948,0.30874303371527717,0.0035970000317320228
5,SNR_0db,N,New_N_006.wav,24-13-7-4,DeepONMF_H4,4,nndsvd,0.40126762261911947,4x212,0.046954400022514164,24,0.2480148189769065,0.3008252801211423,0.02854450000450015,13,0.20025218838621922,0.30975665667535535,0.010235999943688512,7,0.17895746507794102,0.30552180648068167,0.003942999988794327,4,0.15174379114325445,0.26579628934032656,0.003203200059942901
6,SNR_0db,N,New_N_007.wav,24-13-7-4,DeepONMF_H4,4,nndsvd,0.4074023046654713,4x212,0.04987220000475645,24,0.24797189486774707,0.3006974968482323,0.033851100015453994,13,0.19549482024560713,0.30477318483923077,0.007829700014553964,7,0.18164719141664254,0.3022644524056074,0.004207999911159277,4,0.15617785776862264,0.2819813200403095,0.0030225999653339386
7,SNR_0db,N,New_N_008.wav,24-13-7-4,DeepONMF_H4,4,nndsvd,0.4058075879022819,4x212,0.04408540006261319,24,0.24409853924974118,0.29644384495630866,0.030059900018386543,13,0.19758422356979902,0.3030828869068819,0.006346600013785064,7,0.1804458431205765,0.317517297967174,0.0038645999738946557,4,0.15586523095630622,0.26848349889697704,0.002784100011922419
8,SNR_0db,N,New_N_009.wav,24-13-7-4,DeepONMF_H4,4,nndsvd,0.4155304263363689,4x212,0.042753799934871495,24,0.2467394373628387,0.2963853992110557,0.029359899926930666,13,0.19675264148095237,0.3136557552793674,0.005386700038798153,7,0.1771617330316125,0.3091672780000296,0.0036168000660836697,4,0.15972597896586865,0.29290825769149254,0.0030445000156760216
9,SNR_0db,N,New_N_010.wav,24-13-7-4,DeepONMF_H4,4,nndsvd,0.4105909673700716,4x212,0.04118549998383969,24,0.24772973266948714,0.29773556849981575,0.02808099996764213,13,0.19494245980757496,0.3093193643217424,0.005751200020313263,7,0.18104630209154016,0.3259708814624093,0.0037105000810697675,4,0.1578139715469144,0.31091917307700956,0.002601000014692545
10,SNR_0db,N,New_N_011.wav,24-13-7-4,DeepONMF_H4,4,nndsvd,0.40346908401943693,4x212,0.04149720002897084,24,0.24735514124554756,0.30273131387855723,0.028201300068758428,13,0.19666033274344005,0.31100353974012773,0.005579199991188943,7,0.177419119587279,0.2991572339012136,0.003663000068627298,4,0.15270799350768727,0.2794522760925183,0.0027301000664010644
11,SNR_0db,N,New_N_012.wav,24-13-7-4,DeepONMF_H4,4,nndsvd,0.4078434080261233,4x212,0.040438199997879565,24,0.25010358164753144,0.2922279780634113,0.02752560004591942,13,0.19898276532199644,0.30019815515067144,0.005407600081525743,7,0.17827279443117375,0.31647645121201035,0.0038869999116286635,4,0.1512820945081221,0.3007852801391944,0.0027001999551430345
12,SNR_0db,N,New_N_013.wav,24-13-7-4,DeepONMF_H4,4,nndsvd,0.4111188619538758,4x212,0.03940290003083646,24,0.24483686113153139,0.30107304601168194,0.026635100017301738,13,0.19805076671907682,0.3017803216361516,0.005785300047136843,7,0.1761362394065677,0.31010969115112436,0.003519000019878149,4,0.1532816097960956,0.28863683591799394,0.002573799923993647
13,SNR_0db,N,New_N_014.wav,24-13-7-4,DeepONMF_H4,4,nndsvd,0.39850628819736506,4x212,0.04056320001836866,24,0.24420659928315347,0.29859407986603564,0.02683340001385659,13,0.19655940363810634,0.3147301162945909,0.00596650002989918,7,0.17448312784205566,0.3235210748505574,0.003997300053015351,4,0.15202024868307354,0.31896916422480026,0.002808400080539286
14,SNR_0db,N,New_N_015.wav,24-13-7-4,DeepONMF_H4,4,nndsvd,0.4128208967708281,4x212,0.03947710001375526,24,0.25333574296301076,0.29329080704833543,0.02674899995326996,13,0.20372578986413084,0.29702102095684135,0.005720200017094612,7,0.17917453645321568,0.3330852748619928,0.0034648000728338957,4,0.14646451442820493,0.3211268727967999,0.0025411000242456794
15,SNR_0db,N,New_N_016.wav,24-13-7-4,DeepONMF_H4,4,nndsvd,0.40599847464680333,4x212,0.036876199999824166,24,0.25217282797299045,0.295372356098605,0.025103899999521673,13,0.19585070900708584,0.2974070514625038,0.005056299967691302,7,0.18020622561321703,0.3085076671037764,0.0033799000084400177,4,0.14691634337718554,0.27557492037682324,0.0024077000562101603
16,SNR_0db,N,New_N_017.wav,24-13-7-4,DeepONMF_H4,4,nndsvd,0.4057536166209313,4x212,0.04105970007367432,24,0.25254533068044893,0.30028985227265526,0.02779319998808205,13,0.20182174231854044,0.3138973989485257,0.005219000042416155,7,0.18417486494140156,0.3237296799570957,0.0042224000208079815,4,0.15786623071998113,0.2920138840005899,0.002917799982242286
17,SNR_0db,N,New_N_018.wav,24-13-7-4,DeepONMF_H4,4,nndsvd,0.41291314399392337,4x212,0.041527100023813546,24,0.2502908355096573,0.29693046687936686,0.027065299917012453,13,0.19737498341999044,0.2983713087065619,0.007001799996942282,7,0.1787763921104932,0.29794257918532374,0.0038059999933466315,4,0.15522690851819793,0.2971859102539154,0.0027657999889925122
18,SNR_0db,N,New_N_019.wav,24-13-7-4,DeepONMF_H4,4,nndsvd,0.4000907970933465,4x212,0.04273939994163811,24,0.24854328951452387,0.2958135530522882,0.029183299979195,13,0.19490540679124438,0.3115094352824475,0.005688600009307265,7,0.17658886577554228,0.3068247195362955,0.004317900049500167,4,0.15033618482706174,0.2643110002703078,0.0027184999780729413
19,SNR_0db,N,New_N_020.wav,24-13-7-4,DeepONMF_H4,4,nndsvd,0.4022193332283128,4x212,0.04648580006323755,24,0.250181504554813,0.30081498935290263,0.03162680007517338,13,0.18961553364677025,0.3005198226042674,0.0060391000006347895,7,0.18076069803474534,0.30483729811668336,0.004328900016844273,4,0.15009353767239797,0.2775541601796784,0.0034780000569298863
20,SNR_0db,N,New_N_021.wav,24-13-7-4,DeepONMF_H4,4,nndsvd,0.3953110774843105,4x212,0.04193389997817576,24,0.24539228049078476,0.3035002612525453,0.02834279998205602,13,0.19725537956922223,0.320587157393036,0.006093500065617263,7,0.17617383789008975,0.3096393829635225,0.0036862000124529004,4,0.1464340946969446,0.27907261333237965,0.0028041000477969646
21,SNR_0db,N,New_N_022.wav,24-13-7-4,DeepONMF_H4,4,nndsvd,0.40749076619844454,4x212,0.04392520000692457,24,0.25007717821060027,0.3036906034054081,0.030259399907663465,13,0.19461056678612357,0.3070736879475956,0.00556790002156049,7,0.1823973863432942,0.3155590696461954,0.004297100007534027,4,0.14963854801395152,0.2888428505220286,0.0028925000224262476
22,SNR_0db,N,New_N_023.wav,24-13-7-4,DeepONMF_H4,4,nndsvd,0.3978386430560782,4x212,0.042380500002764165,24,0.2444660374972004,0.3019307045652089,0.028804700006730855,13,0.18954130575253986,0.3111592539632842,0.006356099969707429,7,0.176565795907009,0.3107840377539388,0.003574000089429319,4,0.15203688841138846,0.28321077088124663,0.0026991000631824136
23,SNR_0db,N,New_N_024.wav,24-13-7-4,DeepONMF_H4,4,nndsvd,0.4026322185306516,4x212,0.03904609999153763,24,0.2508566022048631,0.29961127915008307,0.026237500016577542,13,0.1928558797003628,0.3053331295846654,0.004987999913282692,7,0.17824470122410702,0.3058125298000199,0.003554999944753945,4,0.14987079244309445,0.2906196516584107,0.003366700024344027
24,SNR_0db,N,New_N_025.wav,24-13-7-4,DeepONMF_H4,4,nndsvd,0.406527191524487,4x212,0.041290099965408444,24,0.24920786358239286,0.30311617082997366,0.02805829991120845,13,0.19992866496390968,0.3020015313258216,0.005953800049610436,7,0.18372807610038822,0.30785655626453734,0.003717100014910102,4,0.15534765764444444,0.3150798743938313,0.002687299973331392
25,SNR_0db,N,New_N_026.wav,24-13-7-4,DeepONMF_H4,4,nndsvd,0.39707257222759057,4x212,0.04033939994405955,24,0.24789623778959397,0.31118241058845053,0.027807499980553985,13,0.2021743293252591,0.3155551143199097,0.005103999981656671,7,0.1760490406775893,0.31625335998702947,0.003535800031386316,4,0.15714638484636284,0.3049562343080695,0.0029377000173553824
26,SNR_0db,N,New_N_027.wav,24-13-7-4,DeepONMF_H4,4,nndsvd,0.3997839727229225,4x212,0.03924329997971654,24,0.24777157236673064,0.2941424619064956,0.026286200038157403,13,0.19126575158768844,0.3011198148195822,0.005251899943687022,7,0.1765535007589618,0.30332169543402465,0.0039175000274553895,4,0.1529886130678531,0.30556190893745255,0.0027134999400004745
27,SNR_0db,N,New_N_028.wav,24-13-7-4,DeepONMF_H4,4,nndsvd,0.40236171820785654,4x212,0.038565299939364195,24,0.24858390772056962,0.3037249771829662,0.02646580000873655,13,0.19715516475908063,0.30669536493664523,0.005285399965941906,7,0.17406006703297808,0.31087848657296085,0.0034650000743567944,4,0.1425642741142494,0.2898102052949917,0.002518600085750222
28,SNR_0db,N,New_N_029.wav,24-13-7-4,DeepONMF_H4,4,nndsvd,0.41008719359205664,4x212,0.040793499909341335,24,0.2536272068686946,0.28883289707560716,0.027361799962818623,13,0.2055443972561071,0.3098721911167936,0.005345400073565543,7,0.17925453636293817,0.30621013446960665,0.0038296000566333532,4,0.14875256290011463,0.2915520665834885,0.0033435000805184245
29,SNR_0db,N,New_N_030.wav,24-13-7-4,DeepONMF_H4,4,nndsvd,0.3953647733592823,4x212,0.035760600003413856,24,0.24634995934374943,0.29844798388645083,0.024042299948632717,13,0.19721753942134704,0.3005964123669163,0.004744600038975477,7,0.17813250995371158,0.33433514426025845,0.0035729999653995037,4,0.14644266068508158,0.30604878822292525,0.0024172000121325254
30,SNR_0db,N,New_N_031.wav,24-13-7-4,DeepONMF_H4,4,nndsvd,0.3996809698456505,4x212,0.03508900001179427,24,0.24896841324071714,0.29981443784255823,0.023607500013895333,13,0.19699029898790793,0.308115733463982,0.004864600021392107,7,0.17836626764198688,0.2991207893476948,0.0031773000955581665,4,0.1518219562852376,0.2967052158999111,0.0023158000549301505
31,SNR_0db,N,New_N_032.wav,24-13-7-4,DeepONMF_H4,4,nndsvd,0.4046505344989814,4x212,0.03504610003437847,24,0.2474835562207679,0.3039874447022023,0.02246260002721101,13,0.19899174742867598,0.3002640353241851,0.005906000034883618,7,0.17525245644998497,0.30353132535268434,0.0031935999868437648,4,0.15036993692995482,0.283909831832853,0.0023306000512093306
32,SNR_0db,N,New_N_033.wav,24-13-7-4,DeepONMF_H4,4,nndsvd,0.40058640110745664,4x212,0.034142599906772375,24,0.24742977031052582,0.2976500464467847,0.02261690003797412,13,0.20002321475766108,0.3001738857976067,0.005016900016926229,7,0.1818295177296557,0.3084606346818757,0.0031974000157788396,4,0.15046290896050332,0.2955005115818254,0.0023271999089047313
33,SNR_0db,N,New_N_034.wav,24-13-7-4,DeepONMF_H4,4,nndsvd,0.4075833941025686,4x212,0.03365469991695136,24,0.24699613310171298,0.29997106706913473,0.021626700065098703,13,0.19896523071265115,0.30368605833739665,0.005222699954174459,7,0.17716549679322566,0.30966706275141687,0.0031729000620543957,4,0.15582081666303552,0.28013533088697506,0.002305599977262318
34,SNR_0db,N,New_N_035.wav,24-13-7-4,DeepONMF_H4,4,nndsvd,0.4174178907048945,4x212,0.035256900009699166,24,0.24780770522674406,0.2956220048168728,0.023675199947319925,13,0.19441496469601627,0.30754513979895975,0.00518720003310591,7,0.17818448057910324,0.29882741867130214,0.00305499997921288,4,0.15758782586078826,0.2965059242527552,0.002253500046208501
35,SNR_0db,N,New_N_036.wav,24-13-7-4,DeepONMF_H4,4,nndsvd,0.395821448059291,4x212,0.036689699976705015,24,0.2471145979118794,0.29856988731972006,0.025764800026081502,13,0.20102672852095627,0.30131890728456423,0.004516299930401146,7,0.1726628139192955,0.32028256329647026,0.003082199953496456,4,0.14912675651922896,0.31363929012387076,0.0022717000683769584
36,SNR_0db,N,New_N_037.wav,24-13-7-4,DeepONMF_H4,4,nndsvd,0.33911682220377953,4x212,0.0360460999654606,24,0.18357278184771114,0.29774745498316535,0.023454599897377193,13,0.13685130411567206,0.28559084768808074,0.0048451999900862575,7,0.12663513594040615,0.28493432897979654,0.003375799977220595,4,0.10701605352896727,0.25394546518912714,0.00312180002219975
37,SNR_0db,N,New_N_038.wav,24-13-7-4,DeepONMF_H4,4,nndsvd,0.40327086437206183,4x212,0.039158100029453635,24,0.24590310226530587,0.2948811254283858,0.026642000069841743,13,0.1966366365911245,0.29495823826337364,0.00558699993416667,7,0.17597706920117206,0.27850399880973203,0.003520999918691814,4,0.15463202963579062,0.25963409977482266,0.0024961999151855707
38,SNR_0db,N,New_N_039.wav,24-13-7-4,DeepONMF_H4,4,nndsvd,0.402932897480627,4x212,0.03909970005042851,24,0.25027877129465914,0.29288546444967695,0.02593710005749017,13,0.20156226114707468,0.3076470244482859,0.006128499982878566,7,0.18810641117804658,0.2972510308943289,0.0035379999317228794,4,0.15537091868372843,0.2563189680181445,0.002556600025855005
39,SNR_0db,N,New_N_040.wav,24-13-7-4,DeepONMF_H4,4,nndsvd,0.4040582198215903,4x212,0.042214600020088255,24,0.24869532203462416,0.29509403651147487,0.02866910002194345,13,0.19611345463441443,0.2961484336123175,0.005418700049631298,7,0.17802020047672215,0.28524618651242706,0.004332200041972101,4,0.14890245472630378,0.24223265137819136,0.002790299942716956
40,SNR_0db,N,New_N_041.wav,24-13-7-4,DeepONMF_H4,4,nndsvd,0.39840897256153085,4x212,0.03741320001427084,24,0.24588580634062948,0.30200903590129174,0.024641199968755245,13,0.19165692379752333,0.3104586681013804,0.005628400016576052,7,0.16873884101158104,0.3102560243521618,0.003530799993313849,4,0.14214573728614283,0.29590639116855866,0.002571399905718863
41,SNR_0db,N,New_N_042.wav,24-13-7-4,DeepONMF_H4,4,nndsvd,0.4042695924913105,4x212,0.03743539995048195,24,0.24970391033402212,0.2988927965145369,0.025284599978476763,13,0.19487715052942858,0.3041351693472687,0.005504300002939999,7,0.17755102354593955,0.29632508270976515,0.0033019999973475933,4,0.1478471874081872,0.3234973427631996,0.002432400011457503
42,SNR_0db,N,New_N_043.wav,24-13-7-4,DeepONMF_H4,4,nndsvd,0.40254751444933445,4x212,0.03785379999317229,24,0.24130618710431073,0.3024674284979083,0.02508359996136278,13,0.19045666110027426,0.3168350021817352,0.005129200057126582,7,0.1708920754099018,0.3169320467878191,0.00346110004466027,4,0.14006154064124623,0.3003923212892668,0.0032253999961540103
43,SNR_0db,N,New_N_044.wav,24-13-7-4,DeepONMF_H4,4,nndsvd,0.4000602137305406,4x212,0.04489720007404685,24,0.24651180791153138,0.31300660524211504,0.026011799927800894,13,0.18629251288106694,0.31234185083882055,0.008189900079742074,7,0.16730742799141976,0.3254559739683066,0.005541199934668839,4,0.1411822487452246,0.323965759274608,0.004081399994902313
44,SNR_0db,N,New_N_045.wav,24-13-7-4,DeepONMF_H4,4,nndsvd,0.39939636786088,4x212,0.0359830999514088,24,0.24332646589250198,0.30948267562352233,0.024869400076568127,13,0.19296557001769932,0.3253008564887209,0.004644599976018071,7,0.16963826668305504,0.3400727214038041,0.0031405999325215816,4,0.13857482947854458,0.3139982153543583,0.002275099977850914
45,SNR_0db,N,New_N_046.wav,24-13-7-4,DeepONMF_H4,4,nndsvd,0.39234317008323927,4x212,0.03354049997869879,24,0.23996937491536888,0.29860573449820693,0.022392299957573414,13,0.1868192568743258,0.31088644190197845,0.004603100009262562,7,0.16960488514441505,0.3328825918241774,0.003110299934633076,4,0.14313504549097497,0.3263547317523024,0.002306699985638261
46,SNR_0db,N,New_N_047.wav,24-13-7-4,DeepONMF_H4,4,nndsvd,0.4050431807522182,4x212,0.03680030000396073,24,0.24208530736855305,0.30486119680530727,0.024500300060026348,13,0.18736152691828922,0.3167954287992036,0.004831199999898672,7,0.1703456385800436,0.3187062631360468,0.0033729999559000134,4,0.14572518872525272,0.3454768940488095,0.003181300009600818
47,SNR_0db,N,New_N_048.wav,24-13-7-4,DeepONMF_H4,4,nndsvd,0.39807352914590577,4x212,0.035754899960011244,24,0.24243907109680488,0.3017614384645291,0.0240328999934718,13,0.18740423433036735,0.31938208773005233,0.004791999934241176,7,0.16597632629961417,0.3370556629401563,0.003667399985715747,4,0.14226829770577135,0.3217936901985243,0.002462599892169237
48,SNR_0db,N,New_N_049.wav,24-13-7-4,DeepONMF_H4,4,nndsvd,0.4016077933673069,4x212,0.03242619999218732,24,0.2453837531755954,0.2985762220346385,0.020959599991329014,13,0.19175494139570395,0.3155769166631397,0.004672700073570013,7,0.1736768836746435,0.3279747234085506,0.003396500018425286,4,0.14302657233395563,0.29606398866589095,0.0024436000967398286
49,SNR_0db,N,New_N_050.wav,24-13-7-4,DeepONMF_H4,4,nndsvd,0.4009785971362921,4x212,0.03582119999919087,24,0.2447366916309554,0.29729489870890163,0.023744600010104477,13,0.1926691941637764,0.3009362127024834,0.004988800035789609,7,0.17393554890795596,0.3066585774936404,0.0036282000364735723,4,0.14411543611923844,0.29603003230013414,0.0024522999301552773
50,SNR_0db,N,New_N_051.wav,24-13-7-4,DeepONMF_H4,4,nndsvd,0.3929779372639008,4x212,0.03588409989606589,24,0.24212521502046264,0.29297315337568425,0.023835600004531443,13,0.185979907561518,0.31851737261590857,0.0053922999650239944,7,0.16722346295929072,0.30547272432218653,0.0033171999966725707,4,0.14683130959430438,0.32977373701069523,0.002392600057646632
51,SNR_0db,N,New_N_052.wav,24-13-7-4,DeepONMF_H4,4,nndsvd,0.40040147271717447,4x212,0.03694049990735948,24,0.24469197278065896,0.3056638757230505,0.025818099966272712,13,0.1944749170414831,0.3056079333532946,0.004740800010040402,7,0.16987429000076715,0.3212365478890136,0.0030952999368309975,4,0.1410595088604707,0.3028997804682283,0.0022846999345347285
52,SNR_0db,N,New_N_053.wav,24-13-7-4,DeepONMF_H4,4,nndsvd,0.40826554042302865,4x212,0.033230300061404705,24,0.24735169325871706,0.2924958863969332,0.02235889993607998,13,0.19546191856046716,0.30696706832006243,0.0045513000804930925,7,0.1709970574773426,0.3319799717590526,0.003090500016696751,4,0.14118509207115143,0.31580686038088285,0.002251200028695166
53,SNR_0db,N,New_N_054.wav,24-13-7-4,DeepONMF_H4,4,nndsvd,0.4091719956871579,4x212,0.034095400013029575,24,0.24532119501155736,0.29317681924219613,0.023070499999448657,13,0.19175560795235924,0.30891780437248706,0.004523999989032745,7,0.17259085559017182,0.32654967235457,0.003081299946643412,4,0.13873777171633528,0.33826062198799023,0.002249400014989078
54,SNR_0db,N,New_N_055.wav,24-13-7-4,DeepONMF_H4,4,nndsvd,0.39944508200495416,4x212,0.03430309996474534,24,0.24733110213002632,0.29477868733286733,0.023353999946266413,13,0.19131866205188977,0.31072948032088993,0.004577400046400726,7,0.16661350114084755,0.3307864255725778,0.003084300085902214,4,0.13913875863442787,0.336805717751749,0.0022440000902861357
55,SNR_0db,N,New_N_056.wav,24-13-7-4,DeepONMF_H4,4,nndsvd,0.39925127754057316,4x212,0.0350728000048548,24,0.24340553316382119,0.3016957922088231,0.023738799965940416,13,0.18492024478394156,0.3021506355605434,0.00455170008353889,7,0.17501540768756438,0.317591649148488,0.0030969000654295087,4,0.14737145073021082,0.32474236812267404,0.002550699980929494
56,SNR_0db,N,New_N_057.wav,24-13-7-4,DeepONMF_H4,4,nndsvd,0.39835219238595193,4x212,0.03590490005444735,24,0.24199105172012061,0.2989839365570438,0.024423500057309866,13,0.18335793654646293,0.3106758901322229,0.004482300020754337,7,0.16539628541344792,0.332133696224757,0.003265799954533577,4,0.13475801312098687,0.3308059086149476,0.00288640009239316
57,SNR_0db,N,New_N_058.wav,24-13-7-4,DeepONMF_H4,4,nndsvd,0.4020339958086577,4x212,0.0376416000071913,24,0.24570752705498364,0.29768707301181196,0.024783900007605553,13,0.18776252356508843,0.30008504216141546,0.005078600021079183,7,0.1647672056512948,0.32722364215243516,0.004208300029858947,4,0.14824999537423778,0.3253365632719945,0.002619400038383901
58,SNR_0db,N,New_N_059.wav,24-13-7-4,DeepONMF_H4,4,nndsvd,0.39829841843566477,4x212,0.03939089993946254,24,0.24291863347292017,0.29707022862577576,0.02798000001348555,13,0.1943981714802268,0.30927836188722224,0.004815699998289347,7,0.17534320552211682,0.32115619961836356,0.003205800079740584,4,0.1426043662556986,0.2978705506523816,0.0025196000933647156
59,SNR_0db,N,New_N_060.wav,24-13-7-4,DeepONMF_H4,4,nndsvd,0.3953509859054588,4x212,0.03444029996171594,24,0.24392093605425466,0.294410775904156,0.023510699975304306,13,0.19194554121651264,0.3035613748003013,0.004535200074315071,7,0.16879887376531402,0.31191369074999276,0.0031959000043570995,4,0.1447008051429406,0.3346123465922488,0.0022736999671906233
60,SNR_0db,N,New_N_061.wav,24-13-7-4,DeepONMF_H4,4,nndsvd,0.4028106169716229,4x212,0.03590639994945377,24,0.24376538886113489,0.2956026455740484,0.024525900022126734,13,0.19057714612854584,0.30240164578666934,0.004575900034978986,7,0.17397546667794117,0.328689338112182,0.0030578000005334616,4,0.14552628436404877,0.34501292728824495,0.002237000036984682
61,SNR_0db,N,New_N_062.wav,24-13-7-4,DeepONMF_H4,4,nndsvd,0.3970671853976079,4x212,0.033683500019833446,24,0.2442720024809832,0.3005255000514284,0.022623300086706877,13,0.19095915419449822,0.30707472607591274,0.004626499954611063,7,0.17480614034656675,0.34618220681919126,0.0030775999184697866,4,0.14685085178103102,0.34575387172257394,0.00225789996329695
62,SNR_0db,N,New_N_063.wav,24-13-7-4,DeepONMF_H4,4,nndsvd,0.39637020032802395,4x212,0.03529619995970279,24,0.24258719005816512,0.29759192701685827,0.024301399942487478,13,0.1891788584701531,0.3131295282039269,0.00443299999460578,7,0.1670825815688842,0.3107646250515724,0.003035200061276555,4,0.14181120662268146,0.30387820535587945,0.0024998000590130687
63,SNR_0db,N,New_N_064.wav,24-13-7-4,DeepONMF_H4,4,nndsvd,0.394833237804883,4x212,0.03345360001549125,24,0.2422299825346834,0.29827318591394664,0.02204339997842908,13,0.18723010819272945,0.3030847151942359,0.004539099987596273,7,0.17302519406889644,0.31222523121507284,0.003111099940724671,4,0.14959069759561772,0.2887783222469816,0.0026852000737562776
64,SNR_0db,N,New_N_065.wav,24-13-7-4,DeepONMF_H4,4,nndsvd,0.3948239521064129,4x212,0.03547520004212856,24,0.24060832972331772,0.3022816518047389,0.02368370001204312,13,0.18392875386749932,0.3024903677249108,0.0047073999885469675,7,0.16645925481955892,0.31644131876744525,0.0036320999497547746,4,0.1372614050336373,0.2935947183839054,0.0024873000802472234
65,SNR_0db,N,New_N_066.wav,24-13-7-4,DeepONMF_H4,4,nndsvd,0.39826313417052245,4x212,0.03301370004191995,24,0.2414786049649026,0.3027945326876031,0.021341999992728233,13,0.19219547164750092,0.3191596961250781,0.004574400023557246,7,0.16717992310039506,0.3081141421700114,0.0036316999467089772,4,0.14575248295641896,0.3014646392536569,0.002598899998702109
66,SNR_0db,N,New_N_067.wav,24-13-7-4,DeepONMF_H4,4,nndsvd,0.3984813631057922,4x212,0.03390570008195937,24,0.24288130958229093,0.3026086761430752,0.022329899948090315,13,0.19067340990000844,0.3039250158348358,0.004614899982698262,7,0.16591308607783622,0.3185632223479307,0.003671000013127923,4,0.143011346678254,0.32089936990466256,0.002455800073221326
67,SNR_0db,N,New_N_068.wav,24-13-7-4,DeepONMF_H4,4,nndsvd,0.39858752673295195,4x212,0.03385589993558824,24,0.24737472691495171,0.30244472240609643,0.022403799928724766,13,0.19720319871158004,0.3232703122313799,0.004414699971675873,7,0.17244712622850336,0.3333835565292452,0.003793099895119667,4,0.14301212700068752,0.3448625028010959,0.002418600022792816
68,SNR_0db,N,New_N_069.wav,24-13-7-4,DeepONMF_H4,4,nndsvd,0.3990210605303709,4x212,0.03393419994972646,24,0.24608193742402895,0.29937761216161496,0.02259150007739663,13,0.19234752066391916,0.3033686252698965,0.004675099975429475,7,0.16909006937128418,0.31514785699104414,0.00342249998357147,4,0.14456970310807604,0.32080560082957704,0.0024252000730484724
69,SNR_0db,N,New_N_070.wav,24-13-7-4,DeepONMF_H4,4,nndsvd,0.4069163352926994,4x212,0.03588300000410527,24,0.245452787448117,0.31435812508594346,0.022528399946168065,13,0.19822930341134898,0.3299657126411056,0.005929999984800816,7,0.17361706858387005,0.3235043892388097,0.004232199979014695,4,0.15524226737351396,0.3281659508984736,0.002442600089125335
70,SNR_0db,N,New_N_071.wav,24-13-7-4,DeepONMF_H4,4,nndsvd,0.4004158988265444,4x212,0.038062599953264,24,0.24517556864371332,0.3100029696814512,0.025756999966688454,13,0.19079909097885686,0.3130119647200934,0.00496210006531328,7,0.171758546417088,0.3326567256094348,0.0034073999850079417,4,0.14363981796802897,0.34320321803318626,0.0024677999317646027
71,SNR_0db,N,New_N_072.wav,24-13-7-4,DeepONMF_H4,4,nndsvd,0.39973023610290537,4x212,0.03815020003821701,24,0.247928151418806,0.2965593832857704,0.02571319998241961,13,0.19503445430053312,0.32256288659502674,0.005205499939620495,7,0.17650194200808975,0.3577060293587506,0.0035014000022783875,4,0.15013346371444244,0.3628652120848654,0.0027626999653875828
72,SNR_0db,N,New_N_073.wav,24-13-7-4,DeepONMF_H4,4,nndsvd,0.3992231128512513,4x212,0.03624019993003458,24,0.245661802466305,0.30502105064324103,0.023646799963898957,13,0.19577361239822394,0.3203733997449327,0.00517809996381402,7,0.17270150586366037,0.31977107965636176,0.00371439999435097,4,0.1440833873574563,0.34033351990603317,0.0026807000394910574
73,SNR_0db,N,New_N_074.wav,24-13-7-4,DeepONMF_H4,4,nndsvd,0.39996873572795505,4x212,0.03817260009236634,24,0.24736252067672276,0.30348041096382944,0.025296100066043437,13,0.1895810142755462,0.31141965247600945,0.005709499935619533,7,0.17305635167586245,0.3391702273152765,0.0035468999994918704,4,0.14276381382975611,0.3419035730890497,0.0025758000556379557
74,SNR_0db,N,New_N_075.wav,24-13-7-4,DeepONMF_H4,4,nndsvd,0.3956238316485876,4x212,0.037981599918566644,24,0.24481742013266297,0.299746748115895,0.025202799937687814,13,0.19389814414663356,0.3088888020068356,0.0054564999882131815,7,0.1797964366923894,0.3120801597123727,0.0034090999979525805,4,0.14990370417604654,0.30875286863444296,0.002503200084902346
75,SNR_0db,N,New_N_076.wav,24-13-7-4,DeepONMF_H4,4,nndsvd,0.3984432327832323,4x212,0.037042299984022975,24,0.24566455602934764,0.2919211880592044,0.024783100001513958,13,0.19224308273279675,0.31360022353549766,0.004827299970202148,7,0.17348432095541394,0.31176553265644824,0.003381200018338859,4,0.1463870349080885,0.3259034246458486,0.002656300086528063
76,SNR_0db,N,New_N_077.wav,24-13-7-4,DeepONMF_H4,4,nndsvd,0.4084457860482319,4x212,0.03679599997121841,24,0.2467289293826869,0.30348157425737315,0.02399480005260557,13,0.19593501405895725,0.3128866966160226,0.00517240003682673,7,0.17340567410010457,0.32759942380945095,0.004064199980348349,4,0.14843998906453246,0.31131352068130674,0.0027327999705448747
77,SNR_0db,N,New_N_078.wav,24-13-7-4,DeepONMF_H4,4,nndsvd,0.40816406712412434,4x212,0.03712480003014207,24,0.24976789327410287,0.2962402049992538,0.024274300085380673,13,0.19004335588183147,0.30133953577027467,0.005773099954240024,7,0.17520785996056296,0.3106871090919509,0.00353520002681762,4,0.14982428843942644,0.3012013677116089,0.002583599998615682
78,SNR_0db,N,New_N_079.wav,24-13-7-4,DeepONMF_H4,4,nndsvd,0.4174097589006947,4x212,0.040175699978135526,24,0.2428605215429454,0.3021388073438282,0.027855199994519353,13,0.19449072734484307,0.295075940168046,0.005197999998927116,7,0.17646375142244933,0.3130566222946009,0.0035972000332549214,4,0.15040968288731216,0.30654466417910503,0.0026518000522628427
79,SNR_0db,N,New_N_080.wav,24-13-7-4,DeepONMF_H4,4,nndsvd,0.39842066443086355,4x212,0.03763780009467155,24,0.24707154118889857,0.288188702799695,0.025423399987630546,13,0.19336906387628464,0.29546877913357483,0.004722499987110496,7,0.17648986254802684,0.3167697851661986,0.003175299963913858,4,0.15014337139502176,0.3264819950718619,0.003507699933834374
80,SNR_0db,N,New_N_081.wav,24-13-7-4,DeepONMF_H4,4,nndsvd,0.3952715855183609,4x212,0.035688200034201145,24,0.24468794050342565,0.3049477160720814,0.023305899929255247,13,0.1957276802849953,0.3246424324947533,0.004946299945004284,7,0.17555841448733098,0.33238697433438913,0.003995400038547814,4,0.14676283518126895,0.3320482484438036,0.002606600057333708
81,SNR_0db,N,New_N_082.wav,24-13-7-4,DeepONMF_H4,4,nndsvd,0.40381425319718595,4x212,0.03721889993175864,24,0.24372516712985384,0.3094454854655896,0.0248270999873057,13,0.1925873888341369,0.3235744822514506,0.005552200018428266,7,0.17054621783465623,0.3345692752932386,0.003410200006328523,4,0.14935398969786248,0.3289665188456066,0.0024642000207677484
82,SNR_0db,N,New_N_083.wav,24-13-7-4,DeepONMF_H4,4,nndsvd,0.4067814244081154,4x212,0.03822710004169494,24,0.24538229164598047,0.29713768868090457,0.02605530002620071,13,0.19271976705275107,0.3034439385264686,0.005106099997647107,7,0.17629140480369918,0.3101480996906264,0.003509500063955784,4,0.15252353373764552,0.3137942913387192,0.0025600000517442822
83,SNR_0db,N,New_N_084.wav,24-13-7-4,DeepONMF_H4,4,nndsvd,0.40225388919597116,4x212,0.03691090003121644,24,0.24784704985758038,0.30748619877616534,0.02455459989141673,13,0.19187207795910785,0.31661251495214937,0.005287200096063316,7,0.17334931061601336,0.3226232176527763,0.0033707000548020005,4,0.14405266303382858,0.32488938257257977,0.002741500036790967
84,SNR_0db,N,New_N_085.wav,24-13-7-4,DeepONMF_H4,4,nndsvd,0.3974157340911652,4x212,0.03705959999933839,24,0.24361302478089794,0.2938481670833077,0.024522499996237457,13,0.19442581142632867,0.303102445958656,0.00505959999281913,7,0.17475484750922363,0.3416612199327817,0.003864100086502731,4,0.14437073506678097,0.34338230958825816,0.0027116999262943864
85,SNR_0db,N,New_N_086.wav,24-13-7-4,DeepONMF_H4,4,nndsvd,0.39515327647889065,4x212,0.036370999994687736,24,0.24480897205281954,0.30658415926982957,0.023725499981082976,13,0.18910736251220497,0.29761217321475697,0.005388000048696995,7,0.17361862597540356,0.31935789843981166,0.003761500003747642,4,0.14635803984399626,0.3171011165838151,0.002570500015281141
86,SNR_0db,N,New_N_087.wav,24-13-7-4,DeepONMF_H4,4,nndsvd,0.41046843418777695,4x212,0.039706400013528764,24,0.2474264341500403,0.29743209438867274,0.02602610003668815,13,0.19685957563450215,0.30358236135170524,0.006174399983137846,7,0.16680834278147466,0.3150621248775896,0.003790199989452958,4,0.14444506532415136,0.3281483530670795,0.0027905000606551766
87,SNR_0db,N,New_N_088.wav,24-13-7-4,DeepONMF_H4,4,nndsvd,0.4000489147696198,4x212,0.04425570007879287,24,0.24697990744328926,0.2937033299585394,0.030968099948950112,13,0.19302494617115465,0.3005962121631852,0.005840199999511242,7,0.17667369838227379,0.3233456594634405,0.0038086000131443143,4,0.14737672121072523,0.31322209960051156,0.0027244999073445797
88,SNR_0db,N,New_N_089.wav,24-13-7-4,DeepONMF_H4,4,nndsvd,0.39558127581589003,4x212,0.038403699989430606,24,0.2445236196503607,0.3004395000235192,0.026490599964745343,13,0.19842965109193295,0.29357700191211383,0.005231200018897653,7,0.16911180131900447,0.32868423918630957,0.003404799965210259,4,0.14155322825715735,0.31847166737084903,0.0025034999707713723
89,SNR_0db,N,New_N_090.wav,24-13-7-4,DeepONMF_H4,4,nndsvd,0.396664744732526,4x212,0.0359483000356704,24,0.2459901074155525,0.30283824023358547,0.024319399963133037,13,0.19191610417236712,0.30584034046854275,0.004902100074104965,7,0.1779397153939702,0.321121115661538,0.003392999991774559,4,0.14942337991516097,0.3583074400691811,0.0024341000244021416
90,SNR_0db,N,New_N_091.wav,24-13-7-4,DeepONMF_H4,4,nndsvd,0.3960927410420178,4x212,0.0406431999290362,24,0.24269379082496104,0.29260667723131195,0.027535000001080334,13,0.19716785326586275,0.3054495489011745,0.005019500036723912,7,0.1710361321844343,0.3284753512190689,0.004370400100015104,4,0.14595494295643555,0.3469042703681476,0.0026860999641939998
91,SNR_0db,N,New_N_092.wav,24-13-7-4,DeepONMF_H4,4,nndsvd,0.40897020491838837,4x212,0.03951879998203367,24,0.24710794651446744,0.2985108645531338,0.027131799957714975,13,0.19490022126874332,0.3103574066191966,0.005308300023898482,7,0.17259361158472267,0.31463860203806604,0.00347290001809597,4,0.14563118289077395,0.32041166055613507,0.0024865000741556287
92,SNR_0db,N,New_N_093.wav,24-13-7-4,DeepONMF_H4,4,nndsvd,0.39701802109551787,4x212,0.03619519993662834,24,0.2433715694832837,0.3007980992685679,0.024324099998921156,13,0.19109622480975744,0.3072747569327183,0.004944699932821095,7,0.1768515095069028,0.3304536982027774,0.00332759995944798,4,0.1464204054022312,0.34105207170084345,0.0024340000236406922
93,SNR_0db,N,New_N_094.wav,24-13-7-4,DeepONMF_H4,4,nndsvd,0.40090927968003903,4x212,0.03986969997640699,24,0.24722793073711924,0.30148908460297114,0.025850400095805526,13,0.19536314038289843,0.3102088482942416,0.005607500090263784,7,0.17860995321537554,0.3294714026857601,0.004541000002063811,4,0.1510268301083989,0.34438075284682373,0.0030080999713391066
94,SNR_0db,N,New_N_095.wav,24-13-7-4,DeepONMF_H4,4,nndsvd,0.405369688781635,4x212,0.03841370006557554,24,0.2475825815208113,0.29360790736549763,0.025668299989774823,13,0.1963694920246048,0.307027341760098,0.0058108000084757805,7,0.17135900937236248,0.3352525550969287,0.0034253000048920512,4,0.14685506782058347,0.3215839798371772,0.002459100098349154
95,SNR_0db,N,New_N_096.wav,24-13-7-4,DeepONMF_H4,4,nndsvd,0.40478636704227794,4x212,0.03667240007780492,24,0.24539638244137849,0.30101862155492737,0.02469809993635863,13,0.1951201348303972,0.31738621574879233,0.005151099991053343,7,0.17330387197341499,0.3298157864020194,0.003321500029414892,4,0.1487938661247707,0.3314642341166637,0.002556899911724031
96,SNR_0db,N,New_N_097.wav,24-13-7-4,DeepONMF_H4,4,nndsvd,0.4029905298231199,4x212,0.03793830005452037,24,0.24348635755749043,0.3046884149174388,0.0252125000115484,13,0.18584169267803638,0.3091836125494592,0.00490399997215718,7,0.17177943201774332,0.3217771761295543,0.0033224999206140637,4,0.14401718478314157,0.3082175981746404,0.003220799961127341
97,SNR_0db,N,New_N_098.wav,24-13-7-4,DeepONMF_H4,4,nndsvd,0.39836250312563926,4x212,0.036351599963381886,24,0.24846995706074398,0.3038482493977326,0.023847300093621016,13,0.19360791841646185,0.31681524500131875,0.0050255999667569995,7,0.17998311890629937,0.32811676384699495,0.003850799985229969,4,0.14596300360175934,0.32108939512097856,0.0026389000704512
98,SNR_0db,N,New_N_099.wav,24-13-7-4,DeepONMF_H4,4,nndsvd,0.3977125220182338,4x212,0.03665789996739477,24,0.24282146490635748,0.3011890384918184,0.024114999920129776,13,0.18588701699293045,0.32411024347935763,0.005549399997107685,7,0.17293452865988745,0.3406104410737739,0.0035116999642923474,4,0.14713245684132575,0.33275560140855515,0.0024989000521600246
99,SNR_0db,N,New_N_100.wav,24-13-7-4,DeepONMF_H4,4,nndsvd,0.4052085938418961,4x212,0.03657009999733418,24,0.24954581207617485,0.29392394110316095,0.024459299980662763,13,0.19398300955550293,0.3096553546381973,0.005158599931746721,7,0.17155492945663636,0.31183727640071157,0.003355400054715574,4,0.14652037308837365,0.3133921369374933,0.002445799997076392
100,SNR_0db,N,New_N_101.wav,24-13-7-4,DeepONMF_H4,4,nndsvd,0.39549376919417634,4x212,0.037463100044988096,24,0.24223204205620624,0.3014169597789702,0.025571299949660897,13,0.18500010071772488,0.3231484890578305,0.004958000034093857,7,0.16808773847879188,0.3407703590313812,0.0033277999609708786,4,0.14563006483427365,0.34006469112550497,0.002518799970857799
101,SNR_0db,N,New_N_102.wav,24-13-7-4,DeepONMF_H4,4,nndsvd,0.3961566694807584,4x212,0.03759149997495115,24,0.24381558762930147,0.29843518402566827,0.025203400058671832,13,0.19190094044009479,0.3054413467981231,0.005067099933512509,7,0.1730573486724526,0.33676391731358357,0.0036389000015333295,4,0.1441025243112256,0.3413808363904656,0.002788800047710538
102,SNR_0db,N,New_N_103.wav,24-13-7-4,DeepONMF_H4,4,nndsvd,0.4041668657666016,4x212,0.036108699976466596,24,0.23983360606865203,0.30058507736357987,0.023692200076766312,13,0.18817494591859932,0.30930547890558824,0.005134699982590973,7,0.16948510806733588,0.33774738211454614,0.00392650009598583,4,0.15047296209596808,0.3385827633280616,0.0025357999838888645
103,SNR_0db,N,New_N_104.wav,24-13-7-4,DeepONMF_H4,4,nndsvd,0.40490185732410117,4x212,0.036710099899210036,24,0.2430887013972758,0.29642622398023544,0.024555800016969442,13,0.18985566027760392,0.31165481324738653,0.0054281000047922134,7,0.17459744948921363,0.31731019647528363,0.0033408000599592924,4,0.14245234806309895,0.31834181403780076,0.002525000018067658
104,SNR_0db,N,New_N_105.wav,24-13-7-4,DeepONMF_H4,4,nndsvd,0.39762863064191706,4x212,0.03760569996666163,24,0.2459806010643042,0.2987882456976115,0.024017299991101027,13,0.19306884113169687,0.3103818196390819,0.005963800009340048,7,0.17393842756299546,0.3294610400955299,0.0035386000527068973,4,0.14801886117960208,0.3356879122565655,0.0025325000751763582
105,SNR_0db,N,New_N_106.wav,24-13-7-4,DeepONMF_H4,4,nndsvd,0.40112915569218055,4x212,0.039816000033169985,24,0.2451185234353332,0.29336235590172016,0.026398199959658086,13,0.194185973641164,0.30801671507461503,0.005134999984875321,7,0.16880142839013598,0.31915295391667053,0.004263600101694465,4,0.14036505087362688,0.32951815436558113,0.002928099944256246
106,SNR_0db,N,New_N_107.wav,24-13-7-4,DeepONMF_H4,4,nndsvd,0.39994360918263683,4x212,0.03816160000860691,24,0.24528880787537527,0.29885101769600403,0.02484189998358488,13,0.1975152891702321,0.28886164449946805,0.005845100036822259,7,0.17329537928261488,0.31834586386463193,0.003860799944959581,4,0.14911567368281306,0.3082246437605944,0.0027244999073445797
107,SNR_0db,N,New_N_108.wav,24-13-7-4,DeepONMF_H4,4,nndsvd,0.4019600342222553,4x212,0.04039490001741797,24,0.2481925253400127,0.29974502029878525,0.02823659998830408,13,0.19537202067250514,0.3040294213779994,0.005222699954174459,7,0.1708701808165881,0.3095914910802368,0.0034933999413624406,4,0.14548001693516513,0.31695407794312636,0.002557500032708049
108,SNR_0db,N,New_N_109.wav,24-13-7-4,DeepONMF_H4,4,nndsvd,0.3937800192571621,4x212,0.03513759991619736,24,0.23929496408369458,0.29875258867546167,0.02375320007558912,13,0.18697290457377055,0.31217533374637285,0.0047348999651148915,7,0.1659281068514823,0.3148987584771248,0.003167600021697581,4,0.13796485153198668,0.32656502679907967,0.0026009000139310956
109,SNR_0db,N,New_N_110.wav,24-13-7-4,DeepONMF_H4,4,nndsvd,0.4102068282208697,4x212,0.03352229995653033,24,0.24666543535333096,0.3058554884422015,0.022482900065369904,13,0.1887043790754503,0.31768882796882536,0.004642699961550534,7,0.17177463357152173,0.32393462246183613,0.003114999970421195,4,0.14576481163634558,0.30923464320282434,0.0025132999289780855
110,SNR_0db,N,New_N_111.wav,24-13-7-4,DeepONMF_H4,4,nndsvd,0.40561721150050906,4x212,0.03271240007597953,24,0.2442272214492559,0.30205912766526916,0.021648800000548363,13,0.18584908081217433,0.32261677711012315,0.004577699932269752,7,0.16787731534037956,0.3218621239396925,0.0030929999193176627,4,0.14019548735560186,0.3096723496890494,0.0023349999682977796
