indice_interno,distribucion,numero_capas,error_final,forma_h_final,segundos_extraccion,capa_1_rango,capa_1_error,capa_1_ortogonalidad_h,capa_2_rango,capa_2_error,capa_2_ortogonalidad_h,capa_3_rango,capa_3_error,capa_3_ortogonalidad_h,capa_4_rango,capa_4_error,capa_4_ortogonalidad_h
0,26-16-10-6,4,0.3901817906405106,6x212,0.03268730000127107,26,0.03774358023112246,0.3896674964075574,16,0.2511911379785998,0.14793437134345594,10,0.3912737464354644,0.1235583207507364,6,0.47879251859848665,0.09799571075774581
1,26-16-10-6,4,0.3795403388014182,6x212,0.03316819999599829,26,0.037834390400833445,0.41935676013829504,16,0.27357001607671766,0.16083488350503067,10,0.4126665169476131,0.12450014363516518,6,0.43587222396846204,0.13066585888385174
2,26-16-10-6,4,0.410637104623729,6x212,0.033650799974566326,26,0.04006817084092421,0.3498466783821611,16,0.22285573552417826,0.12574882036816115,10,0.36242060467522735,0.08830167340634033,6,0.5133287939374918,0.08376409757905291
3,26-16-10-6,4,0.39764806929227653,6x212,0.03555410000262782,26,0.03574580819622372,0.4030226812340605,16,0.2361355428483222,0.13450574741735913,10,0.4116523444515575,0.10451429985520772,6,0.5201332160729814,0.11913700979445048
4,26-16-10-6,4,0.4255588561192919,6x212,0.03437490001670085,26,0.03733103241912119,0.4112257210986807,16,0.24710185487597947,0.12933813975252798,10,0.3915799963067826,0.0944290775053162,6,0.46358005448279477,0.09726853270880657
5,26-16-10-6,4,0.4235618613787324,6x212,0.03568410000298172,26,0.031929183420223,0.42339367209474144,16,0.276281328640114,0.14163447124599413,10,0.44497832196386533,0.10344294857286476,6,0.5201944588838636,0.11415203884680232
6,26-16-10-6,4,0.38510568429268466,6x212,0.035099800006719306,26,0.038072464130301145,0.4237664194051761,16,0.2420682341499694,0.19353029329448243,10,0.44136670094778985,0.15160294706551772,6,0.5066043268194398,0.1460668860377074
7,26-16-10-6,4,0.4215741946759359,6x212,0.03981390001717955,26,0.04092401304466842,0.44079116476139996,16,0.2542712641662836,0.1678493435545865,10,0.35795169208038874,0.12587493081945333,6,0.48967389179496484,0.14404712007467033
8,26-16-10-6,4,0.41311560114705626,6x212,0.03801550000207499,26,0.037233928690004026,0.3929570082846828,16,0.2624830437956093,0.15733003510138405,10,0.39626798702091115,0.11302414096339122,6,0.5146954811853139,0.1317073167801193
9,26-16-10-6,4,0.4037598955218699,6x212,0.03725320001831278,26,0.036564788981285866,0.3898314278900956,16,0.23680577760652588,0.11173193254637734,10,0.4095503129082055,0.09352348041867058,6,0.45063404029727067,0.08887698100759385
10,26-16-10-6,4,0.3773019701672535,6x212,0.036303200002294034,26,0.03966689187947555,0.3902674668711987,16,0.24549172655018492,0.16693980387101395,10,0.3837055501275765,0.13403217147616162,6,0.4899166139521825,0.16856061834499095
11,26-16-10-6,4,0.40082804716810655,6x212,0.0504081999824848,26,0.03783011931799425,0.38884676943944746,16,0.20235879443510008,0.15687086455664895,10,0.2928233293155189,0.11438343907289825,6,0.4226728319046486,0.11435899948473643
12,26-16-10-6,4,0.4097962472216888,6x212,0.03820789998280816,26,0.037170740685094475,0.40069931413681403,16,0.21842738727549496,0.1376679804554727,10,0.38107083495767785,0.12701671454322103,6,0.5186292755793404,0.15469791822156667
13,26-16-10-6,4,0.3896845563140798,6x212,0.035581499978434294,26,0.037629172409347725,0.3974135765589331,16,0.25807253965822186,0.15680837398768344,10,0.42194007857004573,0.1454251826200306,6,0.4845843463180642,0.1532887758477605
14,26-16-10-6,4,0.4208049462777378,6x212,0.03615450000506826,26,0.04131102263954812,0.40905757771079143,16,0.2385728967989504,0.1516601842331503,10,0.4156581095721828,0.13280869676200624,6,0.5015932599633635,0.12868118611183943
15,26-16-10-6,4,0.41407289967161853,6x212,0.03356429998530075,26,0.03653670645063333,0.39454852176191585,16,0.22952415794869704,0.14878300156655286,10,0.37528352419884264,0.11370905512419366,6,0.47575094959672704,0.12281618262984254
16,26-16-10-6,4,0.41049396017864914,6x212,0.03440109998336993,26,0.044717836820250864,0.4148844300124712,16,0.2066903444084662,0.18651437929907677,10,0.36866901135781066,0.1569732092297919,6,0.4517060711292169,0.15397869259377686
17,26-16-10-6,4,0.3993898107634282,6x212,0.0355604000214953,26,0.03531119218264789,0.4087155939446177,16,0.2618671971966325,0.17063299261208156,10,0.4013619135103068,0.14811214902446865,6,0.50092014690529,0.16855672908323965
18,26-16-10-6,4,0.4622969208305713,6x212,0.03645469999173656,26,0.03361900080658135,0.3843269504483055,16,0.2187433578286659,0.11628426141114184,10,0.3968697832848909,0.08574618654518314,6,0.5007797631287254,0.09599063557174464
19,26-16-10-6,4,0.3488958172761097,6x212,0.03574779999325983,26,0.03398994657422656,0.43091042707011173,16,0.23224222211195858,0.15772691825795493,10,0.42035380001642386,0.11453555070282978,6,0.517097463290651,0.12251895892252565
20,26-16-10-6,4,0.38439756630602123,6x212,0.03507699997862801,26,0.03555349188223093,0.37605490001842345,16,0.240511694371441,0.16029734714240185,10,0.3549298432060439,0.12290057401735134,6,0.49609063349958527,0.13810991534227807
21,26-16-10-6,4,0.37638860843586064,6x212,0.033470099995611235,26,0.03784150264134059,0.38900416231779167,16,0.22064331344018037,0.14326848743071133,10,0.3870445699502799,0.10417243647377718,6,0.5107210093124432,0.09497811058882855
22,26-16-10-6,4,0.3807991012067954,6x212,0.034824300004402176,26,0.036506881329693874,0.3842963364998488,16,0.23206357423810722,0.15821214914007414,10,0.37081949475314535,0.12668144056717542,6,0.45288404747765454,0.14113959332759882
23,26-16-10-6,4,0.3884676386013152,6x212,0.03785490000154823,26,0.04507092711832705,0.4058631359084504,16,0.2273135702273075,0.19828165352496482,10,0.39017650429968903,0.15354521022432044,6,0.49838937320229687,0.16437770123704246
24,26-16-10-6,4,0.4143190215260423,6x212,0.03849809998064302,26,0.037521433431687436,0.3923104995400245,16,0.24956515772512744,0.16275581547776583,10,0.3592776580505351,0.13952548371617593,6,0.4404817546695014,0.1253587303402261
25,26-16-10-6,4,0.39635118614336484,6x212,0.034928200009744614,26,0.03865625592223023,0.3535981397529266,16,0.2010005967098872,0.17257462044941582,10,0.3486464238250466,0.13909755616107497,6,0.4041312003269957,0.2058811691983938
26,26-16-10-6,4,0.37933924815973946,6x212,0.03987139998935163,26,0.03885242419118765,0.401153245496138,16,0.23770226078537793,0.19065199835523894,10,0.36373242601975014,0.13470812478922806,6,0.5028613945829775,0.15356258154174485
27,26-16-10-6,4,0.35468054715798675,6x212,0.03471529998932965,26,0.03652880867126321,0.3678503498262407,16,0.25963723354646956,0.15925534891155374,10,0.39032450389176127,0.12760701708628355,6,0.512007661831305,0.15235354595311904
28,26-16-10-6,4,0.3814069404660875,6x212,0.03462489999947138,26,0.04018720980154751,0.41241894486569664,16,0.23383400341310168,0.19002067599563402,10,0.34185710416554693,0.15524527461132173,6,0.436378502541395,0.16553347867570845
29,26-16-10-6,4,0.41350435232826493,6x212,0.034658299991860986,26,0.0375225418612308,0.4287326151896727,16,0.239072366128399,0.169959175925792,10,0.39838209926960644,0.12672729519201656,6,0.4882256331605753,0.14025469636647073
30,26-16-10-6,4,0.3691229407840559,6x212,0.03482639999128878,26,0.03609219876128868,0.36040194895758565,16,0.25077400461655874,0.1295985794560163,10,0.4176385116040563,0.1104498074893692,6,0.5560918717909004,0.11969945337635939
31,26-16-10-6,4,0.39767878080049684,6x212,0.036335599987069145,26,0.03848992157149224,0.3839442973975481,16,0.19915850801209792,0.151606130480844,10,0.35117124264543415,0.12483846492033397,6,0.43679705195283103,0.11513105769467614
32,26-16-10-6,4,0.35654183613490603,6x212,0.033817100018495694,26,0.035727607130372006,0.37942855559206573,16,0.24083153404164592,0.14398789581988417,10,0.4033357045023541,0.11075360467135914,6,0.46337715408639385,0.1127943783384898
33,26-16-10-6,4,0.48122085337593823,6x212,0.03393350000260398,26,0.03849597312369366,0.40698126522640876,16,0.2545506711229041,0.12221866741553843,10,0.40552707647829367,0.1113929635353433,6,0.4522715481074505,0.09269965353124955
34,26-16-10-6,4,0.41737803700249754,6x212,0.05038179998518899,26,0.03683991302431093,0.3917163401745869,16,0.1888208925495142,0.162599077874306,10,0.2940810048311835,0.14565664532036326,6,0.430936214119941,0.1330355427899598
35,26-16-10-6,4,0.4170115830820481,6x212,0.039531400019768625,26,0.03485964596179871,0.3886463397901733,16,0.22643663948975237,0.16090520440317915,10,0.36596236727385206,0.15315291257319125,6,0.5058904033627855,0.1733753793512647
36,26-16-10-6,4,0.48674414318768633,6x212,0.047684699995443225,26,0.02433253135443929,0.4172581788637507,16,0.16652866992940213,0.13786401171605364,10,0.37437926705052715,0.06391740340669472,6,0.4904123351283665,0.07269086158838688
37,26-16-10-6,4,0.38642989860701543,6x212,0.04734889999963343,26,0.029115405551096162,0.41018063066229704,16,0.15344335128151554,0.11000369578226507,10,0.31797409668399546,0.05785980504677531,6,0.47528333567725545,0.05619908036757424
38,26-16-10-6,4,0.4058371917397523,6x212,0.03631979998317547,26,0.024146822380967162,0.4037403203700212,16,0.14750659466581983,0.12332085736404423,10,0.3345166688799837,0.05981317397749027,6,0.5099158675257455,0.0654496813617921
39,26-16-10-6,4,0.42950581984709596,6x212,0.034250800003064796,26,0.027922569428136514,0.4201349468121754,16,0.1351775877383884,0.1600670291643524,10,0.22984220817860984,0.08808813866863233,6,0.47282574753609974,0.07964415035088904
40,26-16-10-6,4,0.38571593771400636,6x212,0.0430120000091847,26,0.025056140094502032,0.4418106334241165,16,0.17173611987830414,0.14197661106955767,10,0.4219647748068861,0.11319104984133871,6,0.489388354049747,0.11303306437379156
41,26-16-10-6,4,0.3902394040841225,6x212,0.03944880000199191,26,0.028058837259577873,0.43837377450441495,16,0.17182271293639476,0.13316375705805333,10,0.3935481298044916,0.117317451501188,6,0.47687056009018725,0.11679503216846743
42,26-16-10-6,4,0.3717521402307832,6x212,0.03359069998259656,26,0.024244468132803117,0.42303510428935875,16,0.18795236368801155,0.1417618142676962,10,0.3737462692687525,0.09428714073448834,6,0.47716319637188837,0.08900091620858785
43,26-16-10-6,4,0.417616806195345,6x212,0.042980700003681704,26,0.026821415952870083,0.4397128626625776,16,0.19111074233985118,0.13188219963056141,10,0.42752868462815335,0.07630222408644308,6,0.5619651187959471,0.09058021668524771
44,26-16-10-6,4,0.4147840128519658,6x212,0.03378229998634197,26,0.027201524033892123,0.41514519134883016,16,0.21166930179864427,0.13715524010495883,10,0.35575249094700523,0.08984589933295994,6,0.5307745008783189,0.08519770664784646
45,26-16-10-6,4,0.3730329840832894,6x212,0.03378009999869391,26,0.0260799872529936,0.46155590281677056,16,0.19373393401029343,0.15511252816334378,10,0.3682665095214533,0.09484764537101754,6,0.4228420046334641,0.09846800282265497
46,26-16-10-6,4,0.3947204914061485,6x212,0.03515659997356124,26,0.027978339537404414,0.4152040959553647,16,0.20587927772326645,0.13671430218365774,10,0.3621550971807743,0.10462069005878896,6,0.4527997673547722,0.08444583245731398
47,26-16-10-6,4,0.4031685897142138,6x212,0.03511290001915768,26,0.029333861840173076,0.44189663225586245,16,0.1850672057007378,0.11926643331436898,10,0.39556850431676355,0.08307031298623431,6,0.475174969960102,0.08063068083165233
48,26-16-10-6,4,0.42467925771667114,6x212,0.0345573999802582,26,0.028064293639277732,0.46761735776580543,16,0.19437073145483863,0.13810148910026837,10,0.352645313014395,0.09188016863973723,6,0.4294391895178717,0.10025953232282761
49,26-16-10-6,4,0.5333400798808929,6x212,0.034520399989560246,26,0.02644997247108584,0.45086290401774126,16,0.1507871974829439,0.13651096777124014,10,0.4010585667242176,0.09802196460049019,6,0.44890122166508745,0.14237183146916185
50,26-16-10-6,4,0.3891120976121037,6x212,0.034904300002381206,26,0.02798957302438294,0.42721358628654316,16,0.18008375896426446,0.11847967318777416,10,0.40861736044294444,0.08121892613221639,6,0.5383871385429353,0.09975196571926999
51,26-16-10-6,4,0.40149649597075787,6x212,0.034496900014346465,26,0.02756307140929702,0.4212996380841597,16,0.2158145066513433,0.1289509329370733,10,0.4115149429457875,0.0839725300639452,6,0.5229488290968666,0.08619004364654624
52,26-16-10-6,4,0.37378860050637,6x212,0.03482679999433458,26,0.02936524365631325,0.4441720089418713,16,0.1948949050768341,0.15733196178913778,10,0.35224390395692323,0.0871272785006537,6,0.5192598490527821,0.0967632385559106
53,26-16-10-6,4,0.38237068676660096,6x212,0.03520159999607131,26,0.028237908999245352,0.41721655203167696,16,0.19968889055521694,0.11507012895210789,10,0.4565767808022671,0.06979248278900416,6,0.5645694413176822,0.07307196139267859
54,26-16-10-6,4,0.4426785105833513,6x212,0.03751419999753125,26,0.026356371045627606,0.4335407570319635,16,0.17548615754826408,0.13891475175532939,10,0.31686147847768337,0.09610933910246339,6,0.4508876198812579,0.11123969539572434
55,26-16-10-6,4,0.33132291954620313,6x212,0.03643100001499988,26,0.02553150410556732,0.4262697190926738,16,0.17975064158453014,0.16893590635352815,10,0.3054353917271766,0.11067371230037323,6,0.4906663256568239,0.10816854016627803
56,26-16-10-6,4,0.4064096249605209,6x212,0.038661800004774705,26,0.028504039656136935,0.4535497949989484,16,0.2106135273446194,0.16202349301144933,10,0.34130232349560136,0.0901495394674734,6,0.49036257051081283,0.09502143072915384
57,26-16-10-6,4,0.42754970026522837,6x212,0.03505209999275394,26,0.02314636600403853,0.4539623120332406,16,0.1879329688389662,0.16267341234785793,10,0.38040295114111683,0.1344663428006404,6,0.518460671552583,0.12931696687443098
58,26-16-10-6,4,0.46895786696169495,6x212,0.03485950001049787,26,0.027321929132856127,0.4245562466345409,16,0.2066560939944781,0.08678759724445474,10,0.4139177672038074,0.06112916730782102,6,0.5160065931327577,0.05962157917638286
59,26-16-10-6,4,0.3920037007719471,6x212,0.03501960000721738,26,0.02595208030310461,0.4512919951248535,16,0.20852126192522052,0.13329051654160584,10,0.4139265021451178,0.09779174460363037,6,0.5237342419644674,0.1225723979419335
60,26-16-10-6,4,0.5361015083009248,6x212,0.034748900012345985,26,0.024468878458548064,0.42881632390237046,16,0.1939509479469948,0.10516642888170699,10,0.3815032777068215,0.06741926926356112,6,0.5255493329149066,0.11296659074173701
61,26-16-10-6,4,0.3535995310062785,6x212,0.043253100011497736,26,0.026129934008789997,0.4570787205373164,16,0.19615322492111656,0.15736623561716528,10,0.37197815359391,0.11714229716039333,6,0.5013584304913737,0.1319177829713544
62,26-16-10-6,4,0.455954758641882,6x212,0.034157800022512674,26,0.028436760767237976,0.40469079437443517,16,0.21841198886269111,0.13226364983813876,10,0.37532025529290264,0.0882708893136901,6,0.5190352715612225,0.10004391255651876
63,26-16-10-6,4,0.39510500851786956,6x212,0.035034600005019456,26,0.027463417583928635,0.44454210224426594,16,0.2164186882914759,0.13249060856078154,10,0.38838040777243144,0.09992973484685751,6,0.48967099680274856,0.09972565241923305
64,26-16-10-6,4,0.45955572546442164,6x212,0.03460929999710061,26,0.027330499679371338,0.4365609589995415,16,0.23846983006368694,0.11281938499320372,10,0.4105720072165242,0.07771463655707453,6,0.5291779188573089,0.07925031955135038
65,26-16-10-6,4,0.4073441916484378,6x212,0.03449069999624044,26,0.022708211620301257,0.4235821101696538,16,0.19366238027181237,0.19621678718640848,10,0.3438598128162935,0.10997771505377081,6,0.4686541436394132,0.09569373064425121
66,26-16-10-6,4,0.33854087602316957,6x212,0.03375649999361485,26,0.02385114766916877,0.4564765283002617,16,0.2000042762390668,0.12855532576479256,10,0.3557743129080415,0.10230950954483013,6,0.5241514627335367,0.07721694586878752
67,26-16-10-6,4,0.38116722968063316,6x212,0.03431990000535734,26,0.023766199893035085,0.4285691258352249,16,0.2359881988959717,0.12417680657649137,10,0.4145866913095695,0.08206588910101571,6,0.5310961504123185,0.08504992908466066
68,26-16-10-6,4,0.4750454479737353,6x212,0.035649600002216175,26,0.03130553788447159,0.39892609448890004,16,0.2106107649306764,0.12030582749824595,10,0.3442540420551783,0.0855669863573346,6,0.4495173527490089,0.07712842667301288
69,26-16-10-6,4,0.4220314547420675,6x212,0.04530349999549799,26,0.029689125246661424,0.41717699894971516,16,0.2374076205435932,0.1203173412890665,10,0.4241921413630466,0.09966054103160916,6,0.5050704146336003,0.10263446097570302
70,26-16-10-6,4,0.40509773213561634,6x212,0.033571100007975474,26,0.031517594315957666,0.45116385663999015,16,0.21829242159365733,0.14951055632603313,10,0.3509747937006665,0.12241572796934407,6,0.5281259269721005,0.1289872793483574
71,26-16-10-6,4,0.3350241729793737,6x212,0.03386950001004152,26,0.03218437047101955,0.3810130284699202,16,0.20348770624691676,0.15459161184378203,10,0.31433402587278947,0.10819333251955651,6,0.4026086803574594,0.12977754258037952
72,26-16-10-6,4,0.38256912994252273,6x212,0.03344169998308644,26,0.0354322366198959,0.4143769946257939,16,0.21905803568495077,0.13105709466071494,10,0.3901172991812713,0.10642575023924344,6,0.49020197647597347,0.08238898484435722
73,26-16-10-6,4,0.40873038704045933,6x212,0.03628869997919537,26,0.03252228565015631,0.44167836616118944,16,0.1940116162287807,0.16867775896905932,10,0.3117596309087416,0.11824096950469233,6,0.40553343809184467,0.11205286012589315
74,26-16-10-6,4,0.4261603913820063,6x212,0.032569300004979596,26,0.03316826428189532,0.4165672516663649,16,0.20359265623769987,0.17170705268675554,10,0.40214460043313616,0.14410871768867262,6,0.47352271728676565,0.12288399300002642
75,26-16-10-6,4,0.4096187466966868,6x212,0.03378379999776371,26,0.03616348395378424,0.4081066365122817,16,0.20906461513251437,0.13631573438371442,10,0.4164026404374205,0.11379576354355907,6,0.49375453829036015,0.14048944708064917
76,26-16-10-6,4,0.3748706785379326,6x212,0.03417880000779405,26,0.03612540913998365,0.41786133778632506,16,0.24615700847508254,0.15646432207427013,10,0.44051740196486644,0.10628871715841763,6,0.5073624218978676,0.11756900885963337
77,26-16-10-6,4,0.3735183097333342,6x212,0.03398060001200065,26,0.031311101247001476,0.40870102133705727,16,0.22302195571302955,0.1792178435259072,10,0.36383386455219335,0.1107998379706516,6,0.4835540241137799,0.11524214078621349
78,26-16-10-6,4,0.4093380910820215,6x212,0.034400600008666515,26,0.036891351985039664,0.4299511841928104,16,0.22634783185742238,0.16535285169721178,10,0.35145223740916576,0.1258430144033689,6,0.4299187263544622,0.11105167833247354
79,26-16-10-6,4,0.42632727185355074,6x212,0.03510550002101809,26,0.03320804445892493,0.4317475043726075,16,0.1792311575544943,0.15257212401934847,10,0.3907502526580006,0.10505269628387934,6,0.43503755261624966,0.1027605725915362
80,26-16-10-6,4,0.372339222081072,6x212,0.03869320001103915,26,0.031911500602854075,0.43172594048376733,16,0.20351798393713538,0.20914821527242414,10,0.3386700801458999,0.15331355914645023,6,0.415468362256384,0.1343738526135883
81,26-16-10-6,4,0.37103707196348473,6x212,0.04284949999419041,26,0.032975019119838675,0.4768900695468775,16,0.23553768940272188,0.1628557646131616,10,0.38655382253669723,0.1331217394618291,6,0.5328557503012761,0.1223084214596498
82,26-16-10-6,4,0.39723728703901423,6x212,0.0350445999938529,26,0.031877422781891776,0.39115992199484806,16,0.16160846883294014,0.16397182071256325,10,0.35484102354751085,0.13788545810683123,6,0.4531060473844155,0.12121732513080966
83,26-16-10-6,4,0.4470907657701237,6x212,0.03387590000056662,26,0.037257513794399746,0.42604431401778375,16,0.22389660023904256,0.16841587472751,10,0.4104056982201524,0.08969900613872862,6,0.47291252295925723,0.1044781969180154
84,26-16-10-6,4,0.43936345934014154,6x212,0.04460350002045743,26,0.03132929685835613,0.45063043561761,16,0.1960697050134349,0.13439628788215016,10,0.3534006873107282,0.09659067384742039,6,0.48282509698715514,0.09319712827282946
85,26-16-10-6,4,0.43479390991684863,6x212,0.03411199999391101,26,0.029948517824991357,0.43275723381638326,16,0.2307707198495182,0.12914902604732384,10,0.38565281465094453,0.08805536567808375,6,0.5095125636037121,0.1115252378486831
86,26-16-10-6,4,0.394081669700574,6x212,0.03600300001562573,26,0.03207314055218356,0.4424265879831663,16,0.2162922087186138,0.15669029470073215,10,0.3525538853945285,0.12660513130295367,6,0.49722874885987683,0.150426938758215
87,26-16-10-6,4,0.40453448575800216,6x212,0.036587300011888146,26,0.034524115331976,0.4184287892137998,16,0.2281222027775564,0.19920031432366417,10,0.3808694147759946,0.14812672840473937,6,0.47834181356972955,0.13353813696523473
88,26-16-10-6,4,0.3868523481338905,6x212,0.03944629998295568,26,0.03131999194266778,0.4241366440611795,16,0.2499555642220269,0.1550814807472884,10,0.37008442597149904,0.13090862668447548,6,0.47541746782809774,0.13198874465610808
89,26-16-10-6,4,0.37952818199428695,6x212,0.03515569999581203,26,0.03332594061489254,0.42427316089571177,16,0.23232060559419107,0.15425340747286223,10,0.4102572737042761,0.10797531022953902,6,0.4782555387484578,0.12262401498335285
90,26-16-10-6,4,0.4592513148391074,6x212,0.0354751999839209,26,0.03367381622629023,0.40159781611793244,16,0.2180807787554406,0.12123806179819992,10,0.4451149952841408,0.11530337846520625,6,0.5206492620613644,0.1393665722904527
91,26-16-10-6,4,0.4728124823579361,6x212,0.0390258000115864,26,0.034979550578017694,0.44236834280483067,16,0.2358607414394284,0.1570071162162076,10,0.3793589865592307,0.10772265719358452,6,0.4903871669415001,0.14225895990524898
92,26-16-10-6,4,0.39708274313632913,6x212,0.041084299999056384,26,0.030703694012254534,0.4497637239962936,16,0.22349612969347626,0.09390616373419121,10,0.4397170520191199,0.07988063975042077,6,0.4912209743259062,0.07443641083761164
93,26-16-10-6,4,0.3763058129892668,6x212,0.035508899978594854,26,0.03119968651771566,0.4258476047098415,16,0.17660595618922825,0.13633942448759878,10,0.40186932757469523,0.1012895752085188,6,0.4553279756798739,0.08973361227383818
94,26-16-10-6,4,0.38680707055452673,6x212,0.03645139999571256,26,0.03369827214560668,0.42708372956973545,16,0.21272371193172582,0.11151314307483765,10,0.4049545695170898,0.07669361823002836,6,0.5103356432749632,0.09402948623113475
95,26-16-10-6,4,0.31524685523235924,6x212,0.04097810000530444,26,0.028436280777662526,0.46414607266283453,16,0.22456606527138306,0.1847578671898752,10,0.40138963382829196,0.15271479300798216,6,0.4550469117853793,0.11076754822468889
96,26-16-10-6,4,0.3851495379234113,6x212,0.03613789999508299,26,0.03361283797884245,0.3964998422770812,16,0.20580011124842548,0.15365185364167033,10,0.360408014624976,0.11295203577632583,6,0.49703280436780717,0.09589765372694649
97,26-16-10-6,4,0.39506482873304755,6x212,0.043419300025561824,26,0.03161113576679329,0.4154777910821799,16,0.21196752437181687,0.1147921989639431,10,0.3741982174101058,0.08534769662880928,6,0.5242477494949651,0.08194654904930213
98,26-16-10-6,4,0.3779323722631953,6x212,0.04363020000164397,26,0.024287932842234097,0.45757774890851344,16,0.20664628611924912,0.15476298374391953,10,0.3630720448084793,0.10909580801416426,6,0.474065405116233,0.12278572074221127
99,26-16-10-6,4,0.3909673101367305,6x212,0.04329709999728948,26,0.02560568074075486,0.42807052299875314,16,0.2176813619297118,0.12267433525095782,10,0.4224201778047381,0.09602637794253956,6,0.5005178566816163,0.09857566388073538
100,26-16-10-6,4,0.43903711579484495,6x212,0.034870200004661456,26,0.026686481149656213,0.43803897569667477,16,0.18539724115099657,0.11631362174871099,10,0.4320857741512976,0.07097675730849948,6,0.5294463046186334,0.07340277287724398
101,26-16-10-6,4,0.39951725481392275,6x212,0.03608019999228418,26,0.027166532569468525,0.4196451642142683,16,0.190371601562425,0.13197432549467028,10,0.3980706545021787,0.08301131987095307,6,0.5475204687997751,0.07857080146016959
102,26-16-10-6,4,0.39174639794012633,6x212,0.03519739999319427,26,0.027078356063588514,0.4495934065719087,16,0.19824548561114974,0.13647275746705348,10,0.3880389273359161,0.07342006582494101,6,0.5192433921209278,0.08940366344783551
103,26-16-10-6,4,0.480001717147537,6x212,0.03524619998643175,26,0.029610362157444857,0.4203651328139103,16,0.16448004794262758,0.11993753428006752,10,0.3551774422074038,0.0565401533530318,6,0.4362910803857007,0.05933652444718869
104,26-16-10-6,4,0.4141205144910691,6x212,0.03276450000703335,26,0.02905896606515616,0.4176558264034856,16,0.17982251526570212,0.12241968922304128,10,0.3543555675423063,0.0687126852584132,6,0.4975512967177704,0.05881063523041967
105,26-16-10-6,4,0.3766834946086976,6x212,0.03382069998770021,26,0.027736068224629012,0.4658059217772891,16,0.2124091724619198,0.16085015154385607,10,0.3874213103620377,0.10785882514662022,6,0.533326236062304,0.1180816565487505
106,26-16-10-6,4,0.39406136800698227,6x212,0.034007899987045676,26,0.021950034232121253,0.46596164946341934,16,0.21711877388420858,0.1483345071629352,10,0.37872761088480783,0.08698515105704806,6,0.515350268665082,0.09734313018728318
107,26-16-10-6,4,0.37343260044238663,6x212,0.035172700008843094,26,0.026373529643814633,0.4592008314805298,16,0.17337816432999154,0.15831243164431932,10,0.3120859092922262,0.09636112255574311,6,0.49894222068923244,0.08758558567167865
108,26-16-10-6,4,0.38681989600121813,6x212,0.034927999979117885,26,0.0284701538399369,0.4593293611090756,16,0.19783789005565608,0.10663489470002047,10,0.41360329898204373,0.06972579923061908,6,0.5362374817674468,0.057552575828289966
109,26-16-10-6,4,0.41019983939489774,6x212,0.0351438999932725,26,0.032449791157571115,0.4477750843398193,16,0.22809315439097388,0.1693136728256419,10,0.41771511525047,0.10923197955929077,6,0.5314255327922073,0.1139555666321325
110,26-16-10-6,4,0.42236860138598653,6x212,0.03590669998084195,26,0.025675034729577054,0.44780417856421834,16,0.18793811343509595,0.1375565386084291,10,0.3669812174495803,0.08378228026963734,6,0.47251757273710293,0.07503545292455825
111,26-16-10-6,4,0.39346370967353184,6x212,0.03561060002539307,26,0.023049702589268653,0.4286897981789214,16,0.21459975449440824,0.1129945906070832,10,0.442775582834217,0.08161532050546835,6,0.5129306957142423,0.09751396142515899
112,26-16-10-6,4,0.4564695108605944,6x212,0.036653999995905906,26,0.02904131519660829,0.4265310186728467,16,0.19627497927684512,0.1008803893746253,10,0.3728653230008956,0.06458983615259807,6,0.5136799267784267,0.07780583928281257
113,26-16-10-6,4,0.47751224219998867,6x212,0.034529500000644475,26,0.029005732436871587,0.4240082222924847,16,0.2094208336569063,0.1171199115122439,10,0.3634156886959621,0.06897681491387077,6,0.5232124148720263,0.1058383208435928
114,26-16-10-6,4,0.4218360560641477,6x212,0.03589449997525662,26,0.024563945865110275,0.4291580528730895,16,0.20774852328622062,0.16205000920623477,10,0.3354412286032372,0.11631501439620943,6,0.4332798367476134,0.13825646805901412
115,26-16-10-6,4,0.41648880403243466,6x212,0.033518899988848716,26,0.02280016008667047,0.43036228717873587,16,0.218186185272345,0.1411613098471132,10,0.34541509378117896,0.09805962125829644,6,0.5014906647609265,0.10073051624349993
116,26-16-10-6,4,0.4466019965139944,6x212,0.034615700016729534,26,0.025041872058503997,0.46130356167713077,16,0.20778163780116365,0.1439429976245711,10,0.4126177655072756,0.10020366577264583,6,0.5078569874979476,0.11375207250856573
117,26-16-10-6,4,0.346138294798021,6x212,0.03528640000149608,26,0.029075076246632574,0.48292664699720306,16,0.22214357204518884,0.13295515752311812,10,0.3833107585410338,0.0704391274344922,6,0.509036492690466,0.05871269268933443
118,26-16-10-6,4,0.45773566241284086,6x212,0.037380299996584654,26,0.02636516604709694,0.42063470333603303,16,0.21460805467549668,0.12545237816496047,10,0.3879160084526731,0.07314667920926535,6,0.5413774359370366,0.08950908940902798
119,26-16-10-6,4,0.4153596854234322,6x212,0.03594349999912083,26,0.02556844278435062,0.45228010217281256,16,0.16689326096333656,0.11244692902553878,10,0.30427782990467,0.07434808368870732,6,0.3915638901482621,0.07324766032928193
120,26-16-10-6,4,0.40633564663809796,6x212,0.03928289999021217,26,0.02659444329583717,0.43361641767229614,16,0.20270562546178075,0.12649325082643662,10,0.3825919050504214,0.11275881812500192,6,0.4443587174616034,0.09787736250668867
121,26-16-10-6,4,0.39304609418094955,6x212,0.03374539999640547,26,0.027253300648506767,0.45177087252919057,16,0.19321918430789337,0.12541935544901378,10,0.3692481119320083,0.08338338218451266,6,0.5142542039719092,0.09376712802546815
122,26-16-10-6,4,0.40541642755727714,6x212,0.035978500003693625,26,0.024179199088211298,0.4670048474047256,16,0.22332599225723881,0.11581523881014992,10,0.41590630768646913,0.0782551729615862,6,0.5542070360171661,0.08577490789273788
123,26-16-10-6,4,0.40508551888842453,6x212,0.03446950000943616,26,0.02660219144272525,0.469952085323865,16,0.2063738891233293,0.17867509134798595,10,0.3524848933887538,0.1440282956680105,6,0.47926767944389104,0.16816462496845697
124,26-16-10-6,4,0.3665158777482473,6x212,0.035305700002936646,26,0.025710341120555116,0.48388221259992914,16,0.1789023578802526,0.17813321477699307,10,0.3497748137923605,0.10050959369843321,6,0.5213479386701155,0.09067847312658223
125,26-16-10-6,4,0.40660203164291686,6x212,0.03777540000737645,26,0.028538532952625685,0.42174986517445956,16,0.18719530452735209,0.1131598498789191,10,0.33833666997803175,0.04507058884275347,6,0.5358974984863026,0.06143081212691314
126,26-16-10-6,4,0.4322946773957981,6x212,0.046107000001939014,26,0.030273416193516325,0.420924366934131,16,0.1502121787998936,0.1150595020030948,10,0.320346797660596,0.04754794228094877,6,0.47375737397089607,0.048435486515578094
127,26-16-10-6,4,0.42946173990089404,6x212,0.05608790001133457,26,0.02834918930278007,0.4160812038414476,16,0.16562882398162138,0.14735160761925947,10,0.3288337317100073,0.07243651958376836,6,0.5228813289261537,0.06510921326135492
128,26-16-10-6,4,0.3776256314125617,6x212,0.04258529999060556,26,0.026097471204525644,0.44971969359185365,16,0.15723123714929363,0.13159535422378285,10,0.34202895996991367,0.06638576500522851,6,0.4362393328829499,0.04312880210800067
129,26-16-10-6,4,0.37087859706596643,6x212,0.060250199981965125,26,0.028419800642521698,0.43764916517273345,16,0.1710233386773052,0.1149594757261322,10,0.32964132947887637,0.06623075929734203,6,0.46419903888924985,0.06079871950053252
130,26-16-10-6,4,0.4018134478862743,6x212,0.05442690002382733,26,0.02686405894742843,0.4336115032717465,16,0.15959080785151047,0.12139742382629248,10,0.31043362146710507,0.05621207176494585,6,0.5079270981441079,0.06623669312823521
131,26-16-10-6,4,0.42377588039829445,6x212,0.043592400004854426,26,0.029384491178644605,0.4386880447124634,16,0.1644657479699421,0.13908602936084746,10,0.3421470919240816,0.08899141541694514,6,0.44712311516014563,0.08654899920292851
132,26-16-10-6,4,0.42564317397778284,6x212,0.046941000007791445,26,0.028668303415198385,0.4219143042177001,16,0.15222470777446917,0.17963340933483377,10,0.2832479766731046,0.05345334121776299,6,0.48719654920557,0.0536734246019365
133,26-16-10-6,4,0.40426417793457725,6x212,0.0453521000163164,26,0.024584464150616343,0.44256416022961137,16,0.17056773090087649,0.12054665264805958,10,0.3391857307798959,0.06125283212737079,6,0.5067602214493124,0.04526073719328472
134,26-16-10-6,4,0.35819062288775516,6x212,0.046736300020711496,26,0.0284221740981483,0.3849849868677351,16,0.17231711121889506,0.07467989941334796,10,0.3736995048770464,0.02749691250384349,6,0.5044875609936976,0.025361060587711915
135,26-16-10-6,4,0.46832114152896953,6x212,0.045964600023580715,26,0.025124075985678715,0.41626387205163967,16,0.1632321961183771,0.107754650675495,10,0.30960326888675443,0.03562110991510997,6,0.5479371109609694,0.03988689823786879
136,26-16-10-6,4,0.397529637176364,6x212,0.036603599990485236,26,0.02574619485067167,0.4436106999057632,16,0.18623687934440672,0.1305371255513822,10,0.30923903450081114,0.050290023983311685,6,0.5325806827797331,0.045182176895181406
137,26-16-10-6,4,0.4576861095866046,6x212,0.05594220000784844,26,0.030285272886827034,0.4180988768275937,16,0.16907546520449326,0.10269192990501494,10,0.3068480285940822,0.04151381059760317,6,0.49257231047257954,0.057889698953801805
138,26-16-10-6,4,0.3904769455178821,6x212,0.03926140000112355,26,0.02946652451375165,0.4226555968912946,16,0.1869703867401424,0.12372254188073167,10,0.34756648511459315,0.05097444472191186,6,0.5277515821739426,0.055768665703832335
139,26-16-10-6,4,0.46070685063678474,6x212,0.0357765999797266,26,0.03031076125328065,0.43003507691405624,16,0.17225051288048981,0.11435152019482814,10,0.28878505504320406,0.04221799039472359,6,0.47646918418372464,0.03805021097037418
140,26-16-10-6,4,0.34934997742379914,6x212,0.05298490001587197,26,0.02541082228897698,0.4217233139171923,16,0.1660215955710158,0.11655778299769885,10,0.3292253969336075,0.06902943271579615,6,0.4883950081099118,0.05283710630836332
141,26-16-10-6,4,0.3955782984351344,6x212,0.05011979999835603,26,0.029606174332684095,0.42833875001544786,16,0.16247873007697605,0.11201150593385355,10,0.29716339100752964,0.04176498556682752,6,0.5343387714263109,0.034207864887163396
142,26-16-10-6,4,0.3897422369134993,6x212,0.04691689999890514,26,0.029844154580135476,0.4313491085854895,16,0.16087335032704178,0.10203262395830871,10,0.3342970188729788,0.07524235934590612,6,0.4079170127401203,0.02998095311049578
143,26-16-10-6,4,0.4368510727271674,6x212,0.03767550000338815,26,0.026455277375901497,0.3937016020249963,16,0.175694991270664,0.09737892375863137,10,0.361268408122503,0.04592948865247611,6,0.5307182486872641,0.04631175838912052
144,26-16-10-6,4,0.4921400709409607,6x212,0.045915700000477955,26,0.028178424609081265,0.4258037267820398,16,0.16474605612779172,0.11706997174001652,10,0.2838847978882246,0.05672234228766576,6,0.5155409669232405,0.044208898852873
145,26-16-10-6,4,0.3676917706697956,6x212,0.04708099999697879,26,0.026964196185784356,0.40451395122801187,16,0.1597647463819634,0.11159137676534318,10,0.29291932575955015,0.0587441147086995,6,0.48885100315151564,0.07165195085918422
146,26-16-10-6,4,0.4423641488639897,6x212,0.03844949998892844,26,0.02820472884031209,0.40566403226333164,16,0.17802805134930585,0.14053633061042412,10,0.3571873712057088,0.06281376070887522,6,0.4587629786484341,0.06778477787544325
147,26-16-10-6,4,0.4153921582128399,6x212,0.042503600008785725,26,0.02654799581025026,0.4137285124380798,16,0.1616895388014815,0.09926953079762012,10,0.37042978983752634,0.050872453904123933,6,0.5086545905892608,0.05511514432670095
148,26-16-10-6,4,0.4211049964533787,6x212,0.048754399991594255,26,0.027667943112066298,0.4118059549129501,16,0.1913201299869239,0.09594940494292668,10,0.3617718891340351,0.059518814556412634,6,0.45474669580188126,0.04755651866426331
149,26-16-10-6,4,0.38875340664135477,6x212,0.04338250000728294,26,0.025068539171146896,0.4182952744469616,16,0.16341662120229103,0.09353709258553969,10,0.34355799171618134,0.04817713739182625,6,0.5175923053530489,0.038630147302331684
150,26-16-10-6,4,0.39156273842784023,6x212,0.0452703999762889,26,0.02740112936975788,0.4275363966169287,16,0.15673720796352877,0.10568199522568221,10,0.33959116880345347,0.039184747752872465,6,0.5090113494402968,0.05086276214058987
151,26-16-10-6,4,0.4452060384151744,6x212,0.03931110000121407,26,0.027107821342214462,0.41068522982408867,16,0.15643881398097392,0.09204916090125295,10,0.41681631549561365,0.03967517258147634,6,0.5404792518847306,0.05148284071052785
152,26-16-10-6,4,0.4411634444211886,6x212,0.03683970001293346,26,0.027907109140410575,0.43542584856538374,16,0.17945686429178695,0.10625638830357378,10,0.3555248033827192,0.0700232706287149,6,0.510125782236052,0.08183729107063575
153,26-16-10-6,4,0.4140796931815094,6x212,0.03627849998883903,26,0.025589042109809886,0.4345827973252418,16,0.14305922238095606,0.1286045134420301,10,0.27699802191086026,0.06385678916931269,6,0.3953043208367332,0.0474351403948098
154,26-16-10-6,4,0.41364984838215757,6x212,0.036218399996869266,26,0.02764960784955844,0.41114477636376834,16,0.1799795911585289,0.10139110607884678,10,0.40009657092409606,0.047013899221956465,6,0.5547500403895638,0.05257874230309587
155,26-16-10-6,4,0.41309567998835717,6x212,0.042441199999302626,26,0.02618614710035704,0.4129404994999363,16,0.1646731347657885,0.13175836188707285,10,0.2818221065199203,0.07598323997009261,6,0.46286412677841676,0.0720279222745714
156,26-16-10-6,4,0.4111172478050702,6x212,0.044051900011254475,26,0.027775729554779943,0.42597829592524267,16,0.173666294660618,0.12182184120031027,10,0.33455930457602623,0.06664849717604493,6,0.4789533420474385,0.06756669828261641
157,26-16-10-6,4,0.36246865076899615,6x212,0.036550599994370714,26,0.03693471493357555,0.4256042626277258,16,0.2348153704280604,0.16693058865803276,10,0.36472927648119835,0.15501122339613418,6,0.4530377792250636,0.15711168558941135
158,26-16-10-6,4,0.36065455393815693,6x212,0.034637700009625405,26,0.03476947761619082,0.4372703027892033,16,0.2427024793641725,0.20544211211419483,10,0.39465579842940685,0.169903696391888,6,0.5057906920253913,0.17003369101663368
159,26-16-10-6,4,0.37914398219602113,6x212,0.03569210000569001,26,0.03537099083273419,0.416172863247191,16,0.2027342450892621,0.16779610419718127,10,0.3385402304033718,0.10895951007712651,6,0.485285742231496,0.11286531806090411
160,26-16-10-6,4,0.387679461913343,6x212,0.03491260000737384,26,0.04061957525428945,0.3697370845289699,16,0.24403413611505803,0.20045501082896944,10,0.3844546493918898,0.171879879114357,6,0.4882144053924792,0.1776649703445095
161,26-16-10-6,4,0.3726432347244732,6x212,0.03893090001656674,26,0.03927235128371794,0.4025374104358532,16,0.208331448502348,0.1236561915837498,10,0.35824194830450196,0.11026657128485565,6,0.49295065890558637,0.10811988552384948
162,26-16-10-6,4,0.3806855201625458,6x212,0.03751709999050945,26,0.03427229563991443,0.42031211424736714,16,0.25631884369272345,0.1483670007046794,10,0.4078085383330275,0.1366689778793204,6,0.4950595760319961,0.1104470499027249
163,26-16-10-6,4,0.42182483884243804,6x212,0.03555880000931211,26,0.03665289956471757,0.3974798926508832,16,0.263395964985875,0.1608626949544023,10,0.3884746886057693,0.16004388639194828,6,0.45923575370030817,0.1843298430605214
164,26-16-10-6,4,0.3606787030837397,6x212,0.03926080002565868,26,0.04145888129512008,0.4119949235491749,16,0.20905543461689613,0.14602902732810227,10,0.3295533478293149,0.09674522455185551,6,0.5063051834293435,0.09232441897944568
165,26-16-10-6,4,0.3923141401279141,6x212,0.04500650000409223,26,0.03748337628887391,0.38703050470711964,16,0.2637730176534467,0.172639172493252,10,0.4184767928831582,0.13994714524643712,6,0.5219214344120497,0.15481002595979773
166,26-16-10-6,4,0.3836019168259879,6x212,0.04205270000966266,26,0.03812689930991447,0.35019475322209576,16,0.21531930552276896,0.1469845379869571,10,0.33230777563765895,0.11116627186742407,6,0.4931774821811731,0.12759154623566657
167,26-16-10-6,4,0.3748230318813509,6x212,0.05226959998253733,26,0.03973246750877264,0.3973125409953319,16,0.195054868741972,0.17267896150110187,10,0.2865515137032546,0.09580531141860646,6,0.37629809999575303,0.07161854618343629
168,26-16-10-6,4,0.4102086021551249,6x212,0.046649200026877224,26,0.03567102419018733,0.3802425857352486,16,0.2523071755184176,0.14910270841056306,10,0.44592094330165755,0.13623397001026513,6,0.4833505436647007,0.153066706026986
169,26-16-10-6,4,0.4169886470257014,6x212,0.041330300009576604,26,0.029546202057795987,0.3872403647516107,16,0.2642432998696899,0.1746820790581329,10,0.41551067193438035,0.14237140865214812,6,0.4788271587081302,0.15527876987854927
170,26-16-10-6,4,0.4370659401129968,6x212,0.04070279997540638,26,0.03723310763752005,0.38435652772371753,16,0.28523030599659926,0.15116211699298804,10,0.3990758171056091,0.11019277560859345,6,0.5301138984441862,0.12417665146029787
