indice_interno,base,clase,archivo,distribucion,representacion,numero_capas,error_final,forma_h_final,segundos_extraccion_deep,capa_1_rango,capa_1_error,capa_1_ortogonalidad_h,capa_1_segundos,capa_2_rango,capa_2_error,capa_2_ortogonalidad_h,capa_2_segundos,capa_3_rango,capa_3_error,capa_3_ortogonalidad_h,capa_3_segundos
0,SNR_8db,N,New_N_001.wav,30-13-6,DeepONMF_H3,3,0.31196675732723705,6x212,0.032563199987635016,30,0.15703265154118645,0.3826656350281203,0.021773400017991662,13,0.36525104950724185,0.1447015040037308,0.006413599941879511,6,0.5241840533837967,0.1628363853789869,0.003351499908603728
1,SNR_8db,N,New_N_002.wav,30-13-6,DeepONMF_H3,3,0.3349257012688444,6x212,0.029568099998869002,30,0.15189956606660437,0.3329834078067908,0.019802600028924644,13,0.3408206438840379,0.11304042189668738,0.005115999956615269,6,0.5256097547754266,0.11799471553609288,0.003778900019824505
2,SNR_8db,N,New_N_003.wav,30-13-6,DeepONMF_H3,3,0.3639652091479483,6x212,0.029667200054973364,30,0.15302051198990904,0.33530271369921605,0.019704499980434775,13,0.3375385367683639,0.11887203131604342,0.005577399977482855,6,0.5415679323510202,0.13082694973427075,0.0032321999315172434
3,SNR_8db,N,New_N_004.wav,30-13-6,DeepONMF_H3,3,0.33078462192106356,6x212,0.030042499885894358,30,0.156225547354429,0.3318430259610644,0.020343000069260597,13,0.4173856656099458,0.11116123171529511,0.005300699966028333,6,0.4846625985757914,0.0942708891565162,0.0032962000695988536
4,SNR_8db,N,New_N_005.wav,30-13-6,DeepONMF_H3,3,0.297844423377345,6x212,0.03218179999385029,30,0.15203372883800967,0.3499117290939382,0.02250860002823174,13,0.38502350291478277,0.12440656224271703,0.005387699929997325,6,0.511919651937795,0.12593752762323965,0.0032079999800771475
5,SNR_8db,N,New_N_006.wav,30-13-6,DeepONMF_H3,3,0.2949003666376717,6x212,0.030809200019575655,30,0.15223177690612597,0.3175719777161362,0.02108179999049753,13,0.31338869025625604,0.17255973780103726,0.0056804000632837415,6,0.5193208209802523,0.15789086857863593,0.003099299967288971
6,SNR_8db,N,New_N_007.wav,30-13-6,DeepONMF_H3,3,0.2878616331843668,6x212,0.031909900018945336,30,0.15710387766642073,0.3526341370382212,0.021082899998873472,13,0.40835382113012964,0.12358979229912287,0.006514500011689961,6,0.4521557584584183,0.11842718797598176,0.0033686000388115644
7,SNR_8db,N,New_N_008.wav,30-13-6,DeepONMF_H3,3,0.29112012763945716,6x212,0.029831900028511882,30,0.15518421490046416,0.36788567457256316,0.01994860009290278,13,0.36473796242253514,0.13367048059268802,0.005427399999462068,6,0.540397204750395,0.13746394427188102,0.0034281000262126327
8,SNR_8db,N,New_N_009.wav,30-13-6,DeepONMF_H3,3,0.30622756035597554,6x212,0.02783199993427843,30,0.15415723289881877,0.3335944562801668,0.01896310003940016,13,0.399817706873586,0.13365856638135112,0.004950899980030954,6,0.5773684778641216,0.13095130261938864,0.002976299962028861
9,SNR_8db,N,New_N_010.wav,30-13-6,DeepONMF_H3,3,0.3170110793077915,6x212,0.03211420006118715,30,0.15577325870604916,0.3479551402562934,0.022562699974514544,13,0.4051110076973862,0.10966416699848029,0.005367100005969405,6,0.5425079168317962,0.117386433111216,0.003263999940827489
10,SNR_8db,N,New_N_011.wav,30-13-6,DeepONMF_H3,3,0.32545915896791505,6x212,0.03109279996715486,30,0.15295196142119372,0.318427330024771,0.021957000019028783,13,0.34461524333122967,0.14010504197237703,0.005192200071178377,6,0.5351473454112075,0.13536401150111785,0.0030487000476568937
11,SNR_8db,N,New_N_012.wav,30-13-6,DeepONMF_H3,3,0.34199681152661177,6x212,0.02928380004595965,30,0.15703116156179195,0.32930713898405967,0.019527300028130412,13,0.3572510221698588,0.1303911214026528,0.005662900046445429,6,0.5289332129769977,0.10634469608259063,0.0031207000138238072
12,SNR_8db,N,New_N_013.wav,30-13-6,DeepONMF_H3,3,0.3409773486511812,6x212,0.028234399971552193,30,0.15466448816302872,0.36410826582678596,0.018778799916617572,13,0.3570302440603535,0.12597722640382022,0.005054600071161985,6,0.5663247721291739,0.11941824131082514,0.003559499979019165
13,SNR_8db,N,New_N_014.wav,30-13-6,DeepONMF_H3,3,0.2858171728833516,6x212,0.028533099917694926,30,0.15407654558969242,0.3187878597275724,0.019411199958994985,13,0.3839296493891804,0.11215828016667878,0.005092700012028217,6,0.5502667736300013,0.11029380161614037,0.003024800098501146
14,SNR_8db,N,New_N_015.wav,30-13-6,DeepONMF_H3,3,0.3548674234571669,6x212,0.030838500009849668,30,0.15488552135256098,0.32416597982643774,0.020571200060658157,13,0.388539681928539,0.126396060843768,0.00609669997356832,6,0.565448889351586,0.13094097551997277,0.003091299906373024
15,SNR_8db,N,New_N_016.wav,30-13-6,DeepONMF_H3,3,0.3017908862324267,6x212,0.028823600034229457,30,0.15574384393829543,0.3479242210782253,0.019232999999076128,13,0.3532822175023789,0.11392846436726736,0.005580299999564886,6,0.5382480332176319,0.14717198829522232,0.0030553999822586775
16,SNR_8db,N,New_N_017.wav,30-13-6,DeepONMF_H3,3,0.30069168446503935,6x212,0.028515900019556284,30,0.15625416400240372,0.3417895956015975,0.019059799960814416,13,0.38320773031115946,0.11538456706651942,0.005021699937060475,6,0.516817548429689,0.10259460387739984,0.0036110999062657356
17,SNR_8db,N,New_N_018.wav,30-13-6,DeepONMF_H3,3,0.3210412290767848,6x212,0.02918610000051558,30,0.15491220917817716,0.31664895796931464,0.019583099987357855,13,0.32191811935192416,0.12397069923429463,0.005285699968226254,6,0.5405106501779393,0.14305536443482625,0.003191899973899126
18,SNR_8db,N,New_N_019.wav,30-13-6,DeepONMF_H3,3,0.30854198424973345,6x212,0.03113280003890395,30,0.15411418751871508,0.32504336249799576,0.021230899961665273,13,0.4017809045322051,0.14078298520503976,0.005707499920390546,6,0.5566834178827843,0.10213159542145389,0.0030721999937668443
19,SNR_8db,N,New_N_020.wav,30-13-6,DeepONMF_H3,3,0.3080370843129144,6x212,0.031038500019349158,30,0.1541870898673001,0.34508112121914036,0.021846799994818866,13,0.35924268797738784,0.1286303763907439,0.005174599937163293,6,0.5062067724280429,0.10572919407804408,0.0031605999683961272
20,SNR_8db,N,New_N_021.wav,30-13-6,DeepONMF_H3,3,0.2942214840882774,6x212,0.030172500060871243,30,0.1513201572716827,0.35330957103138416,0.020341299939900637,13,0.3212686908013026,0.12811646600762477,0.0058108000084757805,6,0.5380198654450954,0.10102307266163595,0.003119400003924966
21,SNR_8db,N,New_N_022.wav,30-13-6,DeepONMF_H3,3,0.28865694992876495,6x212,0.029569500009529293,30,0.15361425541399937,0.35299172236138576,0.019891000003553927,13,0.3952141885967802,0.12168712827543643,0.005438799969851971,6,0.5300189948015089,0.12041850464602348,0.003259899909608066
22,SNR_8db,N,New_N_023.wav,30-13-6,DeepONMF_H3,3,0.3279782296237029,6x212,0.029035500017926097,30,0.15293345031847017,0.32896044939265623,0.01978489989414811,13,0.36724256688656254,0.11350265371546171,0.005089999991469085,6,0.5317094995975811,0.09665860226145713,0.0029735000571236014
23,SNR_8db,N,New_N_024.wav,30-13-6,DeepONMF_H3,3,0.28811619068666455,6x212,0.029519699979573488,30,0.15543977512280005,0.35860665079040227,0.019447099999524653,13,0.4068353671444564,0.10401708180928528,0.0057879999512806535,6,0.5559276826234606,0.18081520644613755,0.0029642999870702624
24,SNR_8db,N,New_N_025.wav,30-13-6,DeepONMF_H3,3,0.34035948224303086,6x212,0.028076100046746433,30,0.15288270004176638,0.33516247975755303,0.018488000030629337,13,0.33122739001896184,0.14095216991735862,0.005567200016230345,6,0.5289530852240083,0.11038708786210025,0.0029876999324187636
25,SNR_8db,N,New_N_026.wav,30-13-6,DeepONMF_H3,3,0.3076443018414715,6x212,0.028698200010694563,30,0.15293498826908314,0.3295380667902997,0.01910819998010993,13,0.4026213929219296,0.1224165007669051,0.005233900039456785,6,0.5011397812911347,0.1262785126129918,0.003508000052534044
26,SNR_8db,N,New_N_027.wav,30-13-6,DeepONMF_H3,3,0.3464373676438798,6x212,0.029038600041531026,30,0.15551651410958817,0.34778694666215537,0.0198445999994874,13,0.3664011771896815,0.13252895272539758,0.004966199980117381,6,0.5398311023868488,0.11836797045886309,0.0029565999284386635
27,SNR_8db,N,New_N_028.wav,30-13-6,DeepONMF_H3,3,0.3182838472443243,6x212,0.02965249994304031,30,0.15150335770719253,0.3214067420855147,0.020357000059448183,13,0.35866971809752807,0.14998175822629897,0.004988800035789609,6,0.5169922974729247,0.1293195704396173,0.002963899984024465
28,SNR_8db,N,New_N_029.wav,30-13-6,DeepONMF_H3,3,0.3879297641303384,6x212,0.029469799948856235,30,0.15761513711330333,0.3399531195700349,0.01988879998680204,13,0.3578097822662502,0.10630510539019579,0.0056498999474570155,6,0.5179325348679135,0.12120149701075139,0.003019800060428679
29,SNR_8db,N,New_N_030.wav,30-13-6,DeepONMF_H3,3,0.2998911333752498,6x212,0.029001799994148314,30,0.15174630850040763,0.33037448052735446,0.0195528999902308,13,0.4128933859557322,0.14641575810627436,0.005121199996210635,6,0.5262379237510402,0.13268616535865452,0.0034604999236762524
30,SNR_8db,N,New_N_031.wav,30-13-6,DeepONMF_H3,3,0.28481715560473103,6x212,0.027552399900741875,30,0.15359049671450192,0.3253742018754139,0.018565299920737743,13,0.3848537569486855,0.13215097347847282,0.005089899990707636,6,0.550400500090647,0.12898722175412278,0.003001200035214424
31,SNR_8db,N,New_N_032.wav,30-13-6,DeepONMF_H3,3,0.31030983389683714,6x212,0.028641099925152957,30,0.15564081741981997,0.3114327390491395,0.019377400050871074,13,0.3772260727220889,0.10818710121581049,0.005219400045461953,6,0.5727407840694653,0.1442827480642318,0.0030109999934211373
32,SNR_8db,N,New_N_033.wav,30-13-6,DeepONMF_H3,3,0.32288024299564205,6x212,0.030597000033594668,30,0.153175767712705,0.3337929586487713,0.02041210001334548,13,0.3676561617762087,0.11660746733278825,0.006056100013665855,6,0.5143713166726582,0.12393648529540663,0.00308159994892776
33,SNR_8db,N,New_N_034.wav,30-13-6,DeepONMF_H3,3,0.3221958512761003,6x212,0.031115500023588538,30,0.1513368738678173,0.30111860207133184,0.02074079995509237,13,0.3896159679090977,0.1078743689664175,0.005457799998112023,6,0.553607219611664,0.1044275052512435,0.0037677999353036284
34,SNR_8db,N,New_N_035.wav,30-13-6,DeepONMF_H3,3,0.319901876167608,6x212,0.029404499917291105,30,0.15064236279886808,0.31185579632267707,0.02014399995096028,13,0.34386390569739705,0.13517131101817684,0.004942100029438734,6,0.5332649359228867,0.13173762883505327,0.0034004999324679375
35,SNR_8db,N,New_N_036.wav,30-13-6,DeepONMF_H3,3,0.2876860221221352,6x212,0.029072299948893487,30,0.1558850509688026,0.3489070022687929,0.01977789995726198,13,0.33039489912826714,0.1324710292863176,0.005024200072512031,6,0.5083019122402641,0.10397944286050781,0.002978599979542196
36,SNR_8db,N,New_N_037.wav,30-13-6,DeepONMF_H3,3,0.26696476847020284,6x212,0.029099300038069487,30,0.11349442823459988,0.3419407278103637,0.01952329999767244,13,0.26175794209770803,0.1026311077512693,0.005461700027808547,6,0.5421184367235902,0.098398259209112,0.0030620999168604612
37,SNR_8db,N,New_N_038.wav,30-13-6,DeepONMF_H3,3,0.3214692584055025,6x212,0.02892559999600053,30,0.15441919699637596,0.31864034273921216,0.019228999968618155,13,0.31371497501111595,0.09939158614680083,0.0054672000696882606,6,0.4868805178558449,0.08738153041586791,0.003258800017647445
38,SNR_8db,N,New_N_039.wav,30-13-6,DeepONMF_H3,3,0.31978124239882383,6x212,0.030067400075495243,30,0.15911833143850987,0.35813915290372317,0.019276699982583523,13,0.34376129832434793,0.09041442662463599,0.00536210008431226,6,0.5305613731649802,0.11404884553378168,0.004455700051039457
39,SNR_8db,N,New_N_040.wav,30-13-6,DeepONMF_H3,3,0.26120088754937,6x212,0.027927299961447716,30,0.1576890281556455,0.34955639430299257,0.019121000077575445,13,0.3313696637052073,0.10817328199206057,0.004958599922247231,6,0.481556400678428,0.10831843363464627,0.002976899966597557
40,SNR_8db,N,New_N_041.wav,30-13-6,DeepONMF_H3,3,0.2576488351892898,6x212,0.030022700084373355,30,0.1561810126530689,0.35954319766040493,0.019405800034292042,13,0.3279172901086843,0.10276690933443962,0.006595300044864416,6,0.5705126252906956,0.10250669895604855,0.003007899969816208
41,SNR_8db,N,New_N_042.wav,30-13-6,DeepONMF_H3,3,0.2738950934698909,6x212,0.03234029992017895,30,0.15560652767005848,0.3771955542617766,0.02197639993391931,13,0.38110010977494024,0.127457555713314,0.006084299995563924,6,0.5038079522462365,0.12156363818414687,0.0031835000263527036
42,SNR_8db,N,New_N_043.wav,30-13-6,DeepONMF_H3,3,0.31167694283128844,6x212,0.02962800010573119,30,0.14852630789857976,0.3308321229974458,0.019804400042630732,13,0.2738198431378626,0.12048112875987489,0.005545699968934059,6,0.47128039365443347,0.10665690569767469,0.003330899984575808
43,SNR_8db,N,New_N_044.wav,30-13-6,DeepONMF_H3,3,0.3256739805978852,6x212,0.029062699992209673,30,0.15352286936615614,0.3561645185555904,0.01967409998178482,13,0.350639007419819,0.13027167849990412,0.005121599999256432,6,0.5502957143689223,0.12024916510368926,0.0031554000452160835
44,SNR_8db,N,New_N_045.wav,30-13-6,DeepONMF_H3,3,0.31011942326280256,6x212,0.030467299977317452,30,0.1523407512553034,0.3550670580733229,0.02093319990672171,13,0.40927859827082036,0.12478510366168813,0.005273400107398629,6,0.5175007997199967,0.1053694014696794,0.003353700041770935
45,SNR_8db,N,New_N_046.wav,30-13-6,DeepONMF_H3,3,0.3504857628520083,6x212,0.03326619998551905,30,0.15017875951246815,0.3424897882881561,0.023413500050082803,13,0.33335066809663916,0.1022251241444956,0.005745799979194999,6,0.5327154106348259,0.0871960154511418,0.0031652000034227967
46,SNR_8db,N,New_N_047.wav,30-13-6,DeepONMF_H3,3,0.28773468437948224,6x212,0.02997569995932281,30,0.15394363902688107,0.3387838003365879,0.020765800029039383,13,0.3432687001835198,0.0989964043721211,0.005155500024557114,6,0.5090591824417483,0.09674180866739286,0.0030166000360623
47,SNR_8db,N,New_N_048.wav,30-13-6,DeepONMF_H3,3,0.2901460730880625,6x212,0.02967250009533018,30,0.14976433064491518,0.33523906990675445,0.02005509997252375,13,0.30417695121918553,0.12598081853517337,0.005604299949482083,6,0.507396237149982,0.09866041099935008,0.003060899907723069
48,SNR_8db,N,New_N_049.wav,30-13-6,DeepONMF_H3,3,0.2573528851392809,6x212,0.028856199933215976,30,0.14998420464406223,0.32337923428105486,0.018972399993799627,13,0.41102321543559683,0.10898072559362308,0.005084999953396618,6,0.5501506577949002,0.11790578298558638,0.0035037000197917223
49,SNR_8db,N,New_N_050.wav,30-13-6,DeepONMF_H3,3,0.3351065450577649,6x212,0.0283073999453336,30,0.151827389658938,0.3510134909758088,0.01896140002645552,13,0.3459595188126042,0.12763497550828584,0.005240799975581467,6,0.49687386556982643,0.13832988664358778,0.0030857999809086323
50,SNR_8db,N,New_N_051.wav,30-13-6,DeepONMF_H3,3,0.2848539185854537,6x212,0.03029320004861802,30,0.14891697540211002,0.34057088709841626,0.020971800084225833,13,0.37794866718021947,0.12428924581550764,0.0052475999109447,6,0.51429451296023,0.14657600692025932,0.003085099975578487
51,SNR_8db,N,New_N_052.wav,30-13-6,DeepONMF_H3,3,0.31954302869292556,6x212,0.029751399997621775,30,0.15353312909234984,0.3573273529584559,0.019707300001755357,13,0.32828109395548494,0.12258941774258371,0.005902400007471442,6,0.518517391038704,0.14042159034966384,0.0032244999893009663
52,SNR_8db,N,New_N_053.wav,30-13-6,DeepONMF_H3,3,0.32223566542091503,6x212,0.028742399998009205,30,0.15163731917886436,0.3500883763439307,0.0187393999658525,13,0.34012537823944045,0.10997224789264144,0.005101200076751411,6,0.5274594535184947,0.12163670928507188,0.003867299994453788
53,SNR_8db,N,New_N_054.wav,30-13-6,DeepONMF_H3,3,0.2794575769408617,6x212,0.027592499973252416,30,0.1542768294722553,0.37319505436280637,0.0182370999827981,13,0.31816530509326774,0.11819173890707443,0.004870999953709543,6,0.4562408698082346,0.11208220717726348,0.0029196999967098236
54,SNR_8db,N,New_N_055.wav,30-13-6,DeepONMF_H3,3,0.2767533791518929,6x212,0.027685699984431267,30,0.15192453423671046,0.31656814575682984,0.01850809995085001,13,0.3592501439892247,0.12043826808802262,0.005086400080472231,6,0.5319982886855074,0.1338843988386032,0.0028705999720841646
55,SNR_8db,N,New_N_056.wav,30-13-6,DeepONMF_H3,3,0.3002438884660319,6x212,0.02654729993082583,30,0.15480063625444965,0.3616025459779148,0.017504699993878603,13,0.3403190553292653,0.1198222430091025,0.004798699985258281,6,0.5076044350295196,0.10530556522820624,0.0033081999281421304
56,SNR_8db,N,New_N_057.wav,30-13-6,DeepONMF_H3,3,0.27355917345855646,6x212,0.027610099990852177,30,0.1500854379072834,0.3230805931240285,0.018450899980962276,13,0.3400071476931267,0.12595190345109056,0.005337000009603798,6,0.5193954269892589,0.1832388235299888,0.0028150000143796206
57,SNR_8db,N,New_N_058.wav,30-13-6,DeepONMF_H3,3,0.27794627056532645,6x212,0.026492199976928532,30,0.15435999570353373,0.35007653288313384,0.017567000002600253,13,0.34957242199356336,0.11873324981570693,0.005197099992074072,6,0.5960571985356309,0.11120367071553004,0.0028460000175982714
58,SNR_8db,N,New_N_059.wav,30-13-6,DeepONMF_H3,3,0.279481611917474,6x212,0.025687700021080673,30,0.1516002206530478,0.3851132814761708,0.017087000072933733,13,0.34068130188618717,0.12466551142973209,0.0048247999511659145,6,0.4789858336219035,0.0745095835355205,0.0027657999889925122
59,SNR_8db,N,New_N_060.wav,30-13-6,DeepONMF_H3,3,0.31796232050042283,6x212,0.027232899912633002,30,0.15439329980903516,0.38326729436798823,0.01841189991682768,13,0.33447794507407463,0.10131809119599976,0.00472480000462383,6,0.5735786276090393,0.09044692612573367,0.0028093999717384577
60,SNR_8db,N,New_N_061.wav,30-13-6,DeepONMF_H3,3,0.2790399060741688,6x212,0.026422600029036403,30,0.1555056785165058,0.3755539006689361,0.01774809998460114,13,0.3009461946090584,0.12404898838423528,0.004605199908837676,6,0.539123362183355,0.08428598138545342,0.0032337000593543053
61,SNR_8db,N,New_N_062.wav,30-13-6,DeepONMF_H3,3,0.2751921363618989,6x212,0.02612349996343255,30,0.1500076895382794,0.3544119223060261,0.017738600028678775,13,0.34646423264235204,0.10983852306417599,0.0047954999608919024,6,0.5088403725005329,0.09416126758930972,0.0028380999574437737
62,SNR_8db,N,New_N_063.wav,30-13-6,DeepONMF_H3,3,0.30569809295753364,6x212,0.027925800066441298,30,0.15133293673367293,0.37184551205470934,0.018675799947232008,13,0.3189520138704205,0.11011061487299177,0.005396299995481968,6,0.49176202935360813,0.09390630858888774,0.0030309000285342336
63,SNR_8db,N,New_N_064.wav,30-13-6,DeepONMF_H3,3,0.3548014074174608,6x212,0.027282800059765577,30,0.15221209756952297,0.35805724617231205,0.018488100031390786,13,0.32393508941282534,0.107853254760287,0.004659300087951124,6,0.5665463103427787,0.11400246640769998,0.0030305000254884362
64,SNR_8db,N,New_N_065.wav,30-13-6,DeepONMF_H3,3,0.303948283223536,6x212,0.030637799995020032,30,0.15207766736174488,0.3851083175132282,0.020049699931405485,13,0.3473939900381813,0.10681898395071802,0.0057539999252185225,6,0.5951836797338506,0.12818305671627178,0.0036536999978125095
65,SNR_8db,N,New_N_066.wav,30-13-6,DeepONMF_H3,3,0.3399981823833453,6x212,0.03209180000703782,30,0.15116406141436844,0.34455509588052746,0.022299000062048435,13,0.3384612652352346,0.12581098311023636,0.005550400004722178,6,0.5662097660167509,0.1031538628036277,0.0033026000019162893
66,SNR_8db,N,New_N_067.wav,30-13-6,DeepONMF_H3,3,0.2673233939082908,6x212,0.03253630001563579,30,0.15100327252376042,0.3927637502898457,0.02145819994620979,13,0.35445770090670686,0.1405621823459287,0.005642200005240738,6,0.5116397237643783,0.19281127279619573,0.0045662999618798494
67,SNR_8db,N,New_N_068.wav,30-13-6,DeepONMF_H3,3,0.28183173279142715,6x212,0.039457199978642166,30,0.15247188218498206,0.3534176922229364,0.027565800002776086,13,0.3125755338669409,0.12155722041792011,0.00631610001437366,6,0.5861199216839961,0.12508003019042607,0.004232099978253245
68,SNR_8db,N,New_N_069.wav,30-13-6,DeepONMF_H3,3,0.28425722448456275,6x212,0.03626820002682507,30,0.1519963062438472,0.32991133073838425,0.02475009998306632,13,0.35572036566707116,0.134073813396587,0.005980500020086765,6,0.47800661748453954,0.1297082244885458,0.0043339000549167395
69,SNR_8db,N,New_N_070.wav,30-13-6,DeepONMF_H3,3,0.300546347081332,6x212,0.032948900014162064,30,0.15151855899257186,0.35871223833464916,0.02080340008251369,13,0.4022588625241534,0.12261560460759806,0.006314099999144673,6,0.5145161874428779,0.0923897704533862,0.004814399988390505
70,SNR_8db,N,New_N_071.wav,30-13-6,DeepONMF_H3,3,0.3490901362725719,6x212,0.032755699940025806,30,0.151712430606875,0.3309708882615686,0.021516500040888786,13,0.3711979214110611,0.1330366364610363,0.005364200100302696,6,0.531702134408653,0.1162788922216172,0.004809100064449012
71,SNR_8db,N,New_N_072.wav,30-13-6,DeepONMF_H3,3,0.33327827982687436,6x212,0.030208899988792837,30,0.1546582667450072,0.345996356521078,0.020358999958261847,13,0.3514664372754786,0.12828193268008792,0.005289599997922778,6,0.5137527494817544,0.10720452174000653,0.003310399944894016
72,SNR_8db,N,New_N_073.wav,30-13-6,DeepONMF_H3,3,0.357309551768117,6x212,0.030174899962730706,30,0.1547362040152303,0.3801881505382888,0.020641200011596084,13,0.30912801621411967,0.12116256998259842,0.005426799994893372,6,0.4507182390994873,0.08351649774758804,0.0031695999205112457
73,SNR_8db,N,New_N_074.wav,30-13-6,DeepONMF_H3,3,0.2827901862127386,6x212,0.02996670000720769,30,0.15558371631665455,0.37229209271637115,0.020700199995189905,13,0.342741093113009,0.1172306865928966,0.005216600024141371,6,0.5553356886369354,0.11617248407864121,0.003180700005032122
74,SNR_8db,N,New_N_075.wav,30-13-6,DeepONMF_H3,3,0.3086325887628377,6x212,0.031874500098638237,30,0.15441015771963373,0.3391742417357561,0.020334000000730157,13,0.30825005053911486,0.13568570096462096,0.007096800021827221,6,0.48855559770992046,0.1482377394799879,0.0035221000434830785
75,SNR_8db,N,New_N_076.wav,30-13-6,DeepONMF_H3,3,0.3493514395861197,6x212,0.029696499928832054,30,0.15580640009573726,0.35470965619568146,0.019495900021865964,13,0.380108270671774,0.1340526849838707,0.006044600042514503,6,0.4574657123819685,0.1110020047002627,0.0032709999941289425
76,SNR_8db,N,New_N_077.wav,30-13-6,DeepONMF_H3,3,0.34172562097801884,6x212,0.030531800002790987,30,0.15270948346718166,0.3459127334393478,0.020067499950528145,13,0.3239483580920877,0.14527720552728995,0.00530109996907413,6,0.450211138005583,0.1195092419937899,0.004206500016152859
77,SNR_8db,N,New_N_078.wav,30-13-6,DeepONMF_H3,3,0.3039041915541197,6x212,0.028654000023379922,30,0.15359086462724086,0.35538594161508774,0.01956909999717027,13,0.35880376455874485,0.13802493668481994,0.005103299976326525,6,0.5465974403113633,0.11713017540137946,0.0030083999736234546
78,SNR_8db,N,New_N_079.wav,30-13-6,DeepONMF_H3,3,0.2968247061654648,6x212,0.029118199949152768,30,0.15480615285287747,0.32726540560086403,0.019873699988238513,13,0.34170088107923774,0.12966656482715372,0.00516329996753484,6,0.5120307457930394,0.12728938638395662,0.0030345000559464097
79,SNR_8db,N,New_N_080.wav,30-13-6,DeepONMF_H3,3,0.29744689090406934,6x212,0.02758450002875179,30,0.1543784064103649,0.352680136760616,0.01796770002692938,13,0.3884740496820012,0.11873828657352793,0.005483899964019656,6,0.5596570423962612,0.1383664748707309,0.0032138999085873365
80,SNR_8db,N,New_N_081.wav,30-13-6,DeepONMF_H3,3,0.33140713808826805,6x212,0.03046620008535683,30,0.14921908415062393,0.32990241015649446,0.020017100032418966,13,0.3758799209766463,0.1274888988397072,0.005350299994461238,6,0.4949965020233579,0.10845934421225195,0.004144700011238456
81,SNR_8db,N,New_N_082.wav,30-13-6,DeepONMF_H3,3,0.2684005408573637,6x212,0.029500899952836335,30,0.14949627389407924,0.3448831158068666,0.019484000047668815,13,0.3936537140750319,0.139036106099934,0.005351200001314282,6,0.4895150709452803,0.1956137068169707,0.0037604999961331487
82,SNR_8db,N,New_N_083.wav,30-13-6,DeepONMF_H3,3,0.26824737659499026,6x212,0.03214060002937913,30,0.14999710008157868,0.3205316795729771,0.02207609999459237,13,0.360914247402539,0.13225238718372298,0.005769800045527518,6,0.525792528388234,0.13643441792762248,0.0034272000193595886
83,SNR_8db,N,New_N_084.wav,30-13-6,DeepONMF_H3,3,0.32602501152441354,6x212,0.030923400074243546,30,0.1545681211179822,0.35865954621686236,0.02119720005430281,13,0.38851911656921206,0.11726734363187455,0.005579999997280538,6,0.5513650424272155,0.1065809849287648,0.0032787000527605414
84,SNR_8db,N,New_N_085.wav,30-13-6,DeepONMF_H3,3,0.27176039233563803,6x212,0.03433930000755936,30,0.15418026851098582,0.3509624741460478,0.02423460001591593,13,0.38725771573820944,0.11547691650990718,0.005745799979194999,6,0.5700485334971978,0.1322033027447277,0.003391499980352819
85,SNR_8db,N,New_N_086.wav,30-13-6,DeepONMF_H3,3,0.38207668380064674,6x212,0.0327137999702245,30,0.15515686571194184,0.4006954550989296,0.02125340001657605,13,0.34142802184718063,0.11136163528791322,0.006756699993275106,6,0.5612891829095427,0.09670754062893698,0.003711499972268939
86,SNR_8db,N,New_N_087.wav,30-13-6,DeepONMF_H3,3,0.2957018018753968,6x212,0.03821260004770011,30,0.1501616484121447,0.32014455791768104,0.027309400029480457,13,0.31503488681776864,0.14034189035386235,0.005876000039279461,6,0.5581211195349498,0.11267181105523796,0.0036199999740347266
87,SNR_8db,N,New_N_088.wav,30-13-6,DeepONMF_H3,3,0.29649059076635453,6x212,0.03255949995946139,30,0.15252789624405072,0.3632925183805308,0.022493099910207093,13,0.34351741258321306,0.14186011249005256,0.005640699993818998,6,0.5301967509710189,0.11024898474337405,0.0033340000081807375
88,SNR_8db,N,New_N_089.wav,30-13-6,DeepONMF_H3,3,0.2937204412275958,6x212,0.03344600007403642,30,0.15226914677503758,0.39119174686103864,0.02332779997959733,13,0.3293951201685549,0.12927316395927368,0.005591999972239137,6,0.5453564335083014,0.11127337873216568,0.0033288999693468213
89,SNR_8db,N,New_N_090.wav,30-13-6,DeepONMF_H3,3,0.2871192161252403,6x212,0.03187319997232407,30,0.15234425274311955,0.34907463567800295,0.022465799935162067,13,0.35612601844735,0.12163520013039467,0.005245600012131035,6,0.5674417919258454,0.17007120752697927,0.0032059999648481607
90,SNR_8db,N,New_N_091.wav,30-13-6,DeepONMF_H3,3,0.3527607610841389,6x212,0.030274300021119416,30,0.15180982399333903,0.3463013963586076,0.020856900024227798,13,0.30888938593726556,0.12458369304913855,0.0052356000524014235,6,0.48217463148317874,0.10218562911802537,0.0032600000267848372
91,SNR_8db,N,New_N_092.wav,30-13-6,DeepONMF_H3,3,0.32398482897531317,6x212,0.029441900085657835,30,0.15492646803696333,0.39015425336463094,0.01879860006738454,13,0.3222756295401578,0.11193636364955666,0.006508699967525899,6,0.4840546883432026,0.11231673731974821,0.0032776000443845987
92,SNR_8db,N,New_N_093.wav,30-13-6,DeepONMF_H3,3,0.33180911667348906,6x212,0.029518599971197546,30,0.14908559325546364,0.306424285524614,0.019351000082679093,13,0.34704758149787995,0.13624155403937693,0.0051926999585703015,6,0.5262549022997113,0.12517306248539561,0.004024700028821826
93,SNR_8db,N,New_N_094.wav,30-13-6,DeepONMF_H3,3,0.28946042617536594,6x212,0.029808900086209178,30,0.15336233965964427,0.34261828126866234,0.020219900063239038,13,0.3706386643196282,0.1326146301839415,0.005272399983368814,6,0.5493399183957974,0.12508990563670988,0.003171500051394105
94,SNR_8db,N,New_N_095.wav,30-13-6,DeepONMF_H3,3,0.28766186463725274,6x212,0.029759099939838052,30,0.15376804923069243,0.3599300486286141,0.01981060008984059,13,0.389075296497965,0.1383231255738557,0.0056232999777421355,6,0.5257648609907211,0.13047378983269822,0.0032686000922694802
95,SNR_8db,N,New_N_096.wav,30-13-6,DeepONMF_H3,3,0.33486845308884383,6x212,0.03299340000376105,30,0.1498005003647353,0.3153110562159966,0.022883899975568056,13,0.36889855639498376,0.14654176189686838,0.005440699984319508,6,0.501215377700559,0.14483187297969286,0.0038283999310806394
96,SNR_8db,N,New_N_097.wav,30-13-6,DeepONMF_H3,3,0.3214554236315732,6x212,0.028886199928820133,30,0.15117754901604727,0.34623251692412516,0.018452899996191263,13,0.34956473316357894,0.11344453142741201,0.006232599960640073,6,0.5327038453498183,0.0873519149927023,0.0032158999238163233
97,SNR_8db,N,New_N_098.wav,30-13-6,DeepONMF_H3,3,0.3071633915300411,6x212,0.027683000080287457,30,0.1540632649763796,0.35131936153639254,0.018581400043331087,13,0.3461121232667148,0.13219916861214442,0.005006599938496947,6,0.5126944426575945,0.11799394261917785,0.003263699938543141
98,SNR_8db,N,New_N_099.wav,30-13-6,DeepONMF_H3,3,0.28225437990814933,6x212,0.02517529996111989,30,0.15225162349066726,0.3776795005644867,0.016632999991998076,13,0.3880852734082245,0.10982180000618455,0.004748599953018129,6,0.5068853417286127,0.1174974601820924,0.00285499996971339
99,SNR_8db,N,New_N_100.wav,30-13-6,DeepONMF_H3,3,0.3135376490051285,6x212,0.026547100045718253,30,0.15495540622248927,0.4004884222004268,0.017522600013762712,13,0.30089835886723615,0.11578662220649659,0.005171299912035465,6,0.5990703690871788,0.0914096623362629,0.0029226000187918544
100,SNR_8db,N,New_N_101.wav,30-13-6,DeepONMF_H3,3,0.38363985093453534,6x212,0.025843400042504072,30,0.15313093150862825,0.3489597730943357,0.0176963999401778,13,0.33117696652849504,0.10529592243923126,0.004647399997338653,6,0.5428678713316356,0.10315047912501493,0.0027477999683469534
101,SNR_8db,N,New_N_102.wav,30-13-6,DeepONMF_H3,3,0.30982903588993593,6x212,0.025912599987350404,30,0.14826510759271153,0.30292680240307085,0.017144200042821467,13,0.3550748470144664,0.13494728035210093,0.005113000050187111,6,0.5115542097998629,0.14855899951179832,0.0027925000758841634
102,SNR_8db,N,New_N_103.wav,30-13-6,DeepONMF_H3,3,0.2677819331368188,6x212,0.024488299968652427,30,0.14840937400138873,0.34950404373404864,0.016510199988260865,13,0.3825136344687509,0.14223195343920716,0.004495100001804531,6,0.5209866068409024,0.1772929273302723,0.002708100015297532
103,SNR_8db,N,New_N_104.wav,30-13-6,DeepONMF_H3,3,0.3165901913494386,6x212,0.026054600020870566,30,0.150155119023262,0.3261596358941463,0.016781100071966648,13,0.33938374815182026,0.09784096953136484,0.005526700057089329,6,0.5387950511790723,0.1119536286490736,0.00294410006608814
104,SNR_8db,N,New_N_105.wav,30-13-6,DeepONMF_H3,3,0.2882390615595619,6x212,0.024960899958387017,30,0.15116954236753355,0.3180778215565347,0.016630599973723292,13,0.350099248075845,0.12373715119078564,0.0046208999119699,6,0.5196732452250777,0.1292273625030488,0.0027631999691948295
105,SNR_8db,N,New_N_106.wav,30-13-6,DeepONMF_H3,3,0.2973732482496245,6x212,0.028779400046914816,30,0.15225967137453633,0.3758333453469512,0.020092800026759505,13,0.37027789204059613,0.13006943002535282,0.004838900058530271,6,0.539863663804119,0.14267729581792293,0.002885000081732869
106,SNR_8db,N,New_N_107.wav,30-13-6,DeepONMF_H3,3,0.3004577146136293,6x212,0.026669699931517243,30,0.1480568781197752,0.35826510852862076,0.017619000049307942,13,0.36040126596942396,0.11197231933009792,0.005162900080904365,6,0.5637181129562142,0.09580088022200667,0.0029096000362187624
107,SNR_8db,N,New_N_108.wav,30-13-6,DeepONMF_H3,3,0.27888174530147075,6x212,0.02533799991942942,30,0.1538320025428702,0.3483011337895182,0.016624900046736002,13,0.34238227406893673,0.10507955742727026,0.004576500039547682,6,0.5362101323370243,0.10756333192162204,0.0027362999971956015
108,SNR_8db,N,New_N_109.wav,30-13-6,DeepONMF_H3,3,0.3258089535959376,6x212,0.02710910001769662,30,0.14950183594988195,0.35366385740729966,0.0172089000698179,13,0.38054634357320916,0.10910080879564149,0.0061419999692589045,6,0.509636230294829,0.1042103115248576,0.002889600000344217
109,SNR_8db,N,New_N_110.wav,30-13-6,DeepONMF_H3,3,0.3116731188484915,6x212,0.025604900089092553,30,0.15724150654493638,0.3599879832819353,0.01732009998522699,13,0.3344473515529079,0.11387245900656719,0.004636100027710199,6,0.4946159556338961,0.1402870792068817,0.0028014000272378325
110,SNR_8db,N,New_N_111.wav,30-13-6,DeepONMF_H3,3,0.3023097474881759,6x212,0.025626500020734966,30,0.15255199769820585,0.3941960306697884,0.01611799991223961,13,0.3422681556640433,0.12030571699367891,0.005645799916237593,6,0.5084645997372614,0.1233216130682643,0.002913299947977066
111,SNR_8db,N,New_N_112.wav,30-13-6,DeepONMF_H3,3,0.28574787659433565,6x212,0.028043199912644923,30,0.15536720251127834,0.36647397937396264,0.018809500033967197,13,0.34869530143358435,0.12102577507673332,0.004926800029352307,6,0.5015932803361897,0.10005716929649482,0.003485499997623265
112,SNR_8db,N,New_N_113.wav,30-13-6,DeepONMF_H3,3,0.32890613151745846,6x212,0.026640999945811927,30,0.15454578449605705,0.38082201015127815,0.0178014999255538,13,0.3231611238190319,0.12419672507602406,0.004765199963003397,6,0.4941839542157641,0.13726384062143876,0.0029314999701455235
113,SNR_8db,N,New_N_114.wav,30-13-6,DeepONMF_H3,3,0.3023485841763567,6x212,0.028800200088880956,30,0.15100683233742662,0.3358840232788623,0.018542599980719388,13,0.3526922175666132,0.13288380285086154,0.006251599988900125,6,0.514399006466598,0.09824262104965427,0.0030635999282822013
114,SNR_8db,N,New_N_115.wav,30-13-6,DeepONMF_H3,3,0.2770615685532656,6x212,0.029643299989402294,30,0.15320768743742263,0.3606055419506478,0.019471999956294894,13,0.3933806047319493,0.13034940719741944,0.005782299907878041,6,0.5247164468833115,0.15185312659692218,0.0034730000188574195
115,SNR_8db,N,New_N_116.wav,30-13-6,DeepONMF_H3,3,0.28978983646712314,6x212,0.030007399967871606,30,0.1530929297122391,0.3502561652898866,0.02004169998690486,13,0.3389599857683734,0.10388701489553719,0.005197199992835522,6,0.4755941938080204,0.0752860683610453,0.0037134999874979258
116,SNR_8db,N,New_N_117.wav,30-13-6,DeepONMF_H3,3,0.29045565340000984,6x212,0.031489300075918436,30,0.15092733015488216,0.3601900460572311,0.02168919995892793,13,0.36378008501533887,0.11875554157069339,0.005463800043798983,6,0.5144797816913117,0.11338482803609581,0.003267300082370639
117,SNR_8db,N,New_N_118.wav,30-13-6,DeepONMF_H3,3,0.321069675524733,6x212,0.02925409993622452,30,0.15381901557543998,0.35352017692546556,0.020401500049047172,13,0.34829213767024325,0.11106250823949064,0.004851199919357896,6,0.47184896892903483,0.13353641260545193,0.002905000001192093
118,SNR_8db,N,New_N_119.wav,30-13-6,DeepONMF_H3,3,0.31840679252530035,6x212,0.028239100007340312,30,0.15126849784086155,0.3754344022612659,0.01833620003890246,13,0.36185344810915715,0.11905286871112783,0.005936600035056472,6,0.5348529568218222,0.09815221717589455,0.003104100003838539
119,SNR_8db,N,New_N_120.wav,30-13-6,DeepONMF_H3,3,0.3186553510008514,6x212,0.031084499903954566,30,0.15011732472535189,0.35398255045527915,0.020872100023552775,13,0.3223478443439064,0.10928928816823522,0.005640299990773201,6,0.5837411654126525,0.09062162189003532,0.00362130010034889
120,SNR_8db,N,New_N_121.wav,30-13-6,DeepONMF_H3,3,0.3067286086234187,6x212,0.03335819998756051,30,0.15634751359704616,0.36753941375361115,0.020624700002372265,13,0.37904727496131985,0.10997107574177616,0.0068521000212058425,6,0.5472937770073613,0.10659339237444264,0.004981299978680909
121,SNR_8db,N,New_N_122.wav,30-13-6,DeepONMF_H3,3,0.2778331524614277,6x212,0.03456449997611344,30,0.15109321220317876,0.3608737593131324,0.024550999980419874,13,0.3870462534850322,0.10184461626524925,0.005788999958895147,6,0.5179502309093637,0.13454108096412065,0.00325080007314682
122,SNR_8db,N,New_N_123.wav,30-13-6,DeepONMF_H3,3,0.2941793099726169,6x212,0.03049280005507171,30,0.15347752275141135,0.39896485754962463,0.019550099968910217,13,0.34879503654979604,0.12320657686050368,0.005888200015760958,6,0.463666569983702,0.10949247364849021,0.004011400043964386
123,SNR_8db,N,New_N_124.wav,30-13-6,DeepONMF_H3,3,0.29473686039198116,6x212,0.027930699987336993,30,0.15593340548117882,0.38834727233599603,0.018985799979418516,13,0.3312999543245151,0.10915752748828107,0.005076300003565848,6,0.5414412230442202,0.13086368220442848,0.002989300061017275
124,SNR_8db,N,New_N_125.wav,30-13-6,DeepONMF_H3,3,0.321313836139434,6x212,0.027363100089132786,30,0.15402141735631963,0.3400034659739821,0.019064499996602535,13,0.33791679823435683,0.12885454691886225,0.00469370000064373,6,0.4913677359831512,0.08972883884791669,0.0027602999471127987
125,SNR_8db,N,New_N_126.wav,30-13-6,DeepONMF_H3,3,0.3599557843586066,6x212,0.024945099954493344,30,0.1434680108118451,0.3441936645284144,0.01686820003669709,13,0.31155216428960175,0.08728243012045951,0.004394699935801327,6,0.5441094280577686,0.08280113401319662,0.002589799929410219
126,SNR_8db,N,New_N_127.wav,30-13-6,DeepONMF_H3,3,0.27331613353592393,6x212,0.02648509992286563,30,0.14810738606166338,0.3663122038088952,0.018560399999842048,13,0.3343068532919778,0.10844479493766612,0.004203000105917454,6,0.5081234988827918,0.10389677354506827,0.002660700003616512
127,SNR_8db,N,New_N_128.wav,30-13-6,DeepONMF_H3,3,0.27472429281373273,6x212,0.024814500007778406,30,0.1449465392318629,0.3376879988660825,0.016147500020451844,13,0.356094501859621,0.10922443788058998,0.00426710001192987,6,0.5249917605763291,0.14169144666844694,0.003243900020606816
128,SNR_8db,N,New_N_129.wav,30-13-6,DeepONMF_H3,3,0.28646680586379114,6x212,0.02468809997662902,30,0.14594258945671054,0.3706674684668538,0.01686809991952032,13,0.28821397241458324,0.08303901781857743,0.0043533999705687165,6,0.5647883521419151,0.06423090934898497,0.002622599946334958
129,SNR_8db,N,New_N_130.wav,30-13-6,DeepONMF_H3,3,0.3009729081763184,6x212,0.02493939991109073,30,0.14667204480419097,0.3579778173713863,0.016937199980020523,13,0.29477032111488277,0.0872871441725173,0.004341799998655915,6,0.5402629553926257,0.08787458154264403,0.002924799919128418
130,SNR_8db,N,New_N_131.wav,30-13-6,DeepONMF_H3,3,0.2792650234750433,6x212,0.024262199993245304,30,0.1444219587248537,0.3346235431523772,0.015918100019916892,13,0.3183470810273492,0.1181017643474404,0.004508299985900521,6,0.46287409639294586,0.13877476130056235,0.002638199948705733
131,SNR_8db,N,New_N_132.wav,30-13-6,DeepONMF_H3,3,0.3538098598475496,6x212,0.024447400006465614,30,0.1456462361497027,0.38571317755119483,0.016414200072176754,13,0.31585067896280034,0.09957174186079837,0.004134699935093522,6,0.5450379587020817,0.08061460997338553,0.0025004000635817647
132,SNR_8db,N,New_N_133.wav,30-13-6,DeepONMF_H3,3,0.3852979530290897,6x212,0.02725709998048842,30,0.14577340905095568,0.33025040629318286,0.01878380007110536,13,0.3370939699886648,0.09720119858354472,0.004528900026343763,6,0.5429735431991285,0.09952623307049259,0.0027620000764727592
133,SNR_8db,N,New_N_134.wav,30-13-6,DeepONMF_H3,3,0.254535915217428,6x212,0.024564199964515865,30,0.14368520579068825,0.35667452375710074,0.016435900004580617,13,0.31731986444301075,0.11753365009476965,0.004323099972680211,6,0.48794285188246167,0.1073343074288276,0.003006200073286891
134,SNR_8db,N,New_N_135.wav,30-13-6,DeepONMF_H3,3,0.3006559385252003,6x212,0.02453659998718649,30,0.14558833727062354,0.3820396062159094,0.016640899935737252,13,0.34441354792332873,0.10731491373028061,0.0042978998972103,6,0.5358404637116239,0.09932395886618231,0.0026390000712126493
135,SNR_8db,N,New_N_136.wav,30-13-6,DeepONMF_H3,3,0.3176173249879351,6x212,0.024892999907024205,30,0.1489821092224438,0.3853130056081913,0.016642399947158992,13,0.31019785967594116,0.0861695202003877,0.004472100059501827,6,0.5406830595339066,0.08360922798685275,0.0028128999983891845
136,SNR_8db,N,New_N_137.wav,30-13-6,DeepONMF_H3,3,0.30291599405057146,6x212,0.024442700087092817,30,0.14669356652399704,0.3414807060663999,0.016418799990788102,13,0.349758883311975,0.08139280630303719,0.004401199985295534,6,0.5800045319194884,0.0942694466104454,0.002624399960041046
137,SNR_8db,N,New_N_138.wav,30-13-6,DeepONMF_H3,3,0.2857788040567553,6x212,0.0252866999944672,30,0.14637127270973077,0.33553944872175984,0.01685340004041791,13,0.33764203685233973,0.10203807609699583,0.004245999967679381,6,0.5391357592468233,0.12366343147657219,0.0030028000473976135
138,SNR_8db,N,New_N_139.wav,30-13-6,DeepONMF_H3,3,0.35830681134935477,6x212,0.022866499959491193,30,0.1474369337574382,0.36289781896255,0.014703099965117872,13,0.29820623324720763,0.09851293506200064,0.004684400046244264,6,0.5380628888997847,0.08390971376857408,0.0026369000552222133
