indice_interno,distribucion,numero_capas,error_final,forma_h_final,segundos_extraccion,capa_1_rango,capa_1_error,capa_1_ortogonalidad_h,capa_2_rango,capa_2_error,capa_2_ortogonalidad_h,capa_3_rango,capa_3_error,capa_3_ortogonalidad_h,capa_4_rango,capa_4_error,capa_4_ortogonalidad_h
0,10-11-13-14,4,0.27570592809878874,14x212,0.034834899997804314,10,0.06681057339576545,0.39288817325520325,11,0.1493443955215632,0.14219954318288042,13,0.20440913568559052,0.10580692556733381,14,0.09529725395035678,0.07740076053427325
1,10-11-13-14,4,0.25871990220354957,14x212,0.04024140001274645,10,0.0611573449139471,0.37122554942374464,11,0.12582137126421966,0.1747538328442511,13,0.07517871848310194,0.13378682327810149,14,0.13560003778916288,0.1290046666667492
2,10-11-13-14,4,0.25798032376823316,14x212,0.033345899981213734,10,0.06460343198708117,0.362462569480511,11,0.09453310720935089,0.1800558336557094,13,0.11980488978988467,0.14338390994802075,14,0.10043274429585809,0.10576901757166329
3,10-11-13-14,4,0.2705034555816157,14x212,0.0366271999955643,10,0.06688616458150423,0.34485389385620413,11,0.13489059037420048,0.14691093215348394,13,0.06797266521463614,0.12074236323658624,14,0.1456149277208616,0.08184769812876017
4,10-11-13-14,4,0.23645453228823146,14x212,0.0361583000048995,10,0.0668161530816433,0.34331446094955054,11,0.11372576747850961,0.18996718119290434,13,0.16626022331080142,0.14965888354439943,14,0.060598495258377856,0.11240174991964821
5,10-11-13-14,4,0.27686216065479746,14x212,0.03784029997768812,10,0.0701909872570839,0.33957578192444426,11,0.1168381197744475,0.15931590742656965,13,0.16523493959046565,0.10293405740256859,14,0.07526281178098178,0.07325407316259719
6,10-11-13-14,4,0.2790399734932054,14x212,0.03498609998496249,10,0.061820903714820054,0.36675212351729486,11,0.13758177913700206,0.176912984452077,13,0.20775404238086045,0.11131987269856794,14,0.10514257458215086,0.07600288319117651
7,10-11-13-14,4,0.28139824908207,14x212,0.036357700009830296,10,0.056697103869812256,0.3449041447522355,11,0.13650458010094504,0.19433077877016808,13,0.1441056635527598,0.13785497285744264,14,0.11516509631181214,0.11399040887526979
8,10-11-13-14,4,0.25690336321692314,14x212,0.039867699990281835,10,0.05823981278414612,0.3471525089247904,11,0.10538018024350555,0.1882173180441362,13,0.09771281821313425,0.13953679058728,14,0.09915454381079021,0.10926448756329034
9,10-11-13-14,4,0.24876282498279267,14x212,0.02991790001397021,10,0.059099553109907624,0.3312704777190992,11,0.09524135595368687,0.20076271680993624,13,0.1378631285519135,0.12226649679594036,14,0.06345030109287576,0.09363933152085513
10,10-11-13-14,4,0.2650324743442063,14x212,0.03916939999908209,10,0.0731384015076111,0.3749696165567532,11,0.16303993371806055,0.1426360536164871,13,0.05749440138125185,0.10453865370713232,14,0.1740617045376205,0.10122587003675192
11,10-11-13-14,4,0.2347082420550853,14x212,0.03897609998239204,10,0.07084415269786198,0.30948497929416036,11,0.08822856331123104,0.15608731439593646,13,0.07196659010320801,0.11069501161568905,14,0.05590917845915492,0.0979016395227431
12,10-11-13-14,4,0.2612316831169171,14x212,0.035768100002314895,10,0.06471269319890245,0.3564886132145549,11,0.12119523582880024,0.17039473702815822,13,0.05959374029229159,0.12085337372478332,14,0.16299498833380338,0.09649548740772634
13,10-11-13-14,4,0.26962854223746124,14x212,0.035227399988798425,10,0.06449428368503053,0.3768601675551026,11,0.14750169639066654,0.18073034880170205,13,0.1765498096572914,0.11665622846975018,14,0.05727299546921314,0.09881948590912838
14,10-11-13-14,4,0.2557217464804102,14x212,0.03911000001244247,10,0.06705701668606634,0.3231880137071746,11,0.08498879922443908,0.21098994167848834,13,0.06492825369205917,0.13881078670043046,14,0.1576453899272826,0.10115866760908178
15,10-11-13-14,4,0.25538604905247275,14x212,0.03323130001081154,10,0.06709054289567554,0.3342207530617016,11,0.18653001154431711,0.15657798023273925,13,0.12651126236572668,0.10751958477912019,14,0.056674733650175585,0.09182813545862502
16,10-11-13-14,4,0.265039162086247,14x212,0.04490140001871623,10,0.07104860455880736,0.3197301732682324,11,0.1689683431820744,0.13438733324759475,13,0.12117059775864057,0.0927405419237949,14,0.06347091232667885,0.07719564658776135
17,10-11-13-14,4,0.2833590453139578,14x212,0.039692999998806044,10,0.07367527604932203,0.3607575810377986,11,0.13825977937830625,0.17413313086321083,13,0.056260648251153574,0.12743190270261906,14,0.20503076493794253,0.09362793349390659
18,10-11-13-14,4,0.260659156529645,14x212,0.03337270001065917,10,0.05928623951741652,0.3125259680083784,11,0.09704392589855952,0.159178134327824,13,0.08170457945196426,0.11202111589500827,14,0.15743443328660978,0.09563151008147452
19,10-11-13-14,4,0.2406602769923389,14x212,0.04997630001162179,10,0.06152207679704104,0.36897059788881825,11,0.1270920695064763,0.16604035247807547,13,0.06335116377701398,0.12992469768587397,14,0.06011348592358366,0.11625498661223012
20,10-11-13-14,4,0.2882139085764629,14x212,0.049306900007650256,10,0.06551175964579407,0.3762968258073448,11,0.11784941825490398,0.21777004620584034,13,0.06924834023718032,0.1565445546676058,14,0.16080095859691568,0.13437046780401463
21,10-11-13-14,4,0.24407359546446228,14x212,0.03547080000862479,10,0.061955513156543324,0.3756072986892492,11,0.0909195370609513,0.1726475524474454,13,0.05367176730843346,0.14064624123942393,14,0.18946942675892847,0.11077181849512213
22,10-11-13-14,4,0.2643080751855135,14x212,0.032610800000838935,10,0.059053227074214926,0.35897765359064543,11,0.1660624088194082,0.15996785902030156,13,0.1405447210681509,0.11194935252060983,14,0.06053244118945537,0.09097891486912515
23,10-11-13-14,4,0.28920911134034183,14x212,0.03236240000114776,10,0.06038488953249347,0.41692002262277505,11,0.09752008346434753,0.1931240027708544,13,0.1152618468687324,0.12813772933318654,14,0.2344181931743969,0.08769404644417858
24,10-11-13-14,4,0.24456398505714436,14x212,0.03715270000975579,10,0.07188839049684188,0.30213225223102347,11,0.12393464466902197,0.18756470484670545,13,0.07034328194868532,0.1461532659096624,14,0.10953402477722299,0.11788258211195082
25,10-11-13-14,4,0.24686565311557396,14x212,0.04567640001187101,10,0.07718867992225467,0.3239972275864988,11,0.12277980538711555,0.15146843304127192,13,0.055765686598244275,0.11491357784151905,14,0.11717536799257515,0.10076007605479216
26,10-11-13-14,4,0.24966407744059302,14x212,0.034672000008868054,10,0.06945359812417864,0.35789893848103005,11,0.09799931521346944,0.16841227941014536,13,0.1398153930138068,0.1251526839218726,14,0.060195782389758846,0.10426614965908446
27,10-11-13-14,4,0.2583501698773756,14x212,0.04499910000595264,10,0.0666782987295525,0.30230402424318065,11,0.18014209256393168,0.14093065840358007,13,0.06476152621929229,0.10489970532823971,14,0.09648903131460174,0.08608589138425463
28,10-11-13-14,4,0.31750086828463675,14x212,0.03615239998907782,10,0.06916111645683011,0.3457299178646975,11,0.13844529002432593,0.19636040399285035,13,0.16091905832141976,0.10598172244555777,14,0.2183770306176158,0.07900355781636235
29,10-11-13-14,4,0.26281225537102987,14x212,0.042928799986839294,10,0.06690564685422262,0.3819470418989344,11,0.1093052971413323,0.18749132409891098,13,0.12236639838898226,0.12833702971951935,14,0.09755675145837064,0.13108643031074316
30,10-11-13-14,4,0.2490571295469507,14x212,0.032376900024246424,10,0.05688611060405071,0.3215684892968756,11,0.14043495250541216,0.15606518401175207,13,0.13741823418603033,0.13397554427685895,14,0.05958596367565051,0.08873988647685545
31,10-11-13-14,4,0.26055913598428093,14x212,0.034046599990688264,10,0.058650860395686656,0.3833631437996989,11,0.1391433401048734,0.17995431680538196,13,0.06272955206578382,0.1423808094334552,14,0.19099453999689797,0.0980002737397622
32,10-11-13-14,4,0.2624660253942134,14x212,0.03459499997552484,10,0.0755571732125573,0.36346239438827815,11,0.1327052397576391,0.1828271057462907,13,0.060907678856873995,0.13629085387803286,14,0.12986251315509634,0.10823367101858092
33,10-11-13-14,4,0.26334239530841236,14x212,0.03607299999566749,10,0.06989315214136244,0.36552864365207066,11,0.136585433102318,0.18658051448530474,13,0.060907909857894946,0.14531818474809827,14,0.09710445817076321,0.1209722507167658
34,10-11-13-14,4,0.2693925559225065,14x212,0.03321460000006482,10,0.0602889050038083,0.3069117659266162,11,0.106845748246208,0.20457423334519295,13,0.13140330705435307,0.10834915215291804,14,0.13417868587395917,0.07819426585208442
35,10-11-13-14,4,0.27370180615192835,14x212,0.03434109999216162,10,0.06519994063513072,0.3614844874592716,11,0.10854287666899412,0.15869187165700424,13,0.061107322291055956,0.11965548182998863,14,0.2033136477210394,0.09780707681949555
36,10-11-13-14,4,0.2617694110602318,14x212,0.034715599991614,10,0.05472514246615251,0.3369836844587858,11,0.08233915716244047,0.15315697197397524,13,0.13215455800586737,0.10065958666966025,14,0.17856217086340895,0.06527421382284261
37,10-11-13-14,4,0.23011699587912313,14x212,0.03741620000801049,10,0.05660505320730061,0.3227225199877972,11,0.08763305812976134,0.1640200158970265,13,0.08318307965469565,0.0732121055923471,14,0.08866667159244385,0.05982854229779305
38,10-11-13-14,4,0.24833648652723422,14x212,0.04266989999450743,10,0.0403603582071356,0.4435451067287036,11,0.10337349039807338,0.14432212386239163,13,0.05525468034885668,0.09694583925804065,14,0.1494486260277169,0.07015810567609183
39,10-11-13-14,4,0.23414293530863092,14x212,0.031212300003971905,10,0.04724136763759986,0.35357450443189964,11,0.10999209089499583,0.15356723196168048,13,0.0628937086331503,0.08808722267658818,14,0.06306001387344153,0.07677184291575471
40,10-11-13-14,4,0.26341316577248575,14x212,0.03801229997770861,10,0.05454798562330614,0.3960834480444211,11,0.10516247577756511,0.15929603291478914,13,0.11229189734045948,0.09898382530581727,14,0.0887968249514541,0.08877600516322617
41,10-11-13-14,4,0.27660669017629985,14x212,0.034780100017087534,10,0.05719660109101146,0.38847422720914865,11,0.10766658275206238,0.14957145411765269,13,0.09193195896045377,0.08945041030983522,14,0.21137543154450297,0.057381115840828494
42,10-11-13-14,4,0.24435074947055996,14x212,0.03327519999584183,10,0.05095374806275437,0.3989306440895435,11,0.0881598181715412,0.19173242805741367,13,0.08616387616366873,0.1172441154397697,14,0.06686868546631229,0.08785704848130865
43,10-11-13-14,4,0.23476281386561396,14x212,0.04128679999848828,10,0.06853864892610602,0.37501505521871703,11,0.09637594382085969,0.14810688747333167,13,0.08847827999422958,0.10061894926171974,14,0.13267086350818155,0.07445299784035468
44,10-11-13-14,4,0.2519574904464326,14x212,0.04220080000231974,10,0.05631742456546486,0.3863731274949088,11,0.09988941793903613,0.18904564440429042,13,0.16185182272836876,0.1063528179382779,14,0.05961328592599599,0.07496084804336958
45,10-11-13-14,4,0.29759973699631714,14x212,0.04391290000057779,10,0.052998981175761094,0.38794120717182373,11,0.1271525374201075,0.1336584676256048,13,0.09449064610112301,0.11059455163263966,14,0.1644483290403543,0.09504121104075197
46,10-11-13-14,4,0.24851860819416188,14x212,0.03415859999950044,10,0.059457186018820184,0.3797646931506885,11,0.12327245309780709,0.16961457434056101,13,0.14731237018043408,0.10998598441120723,14,0.05811882167538145,0.07573801773011696
47,10-11-13-14,4,0.23983520444403225,14x212,0.0381716999982018,10,0.054173630417666735,0.37246204642688224,11,0.11311136895779939,0.13964895174522096,13,0.07349376838283092,0.09168932171336458,14,0.1248343212914537,0.06571448027148741
48,10-11-13-14,4,0.27327918697161013,14x212,0.04094079998321831,10,0.04970289864821565,0.39350889354091145,11,0.12316076683973498,0.15648308546216655,13,0.13665963526118705,0.08513610938408867,14,0.13465464042780362,0.07320215390496616
49,10-11-13-14,4,0.25668542306434927,14x212,0.049625599989667535,10,0.05388795791939469,0.3891493862668569,11,0.16814805592520138,0.16271084629167595,13,0.07863980764323776,0.09444272561912055,14,0.056981651295104324,0.08973020373189772
50,10-11-13-14,4,0.2657226181855572,14x212,0.04696949999197386,10,0.05578794988142484,0.39665188218842456,11,0.13616731964412443,0.14268521749260335,13,0.08957981039003739,0.09821949605721746,14,0.13429331695617627,0.05479537618567386
51,10-11-13-14,4,0.27968414204925945,14x212,0.04837560001760721,10,0.06493816118797732,0.4222127516429423,11,0.14992687159219242,0.1935062312908919,13,0.12129715339153238,0.11863942201913422,14,0.1474298056735729,0.07457611271592812
52,10-11-13-14,4,0.2504357031560896,14x212,0.03990000000339933,10,0.053373594102116284,0.4006151878836424,11,0.13192127909804585,0.1360358907655164,13,0.09732838490117272,0.1010003418204045,14,0.10652450523401313,0.08911681602638248
53,10-11-13-14,4,0.24364349371471136,14x212,0.03351959999417886,10,0.05077760913645499,0.40928707765055516,11,0.11362093252550505,0.14687821207422308,13,0.08873760564723092,0.10277478023245337,14,0.1104215211448349,0.08434117744867939
54,10-11-13-14,4,0.2535873760023251,14x212,0.03139200000441633,10,0.06339604123525511,0.3927596523175093,11,0.11791992924483882,0.16527324390847314,13,0.13149033181116646,0.11172771840335631,14,0.07335649285254464,0.0983549342183076
55,10-11-13-14,4,0.27556278889893626,14x212,0.0414329000050202,10,0.04364583567090444,0.37952923969024477,11,0.12776680966715523,0.18189121551662235,13,0.1455871378822076,0.09665447563869405,14,0.14110513923917667,0.05790515593786187
56,10-11-13-14,4,0.2951264440494143,14x212,0.037352100014686584,10,0.04716355071592408,0.3852302396176669,11,0.11367661763187813,0.15687976213611532,13,0.0736453279174499,0.08197142792277677,14,0.21116369805776364,0.04957130468540878
57,10-11-13-14,4,0.2517492384041864,14x212,0.03551529999822378,10,0.053688490078060536,0.3794118258214477,11,0.12747041344257684,0.16452885592404898,13,0.1012002221886918,0.10203227443707565,14,0.05649694586523284,0.09589791629412668
58,10-11-13-14,4,0.2585037884601096,14x212,0.03692870002123527,10,0.06804228900865456,0.38015147383440645,11,0.10884392696254531,0.18357034226360108,13,0.07876017238027753,0.11836644687438518,14,0.13118763098790587,0.08530131715837891
59,10-11-13-14,4,0.24884846941625818,14x212,0.036103200021898374,10,0.050465051691152854,0.43573680909296836,11,0.1417122411760624,0.17764705673745299,13,0.10049912776114883,0.11009758306821837,14,0.08023694176624217,0.09847709748462469
60,10-11-13-14,4,0.2622746041700783,14x212,0.03336410000338219,10,0.0608298304137336,0.3906531773823435,11,0.12204631578334907,0.15019338370810828,13,0.06641369464337864,0.12284913727944008,14,0.0927161676177912,0.08182874258828633
61,10-11-13-14,4,0.2392846691455005,14x212,0.03399220001301728,10,0.053808491203882106,0.3782823061957284,11,0.10731559274813654,0.13739788129244349,13,0.1475722220312233,0.0875449246692011,14,0.05791536777130286,0.07599269642823696
62,10-11-13-14,4,0.26477757658944406,14x212,0.037045100005343556,10,0.05208520619902711,0.3747987866686632,11,0.10688592246864805,0.1484467312504613,13,0.20308373584788494,0.09136965581958809,14,0.09524553172446282,0.0749255296872305
63,10-11-13-14,4,0.24639825059064208,14x212,0.03892429999541491,10,0.07020491873026194,0.41698858045270015,11,0.10177638535410823,0.15065810619596598,13,0.07637029951630414,0.11952997975298588,14,0.08168439826431426,0.09607593301216226
64,10-11-13-14,4,0.24118578032647706,14x212,0.03545599998324178,10,0.05321683023615798,0.4352425330023942,11,0.11170674857304014,0.15058182081038712,13,0.06776472192314228,0.11426297586381996,14,0.09031867184008427,0.07119299513430762
65,10-11-13-14,4,0.26187257002146225,14x212,0.04115899998578243,10,0.060616632854473634,0.3997897313561765,11,0.16847874530165985,0.1635902744791353,13,0.07865002511676736,0.1064563805701998,14,0.09773206289255293,0.08724027767556786
66,10-11-13-14,4,0.24537937138785812,14x212,0.033147300011478364,10,0.0558619103695086,0.42929811667158624,11,0.10960198182364372,0.15867183194183618,13,0.05808521878173348,0.12008781309857183,14,0.08328772634806042,0.07967576889233094
67,10-11-13-14,4,0.2503932355697259,14x212,0.041005500010214746,10,0.05648289457267498,0.43546192984030346,11,0.11855697619660975,0.20385552989591246,13,0.059273139096686175,0.15255802925931874,14,0.13091962864679849,0.09709442208038717
68,10-11-13-14,4,0.26985939504101875,14x212,0.031554700020933524,10,0.05900829161663696,0.4105407049719853,11,0.07699790206386246,0.25340924703667494,13,0.1514539060911158,0.1637789717529776,14,0.05689077640145112,0.15070450288490989
69,10-11-13-14,4,0.30490624185100706,14x212,0.030900899990228936,10,0.063124930512993,0.32401513898722145,11,0.18909582737888958,0.13245101392845274,13,0.17718750642574682,0.08081966427611488,14,0.15578298419753156,0.07572187095699336
70,10-11-13-14,4,0.2504342736495594,14x212,0.045474200014723465,10,0.06081508994468912,0.4330177641857745,11,0.140690400995537,0.19631027578064955,13,0.09104370394970998,0.11246993105285731,14,0.05953023767174397,0.09750260589873261
71,10-11-13-14,4,0.27074427798770995,14x212,0.031924699986120686,10,0.06711324963057273,0.3784322320483044,11,0.11960924733648995,0.19399443451984766,13,0.08556790548630036,0.124503128148253,14,0.09409902142442741,0.08999116803391748
72,10-11-13-14,4,0.24581441858130332,14x212,0.032881799997994676,10,0.062067621103568435,0.40597469527683316,11,0.08441778834443366,0.18719521795330016,13,0.14468043542145198,0.10827007963501564,14,0.09852233764069863,0.08631614465484488
73,10-11-13-14,4,0.26655165129912517,14x212,0.032899799989536405,10,0.06430447043103828,0.3594979115778225,11,0.11187281586602565,0.18608362239662005,13,0.13555166709919012,0.13076060566472847,14,0.06770513407017673,0.08214644295263357
74,10-11-13-14,4,0.24142406310683867,14x212,0.032751699996879324,10,0.06347271844666048,0.3344166308856123,11,0.128522637840567,0.14649595081458622,13,0.06380289024379185,0.10329700613275332,14,0.09059201674375263,0.09018265320897832
75,10-11-13-14,4,0.25586588552805356,14x212,0.031374999991385266,10,0.06626960190708912,0.3383494921799059,11,0.09429956238333005,0.14934629386715556,13,0.058649753167913606,0.12069936120808689,14,0.10461588527567325,0.11029027815463992
76,10-11-13-14,4,0.25266018255596495,14x212,0.032739499991294,10,0.05698522600987046,0.38781636765576843,11,0.15425509924447472,0.20561385726550604,13,0.06879353503905768,0.1392441997124469,14,0.12467755048980599,0.11260247103464474
77,10-11-13-14,4,0.24447929813501254,14x212,0.03226159999030642,10,0.057271152345217506,0.39957004677562097,11,0.11109994987793863,0.18617253700782846,13,0.11761230607446335,0.12855519233697638,14,0.05970105981859545,0.10472021744947137
78,10-11-13-14,4,0.2607942057595246,14x212,0.03236979999928735,10,0.06709486693451355,0.3777084570146147,11,0.12438950909484697,0.1816166679562506,13,0.11881517465060022,0.13192257131709942,14,0.11539098247655334,0.09321062830582327
79,10-11-13-14,4,0.24143394548786673,14x212,0.03240729999379255,10,0.06475593053468849,0.3679676361854051,11,0.07494041994335608,0.2099541348967908,13,0.09162137811834704,0.14123163837122737,14,0.05875730291429776,0.10935916219224726
80,10-11-13-14,4,0.23777785186254283,14x212,0.03186930000083521,10,0.05368234752808025,0.3766190782863575,11,0.14018912231796227,0.1229905748514631,13,0.055335652863373413,0.11306196561888579,14,0.07856353129339967,0.08829597065263255
81,10-11-13-14,4,0.2350711440843775,14x212,0.03428270001313649,10,0.0596259470864793,0.34837718353584557,11,0.12146682667114392,0.16266995348513863,13,0.058001842969445966,0.1147436308333447,14,0.05594045587225414,0.1037801272540811
82,10-11-13-14,4,0.23418496408171938,14x212,0.03213040000991896,10,0.05416820111285777,0.3150654012490162,11,0.12498543107304363,0.1315569161706964,13,0.056000720364314846,0.09019377864146441,14,0.05842754651593976,0.07548988054288566
83,10-11-13-14,4,0.23629991390088168,14x212,0.04306569998152554,10,0.06478237402694459,0.3741520524474892,11,0.0779966924687454,0.17434466384516492,13,0.11725168032726976,0.10856913345183103,14,0.05625332277295735,0.09709320623887932
84,10-11-13-14,4,0.23113302263819618,14x212,0.033478900004411116,10,0.057874381618568886,0.3657083095682689,11,0.12130936219543641,0.16986321656904713,13,0.05534372938097617,0.14775970118525544,14,0.05533424819282876,0.1272341924273663
85,10-11-13-14,4,0.226535475998816,14x212,0.04357579999486916,10,0.05249249345363505,0.3342492402110623,11,0.11511014091843248,0.14201630676716465,13,0.05811232808727078,0.11655425460250683,14,0.06548652922028164,0.09671338603774049
86,10-11-13-14,4,0.24591905925911603,14x212,0.032422899996163324,10,0.06702596310564843,0.3693743289697299,11,0.11750176149857912,0.1900754690396383,13,0.058705657345525575,0.14221596994072241,14,0.09229758795951783,0.12287984050582015
87,10-11-13-14,4,0.26835752595123424,14x212,0.03348610000102781,10,0.05933100242642976,0.40595131428947384,11,0.10173446831503283,0.19926325807696557,13,0.12382935039051458,0.13534505684080814,14,0.17178751222242042,0.08788568848764174
88,10-11-13-14,4,0.25386286851859957,14x212,0.036707499995827675,10,0.05601759886567525,0.41207698741246307,11,0.09076997200761863,0.17013784291462214,13,0.09782719198039014,0.10806334543519656,14,0.10933770253661117,0.08092080171169388
89,10-11-13-14,4,0.26063289359982755,14x212,0.034575499972561374,10,0.059120395840358775,0.31728711309709473,11,0.07774220204181563,0.18577488800289843,13,0.17579791864476282,0.12641928895659094,14,0.14581825392678532,0.0853056284808846
90,10-11-13-14,4,0.25579587707688267,14x212,0.040712399990297854,10,0.060699466750659195,0.40514351786689023,11,0.11334902173814343,0.1931892994053401,13,0.056932539506058706,0.16478544097871306,14,0.12454817160656395,0.12435876767018549
91,10-11-13-14,4,0.23305143471485196,14x212,0.03176529999473132,10,0.05876698984255557,0.36337120389106037,11,0.12872822258566166,0.16463176018973041,13,0.1012319328883626,0.08160735886541334,14,0.055534873057528245,0.07087646852494109
92,10-11-13-14,4,0.24721231328098317,14x212,0.03249280000454746,10,0.06028442456037391,0.3787875985205637,11,0.11993936514022067,0.1940593188666094,13,0.10817270360158983,0.1443223856047619,14,0.07021683556936924,0.11595294132153139
93,10-11-13-14,4,0.2536009403962263,14x212,0.0408801999874413,10,0.06534278928880526,0.34433426331261097,11,0.10269526947222114,0.12449715860357391,13,0.1628987361705732,0.08923671665195888,14,0.08043821460617773,0.06070898668378823
94,10-11-13-14,4,0.2558959824069686,14x212,0.03207970000221394,10,0.05303813194978926,0.36723483449428446,11,0.08749876829012555,0.19561860028467515,13,0.060720644646965784,0.13010887696980647,14,0.16170858801736937,0.09430609850839503
95,10-11-13-14,4,0.2683230784595155,14x212,0.03594679999514483,10,0.05731537264157149,0.339771516645596,11,0.12496716236589506,0.13646601930194757,13,0.14851368634978,0.0816639110635496,14,0.06515838518870512,0.0642541664032814
96,10-11-13-14,4,0.2960279436580221,14x212,0.04036780001479201,10,0.05648754558078063,0.3566216067611043,11,0.13686807504841855,0.1732967858723657,13,0.16873842887279814,0.10872921990027862,14,0.17250784017046483,0.10314062159740676
97,10-11-13-14,4,0.24899376191997047,14x212,0.03376130000106059,10,0.06974367949552537,0.37522006849306894,11,0.09705717745844371,0.14848032974984146,13,0.11802636603936405,0.09229142803366659,14,0.05912896688375249,0.080435803118951
98,10-11-13-14,4,0.25527664386793064,14x212,0.03993349999655038,10,0.0632097357714742,0.42964193291541863,11,0.10411000599739896,0.17692953176259485,13,0.11250163261827921,0.14987155910124056,14,0.0808965557884268,0.10302607555879587
99,10-11-13-14,4,0.2368246826164174,14x212,0.03379050001967698,10,0.04878429946158942,0.43918877663216616,11,0.0923837924993343,0.19891555071432387,13,0.16446077799184783,0.08401789310198676,14,0.09136600778698059,0.06588897879071733
100,10-11-13-14,4,0.2760511549205366,14x212,0.033917799999471754,10,0.05443599187520104,0.3501668912082365,11,0.125059735688887,0.12748477852074178,13,0.061683935869102695,0.08038126267704368,14,0.14700307575939855,0.05104274349527828
101,10-11-13-14,4,0.2621505858146548,14x212,0.041128699987893924,10,0.05535475114580494,0.3551169209273406,11,0.1341783899275665,0.2694045311679656,13,0.10808195463794969,0.11587552222389573,14,0.12712409124526503,0.0756147372248149
102,10-11-13-14,4,0.23804993242367264,14x212,0.032213800004683435,10,0.051561687471989005,0.41016363982102816,11,0.12485288064279228,0.14918417439965823,13,0.05594548955756828,0.11985471528016284,14,0.060704497696304746,0.09158870991410575
103,10-11-13-14,4,0.27078855870167967,14x212,0.033268800005316734,10,0.05499199227263136,0.39656269412092315,11,0.14143529647694783,0.1292311826418322,13,0.05611519424782447,0.09319416091594501,14,0.21764085569663186,0.07986517659106754
104,10-11-13-14,4,0.22344064420636112,14x212,0.03221890001441352,10,0.06228935572299118,0.40974202337642185,11,0.09707150572538643,0.1245675230542468,13,0.11250701256017812,0.07862372578946943,14,0.06609271800890708,0.06425701841531767
105,10-11-13-14,4,0.24742754096355551,14x212,0.03249109999160282,10,0.05466190435903816,0.36853053207484693,11,0.12487474965788457,0.15381241489089606,13,0.058984129702439096,0.12718157845909553,14,0.07421686919920302,0.09914421119899171
106,10-11-13-14,4,0.2699090402209289,14x212,0.035429100011242554,10,0.0591050110283753,0.3762938880664227,11,0.11399187036135666,0.17005835466483368,13,0.06413533987893064,0.12134836783688194,14,0.1665451451765516,0.1085170087393564
107,10-11-13-14,4,0.22993862824637612,14x212,0.03677219999372028,10,0.05530997981146248,0.36566907219689615,11,0.09382208042114087,0.1640243944581969,13,0.0749802305975186,0.10423213514255267,14,0.06761920696182787,0.08841174704441943
108,10-11-13-14,4,0.2760541263992252,14x212,0.043190800002776086,10,0.054665918979548346,0.3659422423202514,11,0.09722552539876587,0.16689009697517931,13,0.07270944305025437,0.09901166582631422,14,0.18836847583007166,0.09323641422046547
109,10-11-13-14,4,0.264940423286418,14x212,0.03736290000961162,10,0.05846955379704127,0.3629297500206205,11,0.11739540017096788,0.17986754536051391,13,0.16332119849613155,0.10664325020106324,14,0.08572191002358169,0.08072078838831341
110,10-11-13-14,4,0.2677945919039343,14x212,0.03986509999958798,10,0.06440035538738077,0.3663377446453679,11,0.1513047091649441,0.19825098127246776,13,0.11187894993925433,0.11863651618805274,14,0.08129251704108009,0.08052347917773667
111,10-11-13-14,4,0.231209946173261,14x212,0.03392020001774654,10,0.0512376037050893,0.37171281234280923,11,0.1000763467545424,0.12262372611243408,13,0.12554624767025008,0.11389084577367069,14,0.11230552895732143,0.0760810040120092
112,10-11-13-14,4,0.23765090031608607,14x212,0.03193999998620711,10,0.05316656535332874,0.37022737125773886,11,0.09293976742832188,0.13423389173169026,13,0.07765671039620525,0.09461494293887766,14,0.10364340925558822,0.0812173732869394
113,10-11-13-14,4,0.2321609274439456,14x212,0.03274900000542402,10,0.0705741785080871,0.38426023531164993,11,0.09160333861313977,0.1641340799647095,13,0.0682029857042563,0.10070774072427212,14,0.057419383966050175,0.08750895350264741
114,10-11-13-14,4,0.2696356570094127,14x212,0.03305050000199117,10,0.051246007368191626,0.4056932949089823,11,0.1207604816239393,0.17527573210499,13,0.07243705271290876,0.11708644312127188,14,0.15165240664727084,0.08811969155915647
115,10-11-13-14,4,0.26013159515998124,14x212,0.032959100004518405,10,0.06120873902049938,0.42546764367516454,11,0.1058415004567585,0.1582091432478647,13,0.08011799284832725,0.10311531335282208,14,0.12007825480450851,0.07939905470729673
116,10-11-13-14,4,0.2350193518180375,14x212,0.04566699999850243,10,0.057681473952980844,0.425452634966475,11,0.11240326452341547,0.16951810298826195,13,0.05605776930347274,0.14676913358754917,14,0.0627831703616922,0.11609644470965784
117,10-11-13-14,4,0.26858766990176147,14x212,0.03393299999879673,10,0.06268689272681251,0.3518992436153594,11,0.08481500637331152,0.19106560272730894,13,0.09838659260064768,0.11902381257451945,14,0.15395758060454826,0.08749396885790335
118,10-11-13-14,4,0.26535765313753806,14x212,0.03727130001061596,10,0.06274506607337503,0.33638014340586353,11,0.11072258421376521,0.1657836945181595,13,0.06925205835767315,0.09484017110692942,14,0.12229631449644349,0.06883081496412302
119,10-11-13-14,4,0.24814914694139611,14x212,0.045007399981841445,10,0.063162072325508,0.40470669867969405,11,0.10755419580373964,0.15911004696077374,13,0.10764991419494425,0.09509780756481125,14,0.05934099882002396,0.08769490858891678
120,10-11-13-14,4,0.2725189560971805,14x212,0.05346690001897514,10,0.05327800211934416,0.3127897801442724,11,0.1373583768389039,0.13860233024589366,13,0.0647330839776852,0.11903368616489146,14,0.12798118912104373,0.10277722511503251
121,10-11-13-14,4,0.26103468603703966,14x212,0.03746580000733957,10,0.059524394791198525,0.31678438634678596,11,0.10485565564433333,0.11568626059585493,13,0.1984735448349954,0.1208271036632289,14,0.08881280427984528,0.0741849250694198
122,10-11-13-14,4,0.26744651242925976,14x212,0.036641000013332814,10,0.06074167288376649,0.3751904547526418,11,0.13235972816896402,0.16309281759190367,13,0.13632024676497917,0.11514972736294674,14,0.12293048714467371,0.09922644381998921
123,10-11-13-14,4,0.27046413776673767,14x212,0.03523519998998381,10,0.05390430204748992,0.35017530886345744,11,0.11132271686926772,0.17288204148385805,13,0.09684743137056791,0.10156992063844031,14,0.1871937627678452,0.07787678055173686
124,10-11-13-14,4,0.2499358700410034,14x212,0.034089399996446446,10,0.05764510349386452,0.43628561951427314,11,0.12339363050069026,0.12492060106294875,13,0.11103320064965584,0.08696378759461185,14,0.07347187981932832,0.0658787606114972
125,10-11-13-14,4,0.2659004233230104,14x212,0.044633900019107386,10,0.059017512416136765,0.3721663518204127,11,0.12172111780843282,0.13360323892764714,13,0.11846086034737449,0.10344529349273611,14,0.07445775114419481,0.08143700081376544
126,10-11-13-14,4,0.24845446531219353,14x212,0.03904770000372082,10,0.05610922109057876,0.3743102867852165,11,0.07543103890114553,0.20655090246414282,13,0.07903195401439796,0.1938394954114906,14,0.08819239875879835,0.10074338894112973
127,10-11-13-14,4,0.24499117676564156,14x212,0.04454919998534024,10,0.0588011440745987,0.39861792160736287,11,0.11223441874608812,0.18385269319674313,13,0.08591878759502093,0.11155481952364191,14,0.09374331289205949,0.08236276524534059
128,10-11-13-14,4,0.21963301276087685,14x212,0.03540689998771995,10,0.053399334329236436,0.38652933696623265,11,0.09792839032928005,0.13586668437179933,13,0.08865241691746273,0.09275133900641566,14,0.059100430532144914,0.07581697746605377
129,10-11-13-14,4,0.2693687007822261,14x212,0.03466509998543188,10,0.054598961229791985,0.43210417281616054,11,0.0964487325773731,0.22815944775199193,13,0.1383571023216084,0.09544149710562717,14,0.08991509938932805,0.05533704329740844
130,10-11-13-14,4,0.2621732307273355,14x212,0.03665009999531321,10,0.06068922208823585,0.3933939853091381,11,0.11323506122824928,0.14937587673024302,13,0.12036926491866719,0.08427887430626164,14,0.09014805188704363,0.07319551250579392
131,10-11-13-14,4,0.27048265036577707,14x212,0.0384388999955263,10,0.0630084610459364,0.36375875540158337,11,0.13118988466693762,0.13710366186758838,13,0.06421441243966683,0.09708832006787521,14,0.1673617782140086,0.054460388763884815
132,10-11-13-14,4,0.25774863570416845,14x212,0.03714810000383295,10,0.07095577984617132,0.34188821544647635,11,0.09700650262120077,0.12438317209751934,13,0.08516534139642919,0.07384482725889065,14,0.0827509937872637,0.059355838917962346
133,10-11-13-14,4,0.23161930448878748,14x212,0.03251820002333261,10,0.05540165533109586,0.3374436877511772,11,0.12151024627267058,0.10704372727782957,13,0.07171803790367842,0.05814930316524993,14,0.060388025182604464,0.03714075192835514
134,10-11-13-14,4,0.21657512066706447,14x212,0.031924699986120686,10,0.05086258917520075,0.34606078340314333,11,0.10272301241004084,0.12831387234681643,13,0.06124628406585677,0.09529589510667366,14,0.06202225184322069,0.08392090316152351
135,10-11-13-14,4,0.24814620799040552,14x212,0.03112239998881705,10,0.051898438178975284,0.42118552124897723,11,0.11658237280292105,0.1347607113119338,13,0.082082359935011,0.06740226456762813,14,0.11845413800384473,0.07267961133408717
136,10-11-13-14,4,0.22937026962259566,14x212,0.03966869998839684,10,0.05670180822459902,0.3974522708594942,11,0.09509549871427858,0.1631930900064546,13,0.06414348065923188,0.12065456347147745,14,0.07291086195957013,0.07736813035176683
137,10-11-13-14,4,0.23102144887518997,14x212,0.04125040001235902,10,0.05931931043001387,0.32639439496812717,11,0.09912226170851751,0.11134817633347571,13,0.06335180216507201,0.06318488524502372,14,0.057054840513647224,0.053823736191781525
138,10-11-13-14,4,0.23825326431375207,14x212,0.04169569999794476,10,0.0458539395111563,0.37859175489974983,11,0.12778844119130606,0.18767571194274008,13,0.10537268562412344,0.12690094319199807,14,0.08600949612029739,0.09421728897233853
139,10-11-13-14,4,0.26092830283717117,14x212,0.033398900006432086,10,0.053194694674163975,0.29134859444848055,11,0.08445223580822492,0.13294902022561556,13,0.10960730942938915,0.09578319093778749,14,0.09147936309212533,0.07284103074278993
140,10-11-13-14,4,0.24785258955371664,14x212,0.04008460001205094,10,0.05229686582163918,0.2987757702140169,11,0.09146875872667638,0.13026552646004008,13,0.08629744698708866,0.1074939324318576,14,0.10025066928372621,0.08117354569115717
141,10-11-13-14,4,0.2649557569999472,14x212,0.049065600003814325,10,0.048963561103968545,0.3964486023169252,11,0.13110889088282057,0.1297494829068611,13,0.060073741085083024,0.0917512938062132,14,0.09287225633932568,0.04145108386704094
142,10-11-13-14,4,0.28317849131561273,14x212,0.05089480002061464,10,0.05342573863698801,0.36979417666277453,11,0.1430966902017564,0.19383233636624572,13,0.06236537306020184,0.14078342622010434,14,0.16354063675039174,0.11379127964962911
143,10-11-13-14,4,0.22653230729077617,14x212,0.045406100020045415,10,0.054678139908230575,0.36297874438969296,11,0.09494965665977156,0.13260523918597175,13,0.05903951217470149,0.10106650382350822,14,0.06344700990483244,0.07839200785346989
144,10-11-13-14,4,0.26550019605451924,14x212,0.04291479999665171,10,0.053922432600697366,0.311876559088985,11,0.0812464620655181,0.1507466774648337,13,0.10099157302643684,0.1015377101920294,14,0.10522948543479119,0.07049632980618314
145,10-11-13-14,4,0.24989852678979899,14x212,0.04771949999849312,10,0.04844083363795819,0.3680069824113567,11,0.1052052516645543,0.15855060895601858,13,0.12401944788894358,0.13213380093714008,14,0.05817530661077886,0.07637933372353335
146,10-11-13-14,4,0.28006425581149436,14x212,0.03786340000806376,10,0.0544584222989413,0.3354088521742609,11,0.16892659898100082,0.18547175787519538,13,0.09551749565872292,0.1300654625014922,14,0.1077559424475288,0.10319974442270947
147,10-11-13-14,4,0.2650159800158064,14x212,0.03671580000082031,10,0.049142083720786975,0.3906829204950864,11,0.13323072292414143,0.1661715122997657,13,0.1343800914769487,0.08696625689751511,14,0.15641864702533123,0.07782109011011784
148,10-11-13-14,4,0.264962251102762,14x212,0.03498060000129044,10,0.05171684446783711,0.340983062794973,11,0.139395181331738,0.12866953091119268,13,0.12906007122889793,0.08006742751908544,14,0.05741254065444821,0.07119394312644503
149,10-11-13-14,4,0.2698087285091011,14x212,0.04086540002026595,10,0.0518176613294752,0.3061540049999189,11,0.12794485048374668,0.1454406872966501,13,0.08289567945260658,0.07476144599900182,14,0.12812822983004918,0.06220111165820738
150,10-11-13-14,4,0.24829625488388982,14x212,0.035894200002076104,10,0.05579429688132326,0.3764933019749656,11,0.12991452540588772,0.17079091523959397,13,0.08090295764708154,0.08916136090421804,14,0.07710785669576063,0.05150702015450458
151,10-11-13-14,4,0.26779870851135446,14x212,0.0360342999920249,10,0.06114198163076887,0.32766341234221186,11,0.11583260878939372,0.13812361608085613,13,0.14772617729512635,0.07659349594212293,14,0.16314822644857332,0.07309356652958965
152,10-11-13-14,4,0.2630603240074905,14x212,0.03452610000385903,10,0.05694522673999874,0.39503599205210654,11,0.10200877276699288,0.15387638010133645,13,0.100467085305842,0.08178375657173681,14,0.11972262189358678,0.07630415341417336
153,10-11-13-14,4,0.25295761765625774,14x212,0.04010389998438768,10,0.058140862991116836,0.3111882607722844,11,0.1083319596120992,0.1315788879704249,13,0.05651523213067203,0.10448434234651434,14,0.10221963178111271,0.0694192446814843
154,10-11-13-14,4,0.2643564219242445,14x212,0.045404700009385124,10,0.057965897419038535,0.41185394227999644,11,0.09941617945221366,0.17135166731180485,13,0.09140096874399234,0.12122471567769051,14,0.15105519527592157,0.06906174317641302
155,10-11-13-14,4,0.254635961730607,14x212,0.04033809999236837,10,0.057324154921929514,0.30527014803564495,11,0.11143629137763128,0.1372518459750364,13,0.10354221555225811,0.08835559190951948,14,0.10742538808089185,0.06304933313740566
156,10-11-13-14,4,0.23811347658391793,14x212,0.033388900017598644,10,0.058226561389929384,0.3914163800629989,11,0.13134847934645946,0.18118345920280987,13,0.0897604464721679,0.10903347490847547,14,0.07544686736870095,0.08514196249770244
157,10-11-13-14,4,0.2562015540276569,14x212,0.05540910002309829,10,0.058908279646250776,0.43351537383176414,11,0.12760221296555094,0.20680062691081622,13,0.13336008959367682,0.14282731864370457,14,0.0998510978085473,0.10597291643490839
158,10-11-13-14,4,0.2750839351424159,14x212,0.036676200019428506,10,0.06447992742032906,0.27023002494849946,11,0.17528709151778105,0.1498729732254523,13,0.1496668476593604,0.11169170447158604,14,0.0647792529068548,0.0856443409482755
159,10-11-13-14,4,0.2666826661238225,14x212,0.04600550001487136,10,0.06077196780847772,0.34498992317975014,11,0.1229091322920117,0.1685219764371472,13,0.06503061390553845,0.12013380401274586,14,0.1221249394429796,0.099562075019227
160,10-11-13-14,4,0.30096547995495543,14x212,0.037116599996807054,10,0.06376318398554072,0.30458846482376156,11,0.14896489755120465,0.1800532712838791,13,0.20418735080789882,0.12518255302443485,14,0.18546776695721248,0.09031992523482062
161,10-11-13-14,4,0.26583048532619186,14x212,0.05191529999137856,10,0.06811131858170778,0.34150097067432106,11,0.15937883193102492,0.1582974254351448,13,0.17126506803351305,0.10642588621356808,14,0.06393028565913027,0.09232635365850567
162,10-11-13-14,4,0.25602473624404837,14x212,0.05216320001636632,10,0.086907607750641,0.30664161792300904,11,0.13008508463078006,0.16429335869077138,13,0.09977551442996173,0.12763043691131346,14,0.1190323575878049,0.07632857171646835
163,10-11-13-14,4,0.25741717642915446,14x212,0.05065019999165088,10,0.06394446994494281,0.3557047861422935,11,0.13447776196341357,0.20267443399855745,13,0.11518116006326069,0.14423283519784322,14,0.06129146354976182,0.12699164264425825
164,10-11-13-14,4,0.24847787426236975,14x212,0.04338540000026114,10,0.056884771055276034,0.30455483258191995,11,0.12283729854085404,0.1642362379407807,13,0.11912556302110776,0.10644640482864734,14,0.05912214919397973,0.08419867667876828
165,10-11-13-14,4,0.29835869628362766,14x212,0.04540670002461411,10,0.07674397436284358,0.39360459017735766,11,0.12598196660234862,0.18329682418641707,13,0.12157107551677858,0.13732674203775216,14,0.16305578999992917,0.11782222376847265
166,10-11-13-14,4,0.26850691234518465,14x212,0.041721299989148974,10,0.06663273047936483,0.2994129985479016,11,0.1066834903289667,0.19897295328599085,13,0.12123736718332265,0.13309694499598648,14,0.11521043435262045,0.11727438898927227
167,10-11-13-14,4,0.25526101452362293,14x212,0.04162569998879917,10,0.07246486592650818,0.35504543244448666,11,0.09534902578150718,0.17245973214971774,13,0.12429512049177896,0.13667177808153083,14,0.06323891034112872,0.11677472461265176
