indice_interno,base,clase,archivo,distribucion,representacion,numero_capas,inicializacion_onmf,error_final,forma_h_final,segundos_extraccion_deep,capa_1_rango,capa_1_error,capa_1_ortogonalidad_h,capa_1_segundos,capa_2_rango,capa_2_error,capa_2_ortogonalidad_h,capa_2_segundos,capa_3_rango,capa_3_error,capa_3_ortogonalidad_h,capa_3_segundos
0,SNR_0db,N,New_N_001.wav,28-13-6,DeepONMF_H3,3,nndsvd,0.3607513487971028,6x212,0.0362320999847725,28,0.23659111839630523,0.27862619673332795,0.02705260005313903,13,0.2247606418439258,0.28541842029241876,0.00517840008251369,6,0.1998439830497414,0.3083965303775322,0.002923400024883449
1,SNR_0db,N,New_N_002.wav,28-13-6,DeepONMF_H3,3,nndsvd,0.35156913895461034,6x212,0.03740939998533577,28,0.23593916295476952,0.29652239643976963,0.02776820003055036,13,0.2091765938190446,0.3076194113235326,0.005507199908606708,6,0.19014794459943896,0.3068529478703161,0.0032251999946311116
2,SNR_0db,N,New_N_003.wav,28-13-6,DeepONMF_H3,3,nndsvd,0.3640721406088288,6x212,0.03750099998433143,28,0.24009373677479737,0.29394086567658967,0.02842900005634874,13,0.21623952232173674,0.29762945057841833,0.0049869000213220716,6,0.18869125326275266,0.3039182438009258,0.0031288000755012035
3,SNR_0db,N,New_N_004.wav,28-13-6,DeepONMF_H3,3,nndsvd,0.35712380436680186,6x212,0.041665100026875734,28,0.2392554452781999,0.29493086374694416,0.030648200074210763,13,0.2215909113801515,0.3175461629341845,0.006223100004717708,6,0.19344757754388223,0.3221401195812622,0.003832099959254265
4,SNR_0db,N,New_N_005.wav,28-13-6,DeepONMF_H3,3,nndsvd,0.35154460675496485,6x212,0.04100389999803156,28,0.23702425265022364,0.2892733036651364,0.030818099970929325,13,0.21382710374663183,0.29707968284468006,0.005650800070725381,6,0.19306058091781533,0.3145965484611424,0.0033457999816164374
5,SNR_0db,N,New_N_006.wav,28-13-6,DeepONMF_H3,3,nndsvd,0.36167847751604415,6x212,0.03995190002024174,28,0.23787133868970145,0.28960428327922016,0.029718899982981384,13,0.22545088237769648,0.30292046444168147,0.005199600011110306,6,0.1932096514044628,0.3085352593717935,0.003936900058761239
6,SNR_0db,N,New_N_007.wav,28-13-6,DeepONMF_H3,3,nndsvd,0.3619948715963381,6x212,0.039644100004807115,28,0.23792671002400081,0.2927137804662721,0.028739799978211522,13,0.2176101305229524,0.3024844751552584,0.006590300006791949,6,0.19757450551947398,0.2968804099503999,0.0032998999813571572
7,SNR_0db,N,New_N_008.wav,28-13-6,DeepONMF_H3,3,nndsvd,0.3585296728790809,6x212,0.038885600049979985,28,0.23451522456746207,0.2866279745089007,0.029578000074252486,13,0.21957403051215058,0.30237831948010324,0.005270699970424175,6,0.19443635093097894,0.29153521031934637,0.0031440999591723084
8,SNR_0db,N,New_N_009.wav,28-13-6,DeepONMF_H3,3,nndsvd,0.35500861762145824,6x212,0.03651130001526326,28,0.23693042427982963,0.28765339064178297,0.027353800018317997,13,0.21731915751331754,0.3103024578366737,0.004828799981623888,6,0.19750554063798823,0.30738856323384517,0.0034133000299334526
9,SNR_0db,N,New_N_010.wav,28-13-6,DeepONMF_H3,3,nndsvd,0.364513256090181,6x212,0.034464500029571354,28,0.23780944744036298,0.28920208024424493,0.02468169992789626,13,0.22047099936091924,0.3018238455253726,0.005055200075730681,6,0.19485744175036723,0.3159742363153649,0.003475200035609305
10,SNR_0db,N,New_N_011.wav,28-13-6,DeepONMF_H3,3,nndsvd,0.35780786461427005,6x212,0.036266100010834634,28,0.2370780756637273,0.29534088968688804,0.026988500030711293,13,0.2195484591340201,0.2993424821858089,0.005388400051742792,6,0.19369264299378067,0.3050259951243558,0.0029516000067815185
11,SNR_0db,N,New_N_012.wav,28-13-6,DeepONMF_H3,3,nndsvd,0.361516781546682,6x212,0.033992999931797385,28,0.2408048426960774,0.28401727700550417,0.02490580000448972,13,0.21971370245443625,0.2833755866637763,0.0053100999211892486,6,0.19653649542092821,0.30978038339931896,0.0029417999321594834
12,SNR_0db,N,New_N_013.wav,28-13-6,DeepONMF_H3,3,nndsvd,0.3594231976103244,6x212,0.03309259994421154,28,0.23499351610628375,0.29492821386459345,0.023129200097173452,13,0.21752783809336904,0.3027307377020387,0.005991899990476668,6,0.19494063806626571,0.28853409292781235,0.003031000029295683
13,SNR_0db,N,New_N_014.wav,28-13-6,DeepONMF_H3,3,nndsvd,0.35312710329035857,6x212,0.035180200007744133,28,0.23405765822878632,0.28710381720400063,0.02576340001542121,13,0.2198619106899904,0.3020927023405389,0.005519900005310774,6,0.19182930853941582,0.29612675319416304,0.0029239999130368233
14,SNR_0db,N,New_N_015.wav,28-13-6,DeepONMF_H3,3,nndsvd,0.36398081317536796,6x212,0.033162000006996095,28,0.2427805073447242,0.28666494119770947,0.023987799999304116,13,0.22568131215581816,0.29928561951987265,0.0053368000080809,6,0.1944085394689242,0.31803921244607236,0.0029449999565258622
15,SNR_0db,N,New_N_016.wav,28-13-6,DeepONMF_H3,3,nndsvd,0.3590162133313936,6x212,0.032811100012622774,28,0.24190820243369088,0.2856625198562193,0.02288179995957762,13,0.2186161985441595,0.2918498172080574,0.006077400059439242,6,0.19778313734703726,0.3130352153746641,0.002930999966338277
16,SNR_0db,N,New_N_017.wav,28-13-6,DeepONMF_H3,3,nndsvd,0.3635914944756165,6x212,0.03180419991258532,28,0.24279739775836906,0.2863960777025834,0.022608800092712045,13,0.23447954118870667,0.28742636552885387,0.005202100030146539,6,0.19056292631231947,0.30379599384447536,0.0029943999834358692
17,SNR_0db,N,New_N_018.wav,28-13-6,DeepONMF_H3,3,nndsvd,0.3604892525839729,6x212,0.03452400001697242,28,0.24070677336672233,0.2863677570204827,0.025229800026863813,13,0.2200411737903643,0.28967245246269663,0.00531289994250983,6,0.19186298855093586,0.30625017913519836,0.002992899972014129
18,SNR_0db,N,New_N_019.wav,28-13-6,DeepONMF_H3,3,nndsvd,0.3568133734932804,6x212,0.03354610002133995,28,0.2384429285667352,0.2887535624903424,0.024360000039450824,13,0.2181715774838883,0.3055540426599671,0.005313599947839975,6,0.19422272644583874,0.2878554540296486,0.0030231999699026346
19,SNR_0db,N,New_N_020.wav,28-13-6,DeepONMF_H3,3,nndsvd,0.357409024987555,6x212,0.03420100000221282,28,0.24023627143226411,0.29120624903354336,0.02452520001679659,13,0.21303188076104412,0.29326620194847774,0.005567899905145168,6,0.19660439300242671,0.293042288602812,0.0030308999121189117
20,SNR_0db,N,New_N_021.wav,28-13-6,DeepONMF_H3,3,nndsvd,0.3597184484854763,6x212,0.03650719998404384,28,0.2356759438391812,0.29148778032150663,0.024109199992381036,13,0.2189301317819602,0.30396577753993087,0.007787500042468309,6,0.19096665346248726,0.31499643118644666,0.0035607999889180064
21,SNR_0db,N,New_N_022.wav,28-13-6,DeepONMF_H3,3,nndsvd,0.3601742721094311,6x212,0.040042800013907254,28,0.2405356480058775,0.2939380972588811,0.03055809997022152,13,0.2205054806513811,0.3076931313854128,0.005150400102138519,6,0.1932585830166654,0.30808285960894755,0.00337230006698519
22,SNR_0db,N,New_N_023.wav,28-13-6,DeepONMF_H3,3,nndsvd,0.35932183202388784,6x212,0.033722199965268373,28,0.234469301351272,0.2910465787586932,0.02444339997600764,13,0.21182090840431772,0.2950412135582714,0.004861599998548627,6,0.19649256434198084,0.29610864940029696,0.0033167999936267734
23,SNR_0db,N,New_N_024.wav,28-13-6,DeepONMF_H3,3,nndsvd,0.35840734551618497,6x212,0.0352831999771297,28,0.24114809118463978,0.2935344288468878,0.02612530009355396,13,0.21466659759105072,0.2971171169312589,0.004976700060069561,6,0.1937249286355196,0.2991979941988915,0.0033725000685080886
24,SNR_0db,N,New_N_025.wav,28-13-6,DeepONMF_H3,3,nndsvd,0.3629868392378103,6x212,0.0327333000022918,28,0.2390531276017768,0.29085711156141986,0.023890399956144392,13,0.22798224229739664,0.30395609388805994,0.00480190000962466,6,0.1959796352429568,0.2935401211671683,0.0032872000010684133
25,SNR_0db,N,New_N_026.wav,28-13-6,DeepONMF_H3,3,nndsvd,0.3575647903799584,6x212,0.03232100000604987,28,0.23813080117887359,0.29922970220056594,0.023574699996970594,13,0.22441929153150358,0.30166751357534993,0.004729799926280975,6,0.1952658460542251,0.3129407845287338,0.003223499981686473
26,SNR_0db,N,New_N_027.wav,28-13-6,DeepONMF_H3,3,nndsvd,0.35358890033855633,6x212,0.0322001000167802,28,0.23783120927692247,0.2853620751984534,0.023392200004309416,13,0.21625325991091524,0.2942350728604496,0.004827199969440699,6,0.1900803904260873,0.2914338240875882,0.0031521000200882554
27,SNR_0db,N,New_N_028.wav,28-13-6,DeepONMF_H3,3,nndsvd,0.354518432507862,6x212,0.03331400000024587,28,0.2386033672909049,0.29508805007534006,0.024469600059092045,13,0.2185328529998105,0.30909616315693167,0.004775500041432679,6,0.18829533392660058,0.28738291480940714,0.0030858999816700816
28,SNR_0db,N,New_N_029.wav,28-13-6,DeepONMF_H3,3,nndsvd,0.36037176711056473,6x212,0.03613749996293336,28,0.24277048066640705,0.28121410163152566,0.027001600014045835,13,0.2302857384835019,0.3062659225899469,0.005199100007303059,6,0.19514401995904074,0.3004662992324196,0.00312330003362149
29,SNR_0db,N,New_N_030.wav,28-13-6,DeepONMF_H3,3,nndsvd,0.3556140175357145,6x212,0.03330369992181659,28,0.23668188506292773,0.2868696630489782,0.02434870006982237,13,0.2183218170146736,0.30187927989854474,0.0051389000145718455,6,0.19263927943102532,0.3344580400013665,0.0030513000674545765
30,SNR_0db,N,New_N_031.wav,28-13-6,DeepONMF_H3,3,nndsvd,0.35666814844649786,6x212,0.033592799911275506,28,0.23927730325623184,0.28777194930721683,0.02413809997960925,13,0.2205650769062664,0.29953617613168443,0.005478600040078163,6,0.19570113477751636,0.28318933935546864,0.003129500080831349
31,SNR_0db,N,New_N_032.wav,28-13-6,DeepONMF_H3,3,nndsvd,0.3573629090835575,6x212,0.03244799992535263,28,0.23760585290234115,0.29401635531164916,0.02329669997561723,13,0.2181085654723642,0.29689533079085917,0.005036799935624003,6,0.1963734026605782,0.2933127159617274,0.0033152999822050333
32,SNR_0db,N,New_N_033.wav,28-13-6,DeepONMF_H3,3,nndsvd,0.35984243913147307,6x212,0.034055299940519035,28,0.23654931108193197,0.2906170294378337,0.025077000027522445,13,0.22356116698780468,0.29594929933656844,0.005028999992646277,6,0.1986215037581866,0.3046548247567159,0.003164399997331202
33,SNR_0db,N,New_N_034.wav,28-13-6,DeepONMF_H3,3,nndsvd,0.35732805803975115,6x212,0.03769789997022599,28,0.23725611980683414,0.2897876535727323,0.027420199941843748,13,0.22237536478300654,0.29882666961486176,0.006147400010377169,6,0.1929842525754767,0.30363882260550434,0.003294000052846968
34,SNR_0db,N,New_N_035.wav,28-13-6,DeepONMF_H3,3,nndsvd,0.3525170051648069,6x212,0.039087000070139766,28,0.23722272101974967,0.2872590307720262,0.02988250006455928,13,0.2179363501928162,0.2991061977160524,0.005205499939620495,6,0.19757736398122352,0.29374057819923594,0.003086299984715879
35,SNR_0db,N,New_N_036.wav,28-13-6,DeepONMF_H3,3,nndsvd,0.3549768372392508,6x212,0.03642789996229112,28,0.237701071845631,0.28781953372657043,0.027404600055888295,13,0.21911979114556404,0.28983009740191207,0.004906099988147616,6,0.1927124737213582,0.3130145241299304,0.0029335999861359596
36,SNR_0db,N,New_N_037.wav,28-13-6,DeepONMF_H3,3,nndsvd,0.2849610079576812,6x212,0.033360400004312396,28,0.17626024278052072,0.2905235153175744,0.02440909994766116,13,0.15308222285409318,0.28224499162513667,0.004732599947601557,6,0.14172774250443343,0.29010576189390463,0.002888499991968274
37,SNR_0db,N,New_N_038.wav,28-13-6,DeepONMF_H3,3,nndsvd,0.35729211910037195,6x212,0.0333051000488922,28,0.23580686160123654,0.28934772028629274,0.02451010001823306,13,0.21715278612772165,0.2910500126391667,0.004900099942460656,6,0.19565337870475324,0.26907040600303034,0.0029751999536529183
38,SNR_0db,N,New_N_039.wav,28-13-6,DeepONMF_H3,3,nndsvd,0.36175649911773416,6x212,0.03234349994454533,28,0.23937274301057065,0.28770251449383716,0.02351329999510199,13,0.22541285173966794,0.3015121682270236,0.004772100015543401,6,0.20555942043231712,0.2888274198661904,0.0028814999386668205
39,SNR_0db,N,New_N_040.wav,28-13-6,DeepONMF_H3,3,nndsvd,0.36129089643534723,6x212,0.03434339992236346,28,0.23850830569599787,0.2856505192005988,0.024727600044570863,13,0.2200048369585571,0.29620241921941964,0.0054570999927818775,6,0.19295716084586628,0.2779642451202978,0.002864300040528178
40,SNR_0db,N,New_N_041.wav,28-13-6,DeepONMF_H3,3,nndsvd,0.3523413930595686,6x212,0.03444099996704608,28,0.23605036876332036,0.2925165138738911,0.02498890005517751,13,0.21121796884677446,0.31216593508494445,0.004682799917645752,6,0.18520209333005574,0.32409622668205823,0.003781600040383637
41,SNR_0db,N,New_N_042.wav,28-13-6,DeepONMF_H3,3,nndsvd,0.3607455056968787,6x212,0.03433279995806515,28,0.23984127305499456,0.2877290977777346,0.025498799979686737,13,0.2172371688610036,0.2914332203050845,0.004548500059172511,6,0.19180800331975328,0.308083077942993,0.003544400096870959
42,SNR_0db,N,New_N_043.wav,28-13-6,DeepONMF_H3,3,nndsvd,0.3510324768865646,6x212,0.03350400005001575,28,0.23124060921032794,0.2864752281353041,0.024425299954600632,13,0.21099181404375453,0.3095712598925264,0.005020299926400185,6,0.18670384884962632,0.3106339841949693,0.003298099967651069
43,SNR_0db,N,New_N_044.wav,28-13-6,DeepONMF_H3,3,nndsvd,0.3560557860183636,6x212,0.03378980001434684,28,0.23684433013861264,0.301819316847451,0.024881199933588505,13,0.2085649026166369,0.30671726766239754,0.00479010003618896,6,0.18253811960925095,0.3017412953313835,0.0032457999186590314
44,SNR_0db,N,New_N_045.wav,28-13-6,DeepONMF_H3,3,nndsvd,0.35542013689709806,6x212,0.03279520000796765,28,0.23341353530604414,0.29936063439346206,0.02391290001105517,13,0.21612110281181407,0.3150105678710217,0.004714100039564073,6,0.18332690720885025,0.32514097959742766,0.0033048000186681747
45,SNR_0db,N,New_N_046.wav,28-13-6,DeepONMF_H3,3,nndsvd,0.34935270188004425,6x212,0.03497959999367595,28,0.2300044806253209,0.2896670083298198,0.025820299983024597,13,0.20762705039441687,0.3119444791898439,0.00523589993827045,6,0.18759456116918938,0.33949209163180133,0.0030333000468090177
46,SNR_0db,N,New_N_047.wav,28-13-6,DeepONMF_H3,3,nndsvd,0.35277739853794793,6x212,0.03729050001129508,28,0.2326395904775925,0.2957893800924254,0.02703500003553927,13,0.20877741334252622,0.3057598744352106,0.006140799960121512,6,0.1856282144458303,0.3319415487529589,0.002888799994252622
47,SNR_0db,N,New_N_048.wav,28-13-6,DeepONMF_H3,3,nndsvd,0.35577142638798637,6x212,0.03849200007971376,28,0.23266722849463953,0.2919081219140484,0.030187200056388974,13,0.20794358518392567,0.3046462011394,0.004584599984809756,6,0.1835754075085547,0.32849876969319697,0.0028065999504178762
48,SNR_0db,N,New_N_049.wav,28-13-6,DeepONMF_H3,3,nndsvd,0.35690718416975137,6x212,0.035084999981336296,28,0.23542725800082112,0.28828234552822823,0.026750999968498945,13,0.2145512034692582,0.30833022915812525,0.004587800009176135,6,0.18837420705215185,0.32424361118104233,0.0028081999626010656
49,SNR_0db,N,New_N_050.wav,28-13-6,DeepONMF_H3,3,nndsvd,0.3553502999094092,6x212,0.036215900094248354,28,0.23439711190068624,0.2887914820427591,0.02704349998384714,13,0.21239566384933153,0.2998985798348026,0.004753399989567697,6,0.18831155645336975,0.30996200320122097,0.0035195999080315232
50,SNR_0db,N,New_N_051.wav,28-13-6,DeepONMF_H3,3,nndsvd,0.35340740550775285,6x212,0.035790599999018013,28,0.23212935045868405,0.2873182291960368,0.02636690007057041,13,0.20704042084580423,0.3073402363293748,0.005277599906548858,6,0.18544289938153005,0.30806387787336653,0.0033230999251827598
51,SNR_0db,N,New_N_052.wav,28-13-6,DeepONMF_H3,3,nndsvd,0.3548186292792928,6x212,0.034329800051636994,28,0.23430602747307794,0.29615446786555133,0.02419919997919351,13,0.2174913476862624,0.3063321860545935,0.006042400025762618,6,0.18535705244296932,0.31917458556362954,0.0031476999865844846
52,SNR_0db,N,New_N_053.wav,28-13-6,DeepONMF_H3,3,nndsvd,0.35860143868455496,6x212,0.03319550002925098,28,0.23755985031501564,0.28781593358697716,0.024168499978259206,13,0.21559777070988273,0.2963086185660146,0.005201800027862191,6,0.18481421885598437,0.3152194394985454,0.0029872000450268388
53,SNR_0db,N,New_N_054.wav,28-13-6,DeepONMF_H3,3,nndsvd,0.35422530041008016,6x212,0.031776800053194165,28,0.23517678762854635,0.2901018909662178,0.022940599941648543,13,0.21507581212754248,0.2995117350664859,0.004876999999396503,6,0.1810301063558272,0.31975648862270806,0.0031772999791428447
54,SNR_0db,N,New_N_055.wav,28-13-6,DeepONMF_H3,3,nndsvd,0.356929215557098,6x212,0.0333595999982208,28,0.23700644897280773,0.2883103709613904,0.02377079997677356,13,0.21235672577755665,0.3045928733596427,0.005683100083842874,6,0.1848176530817511,0.3272304719362628,0.0031512000132352114
55,SNR_0db,N,New_N_056.wav,28-13-6,DeepONMF_H3,3,nndsvd,0.35587227697466284,6x212,0.032508700038306415,28,0.23373647236551334,0.293806399470858,0.02359160000924021,13,0.20846636785712808,0.2913152189602224,0.004792200052179396,6,0.18977855633447596,0.3112491469747284,0.0033316999906674027
56,SNR_0db,N,New_N_057.wav,28-13-6,DeepONMF_H3,3,nndsvd,0.35121650391085363,6x212,0.032751700025983155,28,0.23165294124397465,0.290710607890198,0.02369659999385476,13,0.20655282492766705,0.3091646936980463,0.0047620999393984675,6,0.1809805996074011,0.3378106349074171,0.0031805000035092235
57,SNR_0db,N,New_N_058.wav,28-13-6,DeepONMF_H3,3,nndsvd,0.3569138906010901,6x212,0.03133360005449504,28,0.235740640375492,0.2875333775586826,0.022757100057788193,13,0.20906387552428907,0.2943395247553212,0.0046857999404892325,6,0.1849210353688393,0.32412332421561135,0.002833200036548078
58,SNR_0db,N,New_N_059.wav,28-13-6,DeepONMF_H3,3,nndsvd,0.35718811984568827,6x212,0.034331000060774386,28,0.2326188531893793,0.2887574095913976,0.025613500038161874,13,0.21435559173823454,0.3067217467341874,0.004724400001578033,6,0.19305676345731507,0.33640004777660965,0.003238599980250001
59,SNR_0db,N,New_N_060.wav,28-13-6,DeepONMF_H3,3,nndsvd,0.3514035602169609,6x212,0.03437450004275888,28,0.23340132121444818,0.2899651470429612,0.02542590000666678,13,0.21420414009706518,0.29728154499355003,0.00474999996367842,6,0.18303283785128655,0.31054299861625545,0.0032005999237298965
60,SNR_0db,N,New_N_061.wav,28-13-6,DeepONMF_H3,3,nndsvd,0.358493448004556,6x212,0.035356299951672554,28,0.23349794043247687,0.2876328394341733,0.0259442999958992,13,0.2162051484301612,0.287502232866977,0.005373799940571189,6,0.18519442430472982,0.3238356860342219,0.0032090001041069627
61,SNR_0db,N,New_N_062.wav,28-13-6,DeepONMF_H3,3,nndsvd,0.3563833748096777,6x212,0.034382799989543855,28,0.23448735539846266,0.2906612758225855,0.02517550007905811,13,0.21044827356701348,0.29892854006345854,0.005317099974490702,6,0.1908861416544604,0.3353567634847419,0.002987500047311187
62,SNR_0db,N,New_N_063.wav,28-13-6,DeepONMF_H3,3,nndsvd,0.3538268476394622,6x212,0.033748700050637126,28,0.23282679487907537,0.29396659005949854,0.02468199993018061,13,0.20861758034348488,0.30216394147118025,0.005155000020749867,6,0.1856533353555745,0.3023116418726762,0.002988099935464561
63,SNR_0db,N,New_N_064.wav,28-13-6,DeepONMF_H3,3,nndsvd,0.35545478628341043,6x212,0.035717900027520955,28,0.23233669628075665,0.2865070755856518,0.02560629998333752,13,0.21215825512352698,0.288761619927717,0.006293400074355304,6,0.18680647119058183,0.30455394295514515,0.0029459999641403556
64,SNR_0db,N,New_N_065.wav,28-13-6,DeepONMF_H3,3,nndsvd,0.3504990700626211,6x212,0.03732000000309199,28,0.2299337031407587,0.2924042583192479,0.02799029997549951,13,0.21031282717696573,0.30553664984017037,0.005346599966287613,6,0.17747293832335473,0.3183186143358955,0.0031905999640002847
65,SNR_0db,N,New_N_066.wav,28-13-6,DeepONMF_H3,3,nndsvd,0.3553149525375477,6x212,0.037940200068987906,28,0.23169739685173305,0.29479356877303603,0.028320600045844913,13,0.21462310113679642,0.3093519344773964,0.005346799967810512,6,0.1837065977414434,0.3120473606900341,0.003199600032530725
66,SNR_0db,N,New_N_067.wav,28-13-6,DeepONMF_H3,3,nndsvd,0.3567624835439837,6x212,0.03515969996806234,28,0.23262626881683998,0.29469934917502283,0.02633410005364567,13,0.2099032511809721,0.30589732759378546,0.00476200005505234,6,0.18773961348959506,0.3131755958343068,0.003281500074081123
67,SNR_0db,N,New_N_068.wav,28-13-6,DeepONMF_H3,3,nndsvd,0.3606031578909592,6x212,0.03259360010270029,28,0.23678980911833195,0.2943549730557485,0.023959500016644597,13,0.22041482515559607,0.30728946623532505,0.004629699978977442,6,0.18741444570801885,0.33926668829757306,0.0032105999998748302
68,SNR_0db,N,New_N_069.wav,28-13-6,DeepONMF_H3,3,nndsvd,0.35471727366243083,6x212,0.034823999973014,28,0.23514809652237217,0.2922808360006645,0.02545539999846369,13,0.21202518093230965,0.29868612927607674,0.005020500044338405,6,0.18798239558578567,0.3180206092166758,0.0033286999678239226
69,SNR_0db,N,New_N_070.wav,28-13-6,DeepONMF_H3,3,nndsvd,0.351857820840267,6x212,0.0342552000656724,28,0.2356524805543863,0.3093210922604423,0.025312600075267255,13,0.21951737550704206,0.3221172858554689,0.005094400024972856,6,0.18918960355249737,0.32102105502707423,0.0030210999539121985
70,SNR_0db,N,New_N_071.wav,28-13-6,DeepONMF_H3,3,nndsvd,0.3602015832312225,6x212,0.03435520001221448,28,0.23450352056378634,0.2953275600627163,0.02532769995741546,13,0.21388374217631173,0.31278432792943167,0.005118399974890053,6,0.18671991152503262,0.3318094843566192,0.003038099966943264
71,SNR_0db,N,New_N_072.wav,28-13-6,DeepONMF_H3,3,nndsvd,0.3586208102442207,6x212,0.03358120005577803,28,0.2376744691289204,0.29022636042009015,0.024587900028564036,13,0.21607260170564127,0.31443807631756293,0.005086999968625605,6,0.19533264622530194,0.35562285186074394,0.0029227000195533037
72,SNR_0db,N,New_N_073.wav,28-13-6,DeepONMF_H3,3,nndsvd,0.3548022764409488,6x212,0.03417859994806349,28,0.2357165147427555,0.2945490064849214,0.02506300003733486,13,0.2160147874636447,0.3110266676750065,0.005284699960611761,6,0.18830392189037537,0.32683066536216565,0.0028863000916317105
73,SNR_0db,N,New_N_074.wav,28-13-6,DeepONMF_H3,3,nndsvd,0.3584588534942348,6x212,0.03454629995394498,28,0.23744004868836088,0.2931255293189679,0.025622499990276992,13,0.21439556713982025,0.29464969295194327,0.005277800024487078,6,0.18738624667176848,0.32208916929360903,0.002911800052970648
74,SNR_0db,N,New_N_075.wav,28-13-6,DeepONMF_H3,3,nndsvd,0.35532809312797287,6x212,0.034180100075900555,28,0.23490970486660062,0.2853461139008896,0.025026599992997944,13,0.2164039508330609,0.29532994484512254,0.005362299969419837,6,0.1950588323604252,0.30801546032705074,0.0029032001039013267
75,SNR_0db,N,New_N_076.wav,28-13-6,DeepONMF_H3,3,nndsvd,0.3542836460394949,6x212,0.034384300000965595,28,0.23547726020665308,0.28145630236468133,0.02569399995263666,13,0.2138032757580064,0.3091375502457707,0.004900699947029352,6,0.1882884433218898,0.3134825555324234,0.002800100017338991
76,SNR_0db,N,New_N_077.wav,28-13-6,DeepONMF_H3,3,nndsvd,0.35862273280397305,6x212,0.03551519999746233,28,0.23650128639044007,0.2942513920489525,0.027024899958632886,13,0.21567276012757933,0.3183282747523768,0.004666800028644502,6,0.1917781255439316,0.32278290575709456,0.0028237999649718404
77,SNR_0db,N,New_N_078.wav,28-13-6,DeepONMF_H3,3,nndsvd,0.35934174953312853,6x212,0.0337687999708578,28,0.23937579111822044,0.2902516353536522,0.02504360000602901,13,0.21804671261688574,0.2834100271147255,0.004850500030443072,6,0.1916576120187819,0.2847072938917018,0.0029196999967098236
78,SNR_0db,N,New_N_079.wav,28-13-6,DeepONMF_H3,3,nndsvd,0.35934097356565203,6x212,0.03297790000215173,28,0.23302996116910088,0.2935427012358657,0.023978000041097403,13,0.2149661820017956,0.2992751932096169,0.005121800000779331,6,0.1954015160928945,0.3222566434278472,0.0029724000487476587
79,SNR_0db,N,New_N_080.wav,28-13-6,DeepONMF_H3,3,nndsvd,0.3566898987097851,6x212,0.03475210000760853,28,0.23716243701857015,0.28633333934925076,0.02601969998795539,13,0.21330155864874487,0.2950928635210311,0.004811399965547025,6,0.19486187090129425,0.33336908834593637,0.002893200027756393
80,SNR_0db,N,New_N_081.wav,28-13-6,DeepONMF_H3,3,nndsvd,0.3554322641327617,6x212,0.03364730009343475,28,0.2345366792227821,0.2945972260345624,0.02480479993391782,13,0.21750698468066784,0.31338170888281563,0.004797400091774762,6,0.19222643394900976,0.3257925610997063,0.0028732999926432967
81,SNR_0db,N,New_N_082.wav,28-13-6,DeepONMF_H3,3,nndsvd,0.3584379501709555,6x212,0.0348311000270769,28,0.2336353962635899,0.2973729538648975,0.026164500042796135,13,0.21399366112754317,0.31025904267000415,0.004806700046174228,6,0.1879542314388848,0.32790723128575794,0.0028591000009328127
82,SNR_0db,N,New_N_083.wav,28-13-6,DeepONMF_H3,3,nndsvd,0.354589433054855,6x212,0.03556869993917644,28,0.23480044854980187,0.2888286717006923,0.02681260008830577,13,0.21847473445576823,0.2967011940845859,0.004702399950474501,6,0.18983610590543312,0.31367201162407504,0.0028947999235242605
83,SNR_0db,N,New_N_084.wav,28-13-6,DeepONMF_H3,3,nndsvd,0.3541902526915275,6x212,0.034565500100143254,28,0.23719924163124237,0.3002842849126066,0.025414600037038326,13,0.2189605743864721,0.3108682888250756,0.00514730007853359,6,0.18592813278277398,0.31978574588790915,0.003207299974747002
84,SNR_0db,N,New_N_085.wav,28-13-6,DeepONMF_H3,3,nndsvd,0.35452517813376516,6x212,0.032423999975435436,28,0.2341912565204603,0.2862590099622427,0.0228847999824211,13,0.21565132772014797,0.30823791894959085,0.005573499947786331,6,0.18627166978534265,0.34060599493968924,0.002903599990531802
85,SNR_0db,N,New_N_086.wav,28-13-6,DeepONMF_H3,3,nndsvd,0.35269141197442966,6x212,0.03324850008357316,28,0.23432481551861742,0.2971554497163599,0.024395099957473576,13,0.21348718304742167,0.29508729478324053,0.004737499984912574,6,0.18932594016144902,0.3043747432052941,0.0028510999400168657
86,SNR_0db,N,New_N_087.wav,28-13-6,DeepONMF_H3,3,nndsvd,0.35761228536503814,6x212,0.03324989997781813,28,0.23776331534655623,0.29459602936289875,0.02458569989539683,13,0.21349773315784554,0.29676396514084813,0.004608399933204055,6,0.1864553979214096,0.30812537484972935,0.0028922000201418996
87,SNR_0db,N,New_N_088.wav,28-13-6,DeepONMF_H3,3,nndsvd,0.3592924769534035,6x212,0.03337580000516027,28,0.2370568079686162,0.28761967392363,0.024853499955497682,13,0.2117537959242622,0.2984941568064268,0.004671900067478418,6,0.19467802458722397,0.3067970457818621,0.0029694000259041786
88,SNR_0db,N,New_N_089.wav,28-13-6,DeepONMF_H3,3,nndsvd,0.35262892374923954,6x212,0.03369209996890277,28,0.23406973120481936,0.29311014030629035,0.02501270000357181,13,0.21522781244623504,0.3031358191873921,0.004728000028990209,6,0.18860255579970783,0.3127804244192269,0.003020099946297705
89,SNR_0db,N,New_N_090.wav,28-13-6,DeepONMF_H3,3,nndsvd,0.3580691738891208,6x212,0.032136699999682605,28,0.2364232571286211,0.291554824567603,0.023079800070263445,13,0.21598932532896636,0.29557418886634496,0.0045828999718651175,6,0.19304344950968932,0.3389507685710571,0.0028024999191984534
90,SNR_0db,N,New_N_091.wav,28-13-6,DeepONMF_H3,3,nndsvd,0.3565756782023344,6x212,0.03599989996291697,28,0.2326106680071833,0.28396240087001867,0.026316399918869138,13,0.21766429914430335,0.2975346514495248,0.004939599893987179,6,0.18887592230247313,0.3271944479187748,0.003362799994647503
91,SNR_0db,N,New_N_092.wav,28-13-6,DeepONMF_H3,3,nndsvd,0.3547301045287603,6x212,0.0335779000306502,28,0.23727162227370405,0.2917106991340593,0.024484199937433004,13,0.21854332032595447,0.30675725449966446,0.004958900040946901,6,0.1869752178175872,0.3116522518810086,0.0033488000044599175
92,SNR_0db,N,New_N_093.wav,28-13-6,DeepONMF_H3,3,nndsvd,0.3535099745661967,6x212,0.03291670000180602,28,0.23320389466103633,0.29217997167787135,0.02411160001065582,13,0.215618603990747,0.3065665360173115,0.004827899974770844,6,0.18857836610620107,0.31483568689138003,0.003194899996742606
93,SNR_0db,N,New_N_094.wav,28-13-6,DeepONMF_H3,3,nndsvd,0.3609009447811474,6x212,0.03404769999906421,28,0.23665736320693548,0.2912603996023367,0.024258499965071678,13,0.2203716523155223,0.2965514886025403,0.0058240999933332205,6,0.1930670384066921,0.3458767028866463,0.0031970000127330422
94,SNR_0db,N,New_N_095.wav,28-13-6,DeepONMF_H3,3,nndsvd,0.3610023233020473,6x212,0.03580249997321516,28,0.23738536968624682,0.28276915007363507,0.025529799982905388,13,0.22004366780059698,0.2966328269232859,0.0064808001043275,6,0.18753822821524088,0.329041868293328,0.002965699997730553
95,SNR_0db,N,New_N_096.wav,28-13-6,DeepONMF_H3,3,nndsvd,0.35325162182834835,6x212,0.035852700006216764,28,0.235641730748415,0.2941322037968995,0.025281200069002807,13,0.21355237809414523,0.3084161861650185,0.006424700026400387,6,0.1904453559688359,0.3226148497393731,0.0033054000232368708
96,SNR_0db,N,New_N_097.wav,28-13-6,DeepONMF_H3,3,nndsvd,0.35755294424493544,6x212,0.038623500033281744,28,0.23305333875984674,0.29607803173356106,0.029322099988348782,13,0.20788020453539233,0.3007217385477253,0.00528050004504621,6,0.18862048254414698,0.3269091201418688,0.0031193000031635165
97,SNR_0db,N,New_N_098.wav,28-13-6,DeepONMF_H3,3,nndsvd,0.3581457547743795,6x212,0.03506999998353422,28,0.23788922877034419,0.2955995579576508,0.02644229994621128,13,0.22003981668301306,0.3223850393336449,0.004728900035843253,6,0.19124734755588366,0.34071123595266894,0.002863599918782711
98,SNR_0db,N,New_N_099.wav,28-13-6,DeepONMF_H3,3,nndsvd,0.35053277330904076,6x212,0.033252199995331466,28,0.23228675449080932,0.29199813738660624,0.02475340000819415,13,0.2090724748276498,0.31169578562926237,0.004738899995572865,6,0.1895180945256988,0.33377043093363257,0.002963299979455769
99,SNR_0db,N,New_N_100.wav,28-13-6,DeepONMF_H3,3,nndsvd,0.3634993593828399,6x212,0.03541179990861565,28,0.23924929973926382,0.28614855179070203,0.026408499921672046,13,0.21677713312777028,0.2981061804372806,0.00469219998922199,6,0.19013410458169921,0.3141910074330678,0.0029203000012785196
100,SNR_0db,N,New_N_101.wav,28-13-6,DeepONMF_H3,3,nndsvd,0.3515374743081814,6x212,0.03489010001067072,28,0.2325865519006815,0.2911915656770583,0.0259131999919191,13,0.2072388918487368,0.30847666075703584,0.004723799997009337,6,0.18526256763271282,0.32869309754700443,0.003219400066882372
101,SNR_0db,N,New_N_102.wav,28-13-6,DeepONMF_H3,3,nndsvd,0.35647625228191204,6x212,0.03580549999605864,28,0.2339621649465763,0.28985089589670826,0.025585200055502355,13,0.2135405618796628,0.30278892479923203,0.006167400046251714,6,0.18845773353247558,0.32570019798391975,0.0029446000698953867
102,SNR_0db,N,New_N_103.wav,28-13-6,DeepONMF_H3,3,nndsvd,0.3521741907018333,6x212,0.03360419999808073,28,0.22930993599371682,0.29074509680246813,0.024256500066258013,13,0.21116218323850697,0.3026083423254072,0.0052158000180497766,6,0.18554639526545574,0.3267012017963627,0.0029584000585600734
103,SNR_0db,N,New_N_104.wav,28-13-6,DeepONMF_H3,3,nndsvd,0.3598771875070762,6x212,0.034602300031110644,28,0.23349784118515138,0.28990853630158464,0.02554439997766167,13,0.21153303866097836,0.30552171281508506,0.005275200004689395,6,0.18788802908215757,0.3205780544050152,0.0029133999487385154
104,SNR_0db,N,New_N_105.wav,28-13-6,DeepONMF_H3,3,nndsvd,0.3588532525144165,6x212,0.03522179997526109,28,0.23577715748859743,0.28867776422311553,0.025791499996557832,13,0.21794978605168722,0.29917507414932804,0.005400400026701391,6,0.1880912353451955,0.31874638602857475,0.002921799896284938
105,SNR_0db,N,New_N_106.wav,28-13-6,DeepONMF_H3,3,nndsvd,0.3578682311029122,6x212,0.033475999953225255,28,0.2339491284841274,0.28418193717013085,0.024555100011639297,13,0.2129784150069906,0.2932907793157799,0.004961200058460236,6,0.19095581533010128,0.3278358160475806,0.0028321000281721354
106,SNR_0db,N,New_N_107.wav,28-13-6,DeepONMF_H3,3,nndsvd,0.3603785825652078,6x212,0.03600570000708103,28,0.2356354991928187,0.29117951863077773,0.026857399963773787,13,0.21813980098785257,0.29483648832479853,0.005237800069153309,6,0.1918453294731415,0.3122017142846143,0.0027824999997392297
107,SNR_0db,N,New_N_108.wav,28-13-6,DeepONMF_H3,3,nndsvd,0.3630603312307179,6x212,0.036975600058212876,28,0.23820977212745056,0.2910109604830871,0.02822440001182258,13,0.21581545609388225,0.29290481346313607,0.004784699995070696,6,0.18877867130994702,0.30194791971804824,0.0029004999669268727
108,SNR_0db,N,New_N_109.wav,28-13-6,DeepONMF_H3,3,nndsvd,0.3474137721421907,6x212,0.035793200018815696,28,0.2290279716149444,0.29065445791318156,0.02647510007955134,13,0.20847883217099136,0.30958141557868424,0.00471000000834465,6,0.18164965357452642,0.3074322135590137,0.00282839999999851
109,SNR_0db,N,New_N_110.wav,28-13-6,DeepONMF_H3,3,nndsvd,0.3587677537894008,6x212,0.03416440007276833,28,0.23714557735291505,0.29614267720728044,0.025354199926368892,13,0.21116511197418433,0.3086697262968718,0.00462880008853972,6,0.1877642445475298,0.3038251606225965,0.0031577000627294183
110,SNR_0db,N,New_N_111.wav,28-13-6,DeepONMF_H3,3,nndsvd,0.35498728055918394,6x212,0.03460010001435876,28,0.23401605440163203,0.29360479857637567,0.024772599921561778,13,0.20813328017055613,0.3071952940000041,0.005475600017234683,6,0.18394360001704496,0.2971931179049879,0.003403599956072867
111,SNR_0db,N,New_N_112.wav,28-13-6,DeepONMF_H3,3,nndsvd,0.3586637967420908,6x212,0.032523400033824146,28,0.2351337686027634,0.29503349872565654,0.023336300044320524,13,0.21673255796754476,0.3169762272429109,0.004774500033818185,6,0.18418437416567177,0.3239898478005773,0.0033158999867737293
112,SNR_0db,N,New_N_113.wav,28-13-6,DeepONMF_H3,3,nndsvd,0.3550950567703923,6x212,0.03273960005026311,28,0.23509583366612266,0.28099105688068626,0.02377530001103878,13,0.21186988302123064,0.3008224904169197,0.004748900071717799,6,0.18421016409857485,0.33311835122549915,0.003183300024829805
113,SNR_0db,N,New_N_114.wav,28-13-6,DeepONMF_H3,3,nndsvd,0.3549203825446839,6x212,0.033768099965527654,28,0.23399204598796688,0.29478023149668103,0.02426440000999719,13,0.2161535077489585,0.3145525378216414,0.00558120000641793,6,0.1843059751647471,0.3277834621582503,0.003067999961785972
114,SNR_0db,N,New_N_115.wav,28-13-6,DeepONMF_H3,3,nndsvd,0.35913947991721934,6x212,0.03271069994661957,28,0.23858576663424644,0.28646948511513276,0.02376680006273091,13,0.2120204573653915,0.3008718367922519,0.004888499970547855,6,0.1903483440777795,0.3210525507148974,0.0030003999127075076
115,SNR_0db,N,New_N_116.wav,28-13-6,DeepONMF_H3,3,nndsvd,0.3531175717921508,6x212,0.034373699920251966,28,0.23274101740971362,0.2866910050314971,0.02536940004210919,13,0.20811133010421623,0.2903886376710562,0.004856699961237609,6,0.1868815384253298,0.3283258783755947,0.00317799998447299
116,SNR_0db,N,New_N_117.wav,28-13-6,DeepONMF_H3,3,nndsvd,0.35951504446061205,6x212,0.035147499991580844,28,0.23534803960155945,0.2930051873626285,0.025924600078724325,13,0.21206351165567763,0.3045824992300656,0.005242400104179978,6,0.18627164363284832,0.3286087931687819,0.003133099991828203
117,SNR_0db,N,New_N_118.wav,28-13-6,DeepONMF_H3,3,nndsvd,0.3617864312255927,6x212,0.03501709992997348,28,0.23811311900414656,0.2878409795882708,0.02552489994559437,13,0.2188798592298218,0.30351819475323066,0.005349099985323846,6,0.18877482761560754,0.3203203092747707,0.0029895000625401735
118,SNR_0db,N,New_N_119.wav,28-13-6,DeepONMF_H3,3,nndsvd,0.3498829420360479,6x212,0.03417180001270026,28,0.2324947592728355,0.28444779557747246,0.024821599945425987,13,0.2086183553058099,0.3015741166945443,0.005454299971461296,6,0.18284140378694488,0.31328495741006385,0.002995900111272931
119,SNR_0db,N,New_N_120.wav,28-13-6,DeepONMF_H3,3,nndsvd,0.3578477978015922,6x212,0.03625819995068014,28,0.23589317322050415,0.29026688337040035,0.026965399971231818,13,0.21467392028418925,0.29353520145240597,0.005374299944378436,6,0.18773113748423736,0.3244996873046661,0.0029494999907910824
120,SNR_0db,N,New_N_121.wav,28-13-6,DeepONMF_H3,3,nndsvd,0.3574889856956447,6x212,0.03521859995089471,28,0.23568451152618602,0.29906806637033156,0.02679039991926402,13,0.21777138020291711,0.2973072079359096,0.0046573999570682645,6,0.19060980558098567,0.30785734501300943,0.002818899927660823
121,SNR_0db,N,New_N_122.wav,28-13-6,DeepONMF_H3,3,nndsvd,0.35225620400743785,6x212,0.03656140004750341,28,0.23288803824071205,0.2893552638305159,0.027612000005319715,13,0.21607420880248865,0.29577334406260536,0.004830699996091425,6,0.19050546233945814,0.30157115761294695,0.002824299968779087
122,SNR_0db,N,New_N_123.wav,28-13-6,DeepONMF_H3,3,nndsvd,0.3499002746561891,6x212,0.035421700100414455,28,0.23295237134776722,0.28864748009459273,0.026122900075279176,13,0.20710761535042513,0.3037880313770317,0.005207899957895279,6,0.1810392719360482,0.33976541678048217,0.003034499939531088
123,SNR_0db,N,New_N_124.wav,28-13-6,DeepONMF_H3,3,nndsvd,0.3547092984050065,6x212,0.035723699955269694,28,0.23319529212028026,0.30109961325105694,0.026229299954138696,13,0.20849432768202644,0.31641026051556803,0.004877100000157952,6,0.18270158275161497,0.333285924262524,0.0036624999484047294
124,SNR_0db,N,New_N_125.wav,28-13-6,DeepONMF_H3,3,nndsvd,0.35994355681405926,6x212,0.03505189996212721,28,0.23814241653796175,0.28954438959378787,0.025785000063478947,13,0.21269831611754528,0.288580994044175,0.005308400024659932,6,0.19461654258964386,0.3272553875463737,0.003140099928714335
125,SNR_0db,N,New_N_126.wav,28-13-6,DeepONMF_H3,3,nndsvd,0.3486123541758478,6x212,0.034319200087338686,28,0.22702725445057692,0.293544085679483,0.02469079999718815,13,0.20780877965636252,0.29870028477818156,0.00524189998395741,6,0.1760924249802226,0.29377300658371985,0.0034362999722361565
126,SNR_0db,N,New_N_127.wav,28-13-6,DeepONMF_H3,3,nndsvd,0.35166443698231065,6x212,0.03798639995511621,28,0.2269884574167411,0.28988905044814295,0.02816210000310093,13,0.21202493704020547,0.29683078015482595,0.005709499935619533,6,0.18570047806013698,0.31490351234479846,0.0032341000624001026
127,SNR_0db,N,New_N_128.wav,28-13-6,DeepONMF_H3,3,nndsvd,0.34674917688862106,6x212,0.03534609999042004,28,0.2271396061311069,0.292276942263927,0.026254199910908937,13,0.2026386298452698,0.3025101904049083,0.005000900011509657,6,0.18180534133701157,0.3118382051531898,0.0029702000319957733
128,SNR_0db,N,New_N_129.wav,28-13-6,DeepONMF_H3,3,nndsvd,0.346742473687408,6x212,0.034328200039453804,28,0.22693036308685752,0.2990764981147796,0.025403999956324697,13,0.20807787680724302,0.3057499350138771,0.004821600043214858,6,0.1882564570477703,0.3414573401270754,0.0028999000787734985
129,SNR_0db,N,New_N_130.wav,28-13-6,DeepONMF_H3,3,nndsvd,0.3470552321196424,6x212,0.036725200014188886,28,0.22571620732052117,0.29248574331311233,0.02795370004605502,13,0.20606882348521952,0.30727898074675464,0.00497230002656579,6,0.18249985299721397,0.3356095217514141,0.0029060000088065863
130,SNR_0db,N,New_N_131.wav,28-13-6,DeepONMF_H3,3,nndsvd,0.35301946984987903,6x212,0.03453349997289479,28,0.2320563733589751,0.29081393140151124,0.02597570000216365,13,0.20964568368101866,0.30447670077579014,0.004650300019420683,6,0.187121937772304,0.3239775397830063,0.002841099980287254
131,SNR_0db,N,New_N_132.wav,28-13-6,DeepONMF_H3,3,nndsvd,0.3500812720975554,6x212,0.033827400067821145,28,0.22900049329663336,0.2873199153884651,0.024905500002205372,13,0.21006382172669694,0.2907032484919269,0.004811999970115721,6,0.18746671994756567,0.30555216535433144,0.0032016999321058393
132,SNR_0db,N,New_N_133.wav,28-13-6,DeepONMF_H3,3,nndsvd,0.3470617234221721,6x212,0.03430110006593168,28,0.2291307247995782,0.28646712638631017,0.024675399996340275,13,0.2088760768579853,0.3049842349676028,0.005495200050063431,6,0.18752959544730777,0.31119895316312973,0.0032952999463304877
133,SNR_0db,N,New_N_134.wav,28-13-6,DeepONMF_H3,3,nndsvd,0.34687578253362344,6x212,0.03534059994854033,28,0.2276100777029012,0.29053736130749985,0.026414499967359006,13,0.2056674791497262,0.2882911307059526,0.005036699934862554,6,0.1797538001026563,0.288797790753886,0.003131900099106133
134,SNR_0db,N,New_N_135.wav,28-13-6,DeepONMF_H3,3,nndsvd,0.3501010240847805,6x212,0.0356061999918893,28,0.2287021943489535,0.2999973300005612,0.025807099998928607,13,0.20788463619374759,0.31405014820915894,0.005963499890640378,6,0.187690160362626,0.35545944502227034,0.002904499997384846
135,SNR_0db,N,New_N_136.wav,28-13-6,DeepONMF_H3,3,nndsvd,0.3510578845807619,6x212,0.03642709995619953,28,0.22810768599193285,0.29529614078156785,0.027469499967992306,13,0.20906069411515377,0.2950469522382709,0.00478109996765852,6,0.18217478047397143,0.31654081437417897,0.0028537000762298703
