indice_interno,base,clase,archivo,distribucion,representacion,numero_capas,inicializacion_onmf,error_final,forma_h_final,segundos_extraccion_deep,capa_1_rango,capa_1_error,capa_1_ortogonalidad_h,capa_1_segundos,capa_2_rango,capa_2_error,capa_2_ortogonalidad_h,capa_2_segundos,capa_3_rango,capa_3_error,capa_3_ortogonalidad_h,capa_3_segundos,capa_4_rango,capa_4_error,capa_4_ortogonalidad_h,capa_4_segundos
0,original,N,New_N_001.wav,20-13-9-6,DeepONMF_H4,4,nndsvd,0.25153358228117406,6x212,0.038202399970032275,20,0.08004734404970881,0.20266648428464,0.02471180004067719,13,0.056288910437194146,0.20388198238207464,0.005430900026112795,9,0.05686879909925021,0.228876782950019,0.0039076999528333545,6,0.062173869172656215,0.2628901181980725,0.003098099958151579
1,original,N,New_N_002.wav,20-13-9-6,DeepONMF_H4,4,nndsvd,0.253320662917867,6x212,0.040864799986593425,20,0.07089870943244417,0.22375185916129606,0.027838099980726838,13,0.05754443312972923,0.1851558529551891,0.00486260000616312,9,0.05943579032407075,0.17463527133142184,0.003525799955241382,6,0.06468732846636585,0.21016917408149782,0.0035010999999940395
2,original,N,New_N_003.wav,20-13-9-6,DeepONMF_H4,4,nndsvd,0.252393560477892,6x212,0.03369109996128827,20,0.07772964514439129,0.1665851576873361,0.021920999977737665,13,0.056486925231759404,0.1861639733352025,0.004495900007896125,9,0.05761626110538157,0.2262813503816933,0.0032885000109672546,6,0.0663713162977558,0.22872959379375019,0.003170900046825409
3,original,N,New_N_004.wav,20-13-9-6,DeepONMF_H4,4,nndsvd,0.24867193874549898,6x212,0.03395409998483956,20,0.07733255038767638,0.20345599007111925,0.021755199995823205,13,0.056734389738366794,0.22496004568352013,0.004607299924828112,9,0.057178109356229606,0.25333669310804036,0.003504199907183647,6,0.06039734409010873,0.2724625444427568,0.0033111999509856105
4,original,N,New_N_005.wav,20-13-9-6,DeepONMF_H4,4,nndsvd,0.2511328613331567,6x212,0.039143200032413006,20,0.07490858481734768,0.20177404439601185,0.025158200063742697,13,0.05721751699423197,0.22157122151784628,0.005524300038814545,9,0.057675361088953686,0.25330437146510804,0.004372299998067319,6,0.06320609621800578,0.2868061150963236,0.003257000003941357
5,original,N,New_N_006.wav,20-13-9-6,DeepONMF_H4,4,nndsvd,0.25136555992936555,6x212,0.03505890001542866,20,0.07990546300676138,0.22689285658033895,0.022765600006096065,13,0.05669228649008191,0.17763161753226733,0.005108000012114644,9,0.05877138827934009,0.1724485051436573,0.003459500032477081,6,0.0625965223553294,0.2104295379318519,0.002862700028344989
6,original,N,New_N_007.wav,20-13-9-6,DeepONMF_H4,4,nndsvd,0.2519728221079994,6x212,0.03244109998922795,20,0.0737497754694659,0.21228940679648214,0.019345799926668406,13,0.057448792802829926,0.2136657802852964,0.005763799999840558,9,0.05967470850504648,0.22827294165193074,0.0033035000087693334,6,0.0635100845240714,0.26667700592131266,0.002735899994149804
7,original,N,New_N_008.wav,20-13-9-6,DeepONMF_H4,4,nndsvd,0.25570607131298323,6x212,0.03577909991145134,20,0.069557277542677,0.19033662979283528,0.023096500081010163,13,0.05671888695483606,0.18596168767964316,0.0051544999005272985,9,0.06109860950371993,0.19371079964583535,0.0034851999953389168,6,0.0688440353888609,0.23042942493049304,0.0029490001033991575
8,original,N,New_N_009.wav,20-13-9-6,DeepONMF_H4,4,nndsvd,0.25095854142225166,6x212,0.03733349998947233,20,0.07613698322264403,0.21432611166692847,0.024915199959650636,13,0.057041122090659965,0.17041953033973892,0.005108100012876093,9,0.05793440194884307,0.20115651042751376,0.0035359999164938927,6,0.06755740295517557,0.2201825478139953,0.0029497999930754304
9,original,N,New_N_010.wav,20-13-9-6,DeepONMF_H4,4,nndsvd,0.2525913745552285,6x212,0.034584099892526865,20,0.08434904609678688,0.20718257196543166,0.022487099980935454,13,0.05687060271463584,0.22072610193491798,0.0046048000222072005,9,0.05807830061136123,0.22749040856100608,0.003358099958859384,6,0.06716557095941329,0.20870881738249178,0.0028798000421375036
10,original,N,New_N_011.wav,20-13-9-6,DeepONMF_H4,4,nndsvd,0.2528523042710267,6x212,0.036925500025972724,20,0.07278155084093393,0.21384655710866912,0.02252470003440976,13,0.05602242986409094,0.2106603138926153,0.004885199945420027,9,0.05999423429930377,0.25419449337818445,0.0036989999935030937,6,0.06418300112813058,0.2779225512777224,0.004590800032019615
11,original,N,New_N_012.wav,20-13-9-6,DeepONMF_H4,4,nndsvd,0.2508189234724003,6x212,0.04301400005351752,20,0.07185950012813998,0.2113919240202488,0.03017299994826317,13,0.0571777911092379,0.1912800646026197,0.005336600006558001,9,0.05901665673184176,0.2465074638676447,0.0036430000327527523,6,0.06309323481549664,0.2916283557085163,0.003023300087079406
12,original,N,New_N_013.wav,20-13-9-6,DeepONMF_H4,4,nndsvd,0.253058187597892,6x212,0.035654300008900464,20,0.0796153776975509,0.19461401795669495,0.023989600013010204,13,0.05666192195567939,0.2025093861995551,0.004601699998602271,9,0.060335862381512166,0.22859262995982185,0.00329070002771914,6,0.06101960733530854,0.3209616528961277,0.002886399975977838
13,original,N,New_N_014.wav,20-13-9-6,DeepONMF_H4,4,nndsvd,0.25075818143071793,6x212,0.03319380001630634,20,0.07571292838277435,0.2314269698178902,0.02173540007788688,13,0.05638892461883558,0.23377684312951003,0.004446599981747568,9,0.05776529073265062,0.2860196651573098,0.0032241999870166183,6,0.06512706503283147,0.3194227176292423,0.0028248000890016556
14,original,N,New_N_015.wav,20-13-9-6,DeepONMF_H4,4,nndsvd,0.25531598228151614,6x212,0.033132600015960634,20,0.07583711938684494,0.19474915325270678,0.021239800029434264,13,0.0580065853611357,0.18075139224273182,0.004510400001890957,9,0.05999616249936921,0.20274149273781686,0.0036184999626129866,6,0.06961599806121632,0.23929444072528644,0.0029000999638810754
15,original,N,New_N_016.wav,20-13-9-6,DeepONMF_H4,4,nndsvd,0.25045635101070923,6x212,0.03560589998960495,20,0.07461046894434899,0.18770172425149764,0.023043000022880733,13,0.057327478595066254,0.1800606367563482,0.004799999995157123,9,0.05908084148613507,0.23439910437665626,0.003363399999216199,6,0.06502977538291736,0.24899265999508635,0.0035529000451788306
16,original,N,New_N_017.wav,20-13-9-6,DeepONMF_H4,4,nndsvd,0.255266723100617,6x212,0.03598019992932677,20,0.07720308836214637,0.1861030143359644,0.022232200019061565,13,0.058426532814350784,0.140193653872338,0.004799299989826977,9,0.05985847522027837,0.16040552034550476,0.003671300015412271,6,0.06988304235563142,0.23615040458361486,0.004250900004990399
17,original,N,New_N_018.wav,20-13-9-6,DeepONMF_H4,4,nndsvd,0.25160549139724775,6x212,0.038467500009573996,20,0.07783758973130281,0.2013489077389668,0.024758599931374192,13,0.056651983591651335,0.20301140039361393,0.005681199952960014,9,0.05848581690756282,0.20611893554202002,0.003985500079579651,6,0.06270402390246478,0.23367394373278874,0.0031250000465661287
18,original,N,New_N_019.wav,20-13-9-6,DeepONMF_H4,4,nndsvd,0.2512912570704541,6x212,0.05580500001087785,20,0.08052504205624039,0.1895716458409321,0.038525299984030426,13,0.056580769584852544,0.18773270597174083,0.008078100043348968,9,0.05757500237309898,0.21706923005572004,0.004379300051368773,6,0.06082212776785229,0.27617880452641325,0.003632499952800572
19,original,N,New_N_020.wav,20-13-9-6,DeepONMF_H4,4,nndsvd,0.24976780175977173,6x212,0.0454732000362128,20,0.07917669198049293,0.20934300047629642,0.029746999964118004,13,0.0568682800146454,0.17260723832422295,0.007044300087727606,9,0.05785124163386393,0.19245032294607425,0.004323999979533255,6,0.06055917417360831,0.1962509699527885,0.0034328000620007515
20,original,N,New_N_021.wav,20-13-9-6,DeepONMF_H4,4,nndsvd,0.25005521174791645,6x212,0.03777059994172305,20,0.07206038349945956,0.2057660029312856,0.02490890002809465,13,0.05688006515013889,0.19631831659832905,0.005077300011180341,9,0.05747237833004363,0.19143779799860391,0.0036697000032290816,6,0.06576632110938914,0.256149514484211,0.0032653999514877796
21,original,N,New_N_022.wav,20-13-9-6,DeepONMF_H4,4,nndsvd,0.2515070888238295,6x212,0.0384044999955222,20,0.0742674237047806,0.19546301404538347,0.02471879997756332,13,0.05667769402629299,0.14518276699471486,0.0049613999435678124,9,0.05810026322457511,0.16740478549658377,0.0037912001134827733,6,0.06780388217659261,0.17522512628945222,0.003936100052669644
22,original,N,New_N_023.wav,20-13-9-6,DeepONMF_H4,4,nndsvd,0.2580353819315904,6x212,0.037781700026243925,20,0.07302359068069522,0.17635039509263448,0.024397200089879334,13,0.058702994506099886,0.1674574518785926,0.005530899972654879,9,0.060459470966812236,0.18994797500205607,0.0038698000134900212,6,0.06784864552524275,0.18903815899670942,0.0031127999536693096
23,original,N,New_N_024.wav,20-13-9-6,DeepONMF_H4,4,nndsvd,0.25168083605769126,6x212,0.035034499946050346,20,0.07461835803253239,0.20243169067325545,0.021887600072659552,13,0.05741054764397306,0.17546191929867042,0.005655999993905425,9,0.05904226572848569,0.17912475641950967,0.003636099980212748,6,0.06564546148800349,0.17914115021534635,0.0030881999991834164
24,original,N,New_N_025.wav,20-13-9-6,DeepONMF_H4,4,nndsvd,0.2569888217457117,6x212,0.03650259994901717,20,0.08325964317926329,0.19634885331937008,0.023788999998942018,13,0.0571610527202779,0.19466899713481103,0.0052637000335380435,9,0.06217663526053175,0.22148898011747062,0.003516799886710942,6,0.06927160480784977,0.26855206296829137,0.003044000011868775
25,original,N,New_N_026.wav,20-13-9-6,DeepONMF_H4,4,nndsvd,0.2556085632784777,6x212,0.03575949999503791,20,0.0765411810436831,0.1854611309015859,0.023125499952584505,13,0.05728642601960196,0.16942491472310756,0.004976700060069561,9,0.062411371556518325,0.19140479056672677,0.003641700022853911,6,0.0729494762740067,0.24327480350098468,0.0030808999435976148
26,original,N,New_N_027.wav,20-13-9-6,DeepONMF_H4,4,nndsvd,0.25092925142004663,6x212,0.03706680005416274,20,0.07495491022262696,0.1707565373207124,0.02434420003555715,13,0.057318253392156,0.1804447894052759,0.004954700008966029,9,0.05880788494672121,0.217661802523146,0.0035151999909430742,6,0.06410959402927363,0.26742169608539323,0.0034095998853445053
27,original,N,New_N_028.wav,20-13-9-6,DeepONMF_H4,4,nndsvd,0.24881515268429233,6x212,0.03653969999868423,20,0.07566282430793345,0.19382123795129697,0.023313399986363947,13,0.05583936983033497,0.1736032082341672,0.00501069996971637,9,0.05793158093374218,0.17705830107631063,0.0040086000226438046,6,0.060323065743542195,0.23905515058672464,0.0032216000836342573
28,original,N,New_N_029.wav,20-13-9-6,DeepONMF_H4,4,nndsvd,0.2572411916503425,6x212,0.03547130001243204,20,0.0737090361072393,0.18273578244400568,0.021729000029154122,13,0.05802395606227155,0.14802899931610553,0.004790500039234757,9,0.06084635940374004,0.14636553204861708,0.004911799915134907,6,0.07890196880548267,0.20554955906775715,0.003159599960781634
29,original,N,New_N_030.wav,20-13-9-6,DeepONMF_H4,4,nndsvd,0.2505056540977892,6x212,0.034428799990564585,20,0.07904707126548745,0.21851562563147167,0.021664700005203485,13,0.05691176383956168,0.20249363411183383,0.00550570001360029,9,0.058902791242576344,0.21616770086366738,0.0034757000394165516,6,0.06121054357834223,0.3265685008702703,0.002921600011177361
30,original,N,New_N_031.wav,20-13-9-6,DeepONMF_H4,4,nndsvd,0.2536309857860799,6x212,0.03674710006453097,20,0.07759656943435561,0.2029302527702071,0.022373300045728683,13,0.05726557160634713,0.19044739310619377,0.006222900003194809,9,0.060566861120839866,0.2322928709047546,0.0037087000673636794,6,0.0684386053589493,0.2505488283518181,0.003051100065931678
31,original,N,New_N_032.wav,20-13-9-6,DeepONMF_H4,4,nndsvd,0.25208189967957817,6x212,0.03512880008202046,20,0.0783510407563927,0.18915989377692918,0.02290440001524985,13,0.057528999343765944,0.197254938022469,0.0048325000097975135,9,0.05865898966547075,0.2510101452411002,0.003367300028912723,6,0.061751540943812244,0.25635717132757985,0.00284019997343421
32,original,N,New_N_033.wav,20-13-9-6,DeepONMF_H4,4,nndsvd,0.2529579606419391,6x212,0.03446019999682903,20,0.07292370926279541,0.193922623281474,0.02283579995855689,13,0.0584695991126621,0.19244359662089366,0.004605099908076227,9,0.06116370336359296,0.21134995012491317,0.0033292999723926187,6,0.06278515083540115,0.24405101695694234,0.002809499972499907
33,original,N,New_N_034.wav,20-13-9-6,DeepONMF_H4,4,nndsvd,0.2500318705980583,6x212,0.0363686999771744,20,0.07858880070568308,0.21288335314017554,0.023390499991364777,13,0.05637352028180786,0.18540186966679992,0.004691299982368946,9,0.057738889184087254,0.2189681443221063,0.0035176000092178583,6,0.06083936130959346,0.20336538206089638,0.0037069000536575913
34,original,N,New_N_035.wav,20-13-9-6,DeepONMF_H4,4,nndsvd,0.25218118501399045,6x212,0.03662440006155521,20,0.07542511436536989,0.1954148024090163,0.02321669994853437,13,0.057638615436277095,0.1680590916793031,0.004728099913336337,9,0.059292291551899474,0.19466152579742033,0.004603500012308359,6,0.06574546216155329,0.21682567833235047,0.0031666000140830874
35,original,N,New_N_036.wav,20-13-9-6,DeepONMF_H4,4,nndsvd,0.25385560997437095,6x212,0.03974089992698282,20,0.07652412078210186,0.19037658481582384,0.024714300059713423,13,0.0567209619199242,0.19255204250621832,0.006870800047181547,9,0.059230746390650776,0.21970065227683733,0.003964200033806264,6,0.0626936890883846,0.26327848471935483,0.0033458999823778868
36,original,N,New_N_037.wav,20-13-9-6,DeepONMF_H4,4,nndsvd,0.2448270942877007,6x212,0.04373259993735701,20,0.06752730016551406,0.1833059650556408,0.028982599964365363,13,0.05553723567825301,0.19148941048019422,0.005427700001746416,9,0.056389739922101355,0.23386810641569677,0.004393300041556358,6,0.06009074293767018,0.19997003303687014,0.004033499979414046
37,original,N,New_N_038.wav,20-13-9-6,DeepONMF_H4,4,nndsvd,0.24374597189930997,6x212,0.03802580002229661,20,0.06861098612859656,0.16918731462881775,0.023966000066138804,13,0.055591969046976296,0.18321344907622295,0.0053894000593572855,9,0.055965998880768926,0.20008039635261848,0.004335799952968955,6,0.05883926808631014,0.284589860833702,0.0034220999805256724
38,original,N,New_N_039.wav,20-13-9-6,DeepONMF_H4,4,nndsvd,0.24358588564119968,6x212,0.04011270008049905,20,0.06770095860689468,0.17075197109515683,0.026595399947836995,13,0.05561701501789405,0.1702910304971528,0.005257699987851083,9,0.05616180522223525,0.17601035379748187,0.0038306000642478466,6,0.058724302475714106,0.20733622385503642,0.0033520000288262963
39,original,N,New_N_040.wav,20-13-9-6,DeepONMF_H4,4,nndsvd,0.24270331735481218,6x212,0.04277089994866401,20,0.06776114374347889,0.1935791136807492,0.027439799974672496,13,0.055491973524534194,0.1744706973187911,0.006531700026243925,9,0.05578547555144673,0.2071685599155263,0.004421400022692978,6,0.05732090350187449,0.21463203848481477,0.003461299929767847
40,original,N,New_N_041.wav,20-13-9-6,DeepONMF_H4,4,nndsvd,0.2438100403717379,6x212,0.039725800044834614,20,0.06490180197204738,0.19513299966842645,0.02617089997511357,13,0.055655016834502136,0.1987751388975545,0.005411899997852743,9,0.056264105036973384,0.22140845920446556,0.003909299965016544,6,0.05785797075197526,0.2804653121060596,0.0032930999295786023
41,original,N,New_N_042.wav,20-13-9-6,DeepONMF_H4,4,nndsvd,0.24448541108544436,6x212,0.04070470004808158,20,0.06510880647472998,0.1970663200829877,0.02672079997137189,13,0.05581740708763599,0.13079481326771963,0.00529690005350858,9,0.057306502630017665,0.1648258070694624,0.004500300041399896,6,0.05934944856666222,0.17834225558888475,0.0033551000524312258
42,original,N,New_N_043.wav,20-13-9-6,DeepONMF_H4,4,nndsvd,0.24440686204737042,6x212,0.04304829996544868,20,0.06522441720265812,0.2284614949452968,0.02856240002438426,13,0.0557290848489276,0.17380561836022054,0.0060137000400573015,9,0.055954586429781863,0.19153542569048632,0.004117000033147633,6,0.058203102844767214,0.2737603022377992,0.0033445999724790454
43,original,N,New_N_044.wav,20-13-9-6,DeepONMF_H4,4,nndsvd,0.24428790699833433,6x212,0.04015529993921518,20,0.06327961817130037,0.23831709311542174,0.025137400021776557,13,0.05574531821794933,0.17542638733386454,0.0055677000200375915,9,0.056653772333883266,0.1943042112853788,0.004860699991695583,6,0.05909639691317858,0.2803012003884073,0.0035681999288499355
44,original,N,New_N_045.wav,20-13-9-6,DeepONMF_H4,4,nndsvd,0.24606554443262302,6x212,0.04169459990225732,20,0.07005871393059547,0.21029945762810764,0.026744800037704408,13,0.05580909707047953,0.14372125164612123,0.006450999993830919,9,0.05751383447081867,0.13652462216449254,0.004097400000318885,6,0.05944453093695848,0.17528610666700792,0.0034414000110700727
45,original,N,New_N_046.wav,20-13-9-6,DeepONMF_H4,4,nndsvd,0.24423080410852313,6x212,0.03944929991848767,20,0.0652049013050331,0.203047836326252,0.025429800036363304,13,0.055759134592201914,0.19500879606592292,0.005146400071680546,9,0.056736942660721636,0.2686892398946076,0.004004099988378584,6,0.0578729446127765,0.35385961653258213,0.0039802000392228365
46,original,N,New_N_047.wav,20-13-9-6,DeepONMF_H4,4,nndsvd,0.24375113187190844,6x212,0.04522309999447316,20,0.06490600240743652,0.1998616861009292,0.024269500048831105,13,0.05565358492782646,0.17946273166905735,0.006757299997843802,9,0.05624233225225143,0.22069016779661124,0.007147700060158968,6,0.0580397709902157,0.260946072648933,0.005874800030142069
47,original,N,New_N_048.wav,20-13-9-6,DeepONMF_H4,4,nndsvd,0.24565206729008024,6x212,0.04058839997742325,20,0.0733475075275085,0.21981391086886173,0.026137700071558356,13,0.05561711081721465,0.20558696863842613,0.005252399947494268,9,0.05571627513517211,0.20227589889201955,0.004939200007356703,6,0.05835597975757816,0.2359307912972762,0.003303700010292232
48,original,N,New_N_049.wav,20-13-9-6,DeepONMF_H4,4,nndsvd,0.24385988081547944,6x212,0.03863130009267479,20,0.06118699958050802,0.24898713425286706,0.023979600053280592,13,0.0561546419059271,0.2006618255018717,0.0064177000895142555,9,0.05630585676430091,0.19687407067309412,0.003889499930664897,6,0.0578284391515938,0.2618323875121306,0.003238599980250001
49,original,N,New_N_050.wav,20-13-9-6,DeepONMF_H4,4,nndsvd,0.24323509848671562,6x212,0.0394355000462383,20,0.06633205798778719,0.20528233820723102,0.025124300038442016,13,0.05565387944409847,0.18777926824563135,0.0053122000535950065,9,0.0558267267923432,0.20558009346357947,0.003982600057497621,6,0.056522586288403405,0.2130914425415674,0.003943699994124472
50,original,N,New_N_051.wav,20-13-9-6,DeepONMF_H4,4,nndsvd,0.24529200778110521,6x212,0.04456820001360029,20,0.07201324819409675,0.1885440950184154,0.02535350003745407,13,0.05559107700107398,0.19804342529966198,0.01042750000488013,9,0.05643650594081611,0.2261728479659214,0.004279199987649918,6,0.05689194473810983,0.2376479583950025,0.00353939994238317
51,original,N,New_N_052.wav,20-13-9-6,DeepONMF_H4,4,nndsvd,0.24444381420178293,6x212,0.03938209998887032,20,0.06449711964416868,0.20890812570457604,0.025313399964943528,13,0.05564895456896587,0.1803440824719786,0.005225400091148913,9,0.05654198184790628,0.20090070833284773,0.0037640000227838755,6,0.0584914422635757,0.2515936439164323,0.0040481999749317765
52,original,N,New_N_053.wav,20-13-9-6,DeepONMF_H4,4,nndsvd,0.2438557643354464,6x212,0.03619070001877844,20,0.06642418869362955,0.19332534465987183,0.022678500041365623,13,0.055685759879814396,0.20846867617192785,0.005491900024935603,9,0.05613953319766278,0.3063139417904918,0.003923000069335103,6,0.05682600464880013,0.3357157992732612,0.0031553999288007617
53,original,N,New_N_054.wav,20-13-9-6,DeepONMF_H4,4,nndsvd,0.24331986803539415,6x212,0.04777619999367744,20,0.0644854612858818,0.20438505277352365,0.03223389992490411,13,0.055727852331959975,0.2024605713023456,0.005934500019066036,9,0.05608866988007568,0.239781762783865,0.004328099894337356,6,0.05768148357601056,0.3038156800835961,0.00417069997638464
54,original,N,New_N_055.wav,20-13-9-6,DeepONMF_H4,4,nndsvd,0.24386312390019724,6x212,0.040492799947969615,20,0.0631228861135859,0.2136094964646717,0.025547800003550947,13,0.05558828548421083,0.2416162949573499,0.0065243999706581235,9,0.05687410342141992,0.22325368207714494,0.004131000023335218,6,0.05853799954279876,0.29914464828600607,0.003354799933731556
55,original,N,New_N_056.wav,20-13-9-6,DeepONMF_H4,4,nndsvd,0.24634177063314772,6x212,0.03775630006566644,20,0.06448935786678953,0.22424038091190315,0.02335470006801188,13,0.057150669945421485,0.15302750919144237,0.006464999984018505,9,0.056801847931394124,0.19933378921096986,0.003773299977183342,6,0.058136377504974475,0.3279239755440379,0.0031246000435203314
56,original,N,New_N_057.wav,20-13-9-6,DeepONMF_H4,4,nndsvd,0.24351264703466677,6x212,0.03819140000268817,20,0.06436471951204538,0.2563888480643893,0.02444519998971373,13,0.055696939474697935,0.2308630887898304,0.005085999961011112,9,0.055847685699704594,0.24198452872289616,0.0037498000310733914,6,0.05724733144384711,0.30690453382402694,0.004046499961987138
57,original,N,New_N_058.wav,20-13-9-6,DeepONMF_H4,4,nndsvd,0.24378681601892557,6x212,0.04223109991289675,20,0.06276649568691073,0.2235855189736378,0.025563300005160272,13,0.055788695655597846,0.19910445648357028,0.0071208999725058675,9,0.056401087897206235,0.2592582648614581,0.0052773000206798315,6,0.05759261994819588,0.34696070198449414,0.0032972999615594745
58,original,N,New_N_059.wav,20-13-9-6,DeepONMF_H4,4,nndsvd,0.2433382303310896,6x212,0.03687539999373257,20,0.06548781055801872,0.20430481844322107,0.02423760003875941,13,0.055638066971778165,0.21020736886736602,0.00499139993917197,9,0.056282093696547124,0.23872550834790435,0.003601499949581921,6,0.05700365853068807,0.3347068545226246,0.0032825999660417438
59,original,N,New_N_060.wav,20-13-9-6,DeepONMF_H4,4,nndsvd,0.24397192975776605,6x212,0.03676849999465048,20,0.06843816732081137,0.22971867979434274,0.023355099954642355,13,0.05553929345477962,0.20458145700820135,0.004961900063790381,9,0.05571509570626119,0.23444992413015062,0.00364909996278584,6,0.05694487111469738,0.30433130032441047,0.0037725999718531966
60,original,N,New_N_061.wav,20-13-9-6,DeepONMF_H4,4,nndsvd,0.2443589724427283,6x212,0.03646780003327876,20,0.06494479596849022,0.209142392898934,0.023313699988648295,13,0.05577413098418339,0.18203158659962268,0.004991999943740666,9,0.056490505993624734,0.20003183391223903,0.004050499992445111,6,0.05855044822199336,0.221717434910513,0.0032774000428617
61,original,N,New_N_062.wav,20-13-9-6,DeepONMF_H4,4,nndsvd,0.24326208509574856,6x212,0.03669650002848357,20,0.06325325322670354,0.2364778505988989,0.023023600107990205,13,0.05562465554272049,0.2717851341818999,0.005413500010035932,9,0.05589646363932826,0.2910794737279832,0.0042094000382348895,6,0.05674315511505116,0.37618579681198344,0.0031574999447911978
62,original,N,New_N_063.wav,20-13-9-6,DeepONMF_H4,4,nndsvd,0.24423095745054832,6x212,0.03766730008646846,20,0.06448073882194347,0.20927080820392208,0.023136200034059584,13,0.05605716680983231,0.20309662785426205,0.006501900032162666,9,0.056212893270991965,0.23722698926513205,0.0038880000356584787,6,0.058601950569294105,0.23238532907512002,0.0032774000428617
63,original,N,New_N_064.wav,20-13-9-6,DeepONMF_H4,4,nndsvd,0.2434253858729757,6x212,0.04154450003989041,20,0.06338526488646289,0.214729340282182,0.026650700019672513,13,0.05578738374775823,0.23194050991687923,0.0056853999849408865,9,0.05615309371032809,0.2572839330630907,0.004179300041869283,6,0.058006991269424386,0.35056800722196,0.004117299919016659
64,original,N,New_N_065.wav,20-13-9-6,DeepONMF_H4,4,nndsvd,0.24480343575219915,6x212,0.037080799927935004,20,0.06584585623040572,0.1982362492542639,0.023492999956943095,13,0.05582406053094003,0.20340202980081803,0.0053403000347316265,9,0.0562444934442779,0.221587177076931,0.004031900083646178,6,0.05986744479801272,0.2777317596231675,0.0032727000070735812
65,original,N,New_N_066.wav,20-13-9-6,DeepONMF_H4,4,nndsvd,0.24304720225724472,6x212,0.038549200049601495,20,0.062368968690114004,0.19442736166893618,0.023953799973241985,13,0.055772401459607705,0.18484123460554616,0.006393900024704635,9,0.05661945397770679,0.22496938286311297,0.0038456000620499253,6,0.05782234115047823,0.2624973208112452,0.0032854999881237745
66,original,N,New_N_067.wav,20-13-9-6,DeepONMF_H4,4,nndsvd,0.24344841486444121,6x212,0.03753029997460544,20,0.06158141595520694,0.22203490430994421,0.024841699982061982,13,0.05580109758308485,0.2244453588502111,0.005023399950005114,9,0.0568739177692197,0.2534898963631657,0.0035231999354436994,6,0.05839210871647172,0.24381824824799966,0.0030311000300571322
67,original,N,New_N_068.wav,20-13-9-6,DeepONMF_H4,4,nndsvd,0.2448680864068406,6x212,0.037652599974535406,20,0.06774863762883819,0.2079757461995091,0.023897400009445846,13,0.05560724438977205,0.19890311637090585,0.005194899975322187,9,0.05686237204411848,0.22156223369864542,0.004331899923272431,6,0.05796153975403383,0.31611839959058863,0.003359599970281124
68,original,N,New_N_069.wav,20-13-9-6,DeepONMF_H4,4,nndsvd,0.24628765682688633,6x212,0.03493729990441352,20,0.07015810908053427,0.19404974182339257,0.021423700032755733,13,0.05614882197321963,0.21103366914601507,0.005020599928684533,9,0.056717515164851434,0.2583806382398601,0.004443699959665537,6,0.06087827379835622,0.28427245537156287,0.0031651000026613474
69,original,N,New_N_070.wav,20-13-9-6,DeepONMF_H4,4,nndsvd,0.24778809306696822,6x212,0.039027499966323376,20,0.0703706110932355,0.18493843052487946,0.023642699932679534,13,0.05633820818871926,0.20385726094865034,0.0058741000248119235,9,0.057666701504358986,0.22907954130889607,0.003931099898181856,6,0.063124538568776,0.27307730344530085,0.0044299999717622995
70,original,N,New_N_071.wav,20-13-9-6,DeepONMF_H4,4,nndsvd,0.24695588062815327,6x212,0.04625099990516901,20,0.0691145113830016,0.23594660987955798,0.03015840006992221,13,0.05574626007950891,0.2178202355731701,0.005637999973259866,9,0.056708891546889885,0.23128382376806597,0.005770299932919443,6,0.06010792255707876,0.2966842270849107,0.0036493000807240605
71,original,N,New_N_072.wav,20-13-9-6,DeepONMF_H4,4,nndsvd,0.24680095256450352,6x212,0.041359699913300574,20,0.07066028569824617,0.1982774474225279,0.026765800081193447,13,0.05577771654649944,0.1810667629348754,0.005754599929787219,9,0.05826617351597897,0.23367306989472894,0.004054000019095838,6,0.0603559257375431,0.3553644164245327,0.003469299990683794
72,original,N,New_N_073.wav,20-13-9-6,DeepONMF_H4,4,nndsvd,0.24710023373174736,6x212,0.042688600020483136,20,0.0699981215240489,0.16697280309437143,0.02640520001295954,13,0.056137275165960905,0.16305381272477065,0.00694890005979687,9,0.05861466874827416,0.21036864048362977,0.0048186000203713775,6,0.05982281744270143,0.2399502959205238,0.003462799941189587
73,original,N,New_N_074.wav,20-13-9-6,DeepONMF_H4,4,nndsvd,0.2473199758282475,6x212,0.04230289999395609,20,0.06643659156064226,0.19194203477125438,0.0273887999355793,13,0.05630450703973558,0.17136521861634696,0.005714000086300075,9,0.0574243654198638,0.19444957002905372,0.004018499981611967,6,0.062367474017921,0.2233524712854525,0.004010199918411672
74,original,N,New_N_075.wav,20-13-9-6,DeepONMF_H4,4,nndsvd,0.2460335903289233,6x212,0.04663660004734993,20,0.06964276648542539,0.1807921263778659,0.028637700015679002,13,0.05618249026713421,0.19915245623014471,0.00797089992556721,9,0.0569112831387273,0.24040169154985971,0.00470699998550117,6,0.06003217455213018,0.27796424881509474,0.0042990000220015645
75,original,N,New_N_076.wav,20-13-9-6,DeepONMF_H4,4,nndsvd,0.2495172978657359,6x212,0.05017449997831136,20,0.07274383919524492,0.20688264974741538,0.03189119999296963,13,0.05622840724277891,0.20721161587336764,0.008713499992154539,9,0.05769535413851944,0.2627451174745091,0.004477799986489117,6,0.06227243440535262,0.27796528668187437,0.004017399973236024
76,original,N,New_N_077.wav,20-13-9-6,DeepONMF_H4,4,nndsvd,0.2443906630821681,6x212,0.052849599975161254,20,0.0663856896213446,0.2150582132910479,0.03477460006251931,13,0.05568877108010286,0.22127028880383237,0.008220700081437826,9,0.056111931996456955,0.2113336938931826,0.004485600045882165,6,0.058470363383404375,0.26138657275994903,0.004168399958871305
77,original,N,New_N_078.wav,20-13-9-6,DeepONMF_H4,4,nndsvd,0.2449716728387069,6x212,0.045637100003659725,20,0.06650237685196382,0.19405887325269422,0.02972099999897182,13,0.05610385678048915,0.21269778198948686,0.006646099966019392,9,0.05681685273286785,0.22320809189334664,0.004432399990037084,6,0.059333072468333165,0.23183809356684953,0.0039224999491125345
78,original,N,New_N_079.wav,20-13-9-6,DeepONMF_H4,4,nndsvd,0.24977549532759943,6x212,0.04303770000115037,20,0.07045189354536062,0.22013608366350018,0.027434199932031333,13,0.0572344397142594,0.17955645956829056,0.005855700001120567,9,0.058214330023481864,0.19288807052661383,0.004939400008879602,6,0.06293519563143646,0.2035868670788758,0.003937100060284138
79,original,N,New_N_080.wav,20-13-9-6,DeepONMF_H4,4,nndsvd,0.24741342071822597,6x212,0.044118299963884056,20,0.07088549428489974,0.18127515874375852,0.02724219998344779,13,0.0566459683755,0.19576443927261505,0.007521399995312095,9,0.05775771529243074,0.2238429122267837,0.004116099909879267,6,0.0592289422411018,0.2839349662579837,0.004150899942032993
80,original,N,New_N_081.wav,20-13-9-6,DeepONMF_H4,4,nndsvd,0.24703414220677974,6x212,0.043946399935521185,20,0.07353761999451303,0.21423340230628987,0.0274855000898242,13,0.0559357609016897,0.18892593598106236,0.007422399939969182,9,0.05661203874287581,0.23097792346716745,0.00429970002733171,6,0.05938277792503059,0.2703662373964383,0.003822099999524653
81,original,N,New_N_082.wav,20-13-9-6,DeepONMF_H4,4,nndsvd,0.24499486942934218,6x212,0.043026800034567714,20,0.06560369403903973,0.232920646172131,0.027663700049743056,13,0.05596272937983587,0.2207693251283252,0.005359599948860705,9,0.057005168382242226,0.2433614208848651,0.004282200010493398,6,0.059627474971348626,0.2760335512888367,0.004831099999137223
82,original,N,New_N_083.wav,20-13-9-6,DeepONMF_H4,4,nndsvd,0.24782884604849395,6x212,0.04314329999033362,20,0.07277125464853465,0.22018863649449572,0.027546799974516034,13,0.05610785244749091,0.189220694096989,0.006718100048601627,9,0.057141559666102786,0.19646047274538242,0.004379899939522147,6,0.05955138442127107,0.2412832513212503,0.003525699954479933
83,original,N,New_N_084.wav,20-13-9-6,DeepONMF_H4,4,nndsvd,0.24695428349344997,6x212,0.039090000092983246,20,0.06763921393308253,0.18462481827395807,0.025437099975533783,13,0.05625616736588597,0.17256679518119264,0.005112399929203093,9,0.05752187625843711,0.2140704770223582,0.0037215999327600002,6,0.062368979911688445,0.2573703591638546,0.003958099987357855
84,original,N,New_N_085.wav,20-13-9-6,DeepONMF_H4,4,nndsvd,0.24564268756687657,6x212,0.03937499993480742,20,0.06863661761575401,0.22693095072263464,0.025458000018261373,13,0.055894536773034714,0.2244012697595204,0.005678800051100552,9,0.05675007605332927,0.24712619715217476,0.0040784000884741545,6,0.058335178893277564,0.29913209562832765,0.003228600020520389
85,original,N,New_N_086.wav,20-13-9-6,DeepONMF_H4,4,nndsvd,0.2491612785679451,6x212,0.03460150002501905,20,0.07335515503413685,0.21580102659573136,0.021487400052137673,13,0.05751617199442786,0.17112435876207494,0.005845600040629506,9,0.059632506976466035,0.17111598368615324,0.003461899934336543,6,0.060419401126088665,0.22757428018147505,0.002994099981151521
86,original,N,New_N_087.wav,20-13-9-6,DeepONMF_H4,4,nndsvd,0.24842065695107846,6x212,0.035045400029048324,20,0.07019948183966236,0.20120218364358478,0.02190219995100051,13,0.05599037486282001,0.1850290032995533,0.005499999970197678,9,0.05776072426035124,0.185401317737578,0.003604999976232648,6,0.061128044839427347,0.24709531143979754,0.0030397000955417752
87,original,N,New_N_088.wav,20-13-9-6,DeepONMF_H4,4,nndsvd,0.24717371046922057,6x212,0.03439709998201579,20,0.06887792795856687,0.20105327894483155,0.02279139996971935,13,0.056057710942413096,0.19314196112933946,0.004520300077274442,9,0.057746472658218036,0.21220644104677067,0.0032302000327035785,6,0.06258012071698497,0.2642719692623143,0.002701599965803325
88,original,N,New_N_089.wav,20-13-9-6,DeepONMF_H4,4,nndsvd,0.24766508037116977,6x212,0.03456870000809431,20,0.06691885764108035,0.21185401108854313,0.02288940001744777,13,0.056089391672083266,0.19168766154773015,0.004586700000800192,9,0.05755805525966269,0.19768732512732376,0.0033707000548020005,6,0.06347756428294099,0.2612113549613929,0.0029195999959483743
89,original,N,New_N_090.wav,20-13-9-6,DeepONMF_H4,4,nndsvd,0.2472312656932449,6x212,0.037012599990703166,20,0.07022252413238424,0.1927668439052709,0.023480400093831122,13,0.056574557185752154,0.1953075590456196,0.005177099956199527,9,0.05735825163012387,0.21164400679301132,0.0036449999315664172,6,0.06145351011652548,0.2669982418882281,0.0037449999945238233
90,original,N,New_N_091.wav,20-13-9-6,DeepONMF_H4,4,nndsvd,0.2464511486064146,6x212,0.03400029998738319,20,0.07088306080306542,0.18472865084749596,0.02184940001461655,13,0.056107052168426326,0.18416092408331458,0.004335900070145726,9,0.056993171578497676,0.2171923523989631,0.003549100016243756,6,0.0629746268620604,0.26384220055858,0.003386499942280352
91,original,N,New_N_092.wav,20-13-9-6,DeepONMF_H4,4,nndsvd,0.24512752466802176,6x212,0.03445599996484816,20,0.06571532011779972,0.21254564019958577,0.022618699935264885,13,0.055867307946294985,0.2389912142800444,0.004494399996474385,9,0.056426638908451975,0.25267046963575396,0.0035188000183552504,6,0.05975104714043444,0.2917135367144466,0.0030212000710889697
92,original,N,New_N_093.wav,20-13-9-6,DeepONMF_H4,4,nndsvd,0.24802865212789788,6x212,0.033609400037676096,20,0.06752714261610364,0.16769961246017714,0.021175900008529425,13,0.056207437286560163,0.17665349950009968,0.0045773000456392765,9,0.06109111982970681,0.18061589050012483,0.0038984999991953373,6,0.06151920776478281,0.21648008302917301,0.0032191999489441514
93,original,N,New_N_094.wav,20-13-9-6,DeepONMF_H4,4,nndsvd,0.25025517677201076,6x212,0.031517700059339404,20,0.07094462127969563,0.21966709518522015,0.019974100054241717,13,0.05582934567419935,0.2143927202528709,0.004229399957694113,9,0.059884625694734815,0.22274513045597638,0.0032001000363379717,6,0.06596995141249208,0.25522039298955507,0.0030167000368237495
94,original,N,New_N_095.wav,20-13-9-6,DeepONMF_H4,4,nndsvd,0.24577528079359162,6x212,0.032741199946030974,20,0.06773584484824688,0.19529060307039509,0.020563700003549457,13,0.05583174406981305,0.204296897784201,0.004352099960669875,9,0.05656977085120657,0.21935057517447454,0.003129799966700375,6,0.05953007888726963,0.23664367356772864,0.003680699970573187
95,original,N,New_N_096.wav,20-13-9-6,DeepONMF_H4,4,nndsvd,0.24870839480614143,6x212,0.030614899937063456,20,0.07461521463639456,0.21810261527399716,0.019546200055629015,13,0.05627159042180986,0.19228306634352263,0.004396399948745966,9,0.05696644993581855,0.21267581111887335,0.003135400009341538,6,0.06128993350664692,0.2867146946841841,0.0026415999745950103
96,original,N,New_N_097.wav,20-13-9-6,DeepONMF_H4,4,nndsvd,0.24773193081820213,6x212,0.03177350002806634,20,0.07403893053024112,0.20964225173672715,0.020443599903956056,13,0.05621117243936387,0.19990915644500898,0.004495000001043081,9,0.05732002616167322,0.22406241324785692,0.003156400052830577,6,0.05935828203972028,0.29512476413983285,0.0026738999877125025
97,original,N,New_N_098.wav,20-13-9-6,DeepONMF_H4,4,nndsvd,0.24583796074958203,6x212,0.03632000007200986,20,0.0715456745257419,0.2108198656236755,0.02499319997150451,13,0.05581691399831936,0.23391147104279097,0.004203099990263581,9,0.05655041835276004,0.2622006016569778,0.0031237000366672873,6,0.05915705444406948,0.29098305872622415,0.0031033999985083938
98,original,N,New_N_099.wav,20-13-9-6,DeepONMF_H4,4,nndsvd,0.24398724006998584,6x212,0.031577799934893847,20,0.0650117436287601,0.2196964831376984,0.020502100000157952,13,0.055869177064088026,0.16894508328316776,0.0044006999814882874,9,0.05660042053974132,0.22185001275359859,0.0030910999048501253,6,0.05743453817241339,0.24912350101552738,0.0025969999842345715
99,original,N,New_N_100.wav,20-13-9-6,DeepONMF_H4,4,nndsvd,0.24395223152240125,6x212,0.03324529994279146,20,0.06282541036994387,0.22909204772693662,0.022124400013126433,13,0.055776193307952915,0.20396164470760492,0.0043067000806331635,9,0.05585139532075732,0.18684049411063022,0.0030977000715211034,6,0.0593143954761249,0.18660369737380386,0.0029642999870702624
100,original,N,New_N_101.wav,20-13-9-6,DeepONMF_H4,4,nndsvd,0.24284583008534583,6x212,0.03258929995354265,20,0.06291125983563296,0.20060791389703198,0.02144970011431724,13,0.055783995038054576,0.1924944916736703,0.004271999932825565,9,0.05569510581276322,0.24579944574642415,0.003173300065100193,6,0.05658543668570205,0.23039578374963707,0.00273499998729676
101,original,N,New_N_102.wav,20-13-9-6,DeepONMF_H4,4,nndsvd,0.24408031513360878,6x212,0.034945899969898164,20,0.06297626185602992,0.20766205057404866,0.023133999900892377,13,0.055595828180214024,0.22074216769933785,0.004736800095997751,9,0.05627423132988552,0.22925430688267984,0.0031765999738126993,6,0.05912162136724593,0.29023023369082696,0.002676400006748736
102,original,N,New_N_103.wav,20-13-9-6,DeepONMF_H4,4,nndsvd,0.24326554599674632,6x212,0.03470379998907447,20,0.06350283909415977,0.22120136126691406,0.023219099966809154,13,0.05557705053147123,0.23865625708079902,0.004267700016498566,9,0.05618870566023038,0.2720012360001291,0.0032042000675573945,6,0.05790372901580952,0.3790216156203072,0.002752400003373623
103,original,N,New_N_104.wav,20-13-9-6,DeepONMF_H4,4,nndsvd,0.24374091156543698,6x212,0.03253630001563579,20,0.06477774523543649,0.24147967903099274,0.020951999933458865,13,0.05589591074781173,0.19941272169958926,0.004240900045260787,9,0.05621949678492111,0.2266446817152065,0.0032969999592751265,6,0.057305828364815556,0.3558359353444029,0.0026464000111445785
104,original,N,New_N_105.wav,20-13-9-6,DeepONMF_H4,4,nndsvd,0.24236672850120325,6x212,0.03331199998501688,20,0.062049174264431434,0.21381335374242666,0.02187609998509288,13,0.05562056634124818,0.20529544722554818,0.004247099976055324,9,0.05622682476664666,0.2589451780340941,0.003363700001500547,6,0.056912648484181996,0.25177218655638395,0.002793600084260106
105,original,N,New_N_106.wav,20-13-9-6,DeepONMF_H4,4,nndsvd,0.24328967729764975,6x212,0.03311089996714145,20,0.06562075179387551,0.20327630524472248,0.021284300019033253,13,0.055669301381707934,0.19915932406852804,0.00454720004927367,9,0.05588524626396015,0.24249125855459683,0.003306000027805567,6,0.05622879413361222,0.32030065634660404,0.002818299923092127
106,original,N,New_N_107.wav,20-13-9-6,DeepONMF_H4,4,nndsvd,0.24318771407743617,6x212,0.034597599995322526,20,0.0626860470449124,0.23489764618590067,0.02152790001127869,13,0.0557270808720982,0.22577791075614853,0.004765500081703067,9,0.055857950345146234,0.2647608923050951,0.0034585000248625875,6,0.05749357815716194,0.36061129014688426,0.0036775999469682574
107,original,N,New_N_108.wav,20-13-9-6,DeepONMF_H4,4,nndsvd,0.24449491556835004,6x212,0.035319200018420815,20,0.06769028432752154,0.1891138632869589,0.02170580008532852,13,0.05564921651256073,0.19843679025321212,0.005618799943476915,9,0.05608273409762537,0.22440773952470977,0.0034872000105679035,6,0.05713008630065058,0.3009651342053768,0.0035970000317320228
108,original,N,New_N_109.wav,20-13-9-6,DeepONMF_H4,4,nndsvd,0.24328210769780165,6x212,0.03492599993478507,20,0.06063828161311879,0.2033150401346992,0.02253529999870807,13,0.05573547964796901,0.19472621888967304,0.004743699915707111,9,0.056317945101588864,0.26628770563436743,0.0038159999530762434,6,0.057122023597291724,0.3676132278199121,0.0030488999327644706
109,original,N,New_N_110.wav,20-13-9-6,DeepONMF_H4,4,nndsvd,0.2442351929052969,6x212,0.03593150002416223,20,0.06537919456559468,0.21160998226066896,0.022637799964286387,13,0.055837896832727316,0.1971686488102197,0.005353700020350516,9,0.05665221434016163,0.24280009706255573,0.0039796000346541405,6,0.05706794964556329,0.3191666071894971,0.0030100999865680933
