indice_interno,clase,etiqueta_binaria,archivo,ruta,duracion_s,rellenado_menor_2s,tramas_pcg,segundos_extraccion
0,N,normal,New_N_001.wav,C:\Users\armga\OneDrive\Escritorio\TFG\Bases de Datos\N_New_3주기\New_N_001.wav,2.104625,False,1,0.03404909998062067
1,N,normal,New_N_002.wav,C:\Users\armga\OneDrive\Escritorio\TFG\Bases de Datos\N_New_3주기\New_N_002.wav,2.1195,False,1,0.025944900000467896
2,N,normal,New_N_003.wav,C:\Users\armga\OneDrive\Escritorio\TFG\Bases de Datos\N_New_3주기\New_N_003.wav,2.116625,False,1,0.03270940002403222
3,N,normal,New_N_004.wav,C:\Users\armga\OneDrive\Escritorio\TFG\Bases de Datos\N_New_3주기\New_N_004.wav,2.087,False,1,0.0384353999979794
4,N,normal,New_N_005.wav,C:\Users\armga\OneDrive\Escritorio\TFG\Bases de Datos\N_New_3주기\New_N_005.wav,2.120375,False,1,0.0292454999871552
5,N,normal,New_N_006.wav,C:\Users\armga\OneDrive\Escritorio\TFG\Bases de Datos\N_New_3주기\New_N_006.wav,2.090625,False,1,0.0317067000141833
6,N,normal,New_N_007.wav,C:\Users\armga\OneDrive\Escritorio\TFG\Bases de Datos\N_New_3주기\New_N_007.wav,2.101875,False,1,0.02559050000854768
7,N,normal,New_N_008.wav,C:\Users\armga\OneDrive\Escritorio\TFG\Bases de Datos\N_New_3주기\New_N_008.wav,2.10925,False,1,0.03522630000952631
8,N,normal,New_N_009.wav,C:\Users\armga\OneDrive\Escritorio\TFG\Bases de Datos\N_New_3주기\New_N_009.wav,2.1005,False,1,0.03857380000408739
9,N,normal,New_N_010.wav,C:\Users\armga\OneDrive\Escritorio\TFG\Bases de Datos\N_New_3주기\New_N_010.wav,2.093,False,1,0.03716559999156743
10,N,normal,New_N_011.wav,C:\Users\armga\OneDrive\Escritorio\TFG\Bases de Datos\N_New_3주기\New_N_011.wav,2.1105,False,1,0.041664999997010455
11,N,normal,New_N_012.wav,C:\Users\armga\OneDrive\Escritorio\TFG\Bases de Datos\N_New_3주기\New_N_012.wav,2.095625,False,1,0.0431236999866087
12,N,normal,New_N_013.wav,C:\Users\armga\OneDrive\Escritorio\TFG\Bases de Datos\N_New_3주기\New_N_013.wav,2.11525,False,1,0.0361276000039652
13,N,normal,New_N_014.wav,C:\Users\armga\OneDrive\Escritorio\TFG\Bases de Datos\N_New_3주기\New_N_014.wav,2.093,False,1,0.03416090001701377
14,N,normal,New_N_015.wav,C:\Users\armga\OneDrive\Escritorio\TFG\Bases de Datos\N_New_3주기\New_N_015.wav,2.093,False,1,0.03455100001883693
15,N,normal,New_N_016.wav,C:\Users\armga\OneDrive\Escritorio\TFG\Bases de Datos\N_New_3주기\New_N_016.wav,2.08575,False,1,0.030046400002902374
16,N,normal,New_N_017.wav,C:\Users\armga\OneDrive\Escritorio\TFG\Bases de Datos\N_New_3주기\New_N_017.wav,2.063625,False,1,0.03262079998967238
17,N,normal,New_N_018.wav,C:\Users\armga\OneDrive\Escritorio\TFG\Bases de Datos\N_New_3주기\New_N_018.wav,2.100625,False,1,0.03935479998472147
18,N,normal,New_N_019.wav,C:\Users\armga\OneDrive\Escritorio\TFG\Bases de Datos\N_New_3주기\New_N_019.wav,2.09175,False,1,0.041536100005032495
19,N,normal,New_N_020.wav,C:\Users\armga\OneDrive\Escritorio\TFG\Bases de Datos\N_New_3주기\New_N_020.wav,2.077,False,1,0.04103930000565015
20,N,normal,New_N_021.wav,C:\Users\armga\OneDrive\Escritorio\TFG\Bases de Datos\N_New_3주기\New_N_021.wav,2.1105,False,1,0.03917809997801669
21,N,normal,New_N_022.wav,C:\Users\armga\OneDrive\Escritorio\TFG\Bases de Datos\N_New_3주기\New_N_022.wav,2.087875,False,1,0.03433130000485107
22,N,normal,New_N_023.wav,C:\Users\armga\OneDrive\Escritorio\TFG\Bases de Datos\N_New_3주기\New_N_023.wav,2.116625,False,1,0.041158200008794665
23,N,normal,New_N_024.wav,C:\Users\armga\OneDrive\Escritorio\TFG\Bases de Datos\N_New_3주기\New_N_024.wav,2.10925,False,1,0.03133180001168512
24,N,normal,New_N_025.wav,C:\Users\armga\OneDrive\Escritorio\TFG\Bases de Datos\N_New_3주기\New_N_025.wav,2.103,False,1,0.0341826000076253
25,N,normal,New_N_026.wav,C:\Users\armga\OneDrive\Escritorio\TFG\Bases de Datos\N_New_3주기\New_N_026.wav,2.1105,False,1,0.032576800003880635
26,N,normal,New_N_027.wav,C:\Users\armga\OneDrive\Escritorio\TFG\Bases de Datos\N_New_3주기\New_N_027.wav,2.116625,False,1,0.024626700003864244
27,N,normal,New_N_028.wav,C:\Users\armga\OneDrive\Escritorio\TFG\Bases de Datos\N_New_3주기\New_N_028.wav,2.087,False,1,0.033440500003052875
28,N,normal,New_N_029.wav,C:\Users\armga\OneDrive\Escritorio\TFG\Bases de Datos\N_New_3주기\New_N_029.wav,2.103,False,1,0.030839299986837432
29,N,normal,New_N_030.wav,C:\Users\armga\OneDrive\Escritorio\TFG\Bases de Datos\N_New_3주기\New_N_030.wav,2.1105,False,1,0.040087200002744794
30,N,normal,New_N_031.wav,C:\Users\armga\OneDrive\Escritorio\TFG\Bases de Datos\N_New_3주기\New_N_031.wav,2.09825,False,1,0.03202350001083687
31,N,normal,New_N_032.wav,C:\Users\armga\OneDrive\Escritorio\TFG\Bases de Datos\N_New_3주기\New_N_032.wav,2.083625,False,1,0.03556190000381321
32,N,normal,New_N_033.wav,C:\Users\armga\OneDrive\Escritorio\TFG\Bases de Datos\N_New_3주기\New_N_033.wav,2.1105,False,1,0.029993900010595098
33,N,normal,New_N_034.wav,C:\Users\armga\OneDrive\Escritorio\TFG\Bases de Datos\N_New_3주기\New_N_034.wav,2.1405,False,1,0.03498229998513125
34,N,normal,New_N_035.wav,C:\Users\armga\OneDrive\Escritorio\TFG\Bases de Datos\N_New_3주기\New_N_035.wav,2.09175,False,1,0.03501960000721738
35,N,normal,New_N_036.wav,C:\Users\armga\OneDrive\Escritorio\TFG\Bases de Datos\N_New_3주기\New_N_036.wav,2.084375,False,1,0.027881299989530817
36,N,normal,New_N_037.wav,C:\Users\armga\OneDrive\Escritorio\TFG\Bases de Datos\N_New_3주기\New_N_037.wav,3.00725,False,2,0.038618799997493625
37,N,normal,New_N_038.wav,C:\Users\armga\OneDrive\Escritorio\TFG\Bases de Datos\N_New_3주기\New_N_038.wav,2.975375,False,1,0.04100070000276901
38,N,normal,New_N_039.wav,C:\Users\armga\OneDrive\Escritorio\TFG\Bases de Datos\N_New_3주기\New_N_039.wav,2.958625,False,1,0.036480900016613305
39,N,normal,New_N_040.wav,C:\Users\armga\OneDrive\Escritorio\TFG\Bases de Datos\N_New_3주기\New_N_040.wav,2.846,False,1,0.0370153000112623
40,N,normal,New_N_041.wav,C:\Users\armga\OneDrive\Escritorio\TFG\Bases de Datos\N_New_3주기\New_N_041.wav,2.59225,False,1,0.037963700015097857
41,N,normal,New_N_042.wav,C:\Users\armga\OneDrive\Escritorio\TFG\Bases de Datos\N_New_3주기\New_N_042.wav,2.574,False,1,0.03641499998047948
42,N,normal,New_N_043.wav,C:\Users\armga\OneDrive\Escritorio\TFG\Bases de Datos\N_New_3주기\New_N_043.wav,2.65575,False,1,0.03174009997746907
43,N,normal,New_N_044.wav,C:\Users\armga\OneDrive\Escritorio\TFG\Bases de Datos\N_New_3주기\New_N_044.wav,2.5635,False,1,0.02704539999831468
44,N,normal,New_N_045.wav,C:\Users\armga\OneDrive\Escritorio\TFG\Bases de Datos\N_New_3주기\New_N_045.wav,2.672875,False,1,0.02942470001289621
45,N,normal,New_N_046.wav,C:\Users\armga\OneDrive\Escritorio\TFG\Bases de Datos\N_New_3주기\New_N_046.wav,2.691625,False,1,0.03577919999952428
46,N,normal,New_N_047.wav,C:\Users\armga\OneDrive\Escritorio\TFG\Bases de Datos\N_New_3주기\New_N_047.wav,2.605625,False,1,0.03358610000577755
47,N,normal,New_N_048.wav,C:\Users\armga\OneDrive\Escritorio\TFG\Bases de Datos\N_New_3주기\New_N_048.wav,2.642625,False,1,0.03910649998579174
48,N,normal,New_N_049.wav,C:\Users\armga\OneDrive\Escritorio\TFG\Bases de Datos\N_New_3주기\New_N_049.wav,2.6025,False,1,0.03377859998727217
49,N,normal,New_N_050.wav,C:\Users\armga\OneDrive\Escritorio\TFG\Bases de Datos\N_New_3주기\New_N_050.wav,2.575125,False,1,0.04140929999994114
50,N,normal,New_N_051.wav,C:\Users\armga\OneDrive\Escritorio\TFG\Bases de Datos\N_New_3주기\New_N_051.wav,2.68825,False,1,0.04138229999807663
51,N,normal,New_N_052.wav,C:\Users\armga\OneDrive\Escritorio\TFG\Bases de Datos\N_New_3주기\New_N_052.wav,2.58525,False,1,0.03926799999317154
52,N,normal,New_N_053.wav,C:\Users\armga\OneDrive\Escritorio\TFG\Bases de Datos\N_New_3주기\New_N_053.wav,2.618875,False,1,0.03280549999908544
53,N,normal,New_N_054.wav,C:\Users\armga\OneDrive\Escritorio\TFG\Bases de Datos\N_New_3주기\New_N_054.wav,2.62825,False,1,0.031148300011409447
54,N,normal,New_N_055.wav,C:\Users\armga\OneDrive\Escritorio\TFG\Bases de Datos\N_New_3주기\New_N_055.wav,2.593375,False,1,0.04165060000377707
55,N,normal,New_N_056.wav,C:\Users\armga\OneDrive\Escritorio\TFG\Bases de Datos\N_New_3주기\New_N_056.wav,2.58425,False,1,0.03999609997845255
56,N,normal,New_N_057.wav,C:\Users\armga\OneDrive\Escritorio\TFG\Bases de Datos\N_New_3주기\New_N_057.wav,2.67975,False,1,0.03669599999557249
57,N,normal,New_N_058.wav,C:\Users\armga\OneDrive\Escritorio\TFG\Bases de Datos\N_New_3주기\New_N_058.wav,2.5685,False,1,0.029625600000144914
58,N,normal,New_N_059.wav,C:\Users\armga\OneDrive\Escritorio\TFG\Bases de Datos\N_New_3주기\New_N_059.wav,2.678875,False,1,0.030686499987496063
59,N,normal,New_N_060.wav,C:\Users\armga\OneDrive\Escritorio\TFG\Bases de Datos\N_New_3주기\New_N_060.wav,2.6695,False,1,0.03032119999988936
60,N,normal,New_N_061.wav,C:\Users\armga\OneDrive\Escritorio\TFG\Bases de Datos\N_New_3주기\New_N_061.wav,2.596375,False,1,0.0346780999971088
61,N,normal,New_N_062.wav,C:\Users\armga\OneDrive\Escritorio\TFG\Bases de Datos\N_New_3주기\New_N_062.wav,2.642625,False,1,0.03004840001813136
62,N,normal,New_N_063.wav,C:\Users\armga\OneDrive\Escritorio\TFG\Bases de Datos\N_New_3주기\New_N_063.wav,2.601625,False,1,0.03520700000808574
63,N,normal,New_N_064.wav,C:\Users\armga\OneDrive\Escritorio\TFG\Bases de Datos\N_New_3주기\New_N_064.wav,2.583125,False,1,0.031060999986948445
64,N,normal,New_N_065.wav,C:\Users\armga\OneDrive\Escritorio\TFG\Bases de Datos\N_New_3주기\New_N_065.wav,2.689,False,1,0.03194299997994676
65,N,normal,New_N_066.wav,C:\Users\armga\OneDrive\Escritorio\TFG\Bases de Datos\N_New_3주기\New_N_066.wav,2.5685,False,1,0.04063140001380816
66,N,normal,New_N_067.wav,C:\Users\armga\OneDrive\Escritorio\TFG\Bases de Datos\N_New_3주기\New_N_067.wav,2.601375,False,1,0.03406519998679869
67,N,normal,New_N_068.wav,C:\Users\armga\OneDrive\Escritorio\TFG\Bases de Datos\N_New_3주기\New_N_068.wav,2.46625,False,1,0.03740309999557212
68,N,normal,New_N_069.wav,C:\Users\armga\OneDrive\Escritorio\TFG\Bases de Datos\N_New_3주기\New_N_069.wav,2.540375,False,1,0.03434099999140017
69,N,normal,New_N_070.wav,C:\Users\armga\OneDrive\Escritorio\TFG\Bases de Datos\N_New_3주기\New_N_070.wav,2.5585,False,1,0.0390964999969583
70,N,normal,New_N_071.wav,C:\Users\armga\OneDrive\Escritorio\TFG\Bases de Datos\N_New_3주기\New_N_071.wav,2.583375,False,1,0.03073559998301789
71,N,normal,New_N_072.wav,C:\Users\armga\OneDrive\Escritorio\TFG\Bases de Datos\N_New_3주기\New_N_072.wav,2.53825,False,1,0.029241699987323955
72,N,normal,New_N_073.wav,C:\Users\armga\OneDrive\Escritorio\TFG\Bases de Datos\N_New_3주기\New_N_073.wav,2.571125,False,1,0.034263000008650124
73,N,normal,New_N_074.wav,C:\Users\armga\OneDrive\Escritorio\TFG\Bases de Datos\N_New_3주기\New_N_074.wav,2.544125,False,1,0.03768750000745058
74,N,normal,New_N_075.wav,C:\Users\armga\OneDrive\Escritorio\TFG\Bases de Datos\N_New_3주기\New_N_075.wav,2.565375,False,1,0.03490990001591854
75,N,normal,New_N_076.wav,C:\Users\armga\OneDrive\Escritorio\TFG\Bases de Datos\N_New_3주기\New_N_076.wav,2.52925,False,1,0.03242600001976825
76,N,normal,New_N_077.wav,C:\Users\armga\OneDrive\Escritorio\TFG\Bases de Datos\N_New_3주기\New_N_077.wav,2.553125,False,1,0.031480200006626546
77,N,normal,New_N_078.wav,C:\Users\armga\OneDrive\Escritorio\TFG\Bases de Datos\N_New_3주기\New_N_078.wav,2.526125,False,1,0.03324530000099912
78,N,normal,New_N_079.wav,C:\Users\armga\OneDrive\Escritorio\TFG\Bases de Datos\N_New_3주기\New_N_079.wav,2.562,False,1,0.029960699990624562
79,N,normal,New_N_080.wav,C:\Users\armga\OneDrive\Escritorio\TFG\Bases de Datos\N_New_3주기\New_N_080.wav,2.535125,False,1,0.03167409999878146
80,N,normal,New_N_081.wav,C:\Users\armga\OneDrive\Escritorio\TFG\Bases de Datos\N_New_3주기\New_N_081.wav,2.581,False,1,0.0358886000176426
81,N,normal,New_N_082.wav,C:\Users\armga\OneDrive\Escritorio\TFG\Bases de Datos\N_New_3주기\New_N_082.wav,2.571875,False,1,0.03149120000307448
82,N,normal,New_N_083.wav,C:\Users\armga\OneDrive\Escritorio\TFG\Bases de Datos\N_New_3주기\New_N_083.wav,2.5835,False,1,0.029478799988282844
83,N,normal,New_N_084.wav,C:\Users\armga\OneDrive\Escritorio\TFG\Bases de Datos\N_New_3주기\New_N_084.wav,2.466,False,1,0.035590400017099455
84,N,normal,New_N_085.wav,C:\Users\armga\OneDrive\Escritorio\TFG\Bases de Datos\N_New_3주기\New_N_085.wav,2.5655,False,1,0.036161000025458634
85,N,normal,New_N_086.wav,C:\Users\armga\OneDrive\Escritorio\TFG\Bases de Datos\N_New_3주기\New_N_086.wav,2.5655,False,1,0.03745160001562908
86,N,normal,New_N_087.wav,C:\Users\armga\OneDrive\Escritorio\TFG\Bases de Datos\N_New_3주기\New_N_087.wav,2.553,False,1,0.030556099984096363
87,N,normal,New_N_088.wav,C:\Users\armga\OneDrive\Escritorio\TFG\Bases de Datos\N_New_3주기\New_N_088.wav,2.526125,False,1,0.034087799984263256
88,N,normal,New_N_089.wav,C:\Users\armga\OneDrive\Escritorio\TFG\Bases de Datos\N_New_3주기\New_N_089.wav,2.57775,False,1,0.03040999997756444
89,N,normal,New_N_090.wav,C:\Users\armga\OneDrive\Escritorio\TFG\Bases de Datos\N_New_3주기\New_N_090.wav,2.56875,False,1,0.041691499995067716
90,N,normal,New_N_091.wav,C:\Users\armga\OneDrive\Escritorio\TFG\Bases de Datos\N_New_3주기\New_N_091.wav,2.568625,False,1,0.025433799979509786
91,N,normal,New_N_092.wav,C:\Users\armga\OneDrive\Escritorio\TFG\Bases de Datos\N_New_3주기\New_N_092.wav,2.5505,False,1,0.0373439000104554
92,N,normal,New_N_093.wav,C:\Users\armga\OneDrive\Escritorio\TFG\Bases de Datos\N_New_3주기\New_N_093.wav,2.5745,False,1,0.03189109999220818
93,N,normal,New_N_094.wav,C:\Users\armga\OneDrive\Escritorio\TFG\Bases de Datos\N_New_3주기\New_N_094.wav,2.547375,False,1,0.033213699993211776
94,N,normal,New_N_095.wav,C:\Users\armga\OneDrive\Escritorio\TFG\Bases de Datos\N_New_3주기\New_N_095.wav,2.553,False,1,0.02916090001235716
95,N,normal,New_N_096.wav,C:\Users\armga\OneDrive\Escritorio\TFG\Bases de Datos\N_New_3주기\New_N_096.wav,2.526125,False,1,0.03226659999927506
96,N,normal,New_N_097.wav,C:\Users\armga\OneDrive\Escritorio\TFG\Bases de Datos\N_New_3주기\New_N_097.wav,2.558125,False,1,0.03565150001668371
97,N,normal,New_N_098.wav,C:\Users\armga\OneDrive\Escritorio\TFG\Bases de Datos\N_New_3주기\New_N_098.wav,2.5295,False,1,0.035319500020705163
98,N,normal,New_N_099.wav,C:\Users\armga\OneDrive\Escritorio\TFG\Bases de Datos\N_New_3주기\New_N_099.wav,2.607875,False,1,0.035620099981315434
99,N,normal,New_N_100.wav,C:\Users\armga\OneDrive\Escritorio\TFG\Bases de Datos\N_New_3주기\New_N_100.wav,2.62675,False,1,0.03692350001074374
100,N,normal,New_N_101.wav,C:\Users\armga\OneDrive\Escritorio\TFG\Bases de Datos\N_New_3주기\New_N_101.wav,2.6275,False,1,0.03644480000366457
101,N,normal,New_N_102.wav,C:\Users\armga\OneDrive\Escritorio\TFG\Bases de Datos\N_New_3주기\New_N_102.wav,2.58175,False,1,0.033213899994734675
102,N,normal,New_N_103.wav,C:\Users\armga\OneDrive\Escritorio\TFG\Bases de Datos\N_New_3주기\New_N_103.wav,2.688375,False,1,0.030748400022275746
103,N,normal,New_N_104.wav,C:\Users\armga\OneDrive\Escritorio\TFG\Bases de Datos\N_New_3주기\New_N_104.wav,2.604,False,1,0.03544120001606643
104,N,normal,New_N_105.wav,C:\Users\armga\OneDrive\Escritorio\TFG\Bases de Datos\N_New_3주기\New_N_105.wav,2.630125,False,1,0.03207349998410791
105,N,normal,New_N_106.wav,C:\Users\armga\OneDrive\Escritorio\TFG\Bases de Datos\N_New_3주기\New_N_106.wav,2.630125,False,1,0.0352800999826286
106,N,normal,New_N_107.wav,C:\Users\armga\OneDrive\Escritorio\TFG\Bases de Datos\N_New_3주기\New_N_107.wav,2.594625,False,1,0.038310400006594136
107,N,normal,New_N_108.wav,C:\Users\armga\OneDrive\Escritorio\TFG\Bases de Datos\N_New_3주기\New_N_108.wav,2.522625,False,1,0.037913600011961535
108,N,normal,New_N_109.wav,C:\Users\armga\OneDrive\Escritorio\TFG\Bases de Datos\N_New_3주기\New_N_109.wav,2.667875,False,1,0.04151849998743273
109,N,normal,New_N_110.wav,C:\Users\armga\OneDrive\Escritorio\TFG\Bases de Datos\N_New_3주기\New_N_110.wav,2.583625,False,1,0.030094599991571158
110,N,normal,New_N_111.wav,C:\Users\armga\OneDrive\Escritorio\TFG\Bases de Datos\N_New_3주기\New_N_111.wav,2.662625,False,1,0.029311399994185194
111,N,normal,New_N_112.wav,C:\Users\armga\OneDrive\Escritorio\TFG\Bases de Datos\N_New_3주기\New_N_112.wav,2.562,False,1,0.029063900001347065
112,N,normal,New_N_113.wav,C:\Users\armga\OneDrive\Escritorio\TFG\Bases de Datos\N_New_3주기\New_N_113.wav,2.624375,False,1,0.03501469999901019
113,N,normal,New_N_114.wav,C:\Users\armga\OneDrive\Escritorio\TFG\Bases de Datos\N_New_3주기\New_N_114.wav,2.596625,False,1,0.03194019998773001
114,N,normal,New_N_115.wav,C:\Users\armga\OneDrive\Escritorio\TFG\Bases de Datos\N_New_3주기\New_N_115.wav,2.57825,False,1,0.03812289997586049
115,N,normal,New_N_116.wav,C:\Users\armga\OneDrive\Escritorio\TFG\Bases de Datos\N_New_3주기\New_N_116.wav,2.59675,False,1,0.032015999982832
116,N,normal,New_N_117.wav,C:\Users\armga\OneDrive\Escritorio\TFG\Bases de Datos\N_New_3주기\New_N_117.wav,2.658,False,1,0.03265499998815358
117,N,normal,New_N_118.wav,C:\Users\armga\OneDrive\Escritorio\TFG\Bases de Datos\N_New_3주기\New_N_118.wav,2.54675,False,1,0.04047150001861155
118,N,normal,New_N_119.wav,C:\Users\armga\OneDrive\Escritorio\TFG\Bases de Datos\N_New_3주기\New_N_119.wav,2.607875,False,1,0.03503070000442676
119,N,normal,New_N_120.wav,C:\Users\armga\OneDrive\Escritorio\TFG\Bases de Datos\N_New_3주기\New_N_120.wav,2.645,False,1,0.0293725999945309
120,N,normal,New_N_121.wav,C:\Users\armga\OneDrive\Escritorio\TFG\Bases de Datos\N_New_3주기\New_N_121.wav,2.588125,False,1,0.035227300017140806
121,N,normal,New_N_122.wav,C:\Users\armga\OneDrive\Escritorio\TFG\Bases de Datos\N_New_3주기\New_N_122.wav,2.543,False,1,0.028050799999618903
122,N,normal,New_N_123.wav,C:\Users\armga\OneDrive\Escritorio\TFG\Bases de Datos\N_New_3주기\New_N_123.wav,2.682375,False,1,0.031840500014368445
123,N,normal,New_N_124.wav,C:\Users\armga\OneDrive\Escritorio\TFG\Bases de Datos\N_New_3주기\New_N_124.wav,2.570625,False,1,0.03129750001244247
124,N,normal,New_N_125.wav,C:\Users\armga\OneDrive\Escritorio\TFG\Bases de Datos\N_New_3주기\New_N_125.wav,2.501375,False,1,0.03337759998976253
125,N,normal,New_N_126.wav,C:\Users\armga\OneDrive\Escritorio\TFG\Bases de Datos\N_New_3주기\New_N_126.wav,2.41475,False,1,0.028022699989378452
126,N,normal,New_N_127.wav,C:\Users\armga\OneDrive\Escritorio\TFG\Bases de Datos\N_New_3주기\New_N_127.wav,2.35525,False,1,0.0343583999783732
127,N,normal,New_N_128.wav,C:\Users\armga\OneDrive\Escritorio\TFG\Bases de Datos\N_New_3주기\New_N_128.wav,2.42725,False,1,0.03703809998114593
128,N,normal,New_N_129.wav,C:\Users\armga\OneDrive\Escritorio\TFG\Bases de Datos\N_New_3주기\New_N_129.wav,2.3515,False,1,0.04069200000958517
129,N,normal,New_N_130.wav,C:\Users\armga\OneDrive\Escritorio\TFG\Bases de Datos\N_New_3주기\New_N_130.wav,2.401625,False,1,0.03092420002212748
130,N,normal,New_N_131.wav,C:\Users\armga\OneDrive\Escritorio\TFG\Bases de Datos\N_New_3주기\New_N_131.wav,2.36725,False,1,0.03162019999581389
131,N,normal,New_N_132.wav,C:\Users\armga\OneDrive\Escritorio\TFG\Bases de Datos\N_New_3주기\New_N_132.wav,2.406375,False,1,0.030808900017291307
132,N,normal,New_N_133.wav,C:\Users\armga\OneDrive\Escritorio\TFG\Bases de Datos\N_New_3주기\New_N_133.wav,2.372375,False,1,0.03152369998861104
133,N,normal,New_N_134.wav,C:\Users\armga\OneDrive\Escritorio\TFG\Bases de Datos\N_New_3주기\New_N_134.wav,2.418875,False,1,0.03957829999853857
134,N,normal,New_N_135.wav,C:\Users\armga\OneDrive\Escritorio\TFG\Bases de Datos\N_New_3주기\New_N_135.wav,2.351625,False,1,0.0413031000061892
135,N,normal,New_N_136.wav,C:\Users\armga\OneDrive\Escritorio\TFG\Bases de Datos\N_New_3주기\New_N_136.wav,2.41875,False,1,0.032476000022143126
136,N,normal,New_N_137.wav,C:\Users\armga\OneDrive\Escritorio\TFG\Bases de Datos\N_New_3주기\New_N_137.wav,2.410125,False,1,0.0336548000050243
137,N,normal,New_N_138.wav,C:\Users\armga\OneDrive\Escritorio\TFG\Bases de Datos\N_New_3주기\New_N_138.wav,2.40575,False,1,0.03405950000160374
138,N,normal,New_N_139.wav,C:\Users\armga\OneDrive\Escritorio\TFG\Bases de Datos\N_New_3주기\New_N_139.wav,2.322125,False,1,0.02594270001281984
139,N,normal,New_N_140.wav,C:\Users\armga\OneDrive\Escritorio\TFG\Bases de Datos\N_New_3주기\New_N_140.wav,2.41,False,1,0.03432010000688024
140,N,normal,New_N_141.wav,C:\Users\armga\OneDrive\Escritorio\TFG\Bases de Datos\N_New_3주기\New_N_141.wav,2.393125,False,1,0.037931300001218915
141,N,normal,New_N_142.wav,C:\Users\armga\OneDrive\Escritorio\TFG\Bases de Datos\N_New_3주기\New_N_142.wav,2.397875,False,1,0.03609229999710806
142,N,normal,New_N_143.wav,C:\Users\armga\OneDrive\Escritorio\TFG\Bases de Datos\N_New_3주기\New_N_143.wav,2.389375,False,1,0.03884570000809617
143,N,normal,New_N_144.wav,C:\Users\armga\OneDrive\Escritorio\TFG\Bases de Datos\N_New_3주기\New_N_144.wav,2.40325,False,1,0.03421029998571612
144,N,normal,New_N_145.wav,C:\Users\armga\OneDrive\Escritorio\TFG\Bases de Datos\N_New_3주기\New_N_145.wav,2.32,False,1,0.04244329998618923
145,N,normal,New_N_146.wav,C:\Users\armga\OneDrive\Escritorio\TFG\Bases de Datos\N_New_3주기\New_N_146.wav,2.396375,False,1,0.03432770000654273
146,N,normal,New_N_147.wav,C:\Users\armga\OneDrive\Escritorio\TFG\Bases de Datos\N_New_3주기\New_N_147.wav,2.388,False,1,0.03995740000391379
147,N,normal,New_N_148.wav,C:\Users\armga\OneDrive\Escritorio\TFG\Bases de Datos\N_New_3주기\New_N_148.wav,2.40575,False,1,0.031849300023168325
148,N,normal,New_N_149.wav,C:\Users\armga\OneDrive\Escritorio\TFG\Bases de Datos\N_New_3주기\New_N_149.wav,2.36375,False,1,0.028808699978981167
149,N,normal,New_N_150.wav,C:\Users\armga\OneDrive\Escritorio\TFG\Bases de Datos\N_New_3주기\New_N_150.wav,2.39525,False,1,0.04008030000841245
150,N,normal,New_N_151.wav,C:\Users\armga\OneDrive\Escritorio\TFG\Bases de Datos\N_New_3주기\New_N_151.wav,2.37825,False,1,0.031586900004185736
151,N,normal,New_N_152.wav,C:\Users\armga\OneDrive\Escritorio\TFG\Bases de Datos\N_New_3주기\New_N_152.wav,2.39525,False,1,0.03944150000461377
152,N,normal,New_N_153.wav,C:\Users\armga\OneDrive\Escritorio\TFG\Bases de Datos\N_New_3주기\New_N_153.wav,2.361125,False,1,0.030121499992674217
153,N,normal,New_N_154.wav,C:\Users\armga\OneDrive\Escritorio\TFG\Bases de Datos\N_New_3주기\New_N_154.wav,2.42075,False,1,0.03812190002645366
154,N,normal,New_N_155.wav,C:\Users\armga\OneDrive\Escritorio\TFG\Bases de Datos\N_New_3주기\New_N_155.wav,2.37825,False,1,0.040602599998237565
155,N,normal,New_N_156.wav,C:\Users\armga\OneDrive\Escritorio\TFG\Bases de Datos\N_New_3주기\New_N_156.wav,2.412875,False,1,0.037156500009587035
156,N,normal,New_N_157.wav,C:\Users\armga\OneDrive\Escritorio\TFG\Bases de Datos\N_New_3주기\New_N_157.wav,2.13425,False,1,0.03870079998159781
157,N,normal,New_N_158.wav,C:\Users\armga\OneDrive\Escritorio\TFG\Bases de Datos\N_New_3주기\New_N_158.wav,2.1015,False,1,0.028174800012493506
158,N,normal,New_N_159.wav,C:\Users\armga\OneDrive\Escritorio\TFG\Bases de Datos\N_New_3주기\New_N_159.wav,2.08675,False,1,0.02856659999815747
159,N,normal,New_N_160.wav,C:\Users\armga\OneDrive\Escritorio\TFG\Bases de Datos\N_New_3주기\New_N_160.wav,2.116375,False,1,0.033062600006815046
160,N,normal,New_N_161.wav,C:\Users\armga\OneDrive\Escritorio\TFG\Bases de Datos\N_New_3주기\New_N_161.wav,2.08675,False,1,0.03919919999316335
161,N,normal,New_N_162.wav,C:\Users\armga\OneDrive\Escritorio\TFG\Bases de Datos\N_New_3주기\New_N_162.wav,2.110375,False,1,0.035846499988110736
162,N,normal,New_N_163.wav,C:\Users\armga\OneDrive\Escritorio\TFG\Bases de Datos\N_New_3주기\New_N_163.wav,2.140375,False,1,0.033655300008831546
163,N,normal,New_N_164.wav,C:\Users\armga\OneDrive\Escritorio\TFG\Bases de Datos\N_New_3주기\New_N_164.wav,2.116375,False,1,0.03248399999574758
164,N,normal,New_N_165.wav,C:\Users\armga\OneDrive\Escritorio\TFG\Bases de Datos\N_New_3주기\New_N_165.wav,2.08675,False,1,0.02665419998811558
165,N,normal,New_N_166.wav,C:\Users\armga\OneDrive\Escritorio\TFG\Bases de Datos\N_New_3주기\New_N_166.wav,2.114125,False,1,0.02769720001379028
166,N,normal,New_N_167.wav,C:\Users\armga\OneDrive\Escritorio\TFG\Bases de Datos\N_New_3주기\New_N_167.wav,2.05575,False,1,0.045103899989044294
167,N,normal,New_N_168.wav,C:\Users\armga\OneDrive\Escritorio\TFG\Bases de Datos\N_New_3주기\New_N_168.wav,2.117875,False,1,0.025764400023035705
168,N,normal,New_N_169.wav,C:\Users\armga\OneDrive\Escritorio\TFG\Bases de Datos\N_New_3주기\New_N_169.wav,2.103,False,1,0.036993599991546944
169,N,normal,New_N_170.wav,C:\Users\armga\OneDrive\Escritorio\TFG\Bases de Datos\N_New_3주기\New_N_170.wav,2.109,False,1,0.02906619998975657
170,N,normal,New_N_171.wav,C:\Users\armga\OneDrive\Escritorio\TFG\Bases de Datos\N_New_3주기\New_N_171.wav,2.079375,False,1,0.04048150000744499
171,N,normal,New_N_172.wav,C:\Users\armga\OneDrive\Escritorio\TFG\Bases de Datos\N_New_3주기\New_N_172.wav,2.125375,False,1,0.03209779999451712
172,N,normal,New_N_173.wav,C:\Users\armga\OneDrive\Escritorio\TFG\Bases de Datos\N_New_3주기\New_N_173.wav,2.125375,False,1,0.02958599998964928
173,N,normal,New_N_174.wav,C:\Users\armga\OneDrive\Escritorio\TFG\Bases de Datos\N_New_3주기\New_N_174.wav,2.076125,False,1,0.029045900009805337
174,N,normal,New_N_175.wav,C:\Users\armga\OneDrive\Escritorio\TFG\Bases de Datos\N_New_3주기\New_N_175.wav,2.128125,False,1,0.03823599999304861
175,N,normal,New_N_176.wav,C:\Users\armga\OneDrive\Escritorio\TFG\Bases de Datos\N_New_3주기\New_N_176.wav,2.106,False,1,0.03112709999550134
176,N,normal,New_N_177.wav,C:\Users\armga\OneDrive\Escritorio\TFG\Bases de Datos\N_New_3주기\New_N_177.wav,2.106125,False,1,0.0248524000053294
177,N,normal,New_N_178.wav,C:\Users\armga\OneDrive\Escritorio\TFG\Bases de Datos\N_New_3주기\New_N_178.wav,2.12825,False,1,0.03729659999953583
178,N,normal,New_N_179.wav,C:\Users\armga\OneDrive\Escritorio\TFG\Bases de Datos\N_New_3주기\New_N_179.wav,2.083625,False,1,0.04154140001628548
179,N,normal,New_N_180.wav,C:\Users\armga\OneDrive\Escritorio\TFG\Bases de Datos\N_New_3주기\New_N_180.wav,2.11625,False,1,0.030888100009178743
180,N,normal,New_N_181.wav,C:\Users\armga\OneDrive\Escritorio\TFG\Bases de Datos\N_New_3주기\New_N_181.wav,2.108875,False,1,0.03293719998328015
181,N,normal,New_N_182.wav,C:\Users\armga\OneDrive\Escritorio\TFG\Bases de Datos\N_New_3주기\New_N_182.wav,2.1135,False,1,0.03592180000850931
182,N,normal,New_N_183.wav,C:\Users\armga\OneDrive\Escritorio\TFG\Bases de Datos\N_New_3주기\New_N_183.wav,2.120875,False,1,0.029283599986229092
183,N,normal,New_N_184.wav,C:\Users\armga\OneDrive\Escritorio\TFG\Bases de Datos\N_New_3주기\New_N_184.wav,2.1135,False,1,0.03600120000191964
184,N,normal,New_N_185.wav,C:\Users\armga\OneDrive\Escritorio\TFG\Bases de Datos\N_New_3주기\New_N_185.wav,2.054125,False,1,0.03285940000205301
185,N,normal,New_N_186.wav,C:\Users\armga\OneDrive\Escritorio\TFG\Bases de Datos\N_New_3주기\New_N_186.wav,2.08675,False,1,0.029382000007899478
186,N,normal,New_N_187.wav,C:\Users\armga\OneDrive\Escritorio\TFG\Bases de Datos\N_New_3주기\New_N_187.wav,2.094,False,1,0.032615299976896495
187,N,normal,New_N_188.wav,C:\Users\armga\OneDrive\Escritorio\TFG\Bases de Datos\N_New_3주기\New_N_188.wav,2.120875,False,1,0.03859849998843856
188,N,normal,New_N_189.wav,C:\Users\armga\OneDrive\Escritorio\TFG\Bases de Datos\N_New_3주기\New_N_189.wav,2.068625,False,1,0.03224830000544898
189,N,normal,New_N_190.wav,C:\Users\armga\OneDrive\Escritorio\TFG\Bases de Datos\N_New_3주기\New_N_190.wav,2.10575,False,1,0.039958000008482486
190,N,normal,New_N_191.wav,C:\Users\armga\OneDrive\Escritorio\TFG\Bases de Datos\N_New_3주기\New_N_191.wav,2.106,False,1,0.038360899983672425
191,N,normal,New_N_192.wav,C:\Users\armga\OneDrive\Escritorio\TFG\Bases de Datos\N_New_3주기\New_N_192.wav,2.11425,False,1,0.03308850000030361
192,N,normal,New_N_193.wav,C:\Users\armga\OneDrive\Escritorio\TFG\Bases de Datos\N_New_3주기\New_N_193.wav,2.03375,False,1,0.03631610001320951
193,N,normal,New_N_194.wav,C:\Users\armga\OneDrive\Escritorio\TFG\Bases de Datos\N_New_3주기\New_N_194.wav,2.391,False,1,0.03760360000887886
194,N,normal,New_N_195.wav,C:\Users\armga\OneDrive\Escritorio\TFG\Bases de Datos\N_New_3주기\New_N_195.wav,2.46,False,1,0.030152999999700114
195,N,normal,New_N_196.wav,C:\Users\armga\OneDrive\Escritorio\TFG\Bases de Datos\N_New_3주기\New_N_196.wav,2.42975,False,1,0.03743590001249686
196,N,normal,New_N_197.wav,C:\Users\armga\OneDrive\Escritorio\TFG\Bases de Datos\N_New_3주기\New_N_197.wav,2.368875,False,1,0.030981399992015213
197,N,normal,New_N_198.wav,C:\Users\armga\OneDrive\Escritorio\TFG\Bases de Datos\N_New_3주기\New_N_198.wav,2.421125,False,1,0.02907230000710115
198,N,normal,New_N_199.wav,C:\Users\armga\OneDrive\Escritorio\TFG\Bases de Datos\N_New_3주기\New_N_199.wav,2.42975,False,1,0.04032369999913499
199,N,normal,New_N_200.wav,C:\Users\armga\OneDrive\Escritorio\TFG\Bases de Datos\N_New_3주기\New_N_200.wav,2.40525,False,1,0.04071300002397038
200,AS,anomalo,New_AS_001.wav,C:\Users\armga\OneDrive\Escritorio\TFG\Bases de Datos\AS_New_3주기\New_AS_001.wav,2.606125,False,1,0.03585159999784082
201,AS,anomalo,New_AS_002.wav,C:\Users\armga\OneDrive\Escritorio\TFG\Bases de Datos\AS_New_3주기\New_AS_002.wav,2.60675,False,1,0.03901380000752397
202,AS,anomalo,New_AS_003.wav,C:\Users\armga\OneDrive\Escritorio\TFG\Bases de Datos\AS_New_3주기\New_AS_003.wav,2.610375,False,1,0.03662249998888001
203,AS,anomalo,New_AS_004.wav,C:\Users\armga\OneDrive\Escritorio\TFG\Bases de Datos\AS_New_3주기\New_AS_004.wav,2.608875,False,1,0.038073400006396696
204,AS,anomalo,New_AS_005.wav,C:\Users\armga\OneDrive\Escritorio\TFG\Bases de Datos\AS_New_3주기\New_AS_005.wav,2.62375,False,1,0.03521939998609014
205,AS,anomalo,New_AS_006.wav,C:\Users\armga\OneDrive\Escritorio\TFG\Bases de Datos\AS_New_3주기\New_AS_006.wav,2.60175,False,1,0.04049270000541583
206,AS,anomalo,New_AS_007.wav,C:\Users\armga\OneDrive\Escritorio\TFG\Bases de Datos\AS_New_3주기\New_AS_007.wav,2.608625,False,1,0.037842400022782385
207,AS,anomalo,New_AS_008.wav,C:\Users\armga\OneDrive\Escritorio\TFG\Bases de Datos\AS_New_3주기\New_AS_008.wav,2.600125,False,1,0.03198540001176298
208,AS,anomalo,New_AS_009.wav,C:\Users\armga\OneDrive\Escritorio\TFG\Bases de Datos\AS_New_3주기\New_AS_009.wav,2.61225,False,1,0.03335819998756051
209,AS,anomalo,New_AS_010.wav,C:\Users\armga\OneDrive\Escritorio\TFG\Bases de Datos\AS_New_3주기\New_AS_010.wav,2.612375,False,1,0.03629930000170134
210,AS,anomalo,New_AS_011.wav,C:\Users\armga\OneDrive\Escritorio\TFG\Bases de Datos\AS_New_3주기\New_AS_011.wav,2.59225,False,1,0.02908559999195859
211,AS,anomalo,New_AS_012.wav,C:\Users\armga\OneDrive\Escritorio\TFG\Bases de Datos\AS_New_3주기\New_AS_012.wav,2.60575,False,1,0.029779100004816428
212,AS,anomalo,New_AS_013.wav,C:\Users\armga\OneDrive\Escritorio\TFG\Bases de Datos\AS_New_3주기\New_AS_013.wav,2.630875,False,1,0.03431959997396916
213,AS,anomalo,New_AS_014.wav,C:\Users\armga\OneDrive\Escritorio\TFG\Bases de Datos\AS_New_3주기\New_AS_014.wav,2.60675,False,1,0.031501700024819
214,AS,anomalo,New_AS_015.wav,C:\Users\armga\OneDrive\Escritorio\TFG\Bases de Datos\AS_New_3주기\New_AS_015.wav,2.61725,False,1,0.03682859998662025
215,AS,anomalo,New_AS_016.wav,C:\Users\armga\OneDrive\Escritorio\TFG\Bases de Datos\AS_New_3주기\New_AS_016.wav,2.42475,False,1,0.03832619998138398
216,AS,anomalo,New_AS_017.wav,C:\Users\armga\OneDrive\Escritorio\TFG\Bases de Datos\AS_New_3주기\New_AS_017.wav,2.585875,False,1,0.03396420000353828
217,AS,anomalo,New_AS_018.wav,C:\Users\armga\OneDrive\Escritorio\TFG\Bases de Datos\AS_New_3주기\New_AS_018.wav,2.603375,False,1,0.03071089999866672
218,AS,anomalo,New_AS_019.wav,C:\Users\armga\OneDrive\Escritorio\TFG\Bases de Datos\AS_New_3주기\New_AS_019.wav,2.616625,False,1,0.03448880001087673
219,AS,anomalo,New_AS_020.wav,C:\Users\armga\OneDrive\Escritorio\TFG\Bases de Datos\AS_New_3주기\New_AS_020.wav,2.598,False,1,0.03488100002869032
220,AS,anomalo,New_AS_021.wav,C:\Users\armga\OneDrive\Escritorio\TFG\Bases de Datos\AS_New_3주기\New_AS_021.wav,2.638125,False,1,0.03596420001122169
221,AS,anomalo,New_AS_022.wav,C:\Users\armga\OneDrive\Escritorio\TFG\Bases de Datos\AS_New_3주기\New_AS_022.wav,2.604625,False,1,0.03269439999712631
222,AS,anomalo,New_AS_023.wav,C:\Users\armga\OneDrive\Escritorio\TFG\Bases de Datos\AS_New_3주기\New_AS_023.wav,2.624625,False,1,0.038187500002095476
223,AS,anomalo,New_AS_024.wav,C:\Users\armga\OneDrive\Escritorio\TFG\Bases de Datos\AS_New_3주기\New_AS_024.wav,2.82025,False,1,0.028446500014979392
224,AS,anomalo,New_AS_025.wav,C:\Users\armga\OneDrive\Escritorio\TFG\Bases de Datos\AS_New_3주기\New_AS_025.wav,2.613875,False,1,0.035605000011855736
225,AS,anomalo,New_AS_026.wav,C:\Users\armga\OneDrive\Escritorio\TFG\Bases de Datos\AS_New_3주기\New_AS_026.wav,2.599625,False,1,0.031068500014953315
226,AS,anomalo,New_AS_027.wav,C:\Users\armga\OneDrive\Escritorio\TFG\Bases de Datos\AS_New_3주기\New_AS_027.wav,2.608625,False,1,0.03503580001415685
227,AS,anomalo,New_AS_028.wav,C:\Users\armga\OneDrive\Escritorio\TFG\Bases de Datos\AS_New_3주기\New_AS_028.wav,2.628375,False,1,0.03912790000322275
228,AS,anomalo,New_AS_029.wav,C:\Users\armga\OneDrive\Escritorio\TFG\Bases de Datos\AS_New_3주기\New_AS_029.wav,2.584125,False,1,0.02997880001203157
229,AS,anomalo,New_AS_030.wav,C:\Users\armga\OneDrive\Escritorio\TFG\Bases de Datos\AS_New_3주기\New_AS_030.wav,2.60425,False,1,0.03746230000979267
230,AS,anomalo,New_AS_031.wav,C:\Users\armga\OneDrive\Escritorio\TFG\Bases de Datos\AS_New_3주기\New_AS_031.wav,2.631125,False,1,0.03235679998761043
231,AS,anomalo,New_AS_032.wav,C:\Users\armga\OneDrive\Escritorio\TFG\Bases de Datos\AS_New_3주기\New_AS_032.wav,2.609125,False,1,0.03747820001444779
232,AS,anomalo,New_AS_033.wav,C:\Users\armga\OneDrive\Escritorio\TFG\Bases de Datos\AS_New_3주기\New_AS_033.wav,2.618125,False,1,0.02475019998382777
233,AS,anomalo,New_AS_034.wav,C:\Users\armga\OneDrive\Escritorio\TFG\Bases de Datos\AS_New_3주기\New_AS_034.wav,2.6235,False,1,0.03148669999791309
234,AS,anomalo,New_AS_035.wav,C:\Users\armga\OneDrive\Escritorio\TFG\Bases de Datos\AS_New_3주기\New_AS_035.wav,2.607875,False,1,0.036606599984224886
235,AS,anomalo,New_AS_036.wav,C:\Users\armga\OneDrive\Escritorio\TFG\Bases de Datos\AS_New_3주기\New_AS_036.wav,2.612125,False,1,0.03192020001006313
236,AS,anomalo,New_AS_037.wav,C:\Users\armga\OneDrive\Escritorio\TFG\Bases de Datos\AS_New_3주기\New_AS_037.wav,2.619125,False,1,0.03764500000397675
237,AS,anomalo,New_AS_038.wav,C:\Users\armga\OneDrive\Escritorio\TFG\Bases de Datos\AS_New_3주기\New_AS_038.wav,2.60125,False,1,0.035646900010760874
238,AS,anomalo,New_AS_039.wav,C:\Users\armga\OneDrive\Escritorio\TFG\Bases de Datos\AS_New_3주기\New_AS_039.wav,2.632375,False,1,0.03836880001472309
239,AS,anomalo,New_AS_040.wav,C:\Users\armga\OneDrive\Escritorio\TFG\Bases de Datos\AS_New_3주기\New_AS_040.wav,2.633875,False,1,0.033299900009296834
240,AS,anomalo,New_AS_041.wav,C:\Users\armga\OneDrive\Escritorio\TFG\Bases de Datos\AS_New_3주기\New_AS_041.wav,2.589375,False,1,0.03681160000269301
241,AS,anomalo,New_AS_042.wav,C:\Users\armga\OneDrive\Escritorio\TFG\Bases de Datos\AS_New_3주기\New_AS_042.wav,2.609375,False,1,0.02902929999982007
242,AS,anomalo,New_AS_043.wav,C:\Users\armga\OneDrive\Escritorio\TFG\Bases de Datos\AS_New_3주기\New_AS_043.wav,2.60125,False,1,0.029250299994600937
243,AS,anomalo,New_AS_044.wav,C:\Users\armga\OneDrive\Escritorio\TFG\Bases de Datos\AS_New_3주기\New_AS_044.wav,2.6105,False,1,0.03176670000539161
244,AS,anomalo,New_AS_045.wav,C:\Users\armga\OneDrive\Escritorio\TFG\Bases de Datos\AS_New_3주기\New_AS_045.wav,2.638,False,1,0.03738870000233874
245,AS,anomalo,New_AS_046.wav,C:\Users\armga\OneDrive\Escritorio\TFG\Bases de Datos\AS_New_3주기\New_AS_046.wav,2.627,False,1,0.03470330001437105
246,AS,anomalo,New_AS_047.wav,C:\Users\armga\OneDrive\Escritorio\TFG\Bases de Datos\AS_New_3주기\New_AS_047.wav,2.58625,False,1,0.038226100004976615
247,AS,anomalo,New_AS_048.wav,C:\Users\armga\OneDrive\Escritorio\TFG\Bases de Datos\AS_New_3주기\New_AS_048.wav,3.427125,False,2,0.0338274999812711
248,AS,anomalo,New_AS_049.wav,C:\Users\armga\OneDrive\Escritorio\TFG\Bases de Datos\AS_New_3주기\New_AS_049.wav,2.9275,False,1,0.02997410000534728
249,AS,anomalo,New_AS_050.wav,C:\Users\armga\OneDrive\Escritorio\TFG\Bases de Datos\AS_New_3주기\New_AS_050.wav,2.917625,False,1,0.036812600010307506
250,AS,anomalo,New_AS_051.wav,C:\Users\armga\OneDrive\Escritorio\TFG\Bases de Datos\AS_New_3주기\New_AS_051.wav,2.918375,False,1,0.033409299998311326
251,AS,anomalo,New_AS_052.wav,C:\Users\armga\OneDrive\Escritorio\TFG\Bases de Datos\AS_New_3주기\New_AS_052.wav,2.917875,False,1,0.03462930000387132
252,AS,anomalo,New_AS_053.wav,C:\Users\armga\OneDrive\Escritorio\TFG\Bases de Datos\AS_New_3주기\New_AS_053.wav,2.939375,False,1,0.037155099998926744
253,AS,anomalo,New_AS_054.wav,C:\Users\armga\OneDrive\Escritorio\TFG\Bases de Datos\AS_New_3주기\New_AS_054.wav,2.914375,False,1,0.03703579999273643
254,AS,anomalo,New_AS_055.wav,C:\Users\armga\OneDrive\Escritorio\TFG\Bases de Datos\AS_New_3주기\New_AS_055.wav,2.94775,False,1,0.03654349999851547
255,AS,anomalo,New_AS_056.wav,C:\Users\armga\OneDrive\Escritorio\TFG\Bases de Datos\AS_New_3주기\New_AS_056.wav,2.91025,False,1,0.03707829999621026
256,AS,anomalo,New_AS_057.wav,C:\Users\armga\OneDrive\Escritorio\TFG\Bases de Datos\AS_New_3주기\New_AS_057.wav,2.923875,False,1,0.036221399990608916
257,AS,anomalo,New_AS_058.wav,C:\Users\armga\OneDrive\Escritorio\TFG\Bases de Datos\AS_New_3주기\New_AS_058.wav,2.89175,False,1,0.037855900009162724
258,AS,anomalo,New_AS_059.wav,C:\Users\armga\OneDrive\Escritorio\TFG\Bases de Datos\AS_New_3주기\New_AS_059.wav,2.927625,False,1,0.03789040000992827
259,AS,anomalo,New_AS_060.wav,C:\Users\armga\OneDrive\Escritorio\TFG\Bases de Datos\AS_New_3주기\New_AS_060.wav,2.924,False,1,0.04159569999319501
260,AS,anomalo,New_AS_061.wav,C:\Users\armga\OneDrive\Escritorio\TFG\Bases de Datos\AS_New_3주기\New_AS_061.wav,2.96025,False,1,0.0394254999991972
261,AS,anomalo,New_AS_062.wav,C:\Users\armga\OneDrive\Escritorio\TFG\Bases de Datos\AS_New_3주기\New_AS_062.wav,2.9135,False,1,0.03850740002235398
262,AS,anomalo,New_AS_063.wav,C:\Users\armga\OneDrive\Escritorio\TFG\Bases de Datos\AS_New_3주기\New_AS_063.wav,2.918375,False,1,0.03885330000775866
263,AS,anomalo,New_AS_064.wav,C:\Users\armga\OneDrive\Escritorio\TFG\Bases de Datos\AS_New_3주기\New_AS_064.wav,2.916,False,1,0.03823570001986809
264,AS,anomalo,New_AS_065.wav,C:\Users\armga\OneDrive\Escritorio\TFG\Bases de Datos\AS_New_3주기\New_AS_065.wav,2.961,False,1,0.02955219999421388
265,AS,anomalo,New_AS_066.wav,C:\Users\armga\OneDrive\Escritorio\TFG\Bases de Datos\AS_New_3주기\New_AS_066.wav,2.91075,False,1,0.04047269999864511
266,AS,anomalo,New_AS_067.wav,C:\Users\armga\OneDrive\Escritorio\TFG\Bases de Datos\AS_New_3주기\New_AS_067.wav,2.940875,False,1,0.04112449998501688
267,AS,anomalo,New_AS_068.wav,C:\Users\armga\OneDrive\Escritorio\TFG\Bases de Datos\AS_New_3주기\New_AS_068.wav,2.902875,False,1,0.03221720000146888
268,AS,anomalo,New_AS_069.wav,C:\Users\armga\OneDrive\Escritorio\TFG\Bases de Datos\AS_New_3주기\New_AS_069.wav,2.961125,False,1,0.030238499981351197
269,AS,anomalo,New_AS_070.wav,C:\Users\armga\OneDrive\Escritorio\TFG\Bases de Datos\AS_New_3주기\New_AS_070.wav,2.90675,False,1,0.036141399992629886
270,AS,anomalo,New_AS_071.wav,C:\Users\armga\OneDrive\Escritorio\TFG\Bases de Datos\AS_New_3주기\New_AS_071.wav,2.94775,False,1,0.03230330001679249
271,AS,anomalo,New_AS_072.wav,C:\Users\armga\OneDrive\Escritorio\TFG\Bases de Datos\AS_New_3주기\New_AS_072.wav,2.916875,False,1,0.03962570001021959
272,AS,anomalo,New_AS_073.wav,C:\Users\armga\OneDrive\Escritorio\TFG\Bases de Datos\AS_New_3주기\New_AS_073.wav,2.9415,False,1,0.0347522999800276
273,AS,anomalo,New_AS_074.wav,C:\Users\armga\OneDrive\Escritorio\TFG\Bases de Datos\AS_New_3주기\New_AS_074.wav,2.912125,False,1,0.03712110000196844
274,AS,anomalo,New_AS_075.wav,C:\Users\armga\OneDrive\Escritorio\TFG\Bases de Datos\AS_New_3주기\New_AS_075.wav,2.941625,False,1,0.032084700011182576
275,AS,anomalo,New_AS_076.wav,C:\Users\armga\OneDrive\Escritorio\TFG\Bases de Datos\AS_New_3주기\New_AS_076.wav,2.92125,False,1,0.031981400010408834
276,AS,anomalo,New_AS_077.wav,C:\Users\armga\OneDrive\Escritorio\TFG\Bases de Datos\AS_New_3주기\New_AS_077.wav,2.613625,False,1,0.03096279999590479
277,AS,anomalo,New_AS_078.wav,C:\Users\armga\OneDrive\Escritorio\TFG\Bases de Datos\AS_New_3주기\New_AS_078.wav,2.605125,False,1,0.03776760000619106
278,AS,anomalo,New_AS_079.wav,C:\Users\armga\OneDrive\Escritorio\TFG\Bases de Datos\AS_New_3주기\New_AS_079.wav,2.613,False,1,0.035271900007501245
279,AS,anomalo,New_AS_080.wav,C:\Users\armga\OneDrive\Escritorio\TFG\Bases de Datos\AS_New_3주기\New_AS_080.wav,2.6305,False,1,0.03648459998657927
280,AS,anomalo,New_AS_081.wav,C:\Users\armga\OneDrive\Escritorio\TFG\Bases de Datos\AS_New_3주기\New_AS_081.wav,2.589375,False,1,0.038258499989751726
281,AS,anomalo,New_AS_082.wav,C:\Users\armga\OneDrive\Escritorio\TFG\Bases de Datos\AS_New_3주기\New_AS_082.wav,2.615375,False,1,0.02859790000366047
282,AS,anomalo,New_AS_083.wav,C:\Users\armga\OneDrive\Escritorio\TFG\Bases de Datos\AS_New_3주기\New_AS_083.wav,2.63825,False,1,0.03704739999375306
283,AS,anomalo,New_AS_084.wav,C:\Users\armga\OneDrive\Escritorio\TFG\Bases de Datos\AS_New_3주기\New_AS_084.wav,2.612,False,1,0.039094499981729314
284,AS,anomalo,New_AS_085.wav,C:\Users\armga\OneDrive\Escritorio\TFG\Bases de Datos\AS_New_3주기\New_AS_085.wav,2.618375,False,1,0.02902630000608042
285,AS,anomalo,New_AS_086.wav,C:\Users\armga\OneDrive\Escritorio\TFG\Bases de Datos\AS_New_3주기\New_AS_086.wav,2.6085,False,1,0.04159570002229884
286,AS,anomalo,New_AS_087.wav,C:\Users\armga\OneDrive\Escritorio\TFG\Bases de Datos\AS_New_3주기\New_AS_087.wav,2.603625,False,1,0.03941179998219013
287,AS,anomalo,New_AS_088.wav,C:\Users\armga\OneDrive\Escritorio\TFG\Bases de Datos\AS_New_3주기\New_AS_088.wav,2.61,False,1,0.03823889998602681
288,AS,anomalo,New_AS_089.wav,C:\Users\armga\OneDrive\Escritorio\TFG\Bases de Datos\AS_New_3주기\New_AS_089.wav,2.6335,False,1,0.03909490001387894
289,AS,anomalo,New_AS_090.wav,C:\Users\armga\OneDrive\Escritorio\TFG\Bases de Datos\AS_New_3주기\New_AS_090.wav,2.604125,False,1,0.032582599989837036
290,AS,anomalo,New_AS_091.wav,C:\Users\armga\OneDrive\Escritorio\TFG\Bases de Datos\AS_New_3주기\New_AS_091.wav,2.614875,False,1,0.03800120000960305
291,AS,anomalo,New_AS_092.wav,C:\Users\armga\OneDrive\Escritorio\TFG\Bases de Datos\AS_New_3주기\New_AS_092.wav,2.635,False,1,0.02963059998000972
292,AS,anomalo,New_AS_093.wav,C:\Users\armga\OneDrive\Escritorio\TFG\Bases de Datos\AS_New_3주기\New_AS_093.wav,2.579625,False,1,0.038987499981885776
293,AS,anomalo,New_AS_094.wav,C:\Users\armga\OneDrive\Escritorio\TFG\Bases de Datos\AS_New_3주기\New_AS_094.wav,2.604375,False,1,0.032927699998253956
294,AS,anomalo,New_AS_095.wav,C:\Users\armga\OneDrive\Escritorio\TFG\Bases de Datos\AS_New_3주기\New_AS_095.wav,2.63025,False,1,0.029970999981742352
295,AS,anomalo,New_AS_096.wav,C:\Users\armga\OneDrive\Escritorio\TFG\Bases de Datos\AS_New_3주기\New_AS_096.wav,2.604875,False,1,0.03709749999688938
296,AS,anomalo,New_AS_097.wav,C:\Users\armga\OneDrive\Escritorio\TFG\Bases de Datos\AS_New_3주기\New_AS_097.wav,2.621625,False,1,0.02751059998990968
297,AS,anomalo,New_AS_098.wav,C:\Users\armga\OneDrive\Escritorio\TFG\Bases de Datos\AS_New_3주기\New_AS_098.wav,2.626625,False,1,0.03222229998209514
298,AS,anomalo,New_AS_099.wav,C:\Users\armga\OneDrive\Escritorio\TFG\Bases de Datos\AS_New_3주기\New_AS_099.wav,2.600125,False,1,0.026062399992952123
299,AS,anomalo,New_AS_100.wav,C:\Users\armga\OneDrive\Escritorio\TFG\Bases de Datos\AS_New_3주기\New_AS_100.wav,3.117875,False,2,0.036639199999626726
300,AS,anomalo,New_AS_101.wav,C:\Users\armga\OneDrive\Escritorio\TFG\Bases de Datos\AS_New_3주기\New_AS_101.wav,2.59075,False,1,0.029379500017967075
301,AS,anomalo,New_AS_102.wav,C:\Users\armga\OneDrive\Escritorio\TFG\Bases de Datos\AS_New_3주기\New_AS_102.wav,2.601875,False,1,0.03478839999297634
302,AS,anomalo,New_AS_103.wav,C:\Users\armga\OneDrive\Escritorio\TFG\Bases de Datos\AS_New_3주기\New_AS_103.wav,2.61425,False,1,0.03376859999843873
303,AS,anomalo,New_AS_104.wav,C:\Users\armga\OneDrive\Escritorio\TFG\Bases de Datos\AS_New_3주기\New_AS_104.wav,2.631125,False,1,0.040778800001135096
304,AS,anomalo,New_AS_105.wav,C:\Users\armga\OneDrive\Escritorio\TFG\Bases de Datos\AS_New_3주기\New_AS_105.wav,2.604375,False,1,0.03388899998390116
305,AS,anomalo,New_AS_106.wav,C:\Users\armga\OneDrive\Escritorio\TFG\Bases de Datos\AS_New_3주기\New_AS_106.wav,2.59725,False,1,0.03254620000370778
306,AS,anomalo,New_AS_107.wav,C:\Users\armga\OneDrive\Escritorio\TFG\Bases de Datos\AS_New_3주기\New_AS_107.wav,2.62825,False,1,0.03518700000131503
307,AS,anomalo,New_AS_108.wav,C:\Users\armga\OneDrive\Escritorio\TFG\Bases de Datos\AS_New_3주기\New_AS_108.wav,2.608375,False,1,0.030508800002280623
308,AS,anomalo,New_AS_109.wav,C:\Users\armga\OneDrive\Escritorio\TFG\Bases de Datos\AS_New_3주기\New_AS_109.wav,2.629625,False,1,0.03782409999985248
309,AS,anomalo,New_AS_110.wav,C:\Users\armga\OneDrive\Escritorio\TFG\Bases de Datos\AS_New_3주기\New_AS_110.wav,2.62625,False,1,0.0250907999870833
310,AS,anomalo,New_AS_111.wav,C:\Users\armga\OneDrive\Escritorio\TFG\Bases de Datos\AS_New_3주기\New_AS_111.wav,2.4105,False,1,0.0246255999954883
311,AS,anomalo,New_AS_112.wav,C:\Users\armga\OneDrive\Escritorio\TFG\Bases de Datos\AS_New_3주기\New_AS_112.wav,2.4205,False,1,0.034748800011584535
312,AS,anomalo,New_AS_113.wav,C:\Users\armga\OneDrive\Escritorio\TFG\Bases de Datos\AS_New_3주기\New_AS_113.wav,2.410125,False,1,0.02907809999305755
313,AS,anomalo,New_AS_114.wav,C:\Users\armga\OneDrive\Escritorio\TFG\Bases de Datos\AS_New_3주기\New_AS_114.wav,2.416375,False,1,0.03004829998826608
314,AS,anomalo,New_AS_115.wav,C:\Users\armga\OneDrive\Escritorio\TFG\Bases de Datos\AS_New_3주기\New_AS_115.wav,2.639875,False,1,0.03049160001683049
315,AS,anomalo,New_AS_116.wav,C:\Users\armga\OneDrive\Escritorio\TFG\Bases de Datos\AS_New_3주기\New_AS_116.wav,2.6155,False,1,0.03827530000125989
316,AS,anomalo,New_AS_117.wav,C:\Users\armga\OneDrive\Escritorio\TFG\Bases de Datos\AS_New_3주기\New_AS_117.wav,2.608,False,1,0.030228999996325
317,AS,anomalo,New_AS_118.wav,C:\Users\armga\OneDrive\Escritorio\TFG\Bases de Datos\AS_New_3주기\New_AS_118.wav,2.614875,False,1,0.03435370000079274
318,AS,anomalo,New_AS_119.wav,C:\Users\armga\OneDrive\Escritorio\TFG\Bases de Datos\AS_New_3주기\New_AS_119.wav,2.62375,False,1,0.0312190999975428
319,AS,anomalo,New_AS_120.wav,C:\Users\armga\OneDrive\Escritorio\TFG\Bases de Datos\AS_New_3주기\New_AS_120.wav,2.629625,False,1,0.03756589998374693
320,AS,anomalo,New_AS_121.wav,C:\Users\armga\OneDrive\Escritorio\TFG\Bases de Datos\AS_New_3주기\New_AS_121.wav,2.63,False,1,0.034149000013712794
321,AS,anomalo,New_AS_122.wav,C:\Users\armga\OneDrive\Escritorio\TFG\Bases de Datos\AS_New_3주기\New_AS_122.wav,2.5995,False,1,0.033443299995269626
322,AS,anomalo,New_AS_123.wav,C:\Users\armga\OneDrive\Escritorio\TFG\Bases de Datos\AS_New_3주기\New_AS_123.wav,2.6185,False,1,0.03661050001392141
323,AS,anomalo,New_AS_124.wav,C:\Users\armga\OneDrive\Escritorio\TFG\Bases de Datos\AS_New_3주기\New_AS_124.wav,2.610875,False,1,0.03576699999393895
324,AS,anomalo,New_AS_125.wav,C:\Users\armga\OneDrive\Escritorio\TFG\Bases de Datos\AS_New_3주기\New_AS_125.wav,2.6265,False,1,0.03633460000855848
325,AS,anomalo,New_AS_126.wav,C:\Users\armga\OneDrive\Escritorio\TFG\Bases de Datos\AS_New_3주기\New_AS_126.wav,2.6355,False,1,0.031621200003428385
326,AS,anomalo,New_AS_127.wav,C:\Users\armga\OneDrive\Escritorio\TFG\Bases de Datos\AS_New_3주기\New_AS_127.wav,2.5855,False,1,0.03292440000222996
327,AS,anomalo,New_AS_128.wav,C:\Users\armga\OneDrive\Escritorio\TFG\Bases de Datos\AS_New_3주기\New_AS_128.wav,3.55025,False,2,0.032833100005518645
328,AS,anomalo,New_AS_129.wav,C:\Users\armga\OneDrive\Escritorio\TFG\Bases de Datos\AS_New_3주기\New_AS_129.wav,2.3725,False,1,0.03667079997831024
329,AS,anomalo,New_AS_130.wav,C:\Users\armga\OneDrive\Escritorio\TFG\Bases de Datos\AS_New_3주기\New_AS_130.wav,2.391375,False,1,0.03792180001619272
330,AS,anomalo,New_AS_131.wav,C:\Users\armga\OneDrive\Escritorio\TFG\Bases de Datos\AS_New_3주기\New_AS_131.wav,2.795,False,1,0.03600870000082068
331,AS,anomalo,New_AS_132.wav,C:\Users\armga\OneDrive\Escritorio\TFG\Bases de Datos\AS_New_3주기\New_AS_132.wav,2.776,False,1,0.030606599990278482
332,AS,anomalo,New_AS_133.wav,C:\Users\armga\OneDrive\Escritorio\TFG\Bases de Datos\AS_New_3주기\New_AS_133.wav,2.92475,False,1,0.03512559999944642
333,AS,anomalo,New_AS_134.wav,C:\Users\armga\OneDrive\Escritorio\TFG\Bases de Datos\AS_New_3주기\New_AS_134.wav,2.54425,False,1,0.033322200004477054
334,AS,anomalo,New_AS_135.wav,C:\Users\armga\OneDrive\Escritorio\TFG\Bases de Datos\AS_New_3주기\New_AS_135.wav,3.1055,False,2,0.0420196000195574
335,AS,anomalo,New_AS_136.wav,C:\Users\armga\OneDrive\Escritorio\TFG\Bases de Datos\AS_New_3주기\New_AS_136.wav,2.364375,False,1,0.03584249998675659
336,AS,anomalo,New_AS_137.wav,C:\Users\armga\OneDrive\Escritorio\TFG\Bases de Datos\AS_New_3주기\New_AS_137.wav,2.36225,False,1,0.034837800019886345
337,AS,anomalo,New_AS_138.wav,C:\Users\armga\OneDrive\Escritorio\TFG\Bases de Datos\AS_New_3주기\New_AS_138.wav,2.365375,False,1,0.034098300006007776
338,AS,anomalo,New_AS_139.wav,C:\Users\armga\OneDrive\Escritorio\TFG\Bases de Datos\AS_New_3주기\New_AS_139.wav,2.361875,False,1,0.03876019999734126
339,AS,anomalo,New_AS_140.wav,C:\Users\armga\OneDrive\Escritorio\TFG\Bases de Datos\AS_New_3주기\New_AS_140.wav,3.286,False,2,0.03318030000082217
340,AS,anomalo,New_AS_141.wav,C:\Users\armga\OneDrive\Escritorio\TFG\Bases de Datos\AS_New_3주기\New_AS_141.wav,3.29475,False,2,0.03633659999468364
341,AS,anomalo,New_AS_142.wav,C:\Users\armga\OneDrive\Escritorio\TFG\Bases de Datos\AS_New_3주기\New_AS_142.wav,3.322,False,2,0.03458470001351088
342,AS,anomalo,New_AS_143.wav,C:\Users\armga\OneDrive\Escritorio\TFG\Bases de Datos\AS_New_3주기\New_AS_143.wav,2.656875,False,1,0.03296469998895191
343,AS,anomalo,New_AS_144.wav,C:\Users\armga\OneDrive\Escritorio\TFG\Bases de Datos\AS_New_3주기\New_AS_144.wav,2.99825,False,1,0.0403844999964349
344,AS,anomalo,New_AS_145.wav,C:\Users\armga\OneDrive\Escritorio\TFG\Bases de Datos\AS_New_3주기\New_AS_145.wav,2.977375,False,1,0.03357409997261129
345,AS,anomalo,New_AS_146.wav,C:\Users\armga\OneDrive\Escritorio\TFG\Bases de Datos\AS_New_3주기\New_AS_146.wav,3.0115,False,2,0.043287500011501834
346,AS,anomalo,New_AS_147.wav,C:\Users\armga\OneDrive\Escritorio\TFG\Bases de Datos\AS_New_3주기\New_AS_147.wav,2.996375,False,1,0.029881700000260025
347,AS,anomalo,New_AS_148.wav,C:\Users\armga\OneDrive\Escritorio\TFG\Bases de Datos\AS_New_3주기\New_AS_148.wav,2.889375,False,1,0.027945500012720004
348,AS,anomalo,New_AS_149.wav,C:\Users\armga\OneDrive\Escritorio\TFG\Bases de Datos\AS_New_3주기\New_AS_149.wav,2.9935,False,1,0.04175740000209771
349,AS,anomalo,New_AS_150.wav,C:\Users\armga\OneDrive\Escritorio\TFG\Bases de Datos\AS_New_3주기\New_AS_150.wav,3.017,False,2,0.03865659999428317
350,AS,anomalo,New_AS_151.wav,C:\Users\armga\OneDrive\Escritorio\TFG\Bases de Datos\AS_New_3주기\New_AS_151.wav,2.993875,False,1,0.03357709999545477
351,AS,anomalo,New_AS_152.wav,C:\Users\armga\OneDrive\Escritorio\TFG\Bases de Datos\AS_New_3주기\New_AS_152.wav,3.29875,False,2,0.036489600024651736
352,AS,anomalo,New_AS_153.wav,C:\Users\armga\OneDrive\Escritorio\TFG\Bases de Datos\AS_New_3주기\New_AS_153.wav,3.295875,False,2,0.03754689998459071
353,AS,anomalo,New_AS_154.wav,C:\Users\armga\OneDrive\Escritorio\TFG\Bases de Datos\AS_New_3주기\New_AS_154.wav,3.322125,False,2,0.03348290000576526
354,AS,anomalo,New_AS_155.wav,C:\Users\armga\OneDrive\Escritorio\TFG\Bases de Datos\AS_New_3주기\New_AS_155.wav,2.92075,False,1,0.03563699999358505
355,AS,anomalo,New_AS_156.wav,C:\Users\armga\OneDrive\Escritorio\TFG\Bases de Datos\AS_New_3주기\New_AS_156.wav,2.366625,False,1,0.0252467000100296
356,AS,anomalo,New_AS_157.wav,C:\Users\armga\OneDrive\Escritorio\TFG\Bases de Datos\AS_New_3주기\New_AS_157.wav,2.354875,False,1,0.03505310000036843
357,AS,anomalo,New_AS_158.wav,C:\Users\armga\OneDrive\Escritorio\TFG\Bases de Datos\AS_New_3주기\New_AS_158.wav,2.37025,False,1,0.04093249997822568
358,AS,anomalo,New_AS_159.wav,C:\Users\armga\OneDrive\Escritorio\TFG\Bases de Datos\AS_New_3주기\New_AS_159.wav,2.365875,False,1,0.03769199998350814
359,AS,anomalo,New_AS_160.wav,C:\Users\armga\OneDrive\Escritorio\TFG\Bases de Datos\AS_New_3주기\New_AS_160.wav,2.37175,False,1,0.04123709999839775
360,AS,anomalo,New_AS_161.wav,C:\Users\armga\OneDrive\Escritorio\TFG\Bases de Datos\AS_New_3주기\New_AS_161.wav,2.369125,False,1,0.031137899990426376
361,AS,anomalo,New_AS_162.wav,C:\Users\armga\OneDrive\Escritorio\TFG\Bases de Datos\AS_New_3주기\New_AS_162.wav,2.37975,False,1,0.032947300001978874
362,AS,anomalo,New_AS_163.wav,C:\Users\armga\OneDrive\Escritorio\TFG\Bases de Datos\AS_New_3주기\New_AS_163.wav,2.36775,False,1,0.03518690000055358
363,AS,anomalo,New_AS_164.wav,C:\Users\armga\OneDrive\Escritorio\TFG\Bases de Datos\AS_New_3주기\New_AS_164.wav,3.015625,False,2,0.042770200001541525
364,AS,anomalo,New_AS_165.wav,C:\Users\armga\OneDrive\Escritorio\TFG\Bases de Datos\AS_New_3주기\New_AS_165.wav,3.0115,False,2,0.03502109998953529
365,AS,anomalo,New_AS_166.wav,C:\Users\armga\OneDrive\Escritorio\TFG\Bases de Datos\AS_New_3주기\New_AS_166.wav,2.98675,False,1,0.03936470000189729
366,AS,anomalo,New_AS_167.wav,C:\Users\armga\OneDrive\Escritorio\TFG\Bases de Datos\AS_New_3주기\New_AS_167.wav,3.015375,False,2,0.03872599999886006
367,AS,anomalo,New_AS_168.wav,C:\Users\armga\OneDrive\Escritorio\TFG\Bases de Datos\AS_New_3주기\New_AS_168.wav,3.03475,False,2,0.03838550002546981
368,AS,anomalo,New_AS_169.wav,C:\Users\armga\OneDrive\Escritorio\TFG\Bases de Datos\AS_New_3주기\New_AS_169.wav,2.950375,False,1,0.031776799994986504
369,AS,anomalo,New_AS_170.wav,C:\Users\armga\OneDrive\Escritorio\TFG\Bases de Datos\AS_New_3주기\New_AS_170.wav,3.00575,False,2,0.034278999984962866
370,AS,anomalo,New_AS_171.wav,C:\Users\armga\OneDrive\Escritorio\TFG\Bases de Datos\AS_New_3주기\New_AS_171.wav,3.0165,False,2,0.031957600003806874
371,AS,anomalo,New_AS_172.wav,C:\Users\armga\OneDrive\Escritorio\TFG\Bases de Datos\AS_New_3주기\New_AS_172.wav,2.96625,False,1,0.03298589997575618
372,AS,anomalo,New_AS_173.wav,C:\Users\armga\OneDrive\Escritorio\TFG\Bases de Datos\AS_New_3주기\New_AS_173.wav,3.0165,False,2,0.037525499996263534
373,AS,anomalo,New_AS_174.wav,C:\Users\armga\OneDrive\Escritorio\TFG\Bases de Datos\AS_New_3주기\New_AS_174.wav,3.152875,False,2,0.03519669998786412
374,AS,anomalo,New_AS_175.wav,C:\Users\armga\OneDrive\Escritorio\TFG\Bases de Datos\AS_New_3주기\New_AS_175.wav,2.818,False,1,0.032214999984717
375,AS,anomalo,New_AS_176.wav,C:\Users\armga\OneDrive\Escritorio\TFG\Bases de Datos\AS_New_3주기\New_AS_176.wav,3.008375,False,2,0.03189479999127798
376,AS,anomalo,New_AS_177.wav,C:\Users\armga\OneDrive\Escritorio\TFG\Bases de Datos\AS_New_3주기\New_AS_177.wav,3.015875,False,2,0.03405059999204241
377,AS,anomalo,New_AS_178.wav,C:\Users\armga\OneDrive\Escritorio\TFG\Bases de Datos\AS_New_3주기\New_AS_178.wav,3.01,False,2,0.03773219999857247
378,AS,anomalo,New_AS_179.wav,C:\Users\armga\OneDrive\Escritorio\TFG\Bases de Datos\AS_New_3주기\New_AS_179.wav,2.969875,False,1,0.03529059997526929
379,AS,anomalo,New_AS_180.wav,C:\Users\armga\OneDrive\Escritorio\TFG\Bases de Datos\AS_New_3주기\New_AS_180.wav,2.519375,False,1,0.036948900000425056
380,AS,anomalo,New_AS_181.wav,C:\Users\armga\OneDrive\Escritorio\TFG\Bases de Datos\AS_New_3주기\New_AS_181.wav,2.517875,False,1,0.03497500001685694
381,AS,anomalo,New_AS_182.wav,C:\Users\armga\OneDrive\Escritorio\TFG\Bases de Datos\AS_New_3주기\New_AS_182.wav,2.52325,False,1,0.024417800013907254
382,AS,anomalo,New_AS_183.wav,C:\Users\armga\OneDrive\Escritorio\TFG\Bases de Datos\AS_New_3주기\New_AS_183.wav,2.517875,False,1,0.02452800000901334
383,AS,anomalo,New_AS_184.wav,C:\Users\armga\OneDrive\Escritorio\TFG\Bases de Datos\AS_New_3주기\New_AS_184.wav,2.371625,False,1,0.02691939999931492
384,AS,anomalo,New_AS_185.wav,C:\Users\armga\OneDrive\Escritorio\TFG\Bases de Datos\AS_New_3주기\New_AS_185.wav,2.363625,False,1,0.0397604999889154
385,AS,anomalo,New_AS_186.wav,C:\Users\armga\OneDrive\Escritorio\TFG\Bases de Datos\AS_New_3주기\New_AS_186.wav,2.383125,False,1,0.03360419999808073
386,AS,anomalo,New_AS_187.wav,C:\Users\armga\OneDrive\Escritorio\TFG\Bases de Datos\AS_New_3주기\New_AS_187.wav,2.37125,False,1,0.041141900001093745
387,AS,anomalo,New_AS_188.wav,C:\Users\armga\OneDrive\Escritorio\TFG\Bases de Datos\AS_New_3주기\New_AS_188.wav,2.401375,False,1,0.03281489998335019
388,AS,anomalo,New_AS_189.wav,C:\Users\armga\OneDrive\Escritorio\TFG\Bases de Datos\AS_New_3주기\New_AS_189.wav,2.349875,False,1,0.03231040001264773
389,AS,anomalo,New_AS_190.wav,C:\Users\armga\OneDrive\Escritorio\TFG\Bases de Datos\AS_New_3주기\New_AS_190.wav,2.970375,False,1,0.0387367999937851
390,AS,anomalo,New_AS_191.wav,C:\Users\armga\OneDrive\Escritorio\TFG\Bases de Datos\AS_New_3주기\New_AS_191.wav,2.9675,False,1,0.04330019999179058
391,AS,anomalo,New_AS_192.wav,C:\Users\armga\OneDrive\Escritorio\TFG\Bases de Datos\AS_New_3주기\New_AS_192.wav,3.471,False,2,0.038738699979148805
392,AS,anomalo,New_AS_193.wav,C:\Users\armga\OneDrive\Escritorio\TFG\Bases de Datos\AS_New_3주기\New_AS_193.wav,3.525625,False,2,0.036803800001507625
393,AS,anomalo,New_AS_194.wav,C:\Users\armga\OneDrive\Escritorio\TFG\Bases de Datos\AS_New_3주기\New_AS_194.wav,3.25475,False,2,0.0305240000016056
394,AS,anomalo,New_AS_195.wav,C:\Users\armga\OneDrive\Escritorio\TFG\Bases de Datos\AS_New_3주기\New_AS_195.wav,3.250125,False,2,0.03994539999985136
395,AS,anomalo,New_AS_196.wav,C:\Users\armga\OneDrive\Escritorio\TFG\Bases de Datos\AS_New_3주기\New_AS_196.wav,3.060875,False,2,0.03036840001004748
396,AS,anomalo,New_AS_197.wav,C:\Users\armga\OneDrive\Escritorio\TFG\Bases de Datos\AS_New_3주기\New_AS_197.wav,3.088125,False,2,0.03588619999936782
397,AS,anomalo,New_AS_198.wav,C:\Users\armga\OneDrive\Escritorio\TFG\Bases de Datos\AS_New_3주기\New_AS_198.wav,3.079125,False,2,0.03707859999849461
398,AS,anomalo,New_AS_199.wav,C:\Users\armga\OneDrive\Escritorio\TFG\Bases de Datos\AS_New_3주기\New_AS_199.wav,3.03775,False,2,0.03879999998025596
399,AS,anomalo,New_AS_200.wav,C:\Users\armga\OneDrive\Escritorio\TFG\Bases de Datos\AS_New_3주기\New_AS_200.wav,3.041125,False,2,0.03782360002514906
400,MR,anomalo,New_MR_001.wav,C:\Users\armga\OneDrive\Escritorio\TFG\Bases de Datos\MR_New_3주기\New_MR_001.wav,2.099375,False,1,0.03683369999635033
401,MR,anomalo,New_MR_002.wav,C:\Users\armga\OneDrive\Escritorio\TFG\Bases de Datos\MR_New_3주기\New_MR_002.wav,2.0845,False,1,0.027046300005167723
402,MR,anomalo,New_MR_003.wav,C:\Users\armga\OneDrive\Escritorio\TFG\Bases de Datos\MR_New_3주기\New_MR_003.wav,2.11425,False,1,0.03252559999236837
403,MR,anomalo,New_MR_004.wav,C:\Users\armga\OneDrive\Escritorio\TFG\Bases de Datos\MR_New_3주기\New_MR_004.wav,2.077,False,1,0.030432600004132837
404,MR,anomalo,New_MR_005.wav,C:\Users\armga\OneDrive\Escritorio\TFG\Bases de Datos\MR_New_3주기\New_MR_005.wav,1.5755,True,1,0.0381978000223171
405,MR,anomalo,New_MR_006.wav,C:\Users\armga\OneDrive\Escritorio\TFG\Bases de Datos\MR_New_3주기\New_MR_006.wav,1.71875,True,1,0.03209329998935573
406,MR,anomalo,New_MR_007.wav,C:\Users\armga\OneDrive\Escritorio\TFG\Bases de Datos\MR_New_3주기\New_MR_007.wav,1.80625,True,1,0.03198070000507869
407,MR,anomalo,New_MR_008.wav,C:\Users\armga\OneDrive\Escritorio\TFG\Bases de Datos\MR_New_3주기\New_MR_008.wav,1.61425,True,1,0.03306530002737418
408,MR,anomalo,New_MR_009.wav,C:\Users\armga\OneDrive\Escritorio\TFG\Bases de Datos\MR_New_3주기\New_MR_009.wav,1.774875,True,1,0.03103089999058284
409,MR,anomalo,New_MR_010.wav,C:\Users\armga\OneDrive\Escritorio\TFG\Bases de Datos\MR_New_3주기\New_MR_010.wav,1.665875,True,1,0.0374178999918513
410,MR,anomalo,New_MR_011.wav,C:\Users\armga\OneDrive\Escritorio\TFG\Bases de Datos\MR_New_3주기\New_MR_011.wav,2.446375,False,1,0.029053500009467825
411,MR,anomalo,New_MR_012.wav,C:\Users\armga\OneDrive\Escritorio\TFG\Bases de Datos\MR_New_3주기\New_MR_012.wav,2.4035,False,1,0.031655200000386685
412,MR,anomalo,New_MR_013.wav,C:\Users\armga\OneDrive\Escritorio\TFG\Bases de Datos\MR_New_3주기\New_MR_013.wav,2.439125,False,1,0.02839319998747669
413,MR,anomalo,New_MR_014.wav,C:\Users\armga\OneDrive\Escritorio\TFG\Bases de Datos\MR_New_3주기\New_MR_014.wav,2.371375,False,1,0.031229800020810217
414,MR,anomalo,New_MR_015.wav,C:\Users\armga\OneDrive\Escritorio\TFG\Bases de Datos\MR_New_3주기\New_MR_015.wav,1.850625,True,1,0.034356199990725145
415,MR,anomalo,New_MR_016.wav,C:\Users\armga\OneDrive\Escritorio\TFG\Bases de Datos\MR_New_3주기\New_MR_016.wav,1.76675,True,1,0.030548700015060604
416,MR,anomalo,New_MR_017.wav,C:\Users\armga\OneDrive\Escritorio\TFG\Bases de Datos\MR_New_3주기\New_MR_017.wav,2.04875,False,1,0.0286467999976594
417,MR,anomalo,New_MR_018.wav,C:\Users\armga\OneDrive\Escritorio\TFG\Bases de Datos\MR_New_3주기\New_MR_018.wav,1.665,True,1,0.033477499993750826
418,MR,anomalo,New_MR_019.wav,C:\Users\armga\OneDrive\Escritorio\TFG\Bases de Datos\MR_New_3주기\New_MR_019.wav,1.94825,True,1,0.037353300023823977
419,MR,anomalo,New_MR_020.wav,C:\Users\armga\OneDrive\Escritorio\TFG\Bases de Datos\MR_New_3주기\New_MR_020.wav,1.731875,True,1,0.029983799991896376
420,MR,anomalo,New_MR_021.wav,C:\Users\armga\OneDrive\Escritorio\TFG\Bases de Datos\MR_New_3주기\New_MR_021.wav,1.86575,True,1,0.03416919999290258
421,MR,anomalo,New_MR_022.wav,C:\Users\armga\OneDrive\Escritorio\TFG\Bases de Datos\MR_New_3주기\New_MR_022.wav,1.885875,True,1,0.039746099995682016
422,MR,anomalo,New_MR_023.wav,C:\Users\armga\OneDrive\Escritorio\TFG\Bases de Datos\MR_New_3주기\New_MR_023.wav,1.94425,True,1,0.03487099998164922
423,MR,anomalo,New_MR_024.wav,C:\Users\armga\OneDrive\Escritorio\TFG\Bases de Datos\MR_New_3주기\New_MR_024.wav,1.917125,True,1,0.03663550000055693
424,MR,anomalo,New_MR_025.wav,C:\Users\armga\OneDrive\Escritorio\TFG\Bases de Datos\MR_New_3주기\New_MR_025.wav,1.984125,True,1,0.03996499997447245
425,MR,anomalo,New_MR_026.wav,C:\Users\armga\OneDrive\Escritorio\TFG\Bases de Datos\MR_New_3주기\New_MR_026.wav,2.179125,False,1,0.030040600016945973
426,MR,anomalo,New_MR_027.wav,C:\Users\armga\OneDrive\Escritorio\TFG\Bases de Datos\MR_New_3주기\New_MR_027.wav,2.195,False,1,0.030603299994254485
427,MR,anomalo,New_MR_028.wav,C:\Users\armga\OneDrive\Escritorio\TFG\Bases de Datos\MR_New_3주기\New_MR_028.wav,2.206625,False,1,0.035829100001137704
428,MR,anomalo,New_MR_029.wav,C:\Users\armga\OneDrive\Escritorio\TFG\Bases de Datos\MR_New_3주기\New_MR_029.wav,2.199,False,1,0.031061200017575175
429,MR,anomalo,New_MR_030.wav,C:\Users\armga\OneDrive\Escritorio\TFG\Bases de Datos\MR_New_3주기\New_MR_030.wav,2.24425,False,1,0.03730549997999333
430,MR,anomalo,New_MR_031.wav,C:\Users\armga\OneDrive\Escritorio\TFG\Bases de Datos\MR_New_3주기\New_MR_031.wav,2.182375,False,1,0.037617099995259196
431,MR,anomalo,New_MR_032.wav,C:\Users\armga\OneDrive\Escritorio\TFG\Bases de Datos\MR_New_3주기\New_MR_032.wav,2.24425,False,1,0.03712729999097064
432,MR,anomalo,New_MR_033.wav,C:\Users\armga\OneDrive\Escritorio\TFG\Bases de Datos\MR_New_3주기\New_MR_033.wav,2.1805,False,1,0.02569849998690188
433,MR,anomalo,New_MR_034.wav,C:\Users\armga\OneDrive\Escritorio\TFG\Bases de Datos\MR_New_3주기\New_MR_034.wav,2.2985,False,1,0.03125010000076145
434,MR,anomalo,New_MR_035.wav,C:\Users\armga\OneDrive\Escritorio\TFG\Bases de Datos\MR_New_3주기\New_MR_035.wav,2.306625,False,1,0.030473099992377684
435,MR,anomalo,New_MR_036.wav,C:\Users\armga\OneDrive\Escritorio\TFG\Bases de Datos\MR_New_3주기\New_MR_036.wav,2.303375,False,1,0.036430299980565906
436,MR,anomalo,New_MR_037.wav,C:\Users\armga\OneDrive\Escritorio\TFG\Bases de Datos\MR_New_3주기\New_MR_037.wav,2.0155,False,1,0.03972149998298846
437,MR,anomalo,New_MR_038.wav,C:\Users\armga\OneDrive\Escritorio\TFG\Bases de Datos\MR_New_3주기\New_MR_038.wav,2.385375,False,1,0.02420340001117438
438,MR,anomalo,New_MR_039.wav,C:\Users\armga\OneDrive\Escritorio\TFG\Bases de Datos\MR_New_3주기\New_MR_039.wav,2.271,False,1,0.03615400000126101
439,MR,anomalo,New_MR_040.wav,C:\Users\armga\OneDrive\Escritorio\TFG\Bases de Datos\MR_New_3주기\New_MR_040.wav,2.37325,False,1,0.03922550001880154
440,MR,anomalo,New_MR_041.wav,C:\Users\armga\OneDrive\Escritorio\TFG\Bases de Datos\MR_New_3주기\New_MR_041.wav,2.43275,False,1,0.030535600002622232
441,MR,anomalo,New_MR_042.wav,C:\Users\armga\OneDrive\Escritorio\TFG\Bases de Datos\MR_New_3주기\New_MR_042.wav,2.389,False,1,0.030263799999374896
442,MR,anomalo,New_MR_043.wav,C:\Users\armga\OneDrive\Escritorio\TFG\Bases de Datos\MR_New_3주기\New_MR_043.wav,2.440125,False,1,0.03599099998245947
443,MR,anomalo,New_MR_044.wav,C:\Users\armga\OneDrive\Escritorio\TFG\Bases de Datos\MR_New_3주기\New_MR_044.wav,2.430375,False,1,0.033526600018376485
444,MR,anomalo,New_MR_045.wav,C:\Users\armga\OneDrive\Escritorio\TFG\Bases de Datos\MR_New_3주기\New_MR_045.wav,2.4305,False,1,0.04049779998604208
445,MR,anomalo,New_MR_046.wav,C:\Users\armga\OneDrive\Escritorio\TFG\Bases de Datos\MR_New_3주기\New_MR_046.wav,2.370625,False,1,0.03410779999103397
446,MR,anomalo,New_MR_047.wav,C:\Users\armga\OneDrive\Escritorio\TFG\Bases de Datos\MR_New_3주기\New_MR_047.wav,2.4045,False,1,0.03562950002378784
447,MR,anomalo,New_MR_048.wav,C:\Users\armga\OneDrive\Escritorio\TFG\Bases de Datos\MR_New_3주기\New_MR_048.wav,2.411,False,1,0.030760399997234344
448,MR,anomalo,New_MR_049.wav,C:\Users\armga\OneDrive\Escritorio\TFG\Bases de Datos\MR_New_3주기\New_MR_049.wav,2.4195,False,1,0.034583000000566244
449,MR,anomalo,New_MR_050.wav,C:\Users\armga\OneDrive\Escritorio\TFG\Bases de Datos\MR_New_3주기\New_MR_050.wav,2.357,False,1,0.03150159999495372
450,MR,anomalo,New_MR_051.wav,C:\Users\armga\OneDrive\Escritorio\TFG\Bases de Datos\MR_New_3주기\New_MR_051.wav,2.357,False,1,0.029199200012953952
451,MR,anomalo,New_MR_052.wav,C:\Users\armga\OneDrive\Escritorio\TFG\Bases de Datos\MR_New_3주기\New_MR_052.wav,2.208875,False,1,0.02522440001484938
452,MR,anomalo,New_MR_053.wav,C:\Users\armga\OneDrive\Escritorio\TFG\Bases de Datos\MR_New_3주기\New_MR_053.wav,2.185375,False,1,0.03697639997699298
453,MR,anomalo,New_MR_054.wav,C:\Users\armga\OneDrive\Escritorio\TFG\Bases de Datos\MR_New_3주기\New_MR_054.wav,2.22925,False,1,0.03192559999297373
454,MR,anomalo,New_MR_055.wav,C:\Users\armga\OneDrive\Escritorio\TFG\Bases de Datos\MR_New_3주기\New_MR_055.wav,2.17475,False,1,0.03058759999112226
455,MR,anomalo,New_MR_056.wav,C:\Users\armga\OneDrive\Escritorio\TFG\Bases de Datos\MR_New_3주기\New_MR_056.wav,2.226625,False,1,0.032502699992619455
456,MR,anomalo,New_MR_057.wav,C:\Users\armga\OneDrive\Escritorio\TFG\Bases de Datos\MR_New_3주기\New_MR_057.wav,2.188125,False,1,0.03949779999675229
457,MR,anomalo,New_MR_058.wav,C:\Users\armga\OneDrive\Escritorio\TFG\Bases de Datos\MR_New_3주기\New_MR_058.wav,2.22475,False,1,0.029446500004269183
458,MR,anomalo,New_MR_059.wav,C:\Users\armga\OneDrive\Escritorio\TFG\Bases de Datos\MR_New_3주기\New_MR_059.wav,2.16975,False,1,0.035181600018404424
459,MR,anomalo,New_MR_060.wav,C:\Users\armga\OneDrive\Escritorio\TFG\Bases de Datos\MR_New_3주기\New_MR_060.wav,2.197,False,1,0.03414090001024306
460,MR,anomalo,New_MR_061.wav,C:\Users\armga\OneDrive\Escritorio\TFG\Bases de Datos\MR_New_3주기\New_MR_061.wav,2.20475,False,1,0.032360199984395877
461,MR,anomalo,New_MR_062.wav,C:\Users\armga\OneDrive\Escritorio\TFG\Bases de Datos\MR_New_3주기\New_MR_062.wav,2.200125,False,1,0.032561800006078556
462,MR,anomalo,New_MR_063.wav,C:\Users\armga\OneDrive\Escritorio\TFG\Bases de Datos\MR_New_3주기\New_MR_063.wav,2.239375,False,1,0.02839339998899959
463,MR,anomalo,New_MR_064.wav,C:\Users\armga\OneDrive\Escritorio\TFG\Bases de Datos\MR_New_3주기\New_MR_064.wav,2.22575,False,1,0.03426909999689087
464,MR,anomalo,New_MR_065.wav,C:\Users\armga\OneDrive\Escritorio\TFG\Bases de Datos\MR_New_3주기\New_MR_065.wav,2.170625,False,1,0.03526060000876896
465,MR,anomalo,New_MR_066.wav,C:\Users\armga\OneDrive\Escritorio\TFG\Bases de Datos\MR_New_3주기\New_MR_066.wav,2.207,False,1,0.028163100010715425
466,MR,anomalo,New_MR_067.wav,C:\Users\armga\OneDrive\Escritorio\TFG\Bases de Datos\MR_New_3주기\New_MR_067.wav,2.230375,False,1,0.0255475000012666
467,MR,anomalo,New_MR_068.wav,C:\Users\armga\OneDrive\Escritorio\TFG\Bases de Datos\MR_New_3주기\New_MR_068.wav,2.232625,False,1,0.03264979997766204
468,MR,anomalo,New_MR_069.wav,C:\Users\armga\OneDrive\Escritorio\TFG\Bases de Datos\MR_New_3주기\New_MR_069.wav,2.177625,False,1,0.03284390000044368
469,MR,anomalo,New_MR_070.wav,C:\Users\armga\OneDrive\Escritorio\TFG\Bases de Datos\MR_New_3주기\New_MR_070.wav,2.218625,False,1,0.031179599987808615
470,MR,anomalo,New_MR_071.wav,C:\Users\armga\OneDrive\Escritorio\TFG\Bases de Datos\MR_New_3주기\New_MR_071.wav,2.226625,False,1,0.03903569999965839
471,MR,anomalo,New_MR_072.wav,C:\Users\armga\OneDrive\Escritorio\TFG\Bases de Datos\MR_New_3주기\New_MR_072.wav,2.2125,False,1,0.03035779998754151
472,MR,anomalo,New_MR_073.wav,C:\Users\armga\OneDrive\Escritorio\TFG\Bases de Datos\MR_New_3주기\New_MR_073.wav,2.22025,False,1,0.03162980001070537
473,MR,anomalo,New_MR_074.wav,C:\Users\armga\OneDrive\Escritorio\TFG\Bases de Datos\MR_New_3주기\New_MR_074.wav,2.168,False,1,0.029847900004824623
474,MR,anomalo,New_MR_075.wav,C:\Users\armga\OneDrive\Escritorio\TFG\Bases de Datos\MR_New_3주기\New_MR_075.wav,2.25375,False,1,0.03381069999886677
475,MR,anomalo,New_MR_076.wav,C:\Users\armga\OneDrive\Escritorio\TFG\Bases de Datos\MR_New_3주기\New_MR_076.wav,2.19625,False,1,0.03696709999348968
476,MR,anomalo,New_MR_077.wav,C:\Users\armga\OneDrive\Escritorio\TFG\Bases de Datos\MR_New_3주기\New_MR_077.wav,2.22025,False,1,0.03953379997983575
477,MR,anomalo,New_MR_078.wav,C:\Users\armga\OneDrive\Escritorio\TFG\Bases de Datos\MR_New_3주기\New_MR_078.wav,2.22925,False,1,0.043696400010958314
478,MR,anomalo,New_MR_079.wav,C:\Users\armga\OneDrive\Escritorio\TFG\Bases de Datos\MR_New_3주기\New_MR_079.wav,2.1825,False,1,0.03245279999100603
479,MR,anomalo,New_MR_080.wav,C:\Users\armga\OneDrive\Escritorio\TFG\Bases de Datos\MR_New_3주기\New_MR_080.wav,2.15425,False,1,0.03370309999445453
480,MR,anomalo,New_MR_081.wav,C:\Users\armga\OneDrive\Escritorio\TFG\Bases de Datos\MR_New_3주기\New_MR_081.wav,2.16025,False,1,0.036332399991806597
481,MR,anomalo,New_MR_082.wav,C:\Users\armga\OneDrive\Escritorio\TFG\Bases de Datos\MR_New_3주기\New_MR_082.wav,2.313625,False,1,0.031496700015850365
482,MR,anomalo,New_MR_083.wav,C:\Users\armga\OneDrive\Escritorio\TFG\Bases de Datos\MR_New_3주기\New_MR_083.wav,2.24875,False,1,0.031010599981527776
483,MR,anomalo,New_MR_084.wav,C:\Users\armga\OneDrive\Escritorio\TFG\Bases de Datos\MR_New_3주기\New_MR_084.wav,2.316,False,1,0.04267210001125932
484,MR,anomalo,New_MR_085.wav,C:\Users\armga\OneDrive\Escritorio\TFG\Bases de Datos\MR_New_3주기\New_MR_085.wav,2.32775,False,1,0.033954799990169704
485,MR,anomalo,New_MR_086.wav,C:\Users\armga\OneDrive\Escritorio\TFG\Bases de Datos\MR_New_3주기\New_MR_086.wav,2.310875,False,1,0.03403350000735372
486,MR,anomalo,New_MR_087.wav,C:\Users\armga\OneDrive\Escritorio\TFG\Bases de Datos\MR_New_3주기\New_MR_087.wav,2.326375,False,1,0.03495809997548349
487,MR,anomalo,New_MR_088.wav,C:\Users\armga\OneDrive\Escritorio\TFG\Bases de Datos\MR_New_3주기\New_MR_088.wav,3.034625,False,2,0.03844639999442734
488,MR,anomalo,New_MR_089.wav,C:\Users\armga\OneDrive\Escritorio\TFG\Bases de Datos\MR_New_3주기\New_MR_089.wav,2.93925,False,1,0.03225170000223443
489,MR,anomalo,New_MR_090.wav,C:\Users\armga\OneDrive\Escritorio\TFG\Bases de Datos\MR_New_3주기\New_MR_090.wav,2.99225,False,1,0.03159070000401698
490,MR,anomalo,New_MR_091.wav,C:\Users\armga\OneDrive\Escritorio\TFG\Bases de Datos\MR_New_3주기\New_MR_091.wav,2.93925,False,1,0.03957029999583028
491,MR,anomalo,New_MR_092.wav,C:\Users\armga\OneDrive\Escritorio\TFG\Bases de Datos\MR_New_3주기\New_MR_092.wav,2.989375,False,1,0.03192410001065582
492,MR,anomalo,New_MR_093.wav,C:\Users\armga\OneDrive\Escritorio\TFG\Bases de Datos\MR_New_3주기\New_MR_093.wav,2.936875,False,1,0.03551539999898523
493,MR,anomalo,New_MR_094.wav,C:\Users\armga\OneDrive\Escritorio\TFG\Bases de Datos\MR_New_3주기\New_MR_094.wav,3.005625,False,2,0.035646799980895594
494,MR,anomalo,New_MR_095.wav,C:\Users\armga\OneDrive\Escritorio\TFG\Bases de Datos\MR_New_3주기\New_MR_095.wav,2.942375,False,1,0.03305270001874305
495,MR,anomalo,New_MR_096.wav,C:\Users\armga\OneDrive\Escritorio\TFG\Bases de Datos\MR_New_3주기\New_MR_096.wav,2.9925,False,1,0.035310199978994206
496,MR,anomalo,New_MR_097.wav,C:\Users\armga\OneDrive\Escritorio\TFG\Bases de Datos\MR_New_3주기\New_MR_097.wav,2.961,False,1,0.039478299993788823
497,MR,anomalo,New_MR_098.wav,C:\Users\armga\OneDrive\Escritorio\TFG\Bases de Datos\MR_New_3주기\New_MR_098.wav,3.003125,False,2,0.03269630001159385
498,MR,anomalo,New_MR_099.wav,C:\Users\armga\OneDrive\Escritorio\TFG\Bases de Datos\MR_New_3주기\New_MR_099.wav,2.961125,False,1,0.03132370000821538
499,MR,anomalo,New_MR_100.wav,C:\Users\armga\OneDrive\Escritorio\TFG\Bases de Datos\MR_New_3주기\New_MR_100.wav,3.008,False,2,0.041229400027077645
500,MR,anomalo,New_MR_101.wav,C:\Users\armga\OneDrive\Escritorio\TFG\Bases de Datos\MR_New_3주기\New_MR_101.wav,2.965625,False,1,0.03763119998620823
501,MR,anomalo,New_MR_102.wav,C:\Users\armga\OneDrive\Escritorio\TFG\Bases de Datos\MR_New_3주기\New_MR_102.wav,2.21825,False,1,0.024326799990376458
502,MR,anomalo,New_MR_103.wav,C:\Users\armga\OneDrive\Escritorio\TFG\Bases de Datos\MR_New_3주기\New_MR_103.wav,2.21825,False,1,0.03911479999078438
503,MR,anomalo,New_MR_104.wav,C:\Users\armga\OneDrive\Escritorio\TFG\Bases de Datos\MR_New_3주기\New_MR_104.wav,2.226375,False,1,0.032619599980534986
504,MR,anomalo,New_MR_105.wav,C:\Users\armga\OneDrive\Escritorio\TFG\Bases de Datos\MR_New_3주기\New_MR_105.wav,2.210625,False,1,0.03956289999769069
505,MR,anomalo,New_MR_106.wav,C:\Users\armga\OneDrive\Escritorio\TFG\Bases de Datos\MR_New_3주기\New_MR_106.wav,2.20175,False,1,0.03833099998882972
506,MR,anomalo,New_MR_107.wav,C:\Users\armga\OneDrive\Escritorio\TFG\Bases de Datos\MR_New_3주기\New_MR_107.wav,2.217875,False,1,0.03601810001418926
507,MR,anomalo,New_MR_108.wav,C:\Users\armga\OneDrive\Escritorio\TFG\Bases de Datos\MR_New_3주기\New_MR_108.wav,2.210375,False,1,0.031707099988125265
508,MR,anomalo,New_MR_109.wav,C:\Users\armga\OneDrive\Escritorio\TFG\Bases de Datos\MR_New_3주기\New_MR_109.wav,2.1945,False,1,0.028100399998947978
509,MR,anomalo,New_MR_110.wav,C:\Users\armga\OneDrive\Escritorio\TFG\Bases de Datos\MR_New_3주기\New_MR_110.wav,2.203,False,1,0.03379789998871274
510,MR,anomalo,New_MR_111.wav,C:\Users\armga\OneDrive\Escritorio\TFG\Bases de Datos\MR_New_3주기\New_MR_111.wav,2.226375,False,1,0.029615199979161844
511,MR,anomalo,New_MR_112.wav,C:\Users\armga\OneDrive\Escritorio\TFG\Bases de Datos\MR_New_3주기\New_MR_112.wav,2.226375,False,1,0.025051900011021644
512,MR,anomalo,New_MR_113.wav,C:\Users\armga\OneDrive\Escritorio\TFG\Bases de Datos\MR_New_3주기\New_MR_113.wav,2.210625,False,1,0.03151220001745969
513,MR,anomalo,New_MR_114.wav,C:\Users\armga\OneDrive\Escritorio\TFG\Bases de Datos\MR_New_3주기\New_MR_114.wav,2.23375,False,1,0.038583100016694516
514,MR,anomalo,New_MR_115.wav,C:\Users\armga\OneDrive\Escritorio\TFG\Bases de Datos\MR_New_3주기\New_MR_115.wav,2.17075,False,1,0.026389099977677688
515,MR,anomalo,New_MR_116.wav,C:\Users\armga\OneDrive\Escritorio\TFG\Bases de Datos\MR_New_3주기\New_MR_116.wav,2.223625,False,1,0.035028799989959225
516,MR,anomalo,New_MR_117.wav,C:\Users\armga\OneDrive\Escritorio\TFG\Bases de Datos\MR_New_3주기\New_MR_117.wav,2.173875,False,1,0.03918110000086017
517,MR,anomalo,New_MR_118.wav,C:\Users\armga\OneDrive\Escritorio\TFG\Bases de Datos\MR_New_3주기\New_MR_118.wav,2.237125,False,1,0.03421179999713786
518,MR,anomalo,New_MR_119.wav,C:\Users\armga\OneDrive\Escritorio\TFG\Bases de Datos\MR_New_3주기\New_MR_119.wav,2.2215,False,1,0.04076439997879788
519,MR,anomalo,New_MR_120.wav,C:\Users\armga\OneDrive\Escritorio\TFG\Bases de Datos\MR_New_3주기\New_MR_120.wav,2.2155,False,1,0.03181019998737611
520,MR,anomalo,New_MR_121.wav,C:\Users\armga\OneDrive\Escritorio\TFG\Bases de Datos\MR_New_3주기\New_MR_121.wav,2.2155,False,1,0.033487799984868616
521,MR,anomalo,New_MR_122.wav,C:\Users\armga\OneDrive\Escritorio\TFG\Bases de Datos\MR_New_3주기\New_MR_122.wav,2.21775,False,1,0.039035099995089695
522,MR,anomalo,New_MR_123.wav,C:\Users\armga\OneDrive\Escritorio\TFG\Bases de Datos\MR_New_3주기\New_MR_123.wav,2.21,False,1,0.03736930000013672
523,MR,anomalo,New_MR_124.wav,C:\Users\armga\OneDrive\Escritorio\TFG\Bases de Datos\MR_New_3주기\New_MR_124.wav,2.167,False,1,0.03324590000556782
524,MR,anomalo,New_MR_125.wav,C:\Users\armga\OneDrive\Escritorio\TFG\Bases de Datos\MR_New_3주기\New_MR_125.wav,2.190375,False,1,0.027515299996593967
525,MR,anomalo,New_MR_126.wav,C:\Users\armga\OneDrive\Escritorio\TFG\Bases de Datos\MR_New_3주기\New_MR_126.wav,2.220375,False,1,0.03676129999803379
526,MR,anomalo,New_MR_127.wav,C:\Users\armga\OneDrive\Escritorio\TFG\Bases de Datos\MR_New_3주기\New_MR_127.wav,2.15775,False,1,0.03677800000878051
527,MR,anomalo,New_MR_128.wav,C:\Users\armga\OneDrive\Escritorio\TFG\Bases de Datos\MR_New_3주기\New_MR_128.wav,2.238,False,1,0.030714599997736514
528,MR,anomalo,New_MR_129.wav,C:\Users\armga\OneDrive\Escritorio\TFG\Bases de Datos\MR_New_3주기\New_MR_129.wav,2.168125,False,1,0.029322200018214062
529,MR,anomalo,New_MR_130.wav,C:\Users\armga\OneDrive\Escritorio\TFG\Bases de Datos\MR_New_3주기\New_MR_130.wav,2.213375,False,1,0.030093300010776147
530,MR,anomalo,New_MR_131.wav,C:\Users\armga\OneDrive\Escritorio\TFG\Bases de Datos\MR_New_3주기\New_MR_131.wav,2.18975,False,1,0.03189419998670928
531,MR,anomalo,New_MR_132.wav,C:\Users\armga\OneDrive\Escritorio\TFG\Bases de Datos\MR_New_3주기\New_MR_132.wav,2.243625,False,1,0.03493759999400936
532,MR,anomalo,New_MR_133.wav,C:\Users\armga\OneDrive\Escritorio\TFG\Bases de Datos\MR_New_3주기\New_MR_133.wav,2.174,False,1,0.028164499992271885
533,MR,anomalo,New_MR_134.wav,C:\Users\armga\OneDrive\Escritorio\TFG\Bases de Datos\MR_New_3주기\New_MR_134.wav,2.24175,False,1,0.037943100003758445
534,MR,anomalo,New_MR_135.wav,C:\Users\armga\OneDrive\Escritorio\TFG\Bases de Datos\MR_New_3주기\New_MR_135.wav,2.15725,False,1,0.03654840000672266
535,MR,anomalo,New_MR_136.wav,C:\Users\armga\OneDrive\Escritorio\TFG\Bases de Datos\MR_New_3주기\New_MR_136.wav,2.249375,False,1,0.034274599980562925
536,MR,anomalo,New_MR_137.wav,C:\Users\armga\OneDrive\Escritorio\TFG\Bases de Datos\MR_New_3주기\New_MR_137.wav,2.17075,False,1,0.030443300027400255
537,MR,anomalo,New_MR_138.wav,C:\Users\armga\OneDrive\Escritorio\TFG\Bases de Datos\MR_New_3주기\New_MR_138.wav,2.22,False,1,0.033163299987791106
538,MR,anomalo,New_MR_139.wav,C:\Users\armga\OneDrive\Escritorio\TFG\Bases de Datos\MR_New_3주기\New_MR_139.wav,2.065875,False,1,0.037874900008318946
539,MR,anomalo,New_MR_140.wav,C:\Users\armga\OneDrive\Escritorio\TFG\Bases de Datos\MR_New_3주기\New_MR_140.wav,2.240375,False,1,0.036962200014386326
540,MR,anomalo,New_MR_141.wav,C:\Users\armga\OneDrive\Escritorio\TFG\Bases de Datos\MR_New_3주기\New_MR_141.wav,2.22475,False,1,0.029967800015583634
541,MR,anomalo,New_MR_142.wav,C:\Users\armga\OneDrive\Escritorio\TFG\Bases de Datos\MR_New_3주기\New_MR_142.wav,2.218875,False,1,0.035938299988629296
542,MR,anomalo,New_MR_143.wav,C:\Users\armga\OneDrive\Escritorio\TFG\Bases de Datos\MR_New_3주기\New_MR_143.wav,2.187375,False,1,0.027013000013539568
543,MR,anomalo,New_MR_144.wav,C:\Users\armga\OneDrive\Escritorio\TFG\Bases de Datos\MR_New_3주기\New_MR_144.wav,2.2355,False,1,0.03705390001414344
544,MR,anomalo,New_MR_145.wav,C:\Users\armga\OneDrive\Escritorio\TFG\Bases de Datos\MR_New_3주기\New_MR_145.wav,2.196875,False,1,0.025912100012646988
545,MR,anomalo,New_MR_146.wav,C:\Users\armga\OneDrive\Escritorio\TFG\Bases de Datos\MR_New_3주기\New_MR_146.wav,2.206875,False,1,0.02544520000810735
546,MR,anomalo,New_MR_147.wav,C:\Users\armga\OneDrive\Escritorio\TFG\Bases de Datos\MR_New_3주기\New_MR_147.wav,2.207,False,1,0.036484999989625067
547,MR,anomalo,New_MR_148.wav,C:\Users\armga\OneDrive\Escritorio\TFG\Bases de Datos\MR_New_3주기\New_MR_148.wav,2.21325,False,1,0.032483500021044165
548,MR,anomalo,New_MR_149.wav,C:\Users\armga\OneDrive\Escritorio\TFG\Bases de Datos\MR_New_3주기\New_MR_149.wav,2.229375,False,1,0.03650819999165833
549,MR,anomalo,New_MR_150.wav,C:\Users\armga\OneDrive\Escritorio\TFG\Bases de Datos\MR_New_3주기\New_MR_150.wav,2.24575,False,1,0.037898599985055625
550,MR,anomalo,New_MR_151.wav,C:\Users\armga\OneDrive\Escritorio\TFG\Bases de Datos\MR_New_3주기\New_MR_151.wav,2.191375,False,1,0.03410969997639768
551,MR,anomalo,New_MR_152.wav,C:\Users\armga\OneDrive\Escritorio\TFG\Bases de Datos\MR_New_3주기\New_MR_152.wav,2.202125,False,1,0.037310299987439066
552,MR,anomalo,New_MR_153.wav,C:\Users\armga\OneDrive\Escritorio\TFG\Bases de Datos\MR_New_3주기\New_MR_153.wav,2.233625,False,1,0.03859260000172071
553,MR,anomalo,New_MR_154.wav,C:\Users\armga\OneDrive\Escritorio\TFG\Bases de Datos\MR_New_3주기\New_MR_154.wav,2.18075,False,1,0.0364285999967251
554,MR,anomalo,New_MR_155.wav,C:\Users\armga\OneDrive\Escritorio\TFG\Bases de Datos\MR_New_3주기\New_MR_155.wav,2.2285,False,1,0.03438550001010299
555,MR,anomalo,New_MR_156.wav,C:\Users\armga\OneDrive\Escritorio\TFG\Bases de Datos\MR_New_3주기\New_MR_156.wav,2.2445,False,1,0.030526199989253655
556,MR,anomalo,New_MR_157.wav,C:\Users\armga\OneDrive\Escritorio\TFG\Bases de Datos\MR_New_3주기\New_MR_157.wav,2.151625,False,1,0.037440699990838766
557,MR,anomalo,New_MR_158.wav,C:\Users\armga\OneDrive\Escritorio\TFG\Bases de Datos\MR_New_3주기\New_MR_158.wav,2.192625,False,1,0.028006000007735565
558,MR,anomalo,New_MR_159.wav,C:\Users\armga\OneDrive\Escritorio\TFG\Bases de Datos\MR_New_3주기\New_MR_159.wav,2.091875,False,1,0.030471000005491078
559,MR,anomalo,New_MR_160.wav,C:\Users\armga\OneDrive\Escritorio\TFG\Bases de Datos\MR_New_3주기\New_MR_160.wav,2.213875,False,1,0.031043599999975413
560,MR,anomalo,New_MR_161.wav,C:\Users\armga\OneDrive\Escritorio\TFG\Bases de Datos\MR_New_3주기\New_MR_161.wav,2.198,False,1,0.038495799992233515
561,MR,anomalo,New_MR_162.wav,C:\Users\armga\OneDrive\Escritorio\TFG\Bases de Datos\MR_New_3주기\New_MR_162.wav,2.19825,False,1,0.032533899997361004
562,MR,anomalo,New_MR_163.wav,C:\Users\armga\OneDrive\Escritorio\TFG\Bases de Datos\MR_New_3주기\New_MR_163.wav,2.221625,False,1,0.037183000007644296
563,MR,anomalo,New_MR_164.wav,C:\Users\armga\OneDrive\Escritorio\TFG\Bases de Datos\MR_New_3주기\New_MR_164.wav,2.240625,False,1,0.030884999985573813
564,MR,anomalo,New_MR_165.wav,C:\Users\armga\OneDrive\Escritorio\TFG\Bases de Datos\MR_New_3주기\New_MR_165.wav,2.27275,False,1,0.035972599987871945
565,MR,anomalo,New_MR_166.wav,C:\Users\armga\OneDrive\Escritorio\TFG\Bases de Datos\MR_New_3주기\New_MR_166.wav,2.220375,False,1,0.03737390000605956
566,MR,anomalo,New_MR_167.wav,C:\Users\armga\OneDrive\Escritorio\TFG\Bases de Datos\MR_New_3주기\New_MR_167.wav,2.136125,False,1,0.040178800001740456
567,MR,anomalo,New_MR_168.wav,C:\Users\armga\OneDrive\Escritorio\TFG\Bases de Datos\MR_New_3주기\New_MR_168.wav,2.213625,False,1,0.04169549999642186
568,MR,anomalo,New_MR_169.wav,C:\Users\armga\OneDrive\Escritorio\TFG\Bases de Datos\MR_New_3주기\New_MR_169.wav,2.120625,False,1,0.041396799992071465
569,MR,anomalo,New_MR_170.wav,C:\Users\armga\OneDrive\Escritorio\TFG\Bases de Datos\MR_New_3주기\New_MR_170.wav,2.17775,False,1,0.03031490001012571
570,MR,anomalo,New_MR_171.wav,C:\Users\armga\OneDrive\Escritorio\TFG\Bases de Datos\MR_New_3주기\New_MR_171.wav,2.1775,False,1,0.039764100016327575
571,MR,anomalo,New_MR_172.wav,C:\Users\armga\OneDrive\Escritorio\TFG\Bases de Datos\MR_New_3주기\New_MR_172.wav,2.229,False,1,0.04319930000929162
572,MR,anomalo,New_MR_173.wav,C:\Users\armga\OneDrive\Escritorio\TFG\Bases de Datos\MR_New_3주기\New_MR_173.wav,2.229,False,1,0.04117969999788329
573,MR,anomalo,New_MR_174.wav,C:\Users\armga\OneDrive\Escritorio\TFG\Bases de Datos\MR_New_3주기\New_MR_174.wav,2.19425,False,1,0.040506600023945794
574,MR,anomalo,New_MR_175.wav,C:\Users\armga\OneDrive\Escritorio\TFG\Bases de Datos\MR_New_3주기\New_MR_175.wav,2.202125,False,1,0.03919430001405999
575,MR,anomalo,New_MR_176.wav,C:\Users\armga\OneDrive\Escritorio\TFG\Bases de Datos\MR_New_3주기\New_MR_176.wav,2.198,False,1,0.03597460000310093
576,MR,anomalo,New_MR_177.wav,C:\Users\armga\OneDrive\Escritorio\TFG\Bases de Datos\MR_New_3주기\New_MR_177.wav,2.127875,False,1,0.0317090000025928
577,MR,anomalo,New_MR_178.wav,C:\Users\armga\OneDrive\Escritorio\TFG\Bases de Datos\MR_New_3주기\New_MR_178.wav,2.209375,False,1,0.040013099991483614
578,MR,anomalo,New_MR_179.wav,C:\Users\armga\OneDrive\Escritorio\TFG\Bases de Datos\MR_New_3주기\New_MR_179.wav,2.163125,False,1,0.02979790000244975
579,MR,anomalo,New_MR_180.wav,C:\Users\armga\OneDrive\Escritorio\TFG\Bases de Datos\MR_New_3주기\New_MR_180.wav,2.202125,False,1,0.042598500003805384
580,MR,anomalo,New_MR_181.wav,C:\Users\armga\OneDrive\Escritorio\TFG\Bases de Datos\MR_New_3주기\New_MR_181.wav,2.171,False,1,0.04099320000386797
581,MR,anomalo,New_MR_182.wav,C:\Users\armga\OneDrive\Escritorio\TFG\Bases de Datos\MR_New_3주기\New_MR_182.wav,2.2335,False,1,0.03895580000244081
582,MR,anomalo,New_MR_183.wav,C:\Users\armga\OneDrive\Escritorio\TFG\Bases de Datos\MR_New_3주기\New_MR_183.wav,2.1935,False,1,0.036987700004829094
583,MR,anomalo,New_MR_184.wav,C:\Users\armga\OneDrive\Escritorio\TFG\Bases de Datos\MR_New_3주기\New_MR_184.wav,2.22175,False,1,0.03455420001409948
584,MR,anomalo,New_MR_185.wav,C:\Users\armga\OneDrive\Escritorio\TFG\Bases de Datos\MR_New_3주기\New_MR_185.wav,2.198125,False,1,0.03798570000799373
585,MR,anomalo,New_MR_186.wav,C:\Users\armga\OneDrive\Escritorio\TFG\Bases de Datos\MR_New_3주기\New_MR_186.wav,2.550625,False,1,0.03938360000029206
586,MR,anomalo,New_MR_187.wav,C:\Users\armga\OneDrive\Escritorio\TFG\Bases de Datos\MR_New_3주기\New_MR_187.wav,2.52375,False,1,0.04061329999240115
587,MR,anomalo,New_MR_188.wav,C:\Users\armga\OneDrive\Escritorio\TFG\Bases de Datos\MR_New_3주기\New_MR_188.wav,2.546125,False,1,0.040728499996475875
588,MR,anomalo,New_MR_189.wav,C:\Users\armga\OneDrive\Escritorio\TFG\Bases de Datos\MR_New_3주기\New_MR_189.wav,2.466375,False,1,0.0417025999922771
589,MR,anomalo,New_MR_190.wav,C:\Users\armga\OneDrive\Escritorio\TFG\Bases de Datos\MR_New_3주기\New_MR_190.wav,2.532625,False,1,0.03693940001539886
590,MR,anomalo,New_MR_191.wav,C:\Users\armga\OneDrive\Escritorio\TFG\Bases de Datos\MR_New_3주기\New_MR_191.wav,2.514875,False,1,0.03500740000163205
591,MR,anomalo,New_MR_192.wav,C:\Users\armga\OneDrive\Escritorio\TFG\Bases de Datos\MR_New_3주기\New_MR_192.wav,2.53575,False,1,0.03397739998763427
592,MR,anomalo,New_MR_193.wav,C:\Users\armga\OneDrive\Escritorio\TFG\Bases de Datos\MR_New_3주기\New_MR_193.wav,2.500125,False,1,0.03814990000682883
593,MR,anomalo,New_MR_194.wav,C:\Users\armga\OneDrive\Escritorio\TFG\Bases de Datos\MR_New_3주기\New_MR_194.wav,2.241625,False,1,0.04344820001279004
594,MR,anomalo,New_MR_195.wav,C:\Users\armga\OneDrive\Escritorio\TFG\Bases de Datos\MR_New_3주기\New_MR_195.wav,2.225125,False,1,0.040106400003423914
595,MR,anomalo,New_MR_196.wav,C:\Users\armga\OneDrive\Escritorio\TFG\Bases de Datos\MR_New_3주기\New_MR_196.wav,2.222375,False,1,0.036803900002269074
596,MR,anomalo,New_MR_197.wav,C:\Users\armga\OneDrive\Escritorio\TFG\Bases de Datos\MR_New_3주기\New_MR_197.wav,2.198625,False,1,0.04094410000834614
597,MR,anomalo,New_MR_198.wav,C:\Users\armga\OneDrive\Escritorio\TFG\Bases de Datos\MR_New_3주기\New_MR_198.wav,2.2595,False,1,0.03471069998340681
598,MR,anomalo,New_MR_199.wav,C:\Users\armga\OneDrive\Escritorio\TFG\Bases de Datos\MR_New_3주기\New_MR_199.wav,2.219625,False,1,0.03367840001010336
599,MR,anomalo,New_MR_200.wav,C:\Users\armga\OneDrive\Escritorio\TFG\Bases de Datos\MR_New_3주기\New_MR_200.wav,2.2595,False,1,0.037987799994880334
600,MS,anomalo,New_MS_001.wav,C:\Users\armga\OneDrive\Escritorio\TFG\Bases de Datos\MS_New_3주기\New_MS_001.wav,2.95325,False,1,0.037465799978235736
601,MS,anomalo,New_MS_002.wav,C:\Users\armga\OneDrive\Escritorio\TFG\Bases de Datos\MS_New_3주기\New_MS_002.wav,2.88125,False,1,0.041927200014470145
602,MS,anomalo,New_MS_003.wav,C:\Users\armga\OneDrive\Escritorio\TFG\Bases de Datos\MS_New_3주기\New_MS_003.wav,2.947,False,1,0.03503450000425801
603,MS,anomalo,New_MS_004.wav,C:\Users\armga\OneDrive\Escritorio\TFG\Bases de Datos\MS_New_3주기\New_MS_004.wav,2.844625,False,1,0.04771330000949092
604,MS,anomalo,New_MS_005.wav,C:\Users\armga\OneDrive\Escritorio\TFG\Bases de Datos\MS_New_3주기\New_MS_005.wav,1.204375,True,1,0.04064890000154264
605,MS,anomalo,New_MS_006.wav,C:\Users\armga\OneDrive\Escritorio\TFG\Bases de Datos\MS_New_3주기\New_MS_006.wav,1.155625,True,1,0.03892579997773282
606,MS,anomalo,New_MS_007.wav,C:\Users\armga\OneDrive\Escritorio\TFG\Bases de Datos\MS_New_3주기\New_MS_007.wav,1.27275,True,1,0.03927910001948476
607,MS,anomalo,New_MS_008.wav,C:\Users\armga\OneDrive\Escritorio\TFG\Bases de Datos\MS_New_3주기\New_MS_008.wav,1.20625,True,1,0.03840419999323785
608,MS,anomalo,New_MS_009.wav,C:\Users\armga\OneDrive\Escritorio\TFG\Bases de Datos\MS_New_3주기\New_MS_009.wav,1.316125,True,1,0.04763649997767061
609,MS,anomalo,New_MS_010.wav,C:\Users\armga\OneDrive\Escritorio\TFG\Bases de Datos\MS_New_3주기\New_MS_010.wav,1.289,True,1,0.038497400004416704
610,MS,anomalo,New_MS_011.wav,C:\Users\armga\OneDrive\Escritorio\TFG\Bases de Datos\MS_New_3주기\New_MS_011.wav,1.465125,True,1,0.04110810000565834
611,MS,anomalo,New_MS_012.wav,C:\Users\armga\OneDrive\Escritorio\TFG\Bases de Datos\MS_New_3주기\New_MS_012.wav,1.34325,True,1,0.03575160002219491
612,MS,anomalo,New_MS_013.wav,C:\Users\armga\OneDrive\Escritorio\TFG\Bases de Datos\MS_New_3주기\New_MS_013.wav,1.197125,True,1,0.037667600001441315
613,MS,anomalo,New_MS_014.wav,C:\Users\armga\OneDrive\Escritorio\TFG\Bases de Datos\MS_New_3주기\New_MS_014.wav,1.214125,True,1,0.040104599989717826
614,MS,anomalo,New_MS_015.wav,C:\Users\armga\OneDrive\Escritorio\TFG\Bases de Datos\MS_New_3주기\New_MS_015.wav,2.901375,False,1,0.03779240002040751
615,MS,anomalo,New_MS_016.wav,C:\Users\armga\OneDrive\Escritorio\TFG\Bases de Datos\MS_New_3주기\New_MS_016.wav,3.201375,False,2,0.03957180000725202
616,MS,anomalo,New_MS_017.wav,C:\Users\armga\OneDrive\Escritorio\TFG\Bases de Datos\MS_New_3주기\New_MS_017.wav,2.273125,False,1,0.04005360000883229
617,MS,anomalo,New_MS_018.wav,C:\Users\armga\OneDrive\Escritorio\TFG\Bases de Datos\MS_New_3주기\New_MS_018.wav,2.254125,False,1,0.046984100015833974
618,MS,anomalo,New_MS_019.wav,C:\Users\armga\OneDrive\Escritorio\TFG\Bases de Datos\MS_New_3주기\New_MS_019.wav,2.28425,False,1,0.03874980000546202
619,MS,anomalo,New_MS_020.wav,C:\Users\armga\OneDrive\Escritorio\TFG\Bases de Datos\MS_New_3주기\New_MS_020.wav,2.2715,False,1,0.038906100002350286
620,MS,anomalo,New_MS_021.wav,C:\Users\armga\OneDrive\Escritorio\TFG\Bases de Datos\MS_New_3주기\New_MS_021.wav,2.07875,False,1,0.042315200000302866
621,MS,anomalo,New_MS_022.wav,C:\Users\armga\OneDrive\Escritorio\TFG\Bases de Datos\MS_New_3주기\New_MS_022.wav,2.0185,False,1,0.04597460001241416
622,MS,anomalo,New_MS_023.wav,C:\Users\armga\OneDrive\Escritorio\TFG\Bases de Datos\MS_New_3주기\New_MS_023.wav,2.0775,False,1,0.04370109998853877
623,MS,anomalo,New_MS_024.wav,C:\Users\armga\OneDrive\Escritorio\TFG\Bases de Datos\MS_New_3주기\New_MS_024.wav,2.042875,False,1,0.032265799993183464
624,MS,anomalo,New_MS_025.wav,C:\Users\armga\OneDrive\Escritorio\TFG\Bases de Datos\MS_New_3주기\New_MS_025.wav,2.035625,False,1,0.03790070000104606
625,MS,anomalo,New_MS_026.wav,C:\Users\armga\OneDrive\Escritorio\TFG\Bases de Datos\MS_New_3주기\New_MS_026.wav,2.032875,False,1,0.0409677000134252
626,MS,anomalo,New_MS_027.wav,C:\Users\armga\OneDrive\Escritorio\TFG\Bases de Datos\MS_New_3주기\New_MS_027.wav,2.0905,False,1,0.03756930000963621
627,MS,anomalo,New_MS_028.wav,C:\Users\armga\OneDrive\Escritorio\TFG\Bases de Datos\MS_New_3주기\New_MS_028.wav,2.0905,False,1,0.04488280002260581
628,MS,anomalo,New_MS_029.wav,C:\Users\armga\OneDrive\Escritorio\TFG\Bases de Datos\MS_New_3주기\New_MS_029.wav,2.06,False,1,0.043851800000993535
629,MS,anomalo,New_MS_030.wav,C:\Users\armga\OneDrive\Escritorio\TFG\Bases de Datos\MS_New_3주기\New_MS_030.wav,1.99725,True,1,0.03514069999800995
630,MS,anomalo,New_MS_031.wav,C:\Users\armga\OneDrive\Escritorio\TFG\Bases de Datos\MS_New_3주기\New_MS_031.wav,2.094875,False,1,0.04578280000714585
631,MS,anomalo,New_MS_032.wav,C:\Users\armga\OneDrive\Escritorio\TFG\Bases de Datos\MS_New_3주기\New_MS_032.wav,2.048625,False,1,0.048874300002353266
632,MS,anomalo,New_MS_033.wav,C:\Users\armga\OneDrive\Escritorio\TFG\Bases de Datos\MS_New_3주기\New_MS_033.wav,2.068375,False,1,0.04514919998473488
633,MS,anomalo,New_MS_034.wav,C:\Users\armga\OneDrive\Escritorio\TFG\Bases de Datos\MS_New_3주기\New_MS_034.wav,2.017125,False,1,0.05150070000672713
634,MS,anomalo,New_MS_035.wav,C:\Users\armga\OneDrive\Escritorio\TFG\Bases de Datos\MS_New_3주기\New_MS_035.wav,2.0905,False,1,0.04969009998603724
635,MS,anomalo,New_MS_036.wav,C:\Users\armga\OneDrive\Escritorio\TFG\Bases de Datos\MS_New_3주기\New_MS_036.wav,2.073125,False,1,0.035855599999194965
636,MS,anomalo,New_MS_037.wav,C:\Users\armga\OneDrive\Escritorio\TFG\Bases de Datos\MS_New_3주기\New_MS_037.wav,2.06875,False,1,0.042819199996301904
637,MS,anomalo,New_MS_038.wav,C:\Users\armga\OneDrive\Escritorio\TFG\Bases de Datos\MS_New_3주기\New_MS_038.wav,2.04575,False,1,0.040736099996138364
638,MS,anomalo,New_MS_039.wav,C:\Users\armga\OneDrive\Escritorio\TFG\Bases de Datos\MS_New_3주기\New_MS_039.wav,2.08275,False,1,0.042931799980578944
639,MS,anomalo,New_MS_040.wav,C:\Users\armga\OneDrive\Escritorio\TFG\Bases de Datos\MS_New_3주기\New_MS_040.wav,1.974375,True,1,0.04754359999787994
640,MS,anomalo,New_MS_041.wav,C:\Users\armga\OneDrive\Escritorio\TFG\Bases de Datos\MS_New_3주기\New_MS_041.wav,2.05725,False,1,0.03718089999165386
641,MS,anomalo,New_MS_042.wav,C:\Users\armga\OneDrive\Escritorio\TFG\Bases de Datos\MS_New_3주기\New_MS_042.wav,2.042875,False,1,0.03301909999572672
642,MS,anomalo,New_MS_043.wav,C:\Users\armga\OneDrive\Escritorio\TFG\Bases de Datos\MS_New_3주기\New_MS_043.wav,2.074625,False,1,0.040853099984815344
643,MS,anomalo,New_MS_044.wav,C:\Users\armga\OneDrive\Escritorio\TFG\Bases de Datos\MS_New_3주기\New_MS_044.wav,2.011125,False,1,0.04344209999544546
644,MS,anomalo,New_MS_045.wav,C:\Users\armga\OneDrive\Escritorio\TFG\Bases de Datos\MS_New_3주기\New_MS_045.wav,2.075875,False,1,0.04645310001797043
645,MS,anomalo,New_MS_046.wav,C:\Users\armga\OneDrive\Escritorio\TFG\Bases de Datos\MS_New_3주기\New_MS_046.wav,2.044375,False,1,0.047917400021106005
646,MS,anomalo,New_MS_047.wav,C:\Users\armga\OneDrive\Escritorio\TFG\Bases de Datos\MS_New_3주기\New_MS_047.wav,2.064375,False,1,0.04135450001922436
647,MS,anomalo,New_MS_048.wav,C:\Users\armga\OneDrive\Escritorio\TFG\Bases de Datos\MS_New_3주기\New_MS_048.wav,2.035375,False,1,0.04288029999588616
648,MS,anomalo,New_MS_049.wav,C:\Users\armga\OneDrive\Escritorio\TFG\Bases de Datos\MS_New_3주기\New_MS_049.wav,2.2725,False,1,0.03513589999056421
649,MS,anomalo,New_MS_050.wav,C:\Users\armga\OneDrive\Escritorio\TFG\Bases de Datos\MS_New_3주기\New_MS_050.wav,2.256625,False,1,0.03596119998837821
650,MS,anomalo,New_MS_051.wav,C:\Users\armga\OneDrive\Escritorio\TFG\Bases de Datos\MS_New_3주기\New_MS_051.wav,2.275,False,1,0.04026569999405183
651,MS,anomalo,New_MS_052.wav,C:\Users\armga\OneDrive\Escritorio\TFG\Bases de Datos\MS_New_3주기\New_MS_052.wav,2.265125,False,1,0.039534499985165894
652,MS,anomalo,New_MS_053.wav,C:\Users\armga\OneDrive\Escritorio\TFG\Bases de Datos\MS_New_3주기\New_MS_053.wav,2.4015,False,1,0.03668409999227151
653,MS,anomalo,New_MS_054.wav,C:\Users\armga\OneDrive\Escritorio\TFG\Bases de Datos\MS_New_3주기\New_MS_054.wav,2.425375,False,1,0.03793220000807196
654,MS,anomalo,New_MS_055.wav,C:\Users\armga\OneDrive\Escritorio\TFG\Bases de Datos\MS_New_3주기\New_MS_055.wav,2.400625,False,1,0.04158710001502186
655,MS,anomalo,New_MS_056.wav,C:\Users\armga\OneDrive\Escritorio\TFG\Bases de Datos\MS_New_3주기\New_MS_056.wav,2.404,False,1,0.03512620000401512
656,MS,anomalo,New_MS_057.wav,C:\Users\armga\OneDrive\Escritorio\TFG\Bases de Datos\MS_New_3주기\New_MS_057.wav,2.391875,False,1,0.031895399995846674
657,MS,anomalo,New_MS_058.wav,C:\Users\armga\OneDrive\Escritorio\TFG\Bases de Datos\MS_New_3주기\New_MS_058.wav,2.354875,False,1,0.037203899992164224
658,MS,anomalo,New_MS_059.wav,C:\Users\armga\OneDrive\Escritorio\TFG\Bases de Datos\MS_New_3주기\New_MS_059.wav,2.08775,False,1,0.04271870001684874
659,MS,anomalo,New_MS_060.wav,C:\Users\armga\OneDrive\Escritorio\TFG\Bases de Datos\MS_New_3주기\New_MS_060.wav,2.078875,False,1,0.04727209999691695
660,MS,anomalo,New_MS_061.wav,C:\Users\armga\OneDrive\Escritorio\TFG\Bases de Datos\MS_New_3주기\New_MS_061.wav,2.08225,False,1,0.03917390000424348
661,MS,anomalo,New_MS_062.wav,C:\Users\armga\OneDrive\Escritorio\TFG\Bases de Datos\MS_New_3주기\New_MS_062.wav,2.059125,False,1,0.0464127000013832
662,MS,anomalo,New_MS_063.wav,C:\Users\armga\OneDrive\Escritorio\TFG\Bases de Datos\MS_New_3주기\New_MS_063.wav,2.07075,False,1,0.037786100001540035
663,MS,anomalo,New_MS_064.wav,C:\Users\armga\OneDrive\Escritorio\TFG\Bases de Datos\MS_New_3주기\New_MS_064.wav,2.050375,False,1,0.03161199999158271
664,MS,anomalo,New_MS_065.wav,C:\Users\armga\OneDrive\Escritorio\TFG\Bases de Datos\MS_New_3주기\New_MS_065.wav,2.059125,False,1,0.029828699975041673
665,MS,anomalo,New_MS_066.wav,C:\Users\armga\OneDrive\Escritorio\TFG\Bases de Datos\MS_New_3주기\New_MS_066.wav,2.073625,False,1,0.03986439999425784
666,MS,anomalo,New_MS_067.wav,C:\Users\armga\OneDrive\Escritorio\TFG\Bases de Datos\MS_New_3주기\New_MS_067.wav,2.09075,False,1,0.05047050002031028
667,MS,anomalo,New_MS_068.wav,C:\Users\armga\OneDrive\Escritorio\TFG\Bases de Datos\MS_New_3주기\New_MS_068.wav,2.01325,False,1,0.029839199996786192
668,MS,anomalo,New_MS_069.wav,C:\Users\armga\OneDrive\Escritorio\TFG\Bases de Datos\MS_New_3주기\New_MS_069.wav,2.05425,False,1,0.03245150001021102
669,MS,anomalo,New_MS_070.wav,C:\Users\armga\OneDrive\Escritorio\TFG\Bases de Datos\MS_New_3주기\New_MS_070.wav,2.051375,False,1,0.029712999996263534
670,MS,anomalo,New_MS_071.wav,C:\Users\armga\OneDrive\Escritorio\TFG\Bases de Datos\MS_New_3주기\New_MS_071.wav,2.07975,False,1,0.028209200012497604
671,MS,anomalo,New_MS_072.wav,C:\Users\armga\OneDrive\Escritorio\TFG\Bases de Datos\MS_New_3주기\New_MS_072.wav,2.076875,False,1,0.04740829998627305
672,MS,anomalo,New_MS_073.wav,C:\Users\armga\OneDrive\Escritorio\TFG\Bases de Datos\MS_New_3주기\New_MS_073.wav,2.054375,False,1,0.04394990002037957
673,MS,anomalo,New_MS_074.wav,C:\Users\armga\OneDrive\Escritorio\TFG\Bases de Datos\MS_New_3주기\New_MS_074.wav,2.048625,False,1,0.03538350001326762
674,MS,anomalo,New_MS_075.wav,C:\Users\armga\OneDrive\Escritorio\TFG\Bases de Datos\MS_New_3주기\New_MS_075.wav,2.0785,False,1,0.04425849998369813
675,MS,anomalo,New_MS_076.wav,C:\Users\armga\OneDrive\Escritorio\TFG\Bases de Datos\MS_New_3주기\New_MS_076.wav,2.064125,False,1,0.04843339999206364
676,MS,anomalo,New_MS_077.wav,C:\Users\armga\OneDrive\Escritorio\TFG\Bases de Datos\MS_New_3주기\New_MS_077.wav,2.06125,False,1,0.03953959999489598
677,MS,anomalo,New_MS_078.wav,C:\Users\armga\OneDrive\Escritorio\TFG\Bases de Datos\MS_New_3주기\New_MS_078.wav,2.04975,False,1,0.04245559999253601
678,MS,anomalo,New_MS_079.wav,C:\Users\armga\OneDrive\Escritorio\TFG\Bases de Datos\MS_New_3주기\New_MS_079.wav,2.113875,False,1,0.04270029999315739
679,MS,anomalo,New_MS_080.wav,C:\Users\armga\OneDrive\Escritorio\TFG\Bases de Datos\MS_New_3주기\New_MS_080.wav,2.08175,False,1,0.0396976999763865
680,MS,anomalo,New_MS_081.wav,C:\Users\armga\OneDrive\Escritorio\TFG\Bases de Datos\MS_New_3주기\New_MS_081.wav,2.055875,False,1,0.04319569998187944
681,MS,anomalo,New_MS_082.wav,C:\Users\armga\OneDrive\Escritorio\TFG\Bases de Datos\MS_New_3주기\New_MS_082.wav,2.05025,False,1,0.03430159998242743
682,MS,anomalo,New_MS_083.wav,C:\Users\armga\OneDrive\Escritorio\TFG\Bases de Datos\MS_New_3주기\New_MS_083.wav,2.083625,False,1,0.03489080001600087
683,MS,anomalo,New_MS_084.wav,C:\Users\armga\OneDrive\Escritorio\TFG\Bases de Datos\MS_New_3주기\New_MS_084.wav,2.077875,False,1,0.02892079998855479
684,MS,anomalo,New_MS_085.wav,C:\Users\armga\OneDrive\Escritorio\TFG\Bases de Datos\MS_New_3주기\New_MS_085.wav,2.07275,False,1,0.03802700000233017
685,MS,anomalo,New_MS_086.wav,C:\Users\armga\OneDrive\Escritorio\TFG\Bases de Datos\MS_New_3주기\New_MS_086.wav,2.052625,False,1,0.03080989999580197
686,MS,anomalo,New_MS_087.wav,C:\Users\armga\OneDrive\Escritorio\TFG\Bases de Datos\MS_New_3주기\New_MS_087.wav,2.95825,False,1,0.038912099989829585
687,MS,anomalo,New_MS_088.wav,C:\Users\armga\OneDrive\Escritorio\TFG\Bases de Datos\MS_New_3주기\New_MS_088.wav,2.911,False,1,0.02723040001001209
688,MS,anomalo,New_MS_089.wav,C:\Users\armga\OneDrive\Escritorio\TFG\Bases de Datos\MS_New_3주기\New_MS_089.wav,3.172375,False,2,0.03540289998636581
689,MS,anomalo,New_MS_090.wav,C:\Users\armga\OneDrive\Escritorio\TFG\Bases de Datos\MS_New_3주기\New_MS_090.wav,2.414125,False,1,0.028164499992271885
690,MS,anomalo,New_MS_091.wav,C:\Users\armga\OneDrive\Escritorio\TFG\Bases de Datos\MS_New_3주기\New_MS_091.wav,2.42425,False,1,0.03746210000826977
691,MS,anomalo,New_MS_092.wav,C:\Users\armga\OneDrive\Escritorio\TFG\Bases de Datos\MS_New_3주기\New_MS_092.wav,2.434375,False,1,0.028193000005558133
692,MS,anomalo,New_MS_093.wav,C:\Users\armga\OneDrive\Escritorio\TFG\Bases de Datos\MS_New_3주기\New_MS_093.wav,2.431,False,1,0.026604400016367435
693,MS,anomalo,New_MS_094.wav,C:\Users\armga\OneDrive\Escritorio\TFG\Bases de Datos\MS_New_3주기\New_MS_094.wav,2.449375,False,1,0.030358899995917454
694,MS,anomalo,New_MS_095.wav,C:\Users\armga\OneDrive\Escritorio\TFG\Bases de Datos\MS_New_3주기\New_MS_095.wav,2.429,False,1,0.03149180000764318
695,MS,anomalo,New_MS_096.wav,C:\Users\armga\OneDrive\Escritorio\TFG\Bases de Datos\MS_New_3주기\New_MS_096.wav,2.42725,False,1,0.035252499976195395
696,MS,anomalo,New_MS_097.wav,C:\Users\armga\OneDrive\Escritorio\TFG\Bases de Datos\MS_New_3주기\New_MS_097.wav,2.400125,False,1,0.03455270000267774
697,MS,anomalo,New_MS_098.wav,C:\Users\armga\OneDrive\Escritorio\TFG\Bases de Datos\MS_New_3주기\New_MS_098.wav,2.4455,False,1,0.03513080000993796
698,MS,anomalo,New_MS_099.wav,C:\Users\armga\OneDrive\Escritorio\TFG\Bases de Datos\MS_New_3주기\New_MS_099.wav,2.43525,False,1,0.035354999999981374
699,MS,anomalo,New_MS_100.wav,C:\Users\armga\OneDrive\Escritorio\TFG\Bases de Datos\MS_New_3주기\New_MS_100.wav,2.434375,False,1,0.03748560001258738
700,MS,anomalo,New_MS_101.wav,C:\Users\armga\OneDrive\Escritorio\TFG\Bases de Datos\MS_New_3주기\New_MS_101.wav,2.427375,False,1,0.03309060001629405
701,MS,anomalo,New_MS_102.wav,C:\Users\armga\OneDrive\Escritorio\TFG\Bases de Datos\MS_New_3주기\New_MS_102.wav,2.424125,False,1,0.032621500024106354
702,MS,anomalo,New_MS_103.wav,C:\Users\armga\OneDrive\Escritorio\TFG\Bases de Datos\MS_New_3주기\New_MS_103.wav,2.42075,False,1,0.03710109999519773
703,MS,anomalo,New_MS_104.wav,C:\Users\armga\OneDrive\Escritorio\TFG\Bases de Datos\MS_New_3주기\New_MS_104.wav,2.435,False,1,0.040009799995459616
704,MS,anomalo,New_MS_105.wav,C:\Users\armga\OneDrive\Escritorio\TFG\Bases de Datos\MS_New_3주기\New_MS_105.wav,2.39125,False,1,0.03565329997218214
705,MS,anomalo,New_MS_106.wav,C:\Users\armga\OneDrive\Escritorio\TFG\Bases de Datos\MS_New_3주기\New_MS_106.wav,2.41825,False,1,0.0430837000021711
706,MS,anomalo,New_MS_107.wav,C:\Users\armga\OneDrive\Escritorio\TFG\Bases de Datos\MS_New_3주기\New_MS_107.wav,2.384625,False,1,0.031478899996727705
707,MS,anomalo,New_MS_108.wav,C:\Users\armga\OneDrive\Escritorio\TFG\Bases de Datos\MS_New_3주기\New_MS_108.wav,2.426375,False,1,0.03657830000156537
708,MS,anomalo,New_MS_109.wav,C:\Users\armga\OneDrive\Escritorio\TFG\Bases de Datos\MS_New_3주기\New_MS_109.wav,2.4195,False,1,0.04480700002750382
709,MS,anomalo,New_MS_110.wav,C:\Users\armga\OneDrive\Escritorio\TFG\Bases de Datos\MS_New_3주기\New_MS_110.wav,2.466125,False,1,0.04181070000049658
710,MS,anomalo,New_MS_111.wav,C:\Users\armga\OneDrive\Escritorio\TFG\Bases de Datos\MS_New_3주기\New_MS_111.wav,2.45575,False,1,0.045156899985158816
711,MS,anomalo,New_MS_112.wav,C:\Users\armga\OneDrive\Escritorio\TFG\Bases de Datos\MS_New_3주기\New_MS_112.wav,2.437625,False,1,0.038322299980791286
712,MS,anomalo,New_MS_113.wav,C:\Users\armga\OneDrive\Escritorio\TFG\Bases de Datos\MS_New_3주기\New_MS_113.wav,2.447875,False,1,0.03410779999103397
713,MS,anomalo,New_MS_114.wav,C:\Users\armga\OneDrive\Escritorio\TFG\Bases de Datos\MS_New_3주기\New_MS_114.wav,2.42025,False,1,0.03253940001013689
714,MS,anomalo,New_MS_115.wav,C:\Users\armga\OneDrive\Escritorio\TFG\Bases de Datos\MS_New_3주기\New_MS_115.wav,2.400125,False,1,0.040950700000394136
715,MS,anomalo,New_MS_116.wav,C:\Users\armga\OneDrive\Escritorio\TFG\Bases de Datos\MS_New_3주기\New_MS_116.wav,2.44325,False,1,0.0456551999959629
716,MS,anomalo,New_MS_117.wav,C:\Users\armga\OneDrive\Escritorio\TFG\Bases de Datos\MS_New_3주기\New_MS_117.wav,2.487875,False,1,0.04171599997789599
717,MS,anomalo,New_MS_118.wav,C:\Users\armga\OneDrive\Escritorio\TFG\Bases de Datos\MS_New_3주기\New_MS_118.wav,3.11375,False,2,0.034101299999747425
718,MS,anomalo,New_MS_119.wav,C:\Users\armga\OneDrive\Escritorio\TFG\Bases de Datos\MS_New_3주기\New_MS_119.wav,2.03675,False,1,0.02991350000957027
719,MS,anomalo,New_MS_120.wav,C:\Users\armga\OneDrive\Escritorio\TFG\Bases de Datos\MS_New_3주기\New_MS_120.wav,2.0,False,1,0.033384200010914356
720,MS,anomalo,New_MS_121.wav,C:\Users\armga\OneDrive\Escritorio\TFG\Bases de Datos\MS_New_3주기\New_MS_121.wav,2.1225,False,1,0.034409399988362566
721,MS,anomalo,New_MS_122.wav,C:\Users\armga\OneDrive\Escritorio\TFG\Bases de Datos\MS_New_3주기\New_MS_122.wav,2.0075,False,1,0.03149880000273697
722,MS,anomalo,New_MS_123.wav,C:\Users\armga\OneDrive\Escritorio\TFG\Bases de Datos\MS_New_3주기\New_MS_123.wav,2.11675,False,1,0.04107999999541789
723,MS,anomalo,New_MS_124.wav,C:\Users\armga\OneDrive\Escritorio\TFG\Bases de Datos\MS_New_3주기\New_MS_124.wav,1.97575,True,1,0.042271099984645844
724,MS,anomalo,New_MS_125.wav,C:\Users\armga\OneDrive\Escritorio\TFG\Bases de Datos\MS_New_3주기\New_MS_125.wav,3.088625,False,2,0.027802600001450628
725,MS,anomalo,New_MS_126.wav,C:\Users\armga\OneDrive\Escritorio\TFG\Bases de Datos\MS_New_3주기\New_MS_126.wav,2.974625,False,1,0.03593230000115
726,MS,anomalo,New_MS_127.wav,C:\Users\armga\OneDrive\Escritorio\TFG\Bases de Datos\MS_New_3주기\New_MS_127.wav,3.0675,False,2,0.027438699995400384
727,MS,anomalo,New_MS_128.wav,C:\Users\armga\OneDrive\Escritorio\TFG\Bases de Datos\MS_New_3주기\New_MS_128.wav,2.907125,False,1,0.028583600011188537
728,MS,anomalo,New_MS_129.wav,C:\Users\armga\OneDrive\Escritorio\TFG\Bases de Datos\MS_New_3주기\New_MS_129.wav,2.991,False,1,0.03388240002095699
729,MS,anomalo,New_MS_130.wav,C:\Users\armga\OneDrive\Escritorio\TFG\Bases de Datos\MS_New_3주기\New_MS_130.wav,2.839625,False,1,0.032026900007622316
730,MS,anomalo,New_MS_131.wav,C:\Users\armga\OneDrive\Escritorio\TFG\Bases de Datos\MS_New_3주기\New_MS_131.wav,2.978,False,1,0.029654800018761307
731,MS,anomalo,New_MS_132.wav,C:\Users\armga\OneDrive\Escritorio\TFG\Bases de Datos\MS_New_3주기\New_MS_132.wav,2.875375,False,1,0.04368630002136342
732,MS,anomalo,New_MS_133.wav,C:\Users\armga\OneDrive\Escritorio\TFG\Bases de Datos\MS_New_3주기\New_MS_133.wav,2.98575,False,1,0.03423680001287721
733,MS,anomalo,New_MS_134.wav,C:\Users\armga\OneDrive\Escritorio\TFG\Bases de Datos\MS_New_3주기\New_MS_134.wav,3.007,False,2,0.04359070002101362
734,MS,anomalo,New_MS_135.wav,C:\Users\armga\OneDrive\Escritorio\TFG\Bases de Datos\MS_New_3주기\New_MS_135.wav,2.978,False,1,0.042347999988123775
735,MS,anomalo,New_MS_136.wav,C:\Users\armga\OneDrive\Escritorio\TFG\Bases de Datos\MS_New_3주기\New_MS_136.wav,2.826125,False,1,0.03146220001508482
736,MS,anomalo,New_MS_137.wav,C:\Users\armga\OneDrive\Escritorio\TFG\Bases de Datos\MS_New_3주기\New_MS_137.wav,2.996,False,1,0.02978009998332709
737,MS,anomalo,New_MS_138.wav,C:\Users\armga\OneDrive\Escritorio\TFG\Bases de Datos\MS_New_3주기\New_MS_138.wav,2.8905,False,1,0.04128619999391958
738,MS,anomalo,New_MS_139.wav,C:\Users\armga\OneDrive\Escritorio\TFG\Bases de Datos\MS_New_3주기\New_MS_139.wav,2.996,False,1,0.02788850001525134
739,MS,anomalo,New_MS_140.wav,C:\Users\armga\OneDrive\Escritorio\TFG\Bases de Datos\MS_New_3주기\New_MS_140.wav,2.87825,False,1,0.03980290002073161
740,MS,anomalo,New_MS_141.wav,C:\Users\armga\OneDrive\Escritorio\TFG\Bases de Datos\MS_New_3주기\New_MS_141.wav,2.953875,False,1,0.03311580000445247
741,MS,anomalo,New_MS_142.wav,C:\Users\armga\OneDrive\Escritorio\TFG\Bases de Datos\MS_New_3주기\New_MS_142.wav,2.92025,False,1,0.03220089999376796
742,MS,anomalo,New_MS_143.wav,C:\Users\armga\OneDrive\Escritorio\TFG\Bases de Datos\MS_New_3주기\New_MS_143.wav,2.98625,False,1,0.03155850002076477
743,MS,anomalo,New_MS_144.wav,C:\Users\armga\OneDrive\Escritorio\TFG\Bases de Datos\MS_New_3주기\New_MS_144.wav,2.838375,False,1,0.03594909998355433
744,MS,anomalo,New_MS_145.wav,C:\Users\armga\OneDrive\Escritorio\TFG\Bases de Datos\MS_New_3주기\New_MS_145.wav,2.993125,False,1,0.03590560000156984
745,MS,anomalo,New_MS_146.wav,C:\Users\armga\OneDrive\Escritorio\TFG\Bases de Datos\MS_New_3주기\New_MS_146.wav,2.972125,False,1,0.03280030001769774
746,MS,anomalo,New_MS_147.wav,C:\Users\armga\OneDrive\Escritorio\TFG\Bases de Datos\MS_New_3주기\New_MS_147.wav,3.00275,False,2,0.03497810001135804
747,MS,anomalo,New_MS_148.wav,C:\Users\armga\OneDrive\Escritorio\TFG\Bases de Datos\MS_New_3주기\New_MS_148.wav,2.8795,False,1,0.03783590000239201
748,MS,anomalo,New_MS_149.wav,C:\Users\armga\OneDrive\Escritorio\TFG\Bases de Datos\MS_New_3주기\New_MS_149.wav,3.002625,False,2,0.030765200004680082
749,MS,anomalo,New_MS_150.wav,C:\Users\armga\OneDrive\Escritorio\TFG\Bases de Datos\MS_New_3주기\New_MS_150.wav,2.813625,False,1,0.03459419999853708
750,MS,anomalo,New_MS_151.wav,C:\Users\armga\OneDrive\Escritorio\TFG\Bases de Datos\MS_New_3주기\New_MS_151.wav,2.9815,False,1,0.035317599977133796
751,MS,anomalo,New_MS_152.wav,C:\Users\armga\OneDrive\Escritorio\TFG\Bases de Datos\MS_New_3주기\New_MS_152.wav,2.911125,False,1,0.03468169999541715
752,MS,anomalo,New_MS_153.wav,C:\Users\armga\OneDrive\Escritorio\TFG\Bases de Datos\MS_New_3주기\New_MS_153.wav,3.007,False,2,0.04202729999087751
753,MS,anomalo,New_MS_154.wav,C:\Users\armga\OneDrive\Escritorio\TFG\Bases de Datos\MS_New_3주기\New_MS_154.wav,2.968875,False,1,0.03651150001678616
754,MS,anomalo,New_MS_155.wav,C:\Users\armga\OneDrive\Escritorio\TFG\Bases de Datos\MS_New_3주기\New_MS_155.wav,3.009875,False,2,0.042792399995960295
755,MS,anomalo,New_MS_156.wav,C:\Users\armga\OneDrive\Escritorio\TFG\Bases de Datos\MS_New_3주기\New_MS_156.wav,2.918,False,1,0.036435100017115474
756,MS,anomalo,New_MS_157.wav,C:\Users\armga\OneDrive\Escritorio\TFG\Bases de Datos\MS_New_3주기\New_MS_157.wav,3.0105,False,2,0.03521579998778179
757,MS,anomalo,New_MS_158.wav,C:\Users\armga\OneDrive\Escritorio\TFG\Bases de Datos\MS_New_3주기\New_MS_158.wav,2.911125,False,1,0.04248100001132116
758,MS,anomalo,New_MS_159.wav,C:\Users\armga\OneDrive\Escritorio\TFG\Bases de Datos\MS_New_3주기\New_MS_159.wav,3.01475,False,2,0.05008440001984127
759,MS,anomalo,New_MS_160.wav,C:\Users\armga\OneDrive\Escritorio\TFG\Bases de Datos\MS_New_3주기\New_MS_160.wav,2.88225,False,1,0.04042269999627024
760,MS,anomalo,New_MS_161.wav,C:\Users\armga\OneDrive\Escritorio\TFG\Bases de Datos\MS_New_3주기\New_MS_161.wav,2.986125,False,1,0.03500319999875501
761,MS,anomalo,New_MS_162.wav,C:\Users\armga\OneDrive\Escritorio\TFG\Bases de Datos\MS_New_3주기\New_MS_162.wav,2.89175,False,1,0.0429809000052046
762,MS,anomalo,New_MS_163.wav,C:\Users\armga\OneDrive\Escritorio\TFG\Bases de Datos\MS_New_3주기\New_MS_163.wav,3.0065,False,2,0.039759699982823804
763,MS,anomalo,New_MS_164.wav,C:\Users\armga\OneDrive\Escritorio\TFG\Bases de Datos\MS_New_3주기\New_MS_164.wav,2.8905,False,1,0.034519300010288134
764,MS,anomalo,New_MS_165.wav,C:\Users\armga\OneDrive\Escritorio\TFG\Bases de Datos\MS_New_3주기\New_MS_165.wav,2.97825,False,1,0.03706569998757914
765,MS,anomalo,New_MS_166.wav,C:\Users\armga\OneDrive\Escritorio\TFG\Bases de Datos\MS_New_3주기\New_MS_166.wav,2.819375,False,1,0.037249799992423505
766,MS,anomalo,New_MS_167.wav,C:\Users\armga\OneDrive\Escritorio\TFG\Bases de Datos\MS_New_3주기\New_MS_167.wav,2.974375,False,1,0.03561009999248199
767,MS,anomalo,New_MS_168.wav,C:\Users\armga\OneDrive\Escritorio\TFG\Bases de Datos\MS_New_3주기\New_MS_168.wav,2.8355,False,1,0.04311929998220876
768,MS,anomalo,New_MS_169.wav,C:\Users\armga\OneDrive\Escritorio\TFG\Bases de Datos\MS_New_3주기\New_MS_169.wav,2.912625,False,1,0.03564270000788383
769,MS,anomalo,New_MS_170.wav,C:\Users\armga\OneDrive\Escritorio\TFG\Bases de Datos\MS_New_3주기\New_MS_170.wav,2.8255,False,1,0.033172299998113886
770,MS,anomalo,New_MS_171.wav,C:\Users\armga\OneDrive\Escritorio\TFG\Bases de Datos\MS_New_3주기\New_MS_171.wav,2.80525,False,1,0.027548499987460673
771,MS,anomalo,New_MS_172.wav,C:\Users\armga\OneDrive\Escritorio\TFG\Bases de Datos\MS_New_3주기\New_MS_172.wav,2.4155,False,1,0.03226160001941025
772,MS,anomalo,New_MS_173.wav,C:\Users\armga\OneDrive\Escritorio\TFG\Bases de Datos\MS_New_3주기\New_MS_173.wav,2.38875,False,1,0.03381189997890033
773,MS,anomalo,New_MS_174.wav,C:\Users\armga\OneDrive\Escritorio\TFG\Bases de Datos\MS_New_3주기\New_MS_174.wav,2.411875,False,1,0.029360499989707023
774,MS,anomalo,New_MS_175.wav,C:\Users\armga\OneDrive\Escritorio\TFG\Bases de Datos\MS_New_3주기\New_MS_175.wav,2.3985,False,1,0.033655399980489165
775,MS,anomalo,New_MS_176.wav,C:\Users\armga\OneDrive\Escritorio\TFG\Bases de Datos\MS_New_3주기\New_MS_176.wav,2.404875,False,1,0.030561799998395145
776,MS,anomalo,New_MS_177.wav,C:\Users\armga\OneDrive\Escritorio\TFG\Bases de Datos\MS_New_3주기\New_MS_177.wav,2.37825,False,1,0.03874649998033419
777,MS,anomalo,New_MS_178.wav,C:\Users\armga\OneDrive\Escritorio\TFG\Bases de Datos\MS_New_3주기\New_MS_178.wav,2.41275,False,1,0.03733240001020022
778,MS,anomalo,New_MS_179.wav,C:\Users\armga\OneDrive\Escritorio\TFG\Bases de Datos\MS_New_3주기\New_MS_179.wav,2.386125,False,1,0.03011500000138767
779,MS,anomalo,New_MS_180.wav,C:\Users\armga\OneDrive\Escritorio\TFG\Bases de Datos\MS_New_3주기\New_MS_180.wav,2.136,False,1,0.03058019999298267
780,MS,anomalo,New_MS_181.wav,C:\Users\armga\OneDrive\Escritorio\TFG\Bases de Datos\MS_New_3주기\New_MS_181.wav,2.0205,False,1,0.029363200010266155
781,MS,anomalo,New_MS_182.wav,C:\Users\armga\OneDrive\Escritorio\TFG\Bases de Datos\MS_New_3주기\New_MS_182.wav,2.049375,False,1,0.038200999988475814
782,MS,anomalo,New_MS_183.wav,C:\Users\armga\OneDrive\Escritorio\TFG\Bases de Datos\MS_New_3주기\New_MS_183.wav,2.05525,False,1,0.036891099996864796
783,MS,anomalo,New_MS_184.wav,C:\Users\armga\OneDrive\Escritorio\TFG\Bases de Datos\MS_New_3주기\New_MS_184.wav,2.08875,False,1,0.034209500008728355
784,MS,anomalo,New_MS_185.wav,C:\Users\armga\OneDrive\Escritorio\TFG\Bases de Datos\MS_New_3주기\New_MS_185.wav,2.06775,False,1,0.03574779999325983
785,MS,anomalo,New_MS_186.wav,C:\Users\armga\OneDrive\Escritorio\TFG\Bases de Datos\MS_New_3주기\New_MS_186.wav,2.0725,False,1,0.03219679999165237
786,MS,anomalo,New_MS_187.wav,C:\Users\armga\OneDrive\Escritorio\TFG\Bases de Datos\MS_New_3주기\New_MS_187.wav,2.0175,False,1,0.036760599992703646
787,MS,anomalo,New_MS_188.wav,C:\Users\armga\OneDrive\Escritorio\TFG\Bases de Datos\MS_New_3주기\New_MS_188.wav,2.095625,False,1,0.026977500005159527
788,MS,anomalo,New_MS_189.wav,C:\Users\armga\OneDrive\Escritorio\TFG\Bases de Datos\MS_New_3주기\New_MS_189.wav,2.0665,False,1,0.035499799996614456
789,MS,anomalo,New_MS_190.wav,C:\Users\armga\OneDrive\Escritorio\TFG\Bases de Datos\MS_New_3주기\New_MS_190.wav,2.07825,False,1,0.04241789999650791
790,MS,anomalo,New_MS_191.wav,C:\Users\armga\OneDrive\Escritorio\TFG\Bases de Datos\MS_New_3주기\New_MS_191.wav,1.997875,True,1,0.04028010001638904
791,MS,anomalo,New_MS_192.wav,C:\Users\armga\OneDrive\Escritorio\TFG\Bases de Datos\MS_New_3주기\New_MS_192.wav,2.08975,False,1,0.04704580001998693
792,MS,anomalo,New_MS_193.wav,C:\Users\armga\OneDrive\Escritorio\TFG\Bases de Datos\MS_New_3주기\New_MS_193.wav,2.015125,False,1,0.042305000009946525
793,MS,anomalo,New_MS_194.wav,C:\Users\armga\OneDrive\Escritorio\TFG\Bases de Datos\MS_New_3주기\New_MS_194.wav,2.018375,False,1,0.03210819998639636
794,MS,anomalo,New_MS_195.wav,C:\Users\armga\OneDrive\Escritorio\TFG\Bases de Datos\MS_New_3주기\New_MS_195.wav,2.004,False,1,0.034743099997285753
795,MS,anomalo,New_MS_196.wav,C:\Users\armga\OneDrive\Escritorio\TFG\Bases de Datos\MS_New_3주기\New_MS_196.wav,2.103875,False,1,0.040809900005115196
796,MS,anomalo,New_MS_197.wav,C:\Users\armga\OneDrive\Escritorio\TFG\Bases de Datos\MS_New_3주기\New_MS_197.wav,2.009125,False,1,0.040161100012483075
797,MS,anomalo,New_MS_198.wav,C:\Users\armga\OneDrive\Escritorio\TFG\Bases de Datos\MS_New_3주기\New_MS_198.wav,2.067375,False,1,0.03614829998696223
798,MS,anomalo,New_MS_199.wav,C:\Users\armga\OneDrive\Escritorio\TFG\Bases de Datos\MS_New_3주기\New_MS_199.wav,2.060125,False,1,0.0409176999819465
799,MS,anomalo,New_MS_200.wav,C:\Users\armga\OneDrive\Escritorio\TFG\Bases de Datos\MS_New_3주기\New_MS_200.wav,2.102125,False,1,0.03552469998248853
800,MVP,anomalo,New_MVP_001.wav,C:\Users\armga\OneDrive\Escritorio\TFG\Bases de Datos\MVP_New_3주기\New_MVP_001.wav,2.788875,False,1,0.04310320000513457
801,MVP,anomalo,New_MVP_002.wav,C:\Users\armga\OneDrive\Escritorio\TFG\Bases de Datos\MVP_New_3주기\New_MVP_002.wav,3.975125,False,2,0.03470309998374432
802,MVP,anomalo,New_MVP_003.wav,C:\Users\armga\OneDrive\Escritorio\TFG\Bases de Datos\MVP_New_3주기\New_MVP_003.wav,3.992875,False,2,0.04288850000011735
803,MVP,anomalo,New_MVP_004.wav,C:\Users\armga\OneDrive\Escritorio\TFG\Bases de Datos\MVP_New_3주기\New_MVP_004.wav,2.558,False,1,0.04568040001322515
804,MVP,anomalo,New_MVP_005.wav,C:\Users\armga\OneDrive\Escritorio\TFG\Bases de Datos\MVP_New_3주기\New_MVP_005.wav,2.550625,False,1,0.030734900006791577
805,MVP,anomalo,New_MVP_006.wav,C:\Users\armga\OneDrive\Escritorio\TFG\Bases de Datos\MVP_New_3주기\New_MVP_006.wav,2.558125,False,1,0.03817069999058731
806,MVP,anomalo,New_MVP_007.wav,C:\Users\armga\OneDrive\Escritorio\TFG\Bases de Datos\MVP_New_3주기\New_MVP_007.wav,2.550375,False,1,0.04429280001204461
807,MVP,anomalo,New_MVP_008.wav,C:\Users\armga\OneDrive\Escritorio\TFG\Bases de Datos\MVP_New_3주기\New_MVP_008.wav,2.589,False,1,0.03502320000552572
808,MVP,anomalo,New_MVP_009.wav,C:\Users\armga\OneDrive\Escritorio\TFG\Bases de Datos\MVP_New_3주기\New_MVP_009.wav,2.550125,False,1,0.03985089997877367
809,MVP,anomalo,New_MVP_010.wav,C:\Users\armga\OneDrive\Escritorio\TFG\Bases de Datos\MVP_New_3주기\New_MVP_010.wav,2.559,False,1,0.04235909998533316
810,MVP,anomalo,New_MVP_011.wav,C:\Users\armga\OneDrive\Escritorio\TFG\Bases de Datos\MVP_New_3주기\New_MVP_011.wav,2.547125,False,1,0.037140300002647564
811,MVP,anomalo,New_MVP_012.wav,C:\Users\armga\OneDrive\Escritorio\TFG\Bases de Datos\MVP_New_3주기\New_MVP_012.wav,2.58425,False,1,0.0398222999938298
812,MVP,anomalo,New_MVP_013.wav,C:\Users\armga\OneDrive\Escritorio\TFG\Bases de Datos\MVP_New_3주기\New_MVP_013.wav,2.54475,False,1,0.039999600005103275
813,MVP,anomalo,New_MVP_014.wav,C:\Users\armga\OneDrive\Escritorio\TFG\Bases de Datos\MVP_New_3주기\New_MVP_014.wav,2.5905,False,1,0.03079049999359995
814,MVP,anomalo,New_MVP_015.wav,C:\Users\armga\OneDrive\Escritorio\TFG\Bases de Datos\MVP_New_3주기\New_MVP_015.wav,2.5565,False,1,0.03766559998621233
815,MVP,anomalo,New_MVP_016.wav,C:\Users\armga\OneDrive\Escritorio\TFG\Bases de Datos\MVP_New_3주기\New_MVP_016.wav,2.580625,False,1,0.03843610000330955
816,MVP,anomalo,New_MVP_017.wav,C:\Users\armga\OneDrive\Escritorio\TFG\Bases de Datos\MVP_New_3주기\New_MVP_017.wav,2.5575,False,1,0.03756759999669157
817,MVP,anomalo,New_MVP_018.wav,C:\Users\armga\OneDrive\Escritorio\TFG\Bases de Datos\MVP_New_3주기\New_MVP_018.wav,2.554625,False,1,0.046685899986186996
818,MVP,anomalo,New_MVP_019.wav,C:\Users\armga\OneDrive\Escritorio\TFG\Bases de Datos\MVP_New_3주기\New_MVP_019.wav,2.5475,False,1,0.049868600006448105
819,MVP,anomalo,New_MVP_020.wav,C:\Users\armga\OneDrive\Escritorio\TFG\Bases de Datos\MVP_New_3주기\New_MVP_020.wav,2.578375,False,1,0.0343093000119552
820,MVP,anomalo,New_MVP_021.wav,C:\Users\armga\OneDrive\Escritorio\TFG\Bases de Datos\MVP_New_3주기\New_MVP_021.wav,2.55025,False,1,0.040337400016142055
821,MVP,anomalo,New_MVP_022.wav,C:\Users\armga\OneDrive\Escritorio\TFG\Bases de Datos\MVP_New_3주기\New_MVP_022.wav,2.551375,False,1,0.04477690000203438
822,MVP,anomalo,New_MVP_023.wav,C:\Users\armga\OneDrive\Escritorio\TFG\Bases de Datos\MVP_New_3주기\New_MVP_023.wav,2.550625,False,1,0.03724119998514652
823,MVP,anomalo,New_MVP_024.wav,C:\Users\armga\OneDrive\Escritorio\TFG\Bases de Datos\MVP_New_3주기\New_MVP_024.wav,2.559875,False,1,0.03384449999430217
824,MVP,anomalo,New_MVP_025.wav,C:\Users\armga\OneDrive\Escritorio\TFG\Bases de Datos\MVP_New_3주기\New_MVP_025.wav,2.555125,False,1,0.04000199999427423
825,MVP,anomalo,New_MVP_026.wav,C:\Users\armga\OneDrive\Escritorio\TFG\Bases de Datos\MVP_New_3주기\New_MVP_026.wav,2.59125,False,1,0.026870699977735057
826,MVP,anomalo,New_MVP_027.wav,C:\Users\armga\OneDrive\Escritorio\TFG\Bases de Datos\MVP_New_3주기\New_MVP_027.wav,2.5545,False,1,0.03532389999600127
827,MVP,anomalo,New_MVP_028.wav,C:\Users\armga\OneDrive\Escritorio\TFG\Bases de Datos\MVP_New_3주기\New_MVP_028.wav,2.5625,False,1,0.040254500025184825
828,MVP,anomalo,New_MVP_029.wav,C:\Users\armga\OneDrive\Escritorio\TFG\Bases de Datos\MVP_New_3주기\New_MVP_029.wav,2.55,False,1,0.03620190001674928
829,MVP,anomalo,New_MVP_030.wav,C:\Users\armga\OneDrive\Escritorio\TFG\Bases de Datos\MVP_New_3주기\New_MVP_030.wav,2.689625,False,1,0.04000380000798032
830,MVP,anomalo,New_MVP_031.wav,C:\Users\armga\OneDrive\Escritorio\TFG\Bases de Datos\MVP_New_3주기\New_MVP_031.wav,2.676875,False,1,0.039015699992887676
831,MVP,anomalo,New_MVP_032.wav,C:\Users\armga\OneDrive\Escritorio\TFG\Bases de Datos\MVP_New_3주기\New_MVP_032.wav,2.6845,False,1,0.041650099999969825
832,MVP,anomalo,New_MVP_033.wav,C:\Users\armga\OneDrive\Escritorio\TFG\Bases de Datos\MVP_New_3주기\New_MVP_033.wav,2.67775,False,1,0.040730200009420514
833,MVP,anomalo,New_MVP_034.wav,C:\Users\armga\OneDrive\Escritorio\TFG\Bases de Datos\MVP_New_3주기\New_MVP_034.wav,2.701375,False,1,0.032244899979559705
834,MVP,anomalo,New_MVP_035.wav,C:\Users\armga\OneDrive\Escritorio\TFG\Bases de Datos\MVP_New_3주기\New_MVP_035.wav,2.682375,False,1,0.04047030000947416
835,MVP,anomalo,New_MVP_036.wav,C:\Users\armga\OneDrive\Escritorio\TFG\Bases de Datos\MVP_New_3주기\New_MVP_036.wav,2.680875,False,1,0.030874699994456023
836,MVP,anomalo,New_MVP_037.wav,C:\Users\armga\OneDrive\Escritorio\TFG\Bases de Datos\MVP_New_3주기\New_MVP_037.wav,2.685,False,1,0.03595020002103411
837,MVP,anomalo,New_MVP_038.wav,C:\Users\armga\OneDrive\Escritorio\TFG\Bases de Datos\MVP_New_3주기\New_MVP_038.wav,2.686625,False,1,0.04016800000681542
838,MVP,anomalo,New_MVP_039.wav,C:\Users\armga\OneDrive\Escritorio\TFG\Bases de Datos\MVP_New_3주기\New_MVP_039.wav,2.684625,False,1,0.04158160000224598
839,MVP,anomalo,New_MVP_040.wav,C:\Users\armga\OneDrive\Escritorio\TFG\Bases de Datos\MVP_New_3주기\New_MVP_040.wav,2.69725,False,1,0.04360479998285882
840,MVP,anomalo,New_MVP_041.wav,C:\Users\armga\OneDrive\Escritorio\TFG\Bases de Datos\MVP_New_3주기\New_MVP_041.wav,2.685375,False,1,0.03360300001804717
841,MVP,anomalo,New_MVP_042.wav,C:\Users\armga\OneDrive\Escritorio\TFG\Bases de Datos\MVP_New_3주기\New_MVP_042.wav,2.698375,False,1,0.042873900005361065
842,MVP,anomalo,New_MVP_043.wav,C:\Users\armga\OneDrive\Escritorio\TFG\Bases de Datos\MVP_New_3주기\New_MVP_043.wav,2.68775,False,1,0.045816600002581254
843,MVP,anomalo,New_MVP_044.wav,C:\Users\armga\OneDrive\Escritorio\TFG\Bases de Datos\MVP_New_3주기\New_MVP_044.wav,2.693625,False,1,0.04071850000764243
844,MVP,anomalo,New_MVP_045.wav,C:\Users\armga\OneDrive\Escritorio\TFG\Bases de Datos\MVP_New_3주기\New_MVP_045.wav,2.679875,False,1,0.045752600010018796
845,MVP,anomalo,New_MVP_046.wav,C:\Users\armga\OneDrive\Escritorio\TFG\Bases de Datos\MVP_New_3주기\New_MVP_046.wav,2.752875,False,1,0.04466920002596453
846,MVP,anomalo,New_MVP_047.wav,C:\Users\armga\OneDrive\Escritorio\TFG\Bases de Datos\MVP_New_3주기\New_MVP_047.wav,2.6765,False,1,0.04321240002172999
847,MVP,anomalo,New_MVP_048.wav,C:\Users\armga\OneDrive\Escritorio\TFG\Bases de Datos\MVP_New_3주기\New_MVP_048.wav,2.698,False,1,0.03234330000123009
848,MVP,anomalo,New_MVP_049.wav,C:\Users\armga\OneDrive\Escritorio\TFG\Bases de Datos\MVP_New_3주기\New_MVP_049.wav,2.685125,False,1,0.03216449997853488
849,MVP,anomalo,New_MVP_050.wav,C:\Users\armga\OneDrive\Escritorio\TFG\Bases de Datos\MVP_New_3주기\New_MVP_050.wav,2.70625,False,1,0.033474800002295524
850,MVP,anomalo,New_MVP_051.wav,C:\Users\armga\OneDrive\Escritorio\TFG\Bases de Datos\MVP_New_3주기\New_MVP_051.wav,2.68525,False,1,0.026939000003039837
851,MVP,anomalo,New_MVP_052.wav,C:\Users\armga\OneDrive\Escritorio\TFG\Bases de Datos\MVP_New_3주기\New_MVP_052.wav,2.679625,False,1,0.033695599995553493
852,MVP,anomalo,New_MVP_053.wav,C:\Users\armga\OneDrive\Escritorio\TFG\Bases de Datos\MVP_New_3주기\New_MVP_053.wav,2.683375,False,1,0.03495949998614378
853,MVP,anomalo,New_MVP_054.wav,C:\Users\armga\OneDrive\Escritorio\TFG\Bases de Datos\MVP_New_3주기\New_MVP_054.wav,2.6955,False,1,0.026579400000628084
854,MVP,anomalo,New_MVP_055.wav,C:\Users\armga\OneDrive\Escritorio\TFG\Bases de Datos\MVP_New_3주기\New_MVP_055.wav,2.692125,False,1,0.04212349999579601
855,MVP,anomalo,New_MVP_056.wav,C:\Users\armga\OneDrive\Escritorio\TFG\Bases de Datos\MVP_New_3주기\New_MVP_056.wav,2.68075,False,1,0.029570700018666685
856,MVP,anomalo,New_MVP_057.wav,C:\Users\armga\OneDrive\Escritorio\TFG\Bases de Datos\MVP_New_3주기\New_MVP_057.wav,2.685,False,1,0.042006999981822446
857,MVP,anomalo,New_MVP_058.wav,C:\Users\armga\OneDrive\Escritorio\TFG\Bases de Datos\MVP_New_3주기\New_MVP_058.wav,2.743,False,1,0.03950280000572093
858,MVP,anomalo,New_MVP_059.wav,C:\Users\armga\OneDrive\Escritorio\TFG\Bases de Datos\MVP_New_3주기\New_MVP_059.wav,2.68675,False,1,0.034027399990009144
859,MVP,anomalo,New_MVP_060.wav,C:\Users\armga\OneDrive\Escritorio\TFG\Bases de Datos\MVP_New_3주기\New_MVP_060.wav,2.700125,False,1,0.045681399991735816
860,MVP,anomalo,New_MVP_061.wav,C:\Users\armga\OneDrive\Escritorio\TFG\Bases de Datos\MVP_New_3주기\New_MVP_061.wav,2.6815,False,1,0.03245479997713119
861,MVP,anomalo,New_MVP_062.wav,C:\Users\armga\OneDrive\Escritorio\TFG\Bases de Datos\MVP_New_3주기\New_MVP_062.wav,2.70275,False,1,0.03930860001128167
862,MVP,anomalo,New_MVP_063.wav,C:\Users\armga\OneDrive\Escritorio\TFG\Bases de Datos\MVP_New_3주기\New_MVP_063.wav,2.680125,False,1,0.03964289999566972
863,MVP,anomalo,New_MVP_064.wav,C:\Users\armga\OneDrive\Escritorio\TFG\Bases de Datos\MVP_New_3주기\New_MVP_064.wav,2.68725,False,1,0.030832799995550886
864,MVP,anomalo,New_MVP_065.wav,C:\Users\armga\OneDrive\Escritorio\TFG\Bases de Datos\MVP_New_3주기\New_MVP_065.wav,2.685875,False,1,0.0421224000165239
865,MVP,anomalo,New_MVP_066.wav,C:\Users\armga\OneDrive\Escritorio\TFG\Bases de Datos\MVP_New_3주기\New_MVP_066.wav,2.68575,False,1,0.03997519999393262
866,MVP,anomalo,New_MVP_067.wav,C:\Users\armga\OneDrive\Escritorio\TFG\Bases de Datos\MVP_New_3주기\New_MVP_067.wav,2.6805,False,1,0.03589910001028329
867,MVP,anomalo,New_MVP_068.wav,C:\Users\armga\OneDrive\Escritorio\TFG\Bases de Datos\MVP_New_3주기\New_MVP_068.wav,2.7125,False,1,0.03313280001748353
868,MVP,anomalo,New_MVP_069.wav,C:\Users\armga\OneDrive\Escritorio\TFG\Bases de Datos\MVP_New_3주기\New_MVP_069.wav,2.686625,False,1,0.03377119998913258
869,MVP,anomalo,New_MVP_070.wav,C:\Users\armga\OneDrive\Escritorio\TFG\Bases de Datos\MVP_New_3주기\New_MVP_070.wav,2.72675,False,1,0.033929700002772734
870,MVP,anomalo,New_MVP_071.wav,C:\Users\armga\OneDrive\Escritorio\TFG\Bases de Datos\MVP_New_3주기\New_MVP_071.wav,2.689625,False,1,0.03453639999497682
871,MVP,anomalo,New_MVP_072.wav,C:\Users\armga\OneDrive\Escritorio\TFG\Bases de Datos\MVP_New_3주기\New_MVP_072.wav,2.691375,False,1,0.04188799997791648
872,MVP,anomalo,New_MVP_073.wav,C:\Users\armga\OneDrive\Escritorio\TFG\Bases de Datos\MVP_New_3주기\New_MVP_073.wav,2.684,False,1,0.036777300003450364
873,MVP,anomalo,New_MVP_074.wav,C:\Users\armga\OneDrive\Escritorio\TFG\Bases de Datos\MVP_New_3주기\New_MVP_074.wav,2.711625,False,1,0.03710429999046028
874,MVP,anomalo,New_MVP_075.wav,C:\Users\armga\OneDrive\Escritorio\TFG\Bases de Datos\MVP_New_3주기\New_MVP_075.wav,2.68,False,1,0.02978630000143312
875,MVP,anomalo,New_MVP_076.wav,C:\Users\armga\OneDrive\Escritorio\TFG\Bases de Datos\MVP_New_3주기\New_MVP_076.wav,2.706375,False,1,0.038038099999539554
876,MVP,anomalo,New_MVP_077.wav,C:\Users\armga\OneDrive\Escritorio\TFG\Bases de Datos\MVP_New_3주기\New_MVP_077.wav,2.681,False,1,0.04432080002152361
877,MVP,anomalo,New_MVP_078.wav,C:\Users\armga\OneDrive\Escritorio\TFG\Bases de Datos\MVP_New_3주기\New_MVP_078.wav,2.701,False,1,0.034185800002887845
878,MVP,anomalo,New_MVP_079.wav,C:\Users\armga\OneDrive\Escritorio\TFG\Bases de Datos\MVP_New_3주기\New_MVP_079.wav,2.683125,False,1,0.03617200002190657
879,MVP,anomalo,New_MVP_080.wav,C:\Users\armga\OneDrive\Escritorio\TFG\Bases de Datos\MVP_New_3주기\New_MVP_080.wav,2.702,False,1,0.03207079999265261
880,MVP,anomalo,New_MVP_081.wav,C:\Users\armga\OneDrive\Escritorio\TFG\Bases de Datos\MVP_New_3주기\New_MVP_081.wav,2.683125,False,1,0.032630300003802404
881,MVP,anomalo,New_MVP_082.wav,C:\Users\armga\OneDrive\Escritorio\TFG\Bases de Datos\MVP_New_3주기\New_MVP_082.wav,2.696,False,1,0.035323699994478375
882,MVP,anomalo,New_MVP_083.wav,C:\Users\armga\OneDrive\Escritorio\TFG\Bases de Datos\MVP_New_3주기\New_MVP_083.wav,2.681,False,1,0.03552400000626221
883,MVP,anomalo,New_MVP_084.wav,C:\Users\armga\OneDrive\Escritorio\TFG\Bases de Datos\MVP_New_3주기\New_MVP_084.wav,2.69925,False,1,0.038283999980194494
884,MVP,anomalo,New_MVP_085.wav,C:\Users\armga\OneDrive\Escritorio\TFG\Bases de Datos\MVP_New_3주기\New_MVP_085.wav,2.68125,False,1,0.03359510001610033
885,MVP,anomalo,New_MVP_086.wav,C:\Users\armga\OneDrive\Escritorio\TFG\Bases de Datos\MVP_New_3주기\New_MVP_086.wav,2.682,False,1,0.0269595000136178
886,MVP,anomalo,New_MVP_087.wav,C:\Users\armga\OneDrive\Escritorio\TFG\Bases de Datos\MVP_New_3주기\New_MVP_087.wav,2.674125,False,1,0.042530300008365884
887,MVP,anomalo,New_MVP_088.wav,C:\Users\armga\OneDrive\Escritorio\TFG\Bases de Datos\MVP_New_3주기\New_MVP_088.wav,2.7035,False,1,0.04043920000549406
888,MVP,anomalo,New_MVP_089.wav,C:\Users\armga\OneDrive\Escritorio\TFG\Bases de Datos\MVP_New_3주기\New_MVP_089.wav,2.683125,False,1,0.042015899991383776
889,MVP,anomalo,New_MVP_090.wav,C:\Users\armga\OneDrive\Escritorio\TFG\Bases de Datos\MVP_New_3주기\New_MVP_090.wav,2.7125,False,1,0.03654349999851547
890,MVP,anomalo,New_MVP_091.wav,C:\Users\armga\OneDrive\Escritorio\TFG\Bases de Datos\MVP_New_3주기\New_MVP_091.wav,2.68775,False,1,0.03512139999656938
891,MVP,anomalo,New_MVP_092.wav,C:\Users\armga\OneDrive\Escritorio\TFG\Bases de Datos\MVP_New_3주기\New_MVP_092.wav,2.74175,False,1,0.04110299999592826
892,MVP,anomalo,New_MVP_093.wav,C:\Users\armga\OneDrive\Escritorio\TFG\Bases de Datos\MVP_New_3주기\New_MVP_093.wav,2.68525,False,1,0.034665599989239126
893,MVP,anomalo,New_MVP_094.wav,C:\Users\armga\OneDrive\Escritorio\TFG\Bases de Datos\MVP_New_3주기\New_MVP_094.wav,2.708625,False,1,0.04883839999092743
894,MVP,anomalo,New_MVP_095.wav,C:\Users\armga\OneDrive\Escritorio\TFG\Bases de Datos\MVP_New_3주기\New_MVP_095.wav,2.685625,False,1,0.04248309999820776
895,MVP,anomalo,New_MVP_096.wav,C:\Users\armga\OneDrive\Escritorio\TFG\Bases de Datos\MVP_New_3주기\New_MVP_096.wav,2.678375,False,1,0.033101099979830906
896,MVP,anomalo,New_MVP_097.wav,C:\Users\armga\OneDrive\Escritorio\TFG\Bases de Datos\MVP_New_3주기\New_MVP_097.wav,2.680625,False,1,0.037406899995403364
897,MVP,anomalo,New_MVP_098.wav,C:\Users\armga\OneDrive\Escritorio\TFG\Bases de Datos\MVP_New_3주기\New_MVP_098.wav,1.742,True,1,0.03792049997719005
898,MVP,anomalo,New_MVP_099.wav,C:\Users\armga\OneDrive\Escritorio\TFG\Bases de Datos\MVP_New_3주기\New_MVP_099.wav,1.7275,True,1,0.03856359998462722
899,MVP,anomalo,New_MVP_100.wav,C:\Users\armga\OneDrive\Escritorio\TFG\Bases de Datos\MVP_New_3주기\New_MVP_100.wav,1.775625,True,1,0.047709800011944026
900,MVP,anomalo,New_MVP_101.wav,C:\Users\armga\OneDrive\Escritorio\TFG\Bases de Datos\MVP_New_3주기\New_MVP_101.wav,1.7925,True,1,0.034877800004323944
901,MVP,anomalo,New_MVP_102.wav,C:\Users\armga\OneDrive\Escritorio\TFG\Bases de Datos\MVP_New_3주기\New_MVP_102.wav,1.938375,True,1,0.0393630999897141
902,MVP,anomalo,New_MVP_103.wav,C:\Users\armga\OneDrive\Escritorio\TFG\Bases de Datos\MVP_New_3주기\New_MVP_103.wav,1.95375,True,1,0.045105400000466034
903,MVP,anomalo,New_MVP_104.wav,C:\Users\armga\OneDrive\Escritorio\TFG\Bases de Datos\MVP_New_3주기\New_MVP_104.wav,2.484375,False,1,0.03557750000618398
904,MVP,anomalo,New_MVP_105.wav,C:\Users\armga\OneDrive\Escritorio\TFG\Bases de Datos\MVP_New_3주기\New_MVP_105.wav,2.338625,False,1,0.03787569998530671
905,MVP,anomalo,New_MVP_106.wav,C:\Users\armga\OneDrive\Escritorio\TFG\Bases de Datos\MVP_New_3주기\New_MVP_106.wav,2.718875,False,1,0.033287800004472956
906,MVP,anomalo,New_MVP_107.wav,C:\Users\armga\OneDrive\Escritorio\TFG\Bases de Datos\MVP_New_3주기\New_MVP_107.wav,2.92275,False,1,0.04526000001351349
907,MVP,anomalo,New_MVP_108.wav,C:\Users\armga\OneDrive\Escritorio\TFG\Bases de Datos\MVP_New_3주기\New_MVP_108.wav,2.8455,False,1,0.040953600022476166
908,MVP,anomalo,New_MVP_109.wav,C:\Users\armga\OneDrive\Escritorio\TFG\Bases de Datos\MVP_New_3주기\New_MVP_109.wav,2.4745,False,1,0.04217959998641163
909,MVP,anomalo,New_MVP_110.wav,C:\Users\armga\OneDrive\Escritorio\TFG\Bases de Datos\MVP_New_3주기\New_MVP_110.wav,2.473,False,1,0.04322890000184998
910,MVP,anomalo,New_MVP_111.wav,C:\Users\armga\OneDrive\Escritorio\TFG\Bases de Datos\MVP_New_3주기\New_MVP_111.wav,2.915875,False,1,0.039993699989281595
911,MVP,anomalo,New_MVP_112.wav,C:\Users\armga\OneDrive\Escritorio\TFG\Bases de Datos\MVP_New_3주기\New_MVP_112.wav,2.929625,False,1,0.036652500013587996
912,MVP,anomalo,New_MVP_113.wav,C:\Users\armga\OneDrive\Escritorio\TFG\Bases de Datos\MVP_New_3주기\New_MVP_113.wav,2.929,False,1,0.03712900000391528
913,MVP,anomalo,New_MVP_114.wav,C:\Users\armga\OneDrive\Escritorio\TFG\Bases de Datos\MVP_New_3주기\New_MVP_114.wav,2.930375,False,1,0.04175750000285916
914,MVP,anomalo,New_MVP_115.wav,C:\Users\armga\OneDrive\Escritorio\TFG\Bases de Datos\MVP_New_3주기\New_MVP_115.wav,2.981,False,1,0.03574190000654198
915,MVP,anomalo,New_MVP_116.wav,C:\Users\armga\OneDrive\Escritorio\TFG\Bases de Datos\MVP_New_3주기\New_MVP_116.wav,2.930125,False,1,0.034815699997125193
916,MVP,anomalo,New_MVP_117.wav,C:\Users\armga\OneDrive\Escritorio\TFG\Bases de Datos\MVP_New_3주기\New_MVP_117.wav,2.958,False,1,0.035742800013395026
917,MVP,anomalo,New_MVP_118.wav,C:\Users\armga\OneDrive\Escritorio\TFG\Bases de Datos\MVP_New_3주기\New_MVP_118.wav,2.915375,False,1,0.03684479999355972
918,MVP,anomalo,New_MVP_119.wav,C:\Users\armga\OneDrive\Escritorio\TFG\Bases de Datos\MVP_New_3주기\New_MVP_119.wav,2.94625,False,1,0.046218000003136694
919,MVP,anomalo,New_MVP_120.wav,C:\Users\armga\OneDrive\Escritorio\TFG\Bases de Datos\MVP_New_3주기\New_MVP_120.wav,2.9305,False,1,0.04108009999617934
920,MVP,anomalo,New_MVP_121.wav,C:\Users\armga\OneDrive\Escritorio\TFG\Bases de Datos\MVP_New_3주기\New_MVP_121.wav,2.93025,False,1,0.029653799982042983
921,MVP,anomalo,New_MVP_122.wav,C:\Users\armga\OneDrive\Escritorio\TFG\Bases de Datos\MVP_New_3주기\New_MVP_122.wav,2.937625,False,1,0.032738399982918054
922,MVP,anomalo,New_MVP_123.wav,C:\Users\armga\OneDrive\Escritorio\TFG\Bases de Datos\MVP_New_3주기\New_MVP_123.wav,2.049,False,1,0.03439990000333637
923,MVP,anomalo,New_MVP_124.wav,C:\Users\armga\OneDrive\Escritorio\TFG\Bases de Datos\MVP_New_3주기\New_MVP_124.wav,2.014625,False,1,0.04363480000756681
924,MVP,anomalo,New_MVP_125.wav,C:\Users\armga\OneDrive\Escritorio\TFG\Bases de Datos\MVP_New_3주기\New_MVP_125.wav,2.051125,False,1,0.04253189999144524
925,MVP,anomalo,New_MVP_126.wav,C:\Users\armga\OneDrive\Escritorio\TFG\Bases de Datos\MVP_New_3주기\New_MVP_126.wav,2.0555,False,1,0.04005919999326579
926,MVP,anomalo,New_MVP_127.wav,C:\Users\armga\OneDrive\Escritorio\TFG\Bases de Datos\MVP_New_3주기\New_MVP_127.wav,2.107375,False,1,0.043155599996680394
927,MVP,anomalo,New_MVP_128.wav,C:\Users\armga\OneDrive\Escritorio\TFG\Bases de Datos\MVP_New_3주기\New_MVP_128.wav,2.013125,False,1,0.03693789997487329
928,MVP,anomalo,New_MVP_129.wav,C:\Users\armga\OneDrive\Escritorio\TFG\Bases de Datos\MVP_New_3주기\New_MVP_129.wav,2.053375,False,1,0.030955800000810996
929,MVP,anomalo,New_MVP_130.wav,C:\Users\armga\OneDrive\Escritorio\TFG\Bases de Datos\MVP_New_3주기\New_MVP_130.wav,2.14825,False,1,0.036475000000791624
930,MVP,anomalo,New_MVP_131.wav,C:\Users\armga\OneDrive\Escritorio\TFG\Bases de Datos\MVP_New_3주기\New_MVP_131.wav,2.030125,False,1,0.03662219998659566
931,MVP,anomalo,New_MVP_132.wav,C:\Users\armga\OneDrive\Escritorio\TFG\Bases de Datos\MVP_New_3주기\New_MVP_132.wav,2.035375,False,1,0.03684630000498146
932,MVP,anomalo,New_MVP_133.wav,C:\Users\armga\OneDrive\Escritorio\TFG\Bases de Datos\MVP_New_3주기\New_MVP_133.wav,2.038125,False,1,0.04643029998987913
933,MVP,anomalo,New_MVP_134.wav,C:\Users\armga\OneDrive\Escritorio\TFG\Bases de Datos\MVP_New_3주기\New_MVP_134.wav,1.959875,True,1,0.0418305000057444
934,MVP,anomalo,New_MVP_135.wav,C:\Users\armga\OneDrive\Escritorio\TFG\Bases de Datos\MVP_New_3주기\New_MVP_135.wav,2.201625,False,1,0.03595280001172796
935,MVP,anomalo,New_MVP_136.wav,C:\Users\armga\OneDrive\Escritorio\TFG\Bases de Datos\MVP_New_3주기\New_MVP_136.wav,2.06925,False,1,0.042521499999566004
936,MVP,anomalo,New_MVP_137.wav,C:\Users\armga\OneDrive\Escritorio\TFG\Bases de Datos\MVP_New_3주기\New_MVP_137.wav,1.85525,True,1,0.03182349997223355
937,MVP,anomalo,New_MVP_138.wav,C:\Users\armga\OneDrive\Escritorio\TFG\Bases de Datos\MVP_New_3주기\New_MVP_138.wav,1.855625,True,1,0.04188899998553097
938,MVP,anomalo,New_MVP_139.wav,C:\Users\armga\OneDrive\Escritorio\TFG\Bases de Datos\MVP_New_3주기\New_MVP_139.wav,2.06175,False,1,0.03481029998511076
939,MVP,anomalo,New_MVP_140.wav,C:\Users\armga\OneDrive\Escritorio\TFG\Bases de Datos\MVP_New_3주기\New_MVP_140.wav,2.010625,False,1,0.041950899991206825
940,MVP,anomalo,New_MVP_141.wav,C:\Users\armga\OneDrive\Escritorio\TFG\Bases de Datos\MVP_New_3주기\New_MVP_141.wav,2.095,False,1,0.046040099987294525
941,MVP,anomalo,New_MVP_142.wav,C:\Users\armga\OneDrive\Escritorio\TFG\Bases de Datos\MVP_New_3주기\New_MVP_142.wav,2.0995,False,1,0.03430609998758882
942,MVP,anomalo,New_MVP_143.wav,C:\Users\armga\OneDrive\Escritorio\TFG\Bases de Datos\MVP_New_3주기\New_MVP_143.wav,2.065625,False,1,0.03980609998689033
943,MVP,anomalo,New_MVP_144.wav,C:\Users\armga\OneDrive\Escritorio\TFG\Bases de Datos\MVP_New_3주기\New_MVP_144.wav,2.011375,False,1,0.045536399993579835
944,MVP,anomalo,New_MVP_145.wav,C:\Users\armga\OneDrive\Escritorio\TFG\Bases de Datos\MVP_New_3주기\New_MVP_145.wav,2.163125,False,1,0.04554140000254847
945,MVP,anomalo,New_MVP_146.wav,C:\Users\armga\OneDrive\Escritorio\TFG\Bases de Datos\MVP_New_3주기\New_MVP_146.wav,2.045125,False,1,0.04861299999174662
946,MVP,anomalo,New_MVP_147.wav,C:\Users\armga\OneDrive\Escritorio\TFG\Bases de Datos\MVP_New_3주기\New_MVP_147.wav,2.024625,False,1,0.036723900004290044
947,MVP,anomalo,New_MVP_148.wav,C:\Users\armga\OneDrive\Escritorio\TFG\Bases de Datos\MVP_New_3주기\New_MVP_148.wav,2.035375,False,1,0.03199700001277961
948,MVP,anomalo,New_MVP_149.wav,C:\Users\armga\OneDrive\Escritorio\TFG\Bases de Datos\MVP_New_3주기\New_MVP_149.wav,1.99075,True,1,0.03539529998670332
949,MVP,anomalo,New_MVP_150.wav,C:\Users\armga\OneDrive\Escritorio\TFG\Bases de Datos\MVP_New_3주기\New_MVP_150.wav,2.075125,False,1,0.03131500000017695
950,MVP,anomalo,New_MVP_151.wav,C:\Users\armga\OneDrive\Escritorio\TFG\Bases de Datos\MVP_New_3주기\New_MVP_151.wav,2.080375,False,1,0.029204199992818758
951,MVP,anomalo,New_MVP_152.wav,C:\Users\armga\OneDrive\Escritorio\TFG\Bases de Datos\MVP_New_3주기\New_MVP_152.wav,1.99025,True,1,0.04229990000021644
952,MVP,anomalo,New_MVP_153.wav,C:\Users\armga\OneDrive\Escritorio\TFG\Bases de Datos\MVP_New_3주기\New_MVP_153.wav,2.115375,False,1,0.04323950002435595
953,MVP,anomalo,New_MVP_154.wav,C:\Users\armga\OneDrive\Escritorio\TFG\Bases de Datos\MVP_New_3주기\New_MVP_154.wav,2.017625,False,1,0.05096860000048764
954,MVP,anomalo,New_MVP_155.wav,C:\Users\armga\OneDrive\Escritorio\TFG\Bases de Datos\MVP_New_3주기\New_MVP_155.wav,1.954,True,1,0.035926499986089766
955,MVP,anomalo,New_MVP_156.wav,C:\Users\armga\OneDrive\Escritorio\TFG\Bases de Datos\MVP_New_3주기\New_MVP_156.wav,2.0455,False,1,0.038550800003577024
956,MVP,anomalo,New_MVP_157.wav,C:\Users\armga\OneDrive\Escritorio\TFG\Bases de Datos\MVP_New_3주기\New_MVP_157.wav,2.13875,False,1,0.04012340001645498
957,MVP,anomalo,New_MVP_158.wav,C:\Users\armga\OneDrive\Escritorio\TFG\Bases de Datos\MVP_New_3주기\New_MVP_158.wav,2.174625,False,1,0.03521199998795055
958,MVP,anomalo,New_MVP_159.wav,C:\Users\armga\OneDrive\Escritorio\TFG\Bases de Datos\MVP_New_3주기\New_MVP_159.wav,2.0315,False,1,0.032484800001839176
959,MVP,anomalo,New_MVP_160.wav,C:\Users\armga\OneDrive\Escritorio\TFG\Bases de Datos\MVP_New_3주기\New_MVP_160.wav,2.059875,False,1,0.03288980000070296
960,MVP,anomalo,New_MVP_161.wav,C:\Users\armga\OneDrive\Escritorio\TFG\Bases de Datos\MVP_New_3주기\New_MVP_161.wav,2.0835,False,1,0.042601099994499236
961,MVP,anomalo,New_MVP_162.wav,C:\Users\armga\OneDrive\Escritorio\TFG\Bases de Datos\MVP_New_3주기\New_MVP_162.wav,2.04425,False,1,0.0313497000024654
962,MVP,anomalo,New_MVP_163.wav,C:\Users\armga\OneDrive\Escritorio\TFG\Bases de Datos\MVP_New_3주기\New_MVP_163.wav,2.04125,False,1,0.04148319998057559
963,MVP,anomalo,New_MVP_164.wav,C:\Users\armga\OneDrive\Escritorio\TFG\Bases de Datos\MVP_New_3주기\New_MVP_164.wav,2.060625,False,1,0.042574699997203425
964,MVP,anomalo,New_MVP_165.wav,C:\Users\armga\OneDrive\Escritorio\TFG\Bases de Datos\MVP_New_3주기\New_MVP_165.wav,2.10075,False,1,0.04575639998074621
965,MVP,anomalo,New_MVP_166.wav,C:\Users\armga\OneDrive\Escritorio\TFG\Bases de Datos\MVP_New_3주기\New_MVP_166.wav,2.065375,False,1,0.0410363000119105
966,MVP,anomalo,New_MVP_167.wav,C:\Users\armga\OneDrive\Escritorio\TFG\Bases de Datos\MVP_New_3주기\New_MVP_167.wav,1.99425,True,1,0.0397823000093922
967,MVP,anomalo,New_MVP_168.wav,C:\Users\armga\OneDrive\Escritorio\TFG\Bases de Datos\MVP_New_3주기\New_MVP_168.wav,2.156875,False,1,0.03883409997797571
968,MVP,anomalo,New_MVP_169.wav,C:\Users\armga\OneDrive\Escritorio\TFG\Bases de Datos\MVP_New_3주기\New_MVP_169.wav,2.035125,False,1,0.03224679999402724
969,MVP,anomalo,New_MVP_170.wav,C:\Users\armga\OneDrive\Escritorio\TFG\Bases de Datos\MVP_New_3주기\New_MVP_170.wav,2.017125,False,1,0.042157100018812343
970,MVP,anomalo,New_MVP_171.wav,C:\Users\armga\OneDrive\Escritorio\TFG\Bases de Datos\MVP_New_3주기\New_MVP_171.wav,2.056625,False,1,0.0367858000099659
971,MVP,anomalo,New_MVP_172.wav,C:\Users\armga\OneDrive\Escritorio\TFG\Bases de Datos\MVP_New_3주기\New_MVP_172.wav,1.9745,True,1,0.03517310001188889
972,MVP,anomalo,New_MVP_173.wav,C:\Users\armga\OneDrive\Escritorio\TFG\Bases de Datos\MVP_New_3주기\New_MVP_173.wav,2.19525,False,1,0.0418698999856133
973,MVP,anomalo,New_MVP_174.wav,C:\Users\armga\OneDrive\Escritorio\TFG\Bases de Datos\MVP_New_3주기\New_MVP_174.wav,2.058375,False,1,0.03500580001855269
974,MVP,anomalo,New_MVP_175.wav,C:\Users\armga\OneDrive\Escritorio\TFG\Bases de Datos\MVP_New_3주기\New_MVP_175.wav,2.914875,False,1,0.043982999981381
975,MVP,anomalo,New_MVP_176.wav,C:\Users\armga\OneDrive\Escritorio\TFG\Bases de Datos\MVP_New_3주기\New_MVP_176.wav,2.387625,False,1,0.04116749999229796
976,MVP,anomalo,New_MVP_177.wav,C:\Users\armga\OneDrive\Escritorio\TFG\Bases de Datos\MVP_New_3주기\New_MVP_177.wav,2.548625,False,1,0.04438330000266433
977,MVP,anomalo,New_MVP_178.wav,C:\Users\armga\OneDrive\Escritorio\TFG\Bases de Datos\MVP_New_3주기\New_MVP_178.wav,2.5115,False,1,0.04424489999655634
978,MVP,anomalo,New_MVP_179.wav,C:\Users\armga\OneDrive\Escritorio\TFG\Bases de Datos\MVP_New_3주기\New_MVP_179.wav,2.5135,False,1,0.038317999977152795
979,MVP,anomalo,New_MVP_180.wav,C:\Users\armga\OneDrive\Escritorio\TFG\Bases de Datos\MVP_New_3주기\New_MVP_180.wav,2.515,False,1,0.039272099995287135
980,MVP,anomalo,New_MVP_181.wav,C:\Users\armga\OneDrive\Escritorio\TFG\Bases de Datos\MVP_New_3주기\New_MVP_181.wav,2.537,False,1,0.04096509999362752
981,MVP,anomalo,New_MVP_182.wav,C:\Users\armga\OneDrive\Escritorio\TFG\Bases de Datos\MVP_New_3주기\New_MVP_182.wav,2.50775,False,1,0.03909619999467395
982,MVP,anomalo,New_MVP_183.wav,C:\Users\armga\OneDrive\Escritorio\TFG\Bases de Datos\MVP_New_3주기\New_MVP_183.wav,2.4685,False,1,0.026429999998072162
983,MVP,anomalo,New_MVP_184.wav,C:\Users\armga\OneDrive\Escritorio\TFG\Bases de Datos\MVP_New_3주기\New_MVP_184.wav,2.46475,False,1,0.04094539998914115
984,MVP,anomalo,New_MVP_185.wav,C:\Users\armga\OneDrive\Escritorio\TFG\Bases de Datos\MVP_New_3주기\New_MVP_185.wav,2.916,False,1,0.040586200018879026
985,MVP,anomalo,New_MVP_186.wav,C:\Users\armga\OneDrive\Escritorio\TFG\Bases de Datos\MVP_New_3주기\New_MVP_186.wav,2.388125,False,1,0.04458620000514202
986,MVP,anomalo,New_MVP_187.wav,C:\Users\armga\OneDrive\Escritorio\TFG\Bases de Datos\MVP_New_3주기\New_MVP_187.wav,2.909875,False,1,0.034849400020902976
987,MVP,anomalo,New_MVP_188.wav,C:\Users\armga\OneDrive\Escritorio\TFG\Bases de Datos\MVP_New_3주기\New_MVP_188.wav,2.387125,False,1,0.039448399998946115
988,MVP,anomalo,New_MVP_189.wav,C:\Users\armga\OneDrive\Escritorio\TFG\Bases de Datos\MVP_New_3주기\New_MVP_189.wav,2.67025,False,1,0.03589679999276996
989,MVP,anomalo,New_MVP_190.wav,C:\Users\armga\OneDrive\Escritorio\TFG\Bases de Datos\MVP_New_3주기\New_MVP_190.wav,2.67025,False,1,0.04119459999492392
990,MVP,anomalo,New_MVP_191.wav,C:\Users\armga\OneDrive\Escritorio\TFG\Bases de Datos\MVP_New_3주기\New_MVP_191.wav,1.726375,True,1,0.035659899993333966
991,MVP,anomalo,New_MVP_192.wav,C:\Users\armga\OneDrive\Escritorio\TFG\Bases de Datos\MVP_New_3주기\New_MVP_192.wav,1.763625,True,1,0.03717369999503717
992,MVP,anomalo,New_MVP_193.wav,C:\Users\armga\OneDrive\Escritorio\TFG\Bases de Datos\MVP_New_3주기\New_MVP_193.wav,1.79075,True,1,0.03142000001389533
993,MVP,anomalo,New_MVP_194.wav,C:\Users\armga\OneDrive\Escritorio\TFG\Bases de Datos\MVP_New_3주기\New_MVP_194.wav,1.878375,True,1,0.03531720000319183
994,MVP,anomalo,New_MVP_195.wav,C:\Users\armga\OneDrive\Escritorio\TFG\Bases de Datos\MVP_New_3주기\New_MVP_195.wav,1.95475,True,1,0.034073199989506975
995,MVP,anomalo,New_MVP_196.wav,C:\Users\armga\OneDrive\Escritorio\TFG\Bases de Datos\MVP_New_3주기\New_MVP_196.wav,2.0285,False,1,0.034689499996602535
996,MVP,anomalo,New_MVP_197.wav,C:\Users\armga\OneDrive\Escritorio\TFG\Bases de Datos\MVP_New_3주기\New_MVP_197.wav,3.5675,False,2,0.04234709998127073
997,MVP,anomalo,New_MVP_198.wav,C:\Users\armga\OneDrive\Escritorio\TFG\Bases de Datos\MVP_New_3주기\New_MVP_198.wav,3.580125,False,2,0.04774340000585653
998,MVP,anomalo,New_MVP_199.wav,C:\Users\armga\OneDrive\Escritorio\TFG\Bases de Datos\MVP_New_3주기\New_MVP_199.wav,2.536125,False,1,0.03630219999467954
999,MVP,anomalo,New_MVP_200.wav,C:\Users\armga\OneDrive\Escritorio\TFG\Bases de Datos\MVP_New_3주기\New_MVP_200.wav,2.5525,False,1,0.03889019999769516
