indice_interno,distribucion,numero_capas,error_final,forma_h_final,segundos_extraccion,capa_1_rango,capa_1_error,capa_1_ortogonalidad_h,capa_2_rango,capa_2_error,capa_2_ortogonalidad_h,capa_3_rango,capa_3_error,capa_3_ortogonalidad_h
0,10-15-24,3,0.16337403038754533,24x212,0.06122589998994954,10,0.06681057339576545,0.39288817325520325,15,0.08097641322943816,0.17014348580400615,24,0.06377549726886714,0.08763916976153906
1,10-15-24,3,0.1601375437140893,24x212,0.05567770000197925,10,0.0611573449139471,0.37122554942374464,15,0.08626180486866633,0.16344864151045072,24,0.07130655841302583,0.09024905889768209
2,10-15-24,3,0.16629948182921533,24x212,0.059773199987830594,10,0.06460343198708117,0.362462569480511,15,0.07650675322261777,0.15182793337446365,24,0.07927438338827232,0.10513459489094064
3,10-15-24,3,0.16015892864706738,24x212,0.0574021999782417,10,0.06688616458150423,0.34485389385620413,15,0.09821099339038217,0.14153010783048472,24,0.05363526919415421,0.10421033897677826
4,10-15-24,3,0.15532808656954752,24x212,0.041150799981551245,10,0.0668161530816433,0.34331446094955054,15,0.0953971017469866,0.16465763565650945,24,0.06000841444916826,0.09243836924382103
5,10-15-24,3,0.17726611276363352,24x212,0.05959699998493306,10,0.0701909872570839,0.33957578192444426,15,0.069509661729995,0.16078425133252824,24,0.08806218177333862,0.08239416642144463
6,10-15-24,3,0.16594008897140544,24x212,0.04402709999703802,10,0.061820903714820054,0.36675212351729486,15,0.11194945175023617,0.17814189949025555,24,0.06942658929573504,0.11480439945471406
7,10-15-24,3,0.15657924554666097,24x212,0.03910250001354143,10,0.056697103869812256,0.3449041447522355,15,0.0718526173845335,0.15466061451059984,24,0.06427511414006555,0.08559282923375504
8,10-15-24,3,0.1642575182511892,24x212,0.042109300004085526,10,0.05823981278414612,0.3471525089247904,15,0.06589013416009062,0.17161092280991297,24,0.07127665192205239,0.09588762602644255
9,10-15-24,3,0.16779988825320308,24x212,0.04882769999676384,10,0.059099553109907624,0.3312704777190992,15,0.07510392221764757,0.17414989354329247,24,0.09344317128113709,0.10062838327621781
10,10-15-24,3,0.17198857993479968,24x212,0.06006560000241734,10,0.0731384015076111,0.3749696165567532,15,0.09390819539269471,0.1832193862195874,24,0.06444501482386851,0.0849195912401014
11,10-15-24,3,0.16902193124515758,24x212,0.0603877000103239,10,0.07084415269786198,0.30948497929416036,15,0.10098120998505464,0.1186511474448833,24,0.07220389985829466,0.07760325084164828
12,10-15-24,3,0.1562614269714079,24x212,0.05989380000391975,10,0.06471269319890245,0.3564886132145549,15,0.08611490997512415,0.1432477762055615,24,0.054840807347881326,0.08912541551961223
13,10-15-24,3,0.15186959327239521,24x212,0.056012999993981794,10,0.06449428368503053,0.3768601675551026,15,0.08074440774848055,0.15265314563874474,24,0.06717430964727475,0.12305763507322513
14,10-15-24,3,0.16098814084867022,24x212,0.05183270000270568,10,0.06705701668606634,0.3231880137071746,15,0.11815183841034883,0.15085107444906587,24,0.05091804972109445,0.0823407463333666
15,10-15-24,3,0.16383637288600741,24x212,0.04619180000736378,10,0.06709054289567554,0.3342207530617016,15,0.0939324716884313,0.12443573952401751,24,0.05870017698497641,0.08035448784019213
16,10-15-24,3,0.16378323331237135,24x212,0.042839700006879866,10,0.07104860455880736,0.3197301732682324,15,0.109880750028828,0.12353032125696502,24,0.056748255348236715,0.09537142860031768
17,10-15-24,3,0.17056218112643673,24x212,0.03743440000107512,10,0.07367527604932203,0.3607575810377986,15,0.11924441571521399,0.15164072446779583,24,0.05759659331517032,0.09014484749364071
18,10-15-24,3,0.15468076009801157,24x212,0.05254819997935556,10,0.05928623951741652,0.3125259680083784,15,0.060563590237357114,0.17951255073036168,24,0.062151095372525396,0.10146488810077328
19,10-15-24,3,0.16678413322059674,24x212,0.04037099998095073,10,0.06152207679704104,0.36897059788881825,15,0.08491226828989615,0.17612908331970326,24,0.06411833330678958,0.09296401434761974
20,10-15-24,3,0.17031832182269294,24x212,0.04707500000949949,10,0.06551175964579407,0.3762968258073448,15,0.08794614941964866,0.1507570086200496,24,0.09332658880714925,0.11114933764426385
21,10-15-24,3,0.15323198047437184,24x212,0.0457427000219468,10,0.061955513156543324,0.3756072986892492,15,0.07900518411031773,0.1287501141638212,24,0.05167242608347255,0.08885071894254522
22,10-15-24,3,0.15142573824047964,24x212,0.05607409999356605,10,0.059053227074214926,0.35897765359064543,15,0.1000028215901227,0.14389707006052704,24,0.0494165610576765,0.10046720841671648
23,10-15-24,3,0.1581422531290329,24x212,0.039301900018472224,10,0.06038488953249347,0.41692002262277505,15,0.08350723920486934,0.16784399567127095,24,0.07657003313753429,0.09783307876301903
24,10-15-24,3,0.15434230417257627,24x212,0.04209800000535324,10,0.07188839049684188,0.30213225223102347,15,0.07657686215934145,0.14301159496926738,24,0.06267851913829744,0.09479776615580893
25,10-15-24,3,0.1794669264453743,24x212,0.04573000001255423,10,0.07718867992225467,0.3239972275864988,15,0.08289885994376726,0.16499330162959447,24,0.08790282932055561,0.07631887466071599
26,10-15-24,3,0.16278461316466003,24x212,0.06338789997971617,10,0.06945359812417864,0.35789893848103005,15,0.07279799006160995,0.15118337819963285,24,0.05650311837761624,0.09214692059909654
27,10-15-24,3,0.18159354102932934,24x212,0.03936480000265874,10,0.0666782987295525,0.30230402424318065,15,0.12111109438185161,0.14609475250790804,24,0.10119428280780382,0.13075515917836655
28,10-15-24,3,0.1827786979559822,24x212,0.03743470000335947,10,0.06916111645683011,0.3457299178646975,15,0.09057276148173449,0.18450812812597786,24,0.09917916442370366,0.09463330998507345
29,10-15-24,3,0.15577598080678384,24x212,0.03951390000293031,10,0.06690564685422262,0.3819470418989344,15,0.10151089895886885,0.1703205895802626,24,0.05292178005751797,0.10308778280348507
30,10-15-24,3,0.16322418953546494,24x212,0.04609720001462847,10,0.05688611060405071,0.3215684892968756,15,0.13233731079431083,0.1362303786163283,24,0.0747094206920906,0.10357794399710435
31,10-15-24,3,0.1657447593726546,24x212,0.05585909998626448,10,0.058650860395686656,0.3833631437996989,15,0.11762019202450774,0.15214875219737753,24,0.05325137472246118,0.1035479059376414
32,10-15-24,3,0.17026378186570323,24x212,0.060386700002709404,10,0.0755571732125573,0.36346239438827815,15,0.08305461305953642,0.15369551887083982,24,0.0635435379569067,0.08223304659192739
33,10-15-24,3,0.1739152743142573,24x212,0.056167100003222004,10,0.06989315214136244,0.36552864365207066,15,0.08524259665741586,0.1632906639763791,24,0.08758979650479763,0.10290530321955865
34,10-15-24,3,0.1583462153788443,24x212,0.0515196000051219,10,0.0602889050038083,0.3069117659266162,15,0.07184959584695598,0.12472722063478746,24,0.05602224296387909,0.09325513865356118
35,10-15-24,3,0.16714542913767794,24x212,0.03674559999490157,10,0.06519994063513072,0.3614844874592716,15,0.08629300561101352,0.15183527655217463,24,0.11415011919268503,0.13118117202336674
36,10-15-24,3,0.15871025109634213,24x212,0.04548420000355691,10,0.05472514246615251,0.3369836844587858,15,0.12941937699092054,0.14932420673054092,24,0.05155567978955069,0.09408556454067783
37,10-15-24,3,0.1540493567170057,24x212,0.036251000012271106,10,0.05660505320730061,0.3227225199877972,15,0.07890451672088941,0.115723116626883,24,0.05466143359879573,0.09596185776928877
38,10-15-24,3,0.1350680082052797,24x212,0.05120379998697899,10,0.0403603582071356,0.4435451067287036,15,0.08558576884784412,0.17367577226968203,24,0.0512080714294576,0.09336715956750927
39,10-15-24,3,0.15301436543536423,24x212,0.05109880000236444,10,0.04724136763759986,0.35357450443189964,15,0.09617206987750006,0.23184818323618733,24,0.05700825829764982,0.11145489766597483
40,10-15-24,3,0.14741709432028374,24x212,0.03900269998121075,10,0.05454798562330614,0.3960834480444211,15,0.0903372146757006,0.1287214876965334,24,0.04840327763163367,0.11322528809144584
41,10-15-24,3,0.16553922562109671,24x212,0.048188399989157915,10,0.05719660109101146,0.38847422720914865,15,0.08319597970845606,0.17882455425270155,24,0.08556184467323208,0.10445283044213222
42,10-15-24,3,0.15135807311788052,24x212,0.057861999986926094,10,0.05095374806275437,0.3989306440895435,15,0.06711129971490228,0.16968892594761933,24,0.06755471779712566,0.09602897995302574
43,10-15-24,3,0.14996050830059215,24x212,0.048492000001715496,10,0.06853864892610602,0.37501505521871703,15,0.07613686830425163,0.13708816448365016,24,0.05906866504293333,0.08852203482268267
44,10-15-24,3,0.15364211116207133,24x212,0.04228309998870827,10,0.05631742456546486,0.3863731274949088,15,0.0640751243086627,0.19947988436490133,24,0.06900988780572272,0.10763296188075104
45,10-15-24,3,0.1564554883085388,24x212,0.05058979999739677,10,0.052998981175761094,0.38794120717182373,15,0.07015758095885749,0.15813018014012892,24,0.06204082575309298,0.10375588918018089
46,10-15-24,3,0.1594407022869901,24x212,0.03874129999894649,10,0.059457186018820184,0.3797646931506885,15,0.07719413702725077,0.14579594922397876,24,0.06371760728044887,0.12928924981332304
47,10-15-24,3,0.15483642609893183,24x212,0.038451400003395975,10,0.054173630417666735,0.37246204642688224,15,0.08003631817457754,0.1646651511240402,24,0.05969749664843601,0.08423425811619234
48,10-15-24,3,0.15476426210715694,24x212,0.052037799992831424,10,0.04970289864821565,0.39350889354091145,15,0.10038534650604604,0.1906791886978939,24,0.06439264251171291,0.10316414696082239
49,10-15-24,3,0.15845463629617107,24x212,0.03434489999199286,10,0.05388795791939469,0.3891493862668569,15,0.08952259076331598,0.15815368756064396,24,0.06707017613804911,0.08103425066903099
50,10-15-24,3,0.17147629051871593,24x212,0.04136100001051091,10,0.05578794988142484,0.39665188218842456,15,0.12021343772343272,0.15021526878075503,24,0.07996519535408149,0.08017068225781776
51,10-15-24,3,0.15966813241671884,24x212,0.049800499982666224,10,0.06493816118797732,0.4222127516429423,15,0.10411720704424855,0.18294717246461234,24,0.05927001905530769,0.11388619711492617
52,10-15-24,3,0.15975070796857432,24x212,0.05625100000179373,10,0.053373594102116284,0.4006151878836424,15,0.09636277218702116,0.1718563355041489,24,0.07192066423564963,0.10231126758042909
53,10-15-24,3,0.14657547064792117,24x212,0.04844400001456961,10,0.05077760913645499,0.40928707765055516,15,0.07838251492980738,0.17477666592156518,24,0.0764567944517063,0.12264127147157873
54,10-15-24,3,0.184885890654287,24x212,0.05025040000327863,10,0.06339604123525511,0.3927596523175093,15,0.10855874567134018,0.14893231800443066,24,0.09638647368623039,0.11711592218452567
55,10-15-24,3,0.14232854141835988,24x212,0.04903260001447052,10,0.04364583567090444,0.37952923969024477,15,0.09513659260161988,0.1426108621514334,24,0.05312068217856836,0.0950637035357388
56,10-15-24,3,0.15241676844740928,24x212,0.04036030001589097,10,0.04716355071592408,0.3852302396176669,15,0.07424236985486539,0.18293557568796162,24,0.05854985074013712,0.09725218980830978
57,10-15-24,3,0.1639041731229724,24x212,0.04714119998971,10,0.053688490078060536,0.3794118258214477,15,0.06844165672905098,0.1456601982153714,24,0.07879600796161074,0.08121024081304255
58,10-15-24,3,0.15550119659500564,24x212,0.04705009999452159,10,0.06804228900865456,0.38015147383440645,15,0.06050679798816698,0.24173658500414763,24,0.06228511509763378,0.11207781444805016
59,10-15-24,3,0.1390451827451368,24x212,0.03740499998093583,10,0.050465051691152854,0.43573680909296836,15,0.07766310040272355,0.15654866341579857,24,0.05530151842898559,0.08638775975534485
60,10-15-24,3,0.15444560288592438,24x212,0.03786260000197217,10,0.0608298304137336,0.3906531773823435,15,0.10691398880537527,0.19895186497135825,24,0.0715857870623538,0.1112522418848678
61,10-15-24,3,0.15562737343417338,24x212,0.040176100010285154,10,0.053808491203882106,0.3782823061957284,15,0.08720759622818212,0.13956755973258397,24,0.06061132782297198,0.11192828687467721
62,10-15-24,3,0.15596495455725565,24x212,0.04367159999674186,10,0.05208520619902711,0.3747987866686632,15,0.07096112358534583,0.1586810657318163,24,0.06667616195352317,0.07223659259501955
63,10-15-24,3,0.15756170076851492,24x212,0.06255609999061562,10,0.07020491873026194,0.41698858045270015,15,0.08324824865096163,0.1514344268501713,24,0.057282333515439376,0.10117186844549454
64,10-15-24,3,0.1580244455331799,24x212,0.055520999972941354,10,0.05321683023615798,0.4352425330023942,15,0.07597576192983091,0.1345606589759877,24,0.06765703483674923,0.13951752302502354
65,10-15-24,3,0.15522466636024881,24x212,0.04844649997539818,10,0.060616632854473634,0.3997897313561765,15,0.08327321258402064,0.13921875188483188,24,0.061143299057498754,0.11292355200445615
66,10-15-24,3,0.15579057863097748,24x212,0.04085079999640584,10,0.0558619103695086,0.42929811667158624,15,0.09509964049300161,0.17541168630982576,24,0.05863975990218592,0.09549705955707614
67,10-15-24,3,0.15058708947718777,24x212,0.04535339999711141,10,0.05648289457267498,0.43546192984030346,15,0.08618966783586476,0.1397470073120481,24,0.05992770371928281,0.0899185553710455
68,10-15-24,3,0.1603133348990249,24x212,0.036507399985566735,10,0.05900829161663696,0.4105407049719853,15,0.10330542227358692,0.17511910489387236,24,0.056291293187213744,0.12050405215304216
69,10-15-24,3,0.1545315936297981,24x212,0.03854979999596253,10,0.063124930512993,0.32401513898722145,15,0.06372116972073945,0.14851461921944423,24,0.07034478690059698,0.08979090806215881
70,10-15-24,3,0.157909361068097,24x212,0.05254250002326444,10,0.06081508994468912,0.4330177641857745,15,0.08429402754366438,0.2039919355795267,24,0.07811200557693247,0.12065168310579008
71,10-15-24,3,0.16906279228814694,24x212,0.05645659999572672,10,0.06711324963057273,0.3784322320483044,15,0.10855645037186837,0.1585177460653191,24,0.057853427566389906,0.09687150510010983
72,10-15-24,3,0.159506679213275,24x212,0.05769779998809099,10,0.062067621103568435,0.40597469527683316,15,0.07251032467482366,0.18358401459400137,24,0.08526984982645416,0.09838919065160683
73,10-15-24,3,0.168017782058068,24x212,0.056328200007556006,10,0.06430447043103828,0.3594979115778225,15,0.10222797713055094,0.12402112725507368,24,0.05230307867430364,0.09678925507505748
74,10-15-24,3,0.15894910837698797,24x212,0.04381090000970289,10,0.06347271844666048,0.3344166308856123,15,0.07476506827671318,0.13863315986513916,24,0.0746317209859508,0.09360174007301965
75,10-15-24,3,0.16114943404619847,24x212,0.05153289998997934,10,0.06626960190708912,0.3383494921799059,15,0.08895722535706112,0.15300925317695382,24,0.0650879625396256,0.09982391364202116
76,10-15-24,3,0.16479215259633515,24x212,0.05118819998460822,10,0.05698522600987046,0.38781636765576843,15,0.11656109506759263,0.19807949180042148,24,0.06545005994296316,0.09978662393883574
77,10-15-24,3,0.16237773783765397,24x212,0.048423900007037446,10,0.057271152345217506,0.39957004677562097,15,0.0925153116583935,0.19180556791478257,24,0.0802062705095217,0.11945496529118638
78,10-15-24,3,0.16185542054598506,24x212,0.050736799981677905,10,0.06709486693451355,0.3777084570146147,15,0.06503023926370591,0.1840836396662161,24,0.0678192500967924,0.09891926442009674
79,10-15-24,3,0.15087073541883395,24x212,0.05532929999753833,10,0.06475593053468849,0.3679676361854051,15,0.06487429329230039,0.16097109375185567,24,0.05245047720980898,0.097191555801358
80,10-15-24,3,0.15711583196971124,24x212,0.06003640001290478,10,0.05368234752808025,0.3766190782863575,15,0.11317993424091811,0.13790712089945825,24,0.0527765092580809,0.09475523885944397
81,10-15-24,3,0.1526756254795306,24x212,0.057709299988346174,10,0.0596259470864793,0.34837718353584557,15,0.059954653964866905,0.1681399736706088,24,0.061906883784775664,0.10616696175421912
82,10-15-24,3,0.15369549543752525,24x212,0.040427600004477426,10,0.05416820111285777,0.3150654012490162,15,0.08418902987111215,0.14908552787437593,24,0.05670988718174158,0.10323573291944925
83,10-15-24,3,0.1533298298541875,24x212,0.03909550001844764,10,0.06478237402694459,0.3741520524474892,15,0.06669853264466402,0.17875677300928114,24,0.07819715219898347,0.1372420467139734
84,10-15-24,3,0.1506292223075687,24x212,0.057110800000373274,10,0.057874381618568886,0.3657083095682689,15,0.07957702557289993,0.1667701335179154,24,0.05817928226320446,0.1163489490308214
85,10-15-24,3,0.15029929676896736,24x212,0.03815470001427457,10,0.05249249345363505,0.3342492402110623,15,0.08746964332395647,0.14940819617131273,24,0.0565167515925087,0.09693764363605512
86,10-15-24,3,0.18261385690954632,24x212,0.03995569999096915,10,0.06702596310564843,0.3693743289697299,15,0.11898743208633597,0.15800737806082807,24,0.07642744678883866,0.08491825727213266
87,10-15-24,3,0.1497182952725248,24x212,0.034337099990807474,10,0.05933100242642976,0.40595131428947384,15,0.08915996194720889,0.15665704802271882,24,0.05784796084523096,0.09442433220781651
88,10-15-24,3,0.1491581082521807,24x212,0.046496399998432025,10,0.05601759886567525,0.41207698741246307,15,0.0671466836459946,0.1670559826664114,24,0.06680914830159239,0.0930750821740018
89,10-15-24,3,0.16159642336944063,24x212,0.03815730000496842,10,0.059120395840358775,0.31728711309709473,15,0.07450860194782107,0.17507965791280108,24,0.07374647178115838,0.10190372704643488
90,10-15-24,3,0.1542204582625683,24x212,0.04004459999850951,10,0.060699466750659195,0.40514351786689023,15,0.08642247887973732,0.17006953732163352,24,0.06027279923315519,0.10075570000321976
91,10-15-24,3,0.15120062870418677,24x212,0.044242800009669736,10,0.05876698984255557,0.36337120389106037,15,0.07564328316773494,0.20502924408815915,24,0.08438206342097074,0.12657162426616994
92,10-15-24,3,0.15215624096299238,24x212,0.052590200008125976,10,0.06028442456037391,0.3787875985205637,15,0.08478824476309407,0.14249766164499467,24,0.06281000504804767,0.09057697681198167
93,10-15-24,3,0.16361068657745337,24x212,0.052996399987023324,10,0.06534278928880526,0.34433426331261097,15,0.067364124630635,0.14005740653782617,24,0.0787920252521795,0.0733703695984059
94,10-15-24,3,0.15372038863267434,24x212,0.045783699984895065,10,0.05303813194978926,0.36723483449428446,15,0.07714151181912036,0.17013075523577362,24,0.06504365676890517,0.09534383225898913
95,10-15-24,3,0.1541205127816042,24x212,0.05106050000176765,10,0.05731537264157149,0.339771516645596,15,0.06879225012587331,0.15976489964618484,24,0.05745409290726224,0.10329027652791027
96,10-15-24,3,0.16150019802279386,24x212,0.039651499973842874,10,0.05648754558078063,0.3566216067611043,15,0.09022512142825172,0.17043252798964192,24,0.06818275421675911,0.0920377496243191
97,10-15-24,3,0.16161320775455934,24x212,0.03988629998639226,10,0.06974367949552537,0.37522006849306894,15,0.0772241571776618,0.15518354471994505,24,0.07948684366514919,0.09043853122978934
98,10-15-24,3,0.144320471133195,24x212,0.04052199999568984,10,0.0632097357714742,0.42964193291541863,15,0.07032182881181596,0.18800586184919438,24,0.05551406890352796,0.09368603888195068
99,10-15-24,3,0.1413022433426232,24x212,0.06010180001612753,10,0.04878429946158942,0.43918877663216616,15,0.06773248584273654,0.21417514474858504,24,0.06790556837348263,0.10523786730168101
100,10-15-24,3,0.1528925599239638,24x212,0.03631229998427443,10,0.05443599187520104,0.3501668912082365,15,0.0704790655839244,0.1287126803947529,24,0.06111829558474826,0.07486407016534428
101,10-15-24,3,0.14669788426152763,24x212,0.05764510002336465,10,0.05535475114580494,0.3551169209273406,15,0.07249018088485877,0.18486295752406584,24,0.05490353961640999,0.08206094598146002
102,10-15-24,3,0.14204918453316256,24x212,0.046256300003733486,10,0.051561687471989005,0.41016363982102816,15,0.08838313761210682,0.19837418537533716,24,0.06264309884564909,0.10611821919778053
103,10-15-24,3,0.15136518436846957,24x212,0.04190909999306314,10,0.05499199227263136,0.39656269412092315,15,0.08207856076350147,0.1815824055751306,24,0.07143316767989989,0.09969737583853602
104,10-15-24,3,0.15879632154866793,24x212,0.04326619999483228,10,0.06228935572299118,0.40974202337642185,15,0.10282776565164459,0.19901336601222755,24,0.0672661745942901,0.10214866686889275
105,10-15-24,3,0.17035170562819238,24x212,0.03651229999377392,10,0.05466190435903816,0.36853053207484693,15,0.09752994985503242,0.14781041460755198,24,0.09039328188616977,0.09755290576229309
106,10-15-24,3,0.1626615638277532,24x212,0.05262539998511784,10,0.0591050110283753,0.3762938880664227,15,0.07211213978516183,0.1628886056425024,24,0.06423684989779636,0.1093879447207146
107,10-15-24,3,0.13798018681424162,24x212,0.048710099974414334,10,0.05530997981146248,0.36566907219689615,15,0.07183920252458403,0.14689232383923678,24,0.05613562917976109,0.0877664206527408
108,10-15-24,3,0.14774005794074394,24x212,0.041544799983967096,10,0.054665918979548346,0.3659422423202514,15,0.0776549724118491,0.13114231975459506,24,0.052495223459513164,0.11132230829042426
109,10-15-24,3,0.16645923392252843,24x212,0.043727399985073134,10,0.05846955379704127,0.3629297500206205,15,0.1132703974130427,0.14458335509685613,24,0.05718551835340307,0.09523611057231524
110,10-15-24,3,0.14823682548015693,24x212,0.041893199988408014,10,0.06440035538738077,0.3663377446453679,15,0.08102729132905255,0.15363755502092133,24,0.05210642418351751,0.10228492768975543
111,10-15-24,3,0.15406820274267838,24x212,0.04335930000524968,10,0.0512376037050893,0.37171281234280923,15,0.06467945002898745,0.17174847243860542,24,0.07270228292551288,0.08636715017467878
112,10-15-24,3,0.1529184927265318,24x212,0.05333580001024529,10,0.05316656535332874,0.37022737125773886,15,0.07923878251643439,0.14208916483663395,24,0.05336234274202068,0.09909232987300873
113,10-15-24,3,0.16913012630635002,24x212,0.03874590000486933,10,0.0705741785080871,0.38426023531164993,15,0.07604869753194267,0.216204264196022,24,0.08063025031659266,0.10972275160340242
114,10-15-24,3,0.16753492351067284,24x212,0.03790129997651093,10,0.051246007368191626,0.4056932949089823,15,0.10411832412500949,0.19169189516226348,24,0.0709598918019483,0.1002528994242145
115,10-15-24,3,0.1590059952112957,24x212,0.04488060000585392,10,0.06120873902049938,0.42546764367516454,15,0.08358588345493234,0.19311089643803156,24,0.06993228209392167,0.08836919076589157
116,10-15-24,3,0.15655689722332783,24x212,0.04381740000098944,10,0.057681473952980844,0.425452634966475,15,0.0823932786264328,0.14662720007751037,24,0.07058685067282666,0.075984101612922
117,10-15-24,3,0.16976572369994813,24x212,0.04633739998098463,10,0.06268689272681251,0.3518992436153594,15,0.0999364502820183,0.1320873084262008,24,0.067243336280276,0.09262065044879186
118,10-15-24,3,0.15467339360417864,24x212,0.05431099998531863,10,0.06274506607337503,0.33638014340586353,15,0.0842524127666291,0.19478012685774168,24,0.06267697651898779,0.10520882772759874
119,10-15-24,3,0.16763702482848555,24x212,0.04334570001810789,10,0.063162072325508,0.40470669867969405,15,0.08899438233812405,0.15316077360663338,24,0.07888047413437908,0.0721967099405007
120,10-15-24,3,0.15458061078033397,24x212,0.039193499978864565,10,0.05327800211934416,0.3127897801442724,15,0.06866613002513416,0.15427086592117709,24,0.06078422462122626,0.10034900623127053
121,10-15-24,3,0.15614121258595937,24x212,0.06014400001731701,10,0.059524394791198525,0.31678438634678596,15,0.08692840108887968,0.13161359709573436,24,0.07875269617398115,0.06837798782791095
122,10-15-24,3,0.143264500572115,24x212,0.046410500013735145,10,0.06074167288376649,0.3751904547526418,15,0.05952689072842995,0.19396140130016434,24,0.055470742567007396,0.09813683903798925
123,10-15-24,3,0.1532110806364602,24x212,0.039667600009124726,10,0.05390430204748992,0.35017530886345744,15,0.0671054698882815,0.1682685732425919,24,0.0642200547771854,0.08113377357527188
124,10-15-24,3,0.15228770227812788,24x212,0.04473109997343272,10,0.05764510349386452,0.43628561951427314,15,0.08162743353136505,0.1644591094611295,24,0.0542509209169919,0.10108344851443718
125,10-15-24,3,0.15513501272939867,24x212,0.045622199977515265,10,0.059017512416136765,0.3721663518204127,15,0.07107066135239935,0.14084389005084236,24,0.06144327649044667,0.08278110177680736
126,10-15-24,3,0.1496711150299879,24x212,0.03676039999118075,10,0.05610922109057876,0.3743102867852165,15,0.08665906091173102,0.11837192415792235,24,0.052327081775649625,0.10311564839126054
127,10-15-24,3,0.13762595408708886,24x212,0.07584569999016821,10,0.0588011440745987,0.39861792160736287,15,0.07175138921431326,0.1737680062398354,24,0.054033032105714446,0.12322696459531977
128,10-15-24,3,0.14447579902320654,24x212,0.05862719999277033,10,0.053399334329236436,0.38652933696623265,15,0.09875579017665054,0.16426229042826626,24,0.05731916286106271,0.09523817376332828
129,10-15-24,3,0.15357583939841896,24x212,0.04655369999818504,10,0.054598961229791985,0.43210417281616054,15,0.09196037408626263,0.14432750099660735,24,0.06761310002331358,0.07144801132661666
130,10-15-24,3,0.15624256906006162,24x212,0.04802610000479035,10,0.06068922208823585,0.3933939853091381,15,0.0801176048640518,0.14815463647132934,24,0.07042682431035956,0.10283746787624802
131,10-15-24,3,0.15248619925078638,24x212,0.043970500002615154,10,0.0630084610459364,0.36375875540158337,15,0.05838360688768915,0.1548707048268342,24,0.06963273963535899,0.1030874334989056
132,10-15-24,3,0.16035681884028047,24x212,0.057526999997207895,10,0.07095577984617132,0.34188821544647635,15,0.06801839404578645,0.1715882818784272,24,0.05604134997909163,0.11627656417177347
133,10-15-24,3,0.1473978432971511,24x212,0.06013699999311939,10,0.05540165533109586,0.3374436877511772,15,0.08763471720861793,0.1492396296329249,24,0.059779573600053135,0.09178543490909886
134,10-15-24,3,0.13989800084235413,24x212,0.059115199983352795,10,0.05086258917520075,0.34606078340314333,15,0.06720411004074428,0.14332805988479477,24,0.06687326413638586,0.07568771452915767
135,10-15-24,3,0.1696175895499044,24x212,0.05558220000239089,10,0.051898438178975284,0.42118552124897723,15,0.11001449702044754,0.19808939804030928,24,0.08348337612289299,0.11985279278678772
136,10-15-24,3,0.14155496797555242,24x212,0.058223500003805384,10,0.05670180822459902,0.3974522708594942,15,0.07851698968646861,0.12898677681587012,24,0.05100621003384543,0.08346880232539446
137,10-15-24,3,0.16076263169358748,24x212,0.06128500000340864,10,0.05931931043001387,0.32639439496812717,15,0.088145499065151,0.14440105814928847,24,0.0547903242618226,0.06412827264177536
138,10-15-24,3,0.14559626726095568,24x212,0.05084119999082759,10,0.0458539395111563,0.37859175489974983,15,0.0973963419985519,0.2038529459593909,24,0.06239589462888125,0.09868140421207951
139,10-15-24,3,0.15193118447340304,24x212,0.03884750002180226,10,0.053194694674163975,0.29134859444848055,15,0.05500992745997613,0.10777087118589536,24,0.05761176619213205,0.05996367299664578
140,10-15-24,3,0.1555607812540099,24x212,0.0400890999881085,10,0.05229686582163918,0.2987757702140169,15,0.06286441449848469,0.16066949585003004,24,0.0709701221408433,0.1069165919590109
141,10-15-24,3,0.15315484412151184,24x212,0.03983930000686087,10,0.048963561103968545,0.3964486023169252,15,0.07764996126072131,0.15269879711051673,24,0.06381163979472346,0.09888882253910683
142,10-15-24,3,0.1534362765529689,24x212,0.04149120001238771,10,0.05342573863698801,0.36979417666277453,15,0.0745426216122183,0.17086596356720182,24,0.07396978048817393,0.10057759372196863
143,10-15-24,3,0.171992931642866,24x212,0.049418400012655184,10,0.054678139908230575,0.36297874438969296,15,0.06378492676373189,0.1556328747061849,24,0.09933281199993982,0.07911840225699437
144,10-15-24,3,0.14864679349969465,24x212,0.05413500001304783,10,0.053922432600697366,0.311876559088985,15,0.08608599603445415,0.15004807618243254,24,0.05916022621907059,0.09076596794347652
145,10-15-24,3,0.16026979813915163,24x212,0.04106409999076277,10,0.04844083363795819,0.3680069824113567,15,0.08996408214563163,0.13749364966738598,24,0.06708887179666301,0.11966467161839842
146,10-15-24,3,0.15465606075238675,24x212,0.04148919999715872,10,0.0544584222989413,0.3354088521742609,15,0.08993689582937063,0.16704144013525493,24,0.0652567607954392,0.08554480436866409
147,10-15-24,3,0.14566515291843013,24x212,0.045715500018559396,10,0.049142083720786975,0.3906829204950864,15,0.07180074093719244,0.15456864201851855,24,0.07133065101003172,0.10762235977180236
148,10-15-24,3,0.15938351512783164,24x212,0.04649670000071637,10,0.05171684446783711,0.340983062794973,15,0.10074637493073384,0.15852665310257094,24,0.053871626628211,0.09665672889240608
149,10-15-24,3,0.1525867382167456,24x212,0.04389400000218302,10,0.0518176613294752,0.3061540049999189,15,0.09955503126259056,0.14713810919705883,24,0.05425833904672249,0.11491146703858102
150,10-15-24,3,0.15102205384221193,24x212,0.03637630000594072,10,0.05579429688132326,0.3764933019749656,15,0.08817289051851318,0.19318771873343588,24,0.06343436611550152,0.07843029765363421
151,10-15-24,3,0.15261724489454348,24x212,0.05194689999916591,10,0.06114198163076887,0.32766341234221186,15,0.07124126513573951,0.1611330317984913,24,0.05851296808142717,0.07322949578885306
152,10-15-24,3,0.14937502840513633,24x212,0.056210000009741634,10,0.05694522673999874,0.39503599205210654,15,0.08265547992866659,0.1374315588259534,24,0.053926836570514294,0.08895219536216513
153,10-15-24,3,0.1521240800992409,24x212,0.05028610001318157,10,0.058140862991116836,0.3111882607722844,15,0.07915561065032223,0.13890696974588987,24,0.055941091901576076,0.09018464734154891
154,10-15-24,3,0.16345825781206522,24x212,0.05465369997546077,10,0.057965897419038535,0.41185394227999644,15,0.08626021374632514,0.16740043705294974,24,0.08309256994428703,0.08270810982613835
155,10-15-24,3,0.15245818241784329,24x212,0.04325710001285188,10,0.057324154921929514,0.30527014803564495,15,0.08764384296432885,0.14548614297863696,24,0.05174844412169586,0.09151506974254521
156,10-15-24,3,0.15025707265973468,24x212,0.04528130000107922,10,0.058226561389929384,0.3914163800629989,15,0.0681578865918721,0.17639144739472812,24,0.08702712256426495,0.08142539207257087
157,10-15-24,3,0.14694035921262022,24x212,0.05138220000662841,10,0.058908279646250776,0.43351537383176414,15,0.08258328408416726,0.1759307389820176,24,0.06057446496832775,0.11360144166047197
158,10-15-24,3,0.1539992670162407,24x212,0.048303999996278435,10,0.06447992742032906,0.27023002494849946,15,0.05374237498950546,0.16728636909624,24,0.06412706269839927,0.11639605977622974
159,10-15-24,3,0.17416771187540667,24x212,0.03981270000804216,10,0.06077196780847772,0.34498992317975014,15,0.0879224493452454,0.17044228998117217,24,0.09811943623512077,0.09391879519803772
160,10-15-24,3,0.16330793008948305,24x212,0.0423261999967508,10,0.06376318398554072,0.30458846482376156,15,0.07879198668513267,0.15155722986122636,24,0.06556584204269655,0.08981382022041615
161,10-15-24,3,0.16158473183589642,24x212,0.039625999983400106,10,0.06811131858170778,0.34150097067432106,15,0.08092592781379161,0.12044844682971861,24,0.09827916879137465,0.09393173730280968
162,10-15-24,3,0.16740019115745108,24x212,0.051053700008196756,10,0.086907607750641,0.30664161792300904,15,0.07418390774664936,0.12244751966894736,24,0.06132781413255155,0.09911502290858187
163,10-15-24,3,0.17208998469840517,24x212,0.042881600005785,10,0.06394446994494281,0.3557047861422935,15,0.09194965925700244,0.15459796608952078,24,0.06758465321034737,0.089596931545392
164,10-15-24,3,0.1552261324410049,24x212,0.051688100007595494,10,0.056884771055276034,0.30455483258191995,15,0.06758102509789149,0.14927249221425826,24,0.06376160129353475,0.07533323682158415
165,10-15-24,3,0.1635184859557214,24x212,0.05113330000312999,10,0.07674397436284358,0.39360459017735766,15,0.09679651314619808,0.14808790608912106,24,0.07061487438270976,0.09703480892710187
166,10-15-24,3,0.15390867096953872,24x212,0.044549500016728416,10,0.06663273047936483,0.2994129985479016,15,0.05846493474111759,0.14933844062064613,24,0.05452811377431913,0.10282474685180495
167,10-15-24,3,0.17469954632597304,24x212,0.04799049999564886,10,0.07246486592650818,0.35504543244448666,15,0.09226479077827343,0.1452146308032559,24,0.07074270281514061,0.08096256893849951
168,10-15-24,3,0.15514229090237508,24x212,0.05589060002239421,10,0.06569355471529488,0.34636167890625336,15,0.06631399141498315,0.1718263266982943,24,0.05544839693458745,0.09552489067268626
169,10-15-24,3,0.1567112153365527,24x212,0.05108380000456236,10,0.07220315056935156,0.2665777904368181,15,0.05519365349225825,0.13226934532594944,24,0.06460618619496691,0.09730251174928152
170,10-15-24,3,0.16132334378708174,24x212,0.03917659999569878,10,0.06280930009117675,0.3527684716326853,15,0.06528728267057138,0.17218806171734494,24,0.0651037137832626,0.09722032506112767
171,10-15-24,3,0.16626820465703807,24x212,0.03957659998559393,10,0.07630028649926503,0.3593041611615076,15,0.07942094967005014,0.150379316404248,24,0.06555718384262935,0.0873164381602965
172,10-15-24,3,0.17081171780782964,24x212,0.0417652000032831,10,0.07069134218625135,0.41243816034706027,15,0.11159075937077043,0.17149603232078056,24,0.06306403330054065,0.10345942844223488
173,10-15-24,3,0.1780007656023592,24x212,0.040341899992199615,10,0.0727456646387159,0.3332336865721433,15,0.08728860681886687,0.1485754658232352,24,0.06804901838797943,0.09482868412037826
174,10-15-24,3,0.18036623232884885,24x212,0.037125100003322586,10,0.0646663828216088,0.32253719695049043,15,0.07892050656502417,0.1534033362977287,24,0.08158086879341261,0.09226642244198376
175,10-15-24,3,0.16854170165942012,24x212,0.04747190000489354,10,0.0680669821782744,0.3431529413422277,15,0.10402881785024402,0.15009413728031484,24,0.0643158208763132,0.10804021204259183
176,10-15-24,3,0.15987070975521311,24x212,0.044749499997124076,10,0.06307401788345837,0.3760074302196619,15,0.09142183432282791,0.1711937309286135,24,0.0733757269864067,0.11844355084370378
177,10-15-24,3,0.1496966194803315,24x212,0.04352490001474507,10,0.060206970596028433,0.3476821073821694,15,0.07557585419979532,0.14286090815402705,24,0.05297828706749259,0.11178604077344334
178,10-15-24,3,0.1525029018318238,24x212,0.03376250001019798,10,0.06565845896573293,0.32240196324603837,15,0.06193697020739337,0.15895036926846615,24,0.05488997157630154,0.11609631513565824
179,10-15-24,3,0.1616440181112998,24x212,0.04854200000409037,10,0.0653619946894055,0.3351691337275943,15,0.09166385454806784,0.183911519750774,24,0.056915204825905015,0.12496240978021117
180,10-15-24,3,0.1527814386365781,24x212,0.060699099994963035,10,0.06518135445447829,0.3797176833096008,15,0.06469563936355474,0.1974635516326336,24,0.056814768800212335,0.10746262349478228
181,10-15-24,3,0.1630374653237143,24x212,0.0600700999784749,10,0.07509162270958915,0.3188395671895471,15,0.06864494899391037,0.1282056324541046,24,0.09437859297141234,0.09630636366171229
182,10-15-24,3,0.15897705075310592,24x212,0.047720399976242334,10,0.06388272358789483,0.45660153651016555,15,0.09160238275711478,0.1555213959894064,24,0.05319225719464476,0.10684215375970939
183,10-15-24,3,0.15174840760956507,24x212,0.04487739998148754,10,0.0636744667258655,0.3404790044190883,15,0.08223294652423262,0.16991080611045983,24,0.055733572050385975,0.0883945762161486
184,10-15-24,3,0.16266907455314722,24x212,0.04164179999497719,10,0.07024548600114278,0.2570881384846476,15,0.1075044547372248,0.1599281883930034,24,0.060071922111924664,0.0899478531644776
185,10-15-24,3,0.17521870464016126,24x212,0.03910739999264479,10,0.07306164665539043,0.31578424959255036,15,0.10740740032224957,0.16666703390992368,24,0.060874162584412056,0.08856428791045415
186,10-15-24,3,0.16111756434073374,24x212,0.04225579998455942,10,0.07085849707687282,0.3333702005732791,15,0.07304816453859783,0.16921874168225634,24,0.06618626009399359,0.09365807501673516
187,10-15-24,3,0.1496207552566406,24x212,0.04040090000489727,10,0.06446618631140413,0.3557094279625358,15,0.08219526645707854,0.18812534195469402,24,0.05202865983201903,0.10481691131032225
188,10-15-24,3,0.15781384561943673,24x212,0.050829999992856756,10,0.06968908019421571,0.3610416003801732,15,0.08015892831426069,0.11946309189082371,24,0.05680140072088919,0.07965123459871606
189,10-15-24,3,0.15215506207982976,24x212,0.05283219998818822,10,0.06422239267234521,0.342182092039005,15,0.06354996603906195,0.16017908567078779,24,0.07898628480199377,0.08745753395218636
190,10-15-24,3,0.16402288188499856,24x212,0.04739079999853857,10,0.0667907504000897,0.36776992385896706,15,0.090807240030932,0.17751885108586474,24,0.06448592808594716,0.10687354830288673
191,10-15-24,3,0.16427778487023453,24x212,0.052359199995407835,10,0.07266625500299899,0.3761267667275404,15,0.07636106146638402,0.16825463963763532,24,0.06916696722797434,0.08304037657131351
192,10-15-24,3,0.161891993299612,24x212,0.03285709998453967,10,0.06159701239573554,0.30647011682936426,15,0.09698656637966897,0.14768039933803506,24,0.05529762688078519,0.10605190975852577
193,10-15-24,3,0.16510249129100343,24x212,0.03361899999435991,10,0.06316891798202501,0.25829877609636037,15,0.07805988632591877,0.09273689669013942,24,0.05138276029731273,0.09282906083800127
194,10-15-24,3,0.15418489979217154,24x212,0.035045099997660145,10,0.06693599521622468,0.280618502850305,15,0.06046648303429989,0.13119616776554696,24,0.05545454092704461,0.0792672323943895
195,10-15-24,3,0.15374186733023149,24x212,0.04234280000673607,10,0.07000555046807434,0.35230138884456413,15,0.06088945918041304,0.20205248988602847,24,0.05910992194238377,0.09504554643404442
196,10-15-24,3,0.16194493834398144,24x212,0.03361459998995997,10,0.06216934269258133,0.34696641330514316,15,0.07582857407027424,0.16125277699484064,24,0.0632069979815324,0.08829217559234329
197,10-15-24,3,0.17183274244734592,24x212,0.050176699995063245,10,0.07549951724819078,0.31320318445296835,15,0.08435314243971355,0.11510179835568002,24,0.06126488316211376,0.09925320143552782
198,10-15-24,3,0.1683032505861167,24x212,0.04832110001007095,10,0.06325241465620138,0.3137430371594958,15,0.08084270847550593,0.1868084619544441,24,0.055361629271546184,0.11696787330846613
199,10-15-24,3,0.16720432623448225,24x212,0.04784220000146888,10,0.06685613414667232,0.3171467189359531,15,0.06921088875432072,0.14150885631619764,24,0.06436003209863198,0.1216672852561207
200,10-15-24,3,0.17807665712648302,24x212,0.048418099991977215,10,0.10058900894371396,0.28919776135491804,15,0.05631464955995236,0.1520828695410597,24,0.05851900589314645,0.09671375776678319
201,10-15-24,3,0.18020444634509244,24x212,0.04674319998594001,10,0.10355090286400621,0.2924386708903509,15,0.07979090787886227,0.13918395317047808,24,0.05199539907842726,0.09649082606180734
202,10-15-24,3,0.17457814659801799,24x212,0.03370309999445453,10,0.10237673656261277,0.2706126955506862,15,0.05445668517276854,0.17339127022651404,24,0.053229521787470896,0.13387598435056294
203,10-15-24,3,0.18360313985331636,24x212,0.04189379999297671,10,0.1000134012691153,0.27224383519428647,15,0.07994921417708781,0.16024030211784865,24,0.054570588947481805,0.11322055913672946
204,10-15-24,3,0.1859211634908908,24x212,0.04718480000155978,10,0.10412742022796057,0.26619431923099623,15,0.0605595148467564,0.15184901720186444,24,0.0698403479117734,0.09237685579408401
205,10-15-24,3,0.18293591031311762,24x212,0.053294199984520674,10,0.09451674595403178,0.26643292281831277,15,0.07631657566477774,0.14574241876554403,24,0.06656270571992982,0.09635782585772017
206,10-15-24,3,0.17652679159269297,24x212,0.0463813999958802,10,0.1031408125655143,0.24784389686478514,15,0.05202056720315164,0.15621153883500696,24,0.05911096605443387,0.09553746536172955
207,10-15-24,3,0.17608741817600967,24x212,0.0371115000161808,10,0.10231335649020022,0.2425852718634916,15,0.054653420365746885,0.14091240421891535,24,0.05361451937008441,0.09465791497349121
208,10-15-24,3,0.19746209960134972,24x212,0.04211150002083741,10,0.10280456910956035,0.31117544579911893,15,0.08699282377409602,0.15807503512900903,24,0.09229048376589889,0.08718763188472094
