indice_interno,base,clase,archivo,distribucion,representacion,numero_capas,inicializacion_onmf,error_final,forma_h_final,segundos_extraccion_deep,capa_1_rango,capa_1_error,capa_1_ortogonalidad_h,capa_1_segundos,capa_2_rango,capa_2_error,capa_2_ortogonalidad_h,capa_2_segundos,capa_3_rango,capa_3_error,capa_3_ortogonalidad_h,capa_3_segundos,capa_4_rango,capa_4_error,capa_4_ortogonalidad_h,capa_4_segundos
0,original,N,New_N_001.wav,16-13-10-8,DeepONMF_H4,4,nndsvd,0.2504671858054109,8x212,0.02711500006262213,16,0.08049818563144708,0.22197104420520145,0.015426700003445148,13,0.056151632548091454,0.20133075846466672,0.004673800081945956,10,0.05620851673882437,0.21601866546009196,0.0034293000353500247,8,0.058188941004034656,0.234979102907699,0.002771599916741252
1,original,N,New_N_002.wav,16-13-10-8,DeepONMF_H4,4,nndsvd,0.2463954437714867,8x212,0.026971900020726025,16,0.07272983501184595,0.2525403406697197,0.015062900027260184,13,0.05638481880634194,0.20584894840427362,0.004229799960739911,10,0.05670465794999021,0.20158278873846222,0.003738999948836863,8,0.05844907303260446,0.1883436378412833,0.002902400097809732
2,original,N,New_N_003.wav,16-13-10-8,DeepONMF_H4,4,nndsvd,0.24801139792398635,8x212,0.026910100015811622,16,0.07914682315858415,0.2055537454327192,0.015204399940557778,13,0.055907124043629484,0.21858954484461007,0.004482200019992888,10,0.05651401905188745,0.24353119921186966,0.0034058999735862017,8,0.05710852615710181,0.26834377151745137,0.002713699941523373
3,original,N,New_N_004.wav,16-13-10-8,DeepONMF_H4,4,nndsvd,0.24686582143020927,8x212,0.02823789999820292,16,0.07785338280951988,0.22676662121429053,0.015172299928963184,13,0.05586987732745065,0.22263420865227446,0.0057385999243706465,10,0.056665020738704365,0.2665109481272974,0.00349499995354563,8,0.0575401892639559,0.2563172760208459,0.0027532000094652176
4,original,N,New_N_005.wav,16-13-10-8,DeepONMF_H4,4,nndsvd,0.24611993628770323,8x212,0.029615300009027123,16,0.07593820047542486,0.24159452633110282,0.01620710000861436,13,0.05590521548124782,0.23666445782602388,0.0055908000795170665,10,0.05694108458517025,0.25150316077979257,0.004119400051422417,8,0.058034648368632515,0.24068340569459926,0.0028424999909475446
5,original,N,New_N_006.wav,16-13-10-8,DeepONMF_H4,4,nndsvd,0.24813863962681657,8x212,0.02651320002041757,16,0.08057715567587655,0.23602636599764742,0.014943800051696599,13,0.056025284865429716,0.2077082067915771,0.004342800006270409,10,0.05663477260165352,0.22007919405846793,0.0034299999242648482,8,0.0575046333764407,0.228331417467017,0.002843499998562038
6,original,N,New_N_007.wav,16-13-10-8,DeepONMF_H4,4,nndsvd,0.24949180852118769,8x212,0.027844200027175248,16,0.07412246999897608,0.23675211090984669,0.014736499986611307,13,0.05618176004338677,0.22804533464751378,0.006008900003507733,10,0.05789114418302643,0.22205094764409317,0.003550300025381148,8,0.059594849150244766,0.23553192010221466,0.0026784000219777226
7,original,N,New_N_008.wav,16-13-10-8,DeepONMF_H4,4,nndsvd,0.247055990801382,8x212,0.02818310004658997,16,0.07008231586132353,0.2019208864768501,0.01651119999587536,13,0.05635103828775213,0.19042077988748904,0.003986499970778823,10,0.05883205670512142,0.18347537208364886,0.003832999966107309,8,0.06072111733851704,0.20655546685701415,0.0029930000891909003
8,original,N,New_N_009.wav,16-13-10-8,DeepONMF_H4,4,nndsvd,0.25005611642169717,8x212,0.030088900006376207,16,0.07769029510026007,0.22661748956556135,0.01603249995969236,13,0.056948324057313954,0.17942730724649641,0.005183700006455183,10,0.05698564687126727,0.1908331920525185,0.003982100053690374,8,0.05768520307678333,0.20477916161824763,0.004036500002257526
9,original,N,New_N_010.wav,16-13-10-8,DeepONMF_H4,4,nndsvd,0.24914430976224433,8x212,0.03296570002567023,16,0.08496889539124347,0.23345423002606752,0.01839700003620237,13,0.05649067072609941,0.22536403357638635,0.005175299942493439,10,0.05698258143188095,0.21691465425991602,0.004396499949507415,8,0.058119647672876334,0.23087109715717655,0.004056799924001098
10,original,N,New_N_011.wav,16-13-10-8,DeepONMF_H4,4,nndsvd,0.24712794756823123,8x212,0.03225200006272644,16,0.07444180533091682,0.24308996588206885,0.018556699971668422,13,0.05582190476927155,0.22002731895820815,0.0051923999562859535,10,0.05712494484027869,0.2308065656232363,0.003930900013074279,8,0.05865726049790606,0.2810601901268145,0.003630099934525788
11,original,N,New_N_012.wav,16-13-10-8,DeepONMF_H4,4,nndsvd,0.2473494844313629,8x212,0.027985199936665595,16,0.07353010388256553,0.23759338058886717,0.015799200045876205,13,0.056223039137925736,0.2097589321165453,0.004722500103525817,10,0.05773111120565743,0.2251563789568273,0.0037287999875843525,8,0.05800004070422377,0.24617649425792387,0.0029634999809786677
12,original,N,New_N_013.wav,16-13-10-8,DeepONMF_H4,4,nndsvd,0.2512683814768965,8x212,0.030075600021518767,16,0.0806832926962305,0.21116645627790376,0.016646799980662763,13,0.056776152696780775,0.19808967067938238,0.005612600012682378,10,0.05807661136154859,0.2328392164529931,0.00393530004657805,8,0.057579688061849196,0.2699981601549784,0.003062700037844479
13,original,N,New_N_014.wav,16-13-10-8,DeepONMF_H4,4,nndsvd,0.24770782663032664,8x212,0.030643099918961525,16,0.0761264775732189,0.253454089366788,0.016085100010968745,13,0.055983575935219465,0.24550983631165688,0.0050960000371560454,10,0.056766147088565845,0.2731753018432009,0.004896399914287031,8,0.057184011346886866,0.30289571607622656,0.0037088000681251287
14,original,N,New_N_015.wav,16-13-10-8,DeepONMF_H4,4,nndsvd,0.2523084986361319,8x212,0.034210699959658086,16,0.07719192609692463,0.2150840313121325,0.01952019997406751,13,0.05702587278412504,0.1840066499585403,0.004961700062267482,10,0.05837760958724787,0.1739826360944481,0.005427700001746416,8,0.059915195692240075,0.22446275859932302,0.003473999910056591
15,original,N,New_N_016.wav,16-13-10-8,DeepONMF_H4,4,nndsvd,0.24868654971356985,8x212,0.032590200076811016,16,0.07506144899473181,0.2209349911513167,0.01854229997843504,13,0.056516414871203416,0.20066658518113975,0.004901299951598048,10,0.05748393222659222,0.21220726796774347,0.004827599972486496,8,0.06070970650847949,0.23630341948282088,0.00332180003169924
16,original,N,New_N_017.wav,16-13-10-8,DeepONMF_H4,4,nndsvd,0.25251091844928775,8x212,0.031005900003947318,16,0.0779390120189526,0.20432867263574722,0.017689800006337464,13,0.05688424213755441,0.13964550485305233,0.004935799981467426,10,0.05857307855150051,0.13711529794688418,0.004343600012362003,8,0.06130187567784701,0.16700642794178386,0.0031843000324442983
17,original,N,New_N_018.wav,16-13-10-8,DeepONMF_H4,4,nndsvd,0.2487898392378715,8x212,0.026900399941951036,16,0.07900557863560853,0.21723374372409357,0.015559600084088743,13,0.05602021296951127,0.19697096423436167,0.004196799942292273,10,0.057342203048077516,0.17900166246602428,0.003477000049315393,8,0.05851795905443446,0.16232446569092998,0.0027475999668240547
18,original,N,New_N_019.wav,16-13-10-8,DeepONMF_H4,4,nndsvd,0.24963405622467705,8x212,0.028644400066696107,16,0.0812601259614937,0.21255415109103235,0.015711700078099966,13,0.0560860247876924,0.21312151279678807,0.005377199966460466,10,0.05646667481968248,0.20987003373665294,0.0035284999758005142,8,0.05730391848482526,0.23905030232375973,0.00287730002310127
19,original,N,New_N_020.wav,16-13-10-8,DeepONMF_H4,4,nndsvd,0.2481787201650688,8x212,0.02810330002103001,16,0.07987204546201024,0.2029132384895703,0.0157378000440076,13,0.05612176541344206,0.2014554138252339,0.0048241999465972185,10,0.05692981351208102,0.19696837774187123,0.00371590000577271,8,0.05779483479277876,0.2146709208109821,0.002864200039766729
20,original,N,New_N_021.wav,16-13-10-8,DeepONMF_H4,4,nndsvd,0.2462535427277122,8x212,0.02609840000513941,16,0.0732481376326011,0.230410587791531,0.014953899895772338,13,0.0562119053417133,0.2062104805589646,0.0040330999763682485,10,0.05659374104751793,0.2181274503412102,0.0034555000020191073,8,0.05698864764060883,0.21904762955323373,0.002714499947614968
21,original,N,New_N_022.wav,16-13-10-8,DeepONMF_H4,4,nndsvd,0.24710443456947262,8x212,0.02828090009279549,16,0.07454431839160144,0.19954598113033287,0.015458000008948147,13,0.05641002748762343,0.16006659758920877,0.005519099999219179,10,0.056997260674610015,0.160809025465958,0.0035185000160709023,8,0.05760023013135844,0.16384950043953705,0.0027938999701291323
22,original,N,New_N_023.wav,16-13-10-8,DeepONMF_H4,4,nndsvd,0.24945545679349335,8x212,0.026896399911493063,16,0.07453606222183741,0.20315923842523773,0.015095600043423474,13,0.0572246417051814,0.1744913152572121,0.004393999930471182,10,0.057751384680107216,0.17241889730294663,0.0033414000645279884,8,0.060069299678090125,0.19647752992766535,0.003178899991326034
23,original,N,New_N_024.wav,16-13-10-8,DeepONMF_H4,4,nndsvd,0.24876729548604934,8x212,0.02746910008136183,16,0.0761953197292923,0.21119924621131533,0.015894199954345822,13,0.05674278785334172,0.16646310988200816,0.0043132000137120485,10,0.05762363663565133,0.18067564350712267,0.0034332999493926764,8,0.05828129403138386,0.19204177148682153,0.0027121000457555056
24,original,N,New_N_025.wav,16-13-10-8,DeepONMF_H4,4,nndsvd,0.2537848145047014,8x212,0.028251899988390505,16,0.0845828801367288,0.21723349855846336,0.015827099909074605,13,0.05654916200675642,0.19781512507221358,0.005055200075730681,10,0.0594502865539828,0.20160700947277085,0.003535900032147765,8,0.06126372571294048,0.2623370557683113,0.0028063999488949776
25,original,N,New_N_026.wav,16-13-10-8,DeepONMF_H4,4,nndsvd,0.25214282209197164,8x212,0.02630299993325025,16,0.07718199525902257,0.20573851597628962,0.015033300034701824,13,0.05621046899254733,0.19055197447681746,0.004058600054122508,10,0.059001808458558375,0.18590728832854547,0.003400999936275184,8,0.06426791555276234,0.20791521724962542,0.003034799941815436
26,original,N,New_N_027.wav,16-13-10-8,DeepONMF_H4,4,nndsvd,0.24815456944693243,8x212,0.02583180007059127,16,0.07570504500299349,0.1882397021130961,0.014346300042234361,13,0.05631628172323509,0.18118173451208378,0.004261700087226927,10,0.05775106016078336,0.21211297854508962,0.00346839998383075,8,0.05745712214423474,0.2423935085687263,0.002737700007855892
27,original,N,New_N_028.wav,16-13-10-8,DeepONMF_H4,4,nndsvd,0.2476290002752854,8x212,0.027466699946671724,16,0.07595263839227251,0.20191659158100014,0.01545009994879365,13,0.05697836332410299,0.1735481175304897,0.004217399982735515,10,0.056630309811850646,0.17087686672378904,0.0037799000274389982,8,0.05813218124905492,0.17541170948881007,0.002960599958896637
28,original,N,New_N_029.wav,16-13-10-8,DeepONMF_H4,4,nndsvd,0.24882455956713603,8x212,0.026791700045578182,16,0.07474427127790902,0.2035082130104512,0.015305300010368228,13,0.05669399933340681,0.19080776939509256,0.004433299996890128,10,0.05804002872146334,0.14822991330952162,0.003479299950413406,8,0.06041554406442416,0.15338983263984624,0.002725000027567148
29,original,N,New_N_030.wav,16-13-10-8,DeepONMF_H4,4,nndsvd,0.24814875157752922,8x212,0.027678300044499338,16,0.08024314493804453,0.23419306876545848,0.015670099994167686,13,0.056204775551448996,0.2075857224718005,0.004510900005698204,10,0.05688857336696219,0.23097593381895717,0.003577800001949072,8,0.05760585732091125,0.25037957220826385,0.003086299984715879
30,original,N,New_N_031.wav,16-13-10-8,DeepONMF_H4,4,nndsvd,0.2487455731573148,8x212,0.02696379995904863,16,0.0791053754752061,0.236051820766827,0.015000700019299984,13,0.056602147884589574,0.21670678030657334,0.004383599967695773,10,0.05705717995031932,0.24402245407080736,0.003335900022648275,8,0.05894585180274898,0.2525842441448954,0.0031278999522328377
31,original,N,New_N_032.wav,16-13-10-8,DeepONMF_H4,4,nndsvd,0.24879591462823097,8x212,0.027079700026661158,16,0.08013879780068935,0.21659392631347452,0.014672999968752265,13,0.056054087741440585,0.20669060062944938,0.004219800001010299,10,0.057069034097302324,0.24519422087557716,0.00408790004439652,8,0.057414270972843344,0.24383452881849646,0.0032495000632479787
32,original,N,New_N_033.wav,16-13-10-8,DeepONMF_H4,4,nndsvd,0.2496739833946695,8x212,0.030458600027486682,16,0.07512391506466932,0.19493070334418292,0.01666640001349151,13,0.05623185683819031,0.20141874755085679,0.0057960000121966004,10,0.058226452564858686,0.22757460257147596,0.003940499969758093,8,0.05793396215738365,0.22551450701601142,0.0031414999393746257
33,original,N,New_N_034.wav,16-13-10-8,DeepONMF_H4,4,nndsvd,0.24806449410984024,8x212,0.02956249995622784,16,0.07977235859219492,0.21077783398989838,0.016773600014857948,13,0.05599706975006727,0.1989404666323592,0.005058499984443188,10,0.05668863757880546,0.2043086346976046,0.0038638999685645103,8,0.057354443711950684,0.20019936205177974,0.0029860999202355742
34,original,N,New_N_035.wav,16-13-10-8,DeepONMF_H4,4,nndsvd,0.24887985874195684,8x212,0.028379100025631487,16,0.07562358583154839,0.21215733599735861,0.015745399985462427,13,0.05717202135589426,0.17665318584653592,0.005083499941974878,10,0.058093742073835504,0.1895210294866946,0.0035966000286862254,8,0.05799017374147011,0.19066945841461388,0.003127200063318014
35,original,N,New_N_036.wav,16-13-10-8,DeepONMF_H4,4,nndsvd,0.25128896723386446,8x212,0.02701249998062849,16,0.07679508245218608,0.2177642954227891,0.014667100040242076,13,0.05629083393396579,0.1952271080361569,0.004580800072290003,10,0.05809621501778728,0.22255745655282538,0.0035201000282540917,8,0.05815267778512808,0.24131516368928496,0.0027723999228328466
36,original,N,New_N_037.wav,16-13-10-8,DeepONMF_H4,4,nndsvd,0.2429725115648125,8x212,0.027032399899326265,16,0.06823992901382873,0.22333448891788468,0.015130800078622997,13,0.05544017786798299,0.20330239242478967,0.004167199949733913,10,0.055578555436170254,0.19945721704621996,0.0037872999673709273,8,0.057291747426354636,0.22357927318440596,0.002863299916498363
37,original,N,New_N_038.wav,16-13-10-8,DeepONMF_H4,4,nndsvd,0.2425216495029084,8x212,0.02688400004990399,16,0.06956290831457118,0.18731866385897522,0.01508419995661825,13,0.05537077192440376,0.18166903865764852,0.00405649992171675,10,0.055536868478388415,0.2105153126081504,0.0033831000328063965,8,0.05652032387952666,0.2260266527587542,0.002674699993804097
38,original,N,New_N_039.wav,16-13-10-8,DeepONMF_H4,4,nndsvd,0.242549080287421,8x212,0.02806040004361421,16,0.06793851819636883,0.19940913619160588,0.015585500048473477,13,0.05544693707431917,0.16633807259633615,0.005004400038160384,10,0.05567741441503047,0.16170366670985115,0.003536200034432113,8,0.056708524991165236,0.17800548591826112,0.0027870999183505774
39,original,N,New_N_040.wav,16-13-10-8,DeepONMF_H4,4,nndsvd,0.24202581708447193,8x212,0.027867200085893273,16,0.06820572592442987,0.24393087795057108,0.015518700005486608,13,0.0554842902067066,0.2286799783080889,0.004335500067099929,10,0.05543817847788687,0.20129725750583577,0.004332600045017898,8,0.05548740947971632,0.21081533528254498,0.0029007999692112207
40,original,N,New_N_041.wav,16-13-10-8,DeepONMF_H4,4,nndsvd,0.2429937124495369,8x212,0.02668939996510744,16,0.06498798130764544,0.2287430415721538,0.015309100039303303,13,0.05555984385344177,0.19841041644479704,0.00436469994019717,10,0.05595181180894109,0.20698536057665945,0.0034205999691039324,8,0.05615333236945232,0.22686419192289278,0.002903499989770353
41,original,N,New_N_042.wav,16-13-10-8,DeepONMF_H4,4,nndsvd,0.24370673818324662,8x212,0.02752819994930178,16,0.06528472651580755,0.2326986738999025,0.01522649999242276,13,0.055823754157811045,0.14304988715774697,0.005059799994342029,10,0.05652636315841211,0.1374333086435897,0.0035305999917909503,8,0.057114286721113204,0.16189432995129985,0.002745300065726042
42,original,N,New_N_043.wav,16-13-10-8,DeepONMF_H4,4,nndsvd,0.24328319509885699,8x212,0.028015899937599897,16,0.06549002798874022,0.25361661851335,0.015632999944500625,13,0.05556058516092369,0.1862438911023057,0.004712400026619434,10,0.0556290536289141,0.18896069019381825,0.003781899926252663,8,0.056200201004304874,0.1982919074936258,0.003032699925825
43,original,N,New_N_044.wav,16-13-10-8,DeepONMF_H4,4,nndsvd,0.2427850237471139,8x212,0.026232500094920397,16,0.06353454567907096,0.2686984728364644,0.014953200006857514,13,0.05566314267914311,0.23331028807022547,0.0041717999847605824,10,0.055741336151366686,0.24425482401654922,0.0034545999951660633,8,0.056001492895764775,0.26660805197354326,0.0027344999834895134
44,original,N,New_N_045.wav,16-13-10-8,DeepONMF_H4,4,nndsvd,0.2446086813666505,8x212,0.029161899932660162,16,0.07084133404399134,0.21619181597001044,0.015546699985861778,13,0.055587621840569215,0.18640486040521706,0.005993800004944205,10,0.056184453559180884,0.19802427909909764,0.0036477999528869987,8,0.056504819218699834,0.20621886518615234,0.00289060000795871
45,original,N,New_N_046.wav,16-13-10-8,DeepONMF_H4,4,nndsvd,0.2431551384994533,8x212,0.02799349999986589,16,0.06540994310112051,0.22040057407314448,0.015942699974402785,13,0.05552902714177181,0.21356326758181007,0.004596699960529804,10,0.05590632005863892,0.24629545732544547,0.003776900004595518,8,0.05676007965784969,0.29552042931000616,0.002837300067767501
46,original,N,New_N_047.wav,16-13-10-8,DeepONMF_H4,4,nndsvd,0.24307232468012094,8x212,0.026324700098484755,16,0.0649401568511429,0.21889040206092733,0.01499560009688139,13,0.055485881199959924,0.20286940732688166,0.004397099954076111,10,0.055816004294384464,0.21468302017069468,0.0033594999695196748,8,0.056197882388181034,0.24360147141117577,0.002706600003875792
47,original,N,New_N_048.wav,16-13-10-8,DeepONMF_H4,4,nndsvd,0.244843354278366,8x212,0.027377999969758093,16,0.07356685617854856,0.2536777450731477,0.015658099902793765,13,0.055453409560584886,0.24437466751843595,0.004452000022865832,10,0.05546771979829754,0.22506152240642222,0.0035670000361278653,8,0.05567259710112442,0.24138829436978732,0.0027535000117495656
48,original,N,New_N_049.wav,16-13-10-8,DeepONMF_H4,4,nndsvd,0.24245573538023202,8x212,0.027155300020240247,16,0.06161238931871837,0.26524782798647095,0.015295000048354268,13,0.05587440414364463,0.19315209519497678,0.004526600008830428,10,0.05571974015882181,0.19609922742088742,0.003382599912583828,8,0.05598271756549026,0.20295081057521341,0.0030257999897003174
49,original,N,New_N_050.wav,16-13-10-8,DeepONMF_H4,4,nndsvd,0.24302863568876526,8x212,0.026826699962839484,16,0.06638521488729622,0.23418590284270605,0.014805899932980537,13,0.05560284198845463,0.17021410687647326,0.00462539994623512,10,0.05567365084798922,0.1812704936509905,0.0035785000072792172,8,0.05572358207055346,0.21104748444199184,0.002796799992211163
50,original,N,New_N_051.wav,16-13-10-8,DeepONMF_H4,4,nndsvd,0.24411250576791513,8x212,0.02802910003811121,16,0.07231645263389765,0.21044042848414202,0.015186400036327541,13,0.05543314971491819,0.21444692770711463,0.005671399994753301,10,0.05570549674378479,0.2420146255998108,0.0034986999817192554,8,0.055913517506326005,0.2546890199675749,0.0027443000581115484
51,original,N,New_N_052.wav,16-13-10-8,DeepONMF_H4,4,nndsvd,0.24373669262032976,8x212,0.029519999981857836,16,0.06466423565638205,0.2249361027743155,0.015565200010314584,13,0.055539961830482584,0.1827568163095347,0.004605099908076227,10,0.05607296638768757,0.17357177071279728,0.0034356999676674604,8,0.05720804433179498,0.21548631899546658,0.00488200003746897
52,original,N,New_N_053.wav,16-13-10-8,DeepONMF_H4,4,nndsvd,0.24314537981629497,8x212,0.02831660001538694,16,0.06669183735331682,0.23114499190814158,0.016224700026214123,13,0.05554080123420696,0.22537267672164155,0.004553300095722079,10,0.05568756587763446,0.28071566818914506,0.003794000018388033,8,0.056117833754715546,0.3127606625455079,0.00305049994494766
53,original,N,New_N_054.wav,16-13-10-8,DeepONMF_H4,4,nndsvd,0.2425936103893579,8x212,0.03052400005981326,16,0.06645093723739906,0.22668885929972493,0.01735430001281202,13,0.0555582446013499,0.22953900101257432,0.005287999985739589,10,0.05572747608318218,0.23333268813561792,0.003762400010600686,8,0.05579733401108668,0.25112916980751365,0.0029088000301271677
54,original,N,New_N_055.wav,16-13-10-8,DeepONMF_H4,4,nndsvd,0.24260287823706025,8x212,0.028161299997009337,16,0.06328996260564887,0.24917721691690659,0.015566200017929077,13,0.055502364404428496,0.2668739695728461,0.005099399946630001,10,0.055726420333770815,0.2647415686189374,0.003664499963633716,8,0.0565615422766375,0.27244553075327615,0.002812800114043057
55,original,N,New_N_056.wav,16-13-10-8,DeepONMF_H4,4,nndsvd,0.2438085504859731,8x212,0.026528800022788346,16,0.0645730822303538,0.24508939213901487,0.015120500000193715,13,0.056089574014065606,0.1566900948937229,0.004045299952849746,10,0.05610488136050279,0.17756628564215066,0.0033856999361887574,8,0.05689394182881236,0.21442224723744438,0.002772000036202371
56,original,N,New_N_057.wav,16-13-10-8,DeepONMF_H4,4,nndsvd,0.24286190622386988,8x212,0.026465600007213652,16,0.06444249553559595,0.25729545253085007,0.014335399959236383,13,0.055793178039382496,0.21676811628516104,0.005026000086218119,10,0.05553922778792997,0.24315425010748745,0.0035249999491497874,8,0.05567700577656561,0.2588803156017167,0.002772800042293966
57,original,N,New_N_058.wav,16-13-10-8,DeepONMF_H4,4,nndsvd,0.24250239760497652,8x212,0.02794619998894632,16,0.06366624159176944,0.2567832825094024,0.015741299954243004,13,0.05563742641961631,0.21849726200889094,0.004661399987526238,10,0.055826983519075994,0.2540821384805383,0.003770399955101311,8,0.05590775368427671,0.29092457361655794,0.002852999954484403
58,original,N,New_N_059.wav,16-13-10-8,DeepONMF_H4,4,nndsvd,0.24283779365549352,8x212,0.026456000050529838,16,0.06568304968803719,0.22846421748051995,0.015175100066699088,13,0.055612926562142534,0.21454836886292986,0.004028200055472553,10,0.055861529493835514,0.2382735079046108,0.003506900044158101,8,0.056101632019460376,0.2490074784233629,0.002734699985012412
59,original,N,New_N_060.wav,16-13-10-8,DeepONMF_H4,4,nndsvd,0.243182757006621,8x212,0.026678099995478988,16,0.06852243310487106,0.255289729902302,0.01501450000796467,13,0.055484237313496505,0.2027215374402385,0.004243399947881699,10,0.05556880519898501,0.23597743470751464,0.0036036999663338065,8,0.055692862211160384,0.2578262846048595,0.0028314999071881175
60,original,N,New_N_061.wav,16-13-10-8,DeepONMF_H4,4,nndsvd,0.2435252953653838,8x212,0.027152700000442564,16,0.06530977790636076,0.2263610933511382,0.01581150002311915,13,0.055674421941658205,0.19271783763577036,0.004089100053533912,10,0.05576040750747273,0.19113154776083965,0.003433799953199923,8,0.05649341594857202,0.20339899231594805,0.0029693000251427293
61,original,N,New_N_062.wav,16-13-10-8,DeepONMF_H4,4,nndsvd,0.24225552327162464,8x212,0.026921899989247322,16,0.06348972515737117,0.28375856164911256,0.014848900027573109,13,0.0555120272167538,0.2696341713660986,0.004533899948000908,10,0.05563376878662087,0.28708301812341713,0.003602299955673516,8,0.055875724600658885,0.3101786866126685,0.0027676000026986003
62,original,N,New_N_063.wav,16-13-10-8,DeepONMF_H4,4,nndsvd,0.24324648870049265,8x212,0.027603999944403768,16,0.06470551330294246,0.22354109786684528,0.015026000095531344,13,0.05568417416708008,0.19607500815247447,0.004997899988666177,10,0.05584047636772898,0.20027213860851872,0.003759999992325902,8,0.056497971857055636,0.20527336718720887,0.0029572000494226813
63,original,N,New_N_064.wav,16-13-10-8,DeepONMF_H4,4,nndsvd,0.2428413947404637,8x212,0.027818300062790513,16,0.06621658140515772,0.24570206408967998,0.015793600003235042,13,0.05551206101177776,0.20172371128888722,0.0043114000000059605,10,0.055767610946084484,0.23196741976966687,0.0035432000877335668,8,0.055820485321210006,0.2607781327369037,0.0028623000252991915
64,original,N,New_N_065.wav,16-13-10-8,DeepONMF_H4,4,nndsvd,0.2433311943846121,8x212,0.0285448000067845,16,0.06585124640029544,0.21448562292020715,0.01592160004656762,13,0.0556305067516467,0.20014170509542956,0.0049585000379011035,10,0.05590790086266953,0.18575796572396325,0.0037039000308141112,8,0.05680369214668369,0.22717412411165677,0.002914499957114458
65,original,N,New_N_066.wav,16-13-10-8,DeepONMF_H4,4,nndsvd,0.2424131940424234,8x212,0.0288169999839738,16,0.0628602735807141,0.20021214778707092,0.015846300055272877,13,0.055635280359674674,0.19842192636123235,0.005537699908018112,10,0.056211176743855014,0.22919130632569176,0.0036184999626129866,8,0.05613902022300539,0.2708264919216671,0.0028334000380709767
66,original,N,New_N_067.wav,16-13-10-8,DeepONMF_H4,4,nndsvd,0.24260914192913616,8x212,0.026874299976043403,16,0.06161240290927588,0.2508614287228646,0.015238999971188605,13,0.05594940885566834,0.2197312657257082,0.004260699963197112,10,0.05625746598883448,0.23715651975780117,0.0035456999903544784,8,0.056253974556073456,0.23881720500444856,0.0030347000574693084
67,original,N,New_N_068.wav,16-13-10-8,DeepONMF_H4,4,nndsvd,0.24467456972168122,8x212,0.026340699987486005,16,0.06822008192729495,0.21175960721274076,0.014490199973806739,13,0.0555110143755389,0.20138791784052734,0.004683700040914118,10,0.056417491786533824,0.20201614348227276,0.0035195999080315232,8,0.05689428607132835,0.20905505399052224,0.0027404000284150243
68,original,N,New_N_069.wav,16-13-10-8,DeepONMF_H4,4,nndsvd,0.24469397778314542,8x212,0.028000099933706224,16,0.07063310126980415,0.21647091399348403,0.015303699998185039,13,0.05575784554263125,0.20160451785849046,0.00503879995085299,10,0.056221605966379484,0.24104941794979798,0.003933899919502437,8,0.056346865597891545,0.2767679325931103,0.002787600038573146
69,original,N,New_N_070.wav,16-13-10-8,DeepONMF_H4,4,nndsvd,0.24597074517394912,8x212,0.028188099968247116,16,0.07089589233983946,0.20646816987424244,0.015708199935033917,13,0.05587480264476296,0.20391726919772174,0.005310500040650368,10,0.05692558710738712,0.2281793958952203,0.003387699951417744,8,0.058269635019522155,0.25814763496485166,0.002847400028258562
70,original,N,New_N_071.wav,16-13-10-8,DeepONMF_H4,4,nndsvd,0.24450565429224505,8x212,0.027051999932155013,16,0.06927095498056206,0.24517488402324386,0.014357100008055568,13,0.05563174013133104,0.21687220833055704,0.005207299953326583,10,0.05594659260547449,0.22721471646982902,0.0035533999325707555,8,0.056417059529296675,0.24228098936182654,0.0027685000095516443
71,original,N,New_N_072.wav,16-13-10-8,DeepONMF_H4,4,nndsvd,0.24481494611771473,8x212,0.02744360000360757,16,0.0711297956687872,0.2227730842246129,0.015325000043958426,13,0.05559172734204493,0.2140852375522922,0.004156699986197054,10,0.05623251640633277,0.2078127623035281,0.004130100016482174,8,0.05766821826744533,0.28362895824610385,0.0029143999563530087
72,original,N,New_N_073.wav,16-13-10-8,DeepONMF_H4,4,nndsvd,0.24623196014770088,8x212,0.027342400047928095,16,0.07054625418451056,0.1739632812731866,0.015151300001889467,13,0.0557041427402005,0.16168074980620675,0.005030400003306568,10,0.05773076213187732,0.18655044487344827,0.0033907999750226736,8,0.057610474772448905,0.2194818144348089,0.0029088000301271677
73,original,N,New_N_074.wav,16-13-10-8,DeepONMF_H4,4,nndsvd,0.24438316488574147,8x212,0.027783800032921135,16,0.06693229787829444,0.20587224470421997,0.015880399965681136,13,0.055816301366004545,0.18380650556135264,0.004701400059275329,10,0.05651644601134018,0.1811540171247827,0.0034223999828100204,8,0.0579218333186355,0.20183803736494774,0.002722300007008016
74,original,N,New_N_075.wav,16-13-10-8,DeepONMF_H4,4,nndsvd,0.24452008970093939,8x212,0.02841409994289279,16,0.07050675351951548,0.19997034888366555,0.0156445000320673,13,0.055679880045451255,0.19666976148397877,0.004580899956636131,10,0.05618766264296728,0.23312969930396604,0.004502600058913231,8,0.05663244525632108,0.23512560442036934,0.002833099919371307
75,original,N,New_N_076.wav,16-13-10-8,DeepONMF_H4,4,nndsvd,0.24704448974640708,8x212,0.02590460004284978,16,0.0735776243131577,0.22933666172423298,0.014643300091847777,13,0.05592958681811014,0.22596431329731514,0.00413530005607754,10,0.05646644473505394,0.2333822608433372,0.0034223999828100204,8,0.05708342253660858,0.3018601395840753,0.0027429000474512577
76,original,N,New_N_077.wav,16-13-10-8,DeepONMF_H4,4,nndsvd,0.24358737069730454,8x212,0.027812000014819205,16,0.06657635683621389,0.2274116110945103,0.014950499986298382,13,0.055636692408331065,0.2275448553829324,0.005600000033155084,10,0.05589517127076216,0.22191760766087792,0.003459800034761429,8,0.05623780731530747,0.23001791104257277,0.0027236000169068575
77,original,N,New_N_078.wav,16-13-10-8,DeepONMF_H4,4,nndsvd,0.24381709553221315,8x212,0.026949999970383942,16,0.06703769318976988,0.20659738605833883,0.015082700061611831,13,0.05586490214738473,0.22729188223278085,0.00428490003105253,10,0.05605396701157673,0.23082318716192426,0.0034374999813735485,8,0.05697546054860776,0.2206129572888909,0.003333499887958169
78,original,N,New_N_079.wav,16-13-10-8,DeepONMF_H4,4,nndsvd,0.2473043853098043,8x212,0.026499600033275783,16,0.07124524539329308,0.24843443852021052,0.015209399978630245,13,0.0565616308426181,0.17940828025841177,0.004222500021569431,10,0.057142792848439816,0.18365884618135703,0.0034262000117450953,8,0.05786607599888526,0.19580996664768874,0.002731399959884584
79,original,N,New_N_080.wav,16-13-10-8,DeepONMF_H4,4,nndsvd,0.247003000160604,8x212,0.027658200007863343,16,0.07131877115056226,0.20378121423135104,0.015078200027346611,13,0.05623159920275794,0.1684438666644042,0.005112100043334067,10,0.05713536456013175,0.2046568501605183,0.0038215999957174063,8,0.05758458395559995,0.2070327521877073,0.002857099985703826
80,original,N,New_N_081.wav,16-13-10-8,DeepONMF_H4,4,nndsvd,0.24556488843038743,8x212,0.02744049998000264,16,0.07403799490351828,0.23123598839154144,0.015407999977469444,13,0.05569450926621791,0.21665810853242923,0.00403289997484535,10,0.05604425462828873,0.23572612207769753,0.003391199978068471,8,0.05602624366449245,0.24687466544052847,0.003743099980056286
81,original,N,New_N_082.wav,16-13-10-8,DeepONMF_H4,4,nndsvd,0.24399332950375302,8x212,0.028207199997268617,16,0.06577174693505293,0.25196371963259573,0.015392999979667366,13,0.0558299255952122,0.2219535834494329,0.004747000057250261,10,0.056250567428936776,0.22381575713308402,0.003773000091314316,8,0.05715860177002065,0.2454897856321349,0.0029685000190511346
82,original,N,New_N_083.wav,16-13-10-8,DeepONMF_H4,4,nndsvd,0.24628830763520593,8x212,0.030365799902938306,16,0.07394617914927452,0.25303234008433356,0.017277900013141334,13,0.055709613467503145,0.20394894491939528,0.005265999934636056,10,0.05612027881282967,0.17613714513633072,0.0038568999152630568,8,0.05710805246494355,0.16827582797938664,0.003028900013305247
83,original,N,New_N_084.wav,16-13-10-8,DeepONMF_H4,4,nndsvd,0.2446389703321728,8x212,0.029852700070478022,16,0.06817645098959695,0.18707037233370988,0.016889700083993375,13,0.05584380121181415,0.179570422917036,0.004617700004018843,10,0.05642222319625352,0.18612375472752535,0.004282600013539195,8,0.05722743626895501,0.20443538494842378,0.0031222000252455473
84,original,N,New_N_085.wav,16-13-10-8,DeepONMF_H4,4,nndsvd,0.24469227250749115,8x212,0.02978029998484999,16,0.06891734568689094,0.250741264203574,0.016663199989125133,13,0.05579733366241049,0.20871253946595175,0.004511600011028349,10,0.055921740929955846,0.2385752596170396,0.00377059995662421,8,0.056662783653795616,0.2614373168256054,0.0038536000065505505
85,original,N,New_N_086.wav,16-13-10-8,DeepONMF_H4,4,nndsvd,0.2469303581056329,8x212,0.02996720001101494,16,0.07447838859649017,0.22446624569986012,0.017398800002411008,13,0.05629645412518255,0.20078010883471245,0.004584999987855554,10,0.056804528500401734,0.1957293810540612,0.0038032999727874994,8,0.057052067975786845,0.18345000688532195,0.0029906999552622437
86,original,N,New_N_087.wav,16-13-10-8,DeepONMF_H4,4,nndsvd,0.24667902306195696,8x212,0.02945559995714575,16,0.07087087133851913,0.21255609093124903,0.016286599915474653,13,0.056247871741299194,0.18291703270820867,0.005075300112366676,10,0.05607429375180282,0.1882117487095512,0.0038739999290555716,8,0.05722819636120082,0.19948739667053225,0.003029300016351044
87,original,N,New_N_088.wav,16-13-10-8,DeepONMF_H4,4,nndsvd,0.24509116088031085,8x212,0.029530599946156144,16,0.06931857444695805,0.21233996881520845,0.016338499961420894,13,0.055666680444883994,0.20179166335544052,0.004800099995918572,10,0.056651691200844755,0.207613061998653,0.004325199988670647,8,0.058706848351488074,0.23800093313753887,0.0031506000086665154
88,original,N,New_N_089.wav,16-13-10-8,DeepONMF_H4,4,nndsvd,0.24412911388460287,8x212,0.0364310999866575,16,0.06768594641584373,0.24444727191394341,0.017288199975155294,13,0.05567796208332007,0.2475887629845836,0.005169600015506148,10,0.05591527507798229,0.21406294754416302,0.006566999945789576,8,0.05631322771750846,0.23819747591897977,0.006464299978688359
89,original,N,New_N_090.wav,16-13-10-8,DeepONMF_H4,4,nndsvd,0.24465494611341793,8x212,0.03382479993160814,16,0.07080925274802669,0.2024584957330528,0.01818799995817244,13,0.055842439403274075,0.20771737331653162,0.006002400070428848,10,0.056855214042922125,0.24733243571132613,0.0051810999866575,8,0.0564291881808525,0.27373718026117716,0.003611000021919608
90,original,N,New_N_091.wav,16-13-10-8,DeepONMF_H4,4,nndsvd,0.2445390045561223,8x212,0.0361269999993965,16,0.0711918775634201,0.19454872469448115,0.020173300057649612,13,0.05581370448000889,0.18491100515169817,0.006194000015966594,10,0.0564210986328867,0.2079094421074887,0.005057899979874492,8,0.057459897562822076,0.25119963202008594,0.0037480000173673034
91,original,N,New_N_092.wav,16-13-10-8,DeepONMF_H4,4,nndsvd,0.24350307903007634,8x212,0.033925099996849895,16,0.06592382946326913,0.24542878505890078,0.02001480001490563,13,0.05561731178530906,0.23527111825652078,0.005208299960941076,10,0.05611807985595029,0.24039278054016527,0.004291399964131415,8,0.05638525853710344,0.24645100422528962,0.003498899983242154
92,original,N,New_N_093.wav,16-13-10-8,DeepONMF_H4,4,nndsvd,0.24698226462459802,8x212,0.03294420009478927,16,0.06774296858445,0.18327789876562192,0.01858550007455051,13,0.05601924097449536,0.18542276575453348,0.005770999938249588,10,0.057014648746005855,0.1801038396678368,0.004122299957089126,8,0.06091663419564571,0.17624997339640563,0.0034702999982982874
93,original,N,New_N_094.wav,16-13-10-8,DeepONMF_H4,4,nndsvd,0.2468621384249916,8x212,0.031291100080125034,16,0.07205238686530069,0.2202374498058581,0.01742059993557632,13,0.05585258178533329,0.21264045246098112,0.0054533000802621245,10,0.05725542810248226,0.2167042821251864,0.004025000031106174,8,0.060082343535097206,0.251692859635786,0.0033946000039577484
94,original,N,New_N_095.wav,16-13-10-8,DeepONMF_H4,4,nndsvd,0.24410768700679147,8x212,0.030942499986849725,16,0.06794028823572312,0.1954424923648051,0.017295600031502545,13,0.05559936570453343,0.20905049087934685,0.005288099986501038,10,0.05597825994543712,0.2090487996979019,0.004133899929001927,8,0.05686119053018116,0.23341118914998887,0.0033561999443918467
95,original,N,New_N_096.wav,16-13-10-8,DeepONMF_H4,4,nndsvd,0.24665253205217752,8x212,0.03194210003130138,16,0.07508849259376513,0.23107882147351827,0.017266899929381907,13,0.05614535535652019,0.18557685047594566,0.004503499949350953,10,0.05620193001784933,0.21047903363323855,0.0062000000616535544,8,0.05733940384001664,0.24083435533331013,0.003097300068475306
96,original,N,New_N_097.wav,16-13-10-8,DeepONMF_H4,4,nndsvd,0.24563387461548594,8x212,0.02994020003825426,16,0.07543581819192909,0.24326954429124453,0.017095400020480156,13,0.05581038355924491,0.23771349528352928,0.004480100004002452,10,0.056058914645485056,0.23202653460699116,0.004312499891966581,8,0.056810045613482976,0.22256579984878305,0.0030996999703347683
97,original,N,New_N_098.wav,16-13-10-8,DeepONMF_H4,4,nndsvd,0.24473031798621267,8x212,0.029968000017106533,16,0.07177071780886685,0.212687837998348,0.01702400005888194,13,0.05560802684124032,0.22520596628614542,0.004788400023244321,10,0.05598323235057706,0.2591915759981952,0.003580800024792552,8,0.0566303875760582,0.26838753477889166,0.0035247999476268888
98,original,N,New_N_099.wav,16-13-10-8,DeepONMF_H4,4,nndsvd,0.24327759092032683,8x212,0.027542199939489365,16,0.06554635407247565,0.24802490305029276,0.016135900048539042,13,0.05565644277008617,0.19542026617291175,0.00418430007994175,10,0.055894074926884856,0.19987889655030533,0.003491500043310225,8,0.05635731710846799,0.258438330849352,0.002750299987383187
99,original,N,New_N_100.wav,16-13-10-8,DeepONMF_H4,4,nndsvd,0.24247678738176864,8x212,0.027817799942567945,16,0.06335439672156702,0.25571430615300456,0.015148799982853234,13,0.055533456098618,0.21265498411805903,0.005219000042416155,10,0.05571586164554942,0.20854257782628285,0.003681599977426231,8,0.05588382930201586,0.23715152493365904,0.002796199987642467
100,original,N,New_N_101.wav,16-13-10-8,DeepONMF_H4,4,nndsvd,0.24244656736820053,8x212,0.02648220001719892,16,0.06314749808150534,0.22976530953478755,0.014622900052927434,13,0.055581266746245625,0.18704387801267108,0.0043608000269159675,10,0.05567571870984415,0.24121498922008694,0.003464899957180023,8,0.05570591931960427,0.22912808451458985,0.003044300014153123
101,original,N,New_N_102.wav,16-13-10-8,DeepONMF_H4,4,nndsvd,0.2429817542867232,8x212,0.026811499963514507,16,0.06373259904365615,0.2394022891712862,0.01520580006763339,13,0.055540349984836195,0.20990854492468933,0.00431300001218915,10,0.05587474877820967,0.2249299137954601,0.0034500000765547156,8,0.05601154549710248,0.2509294431915655,0.0027102999156340957
102,original,N,New_N_103.wav,16-13-10-8,DeepONMF_H4,4,nndsvd,0.2423342364206672,8x212,0.027068300056271255,16,0.0636147228946862,0.23947757603169734,0.015416399925015867,13,0.0554779451617044,0.2378487274798224,0.004093799972906709,10,0.05583704339558452,0.2627278744077176,0.003719499916769564,8,0.05610575119484717,0.29921757832868867,0.00293049996253103
103,original,N,New_N_104.wav,16-13-10-8,DeepONMF_H4,4,nndsvd,0.24288123282863008,8x212,0.027362499968148768,16,0.06518276158952588,0.2792852828155027,0.015858700033277273,13,0.05565973210228985,0.22273053718112215,0.0042872000485658646,10,0.05592463660274985,0.23704699787139885,0.0034256000071763992,8,0.05595011026167934,0.27520255775788666,0.0027815999928861856
104,original,N,New_N_105.wav,16-13-10-8,DeepONMF_H4,4,nndsvd,0.24204840479059278,8x212,0.02794030006043613,16,0.062144560949755644,0.2327717418828626,0.015584900043904781,13,0.05552413361687233,0.20576224384425196,0.005280899931676686,10,0.05571147259880685,0.22884820015442894,0.0034118000185117126,8,0.05630498424274862,0.26470430158645725,0.0027019999688491225
105,original,N,New_N_106.wav,16-13-10-8,DeepONMF_H4,4,nndsvd,0.24273178839793305,8x212,0.027835699962452054,16,0.06589242603751912,0.2176453532177727,0.015673000016249716,13,0.055627730691759754,0.20838410035379176,0.004458800074644387,10,0.055683596175779164,0.23460212660900145,0.003960100002586842,8,0.055643537097299085,0.2636103602604175,0.002908900030888617
106,original,N,New_N_107.wav,16-13-10-8,DeepONMF_H4,4,nndsvd,0.2421093320224354,8x212,0.026569000096060336,16,0.06283269580564683,0.24955680834361232,0.015153300017118454,13,0.055530346673388006,0.2289308024014209,0.004224199918098748,10,0.05574229934992967,0.25834478171253633,0.0034710000036284328,8,0.05588031054982011,0.27083336225789595,0.0027459999546408653
107,original,N,New_N_108.wav,16-13-10-8,DeepONMF_H4,4,nndsvd,0.2436171124815316,8x212,0.028210200020112097,16,0.06777676820952905,0.2221952233040498,0.01575110002886504,13,0.05547452100246128,0.2105893989127564,0.0050848000682890415,10,0.055769499559914955,0.21554127647966195,0.0036263999063521624,8,0.05608151096148882,0.24390634041783368,0.0028458000160753727
108,original,N,New_N_109.wav,16-13-10-8,DeepONMF_H4,4,nndsvd,0.24170847034356943,8x212,0.028866500011645257,16,0.06078991930355578,0.229253172832782,0.016327999997884035,13,0.05549046986033505,0.19745235655268814,0.00460039998870343,10,0.05583429033214161,0.25345813237279674,0.004184799967333674,8,0.056043629702420335,0.2876731986986348,0.0029546000296249986
