indice_interno,base,clase,archivo,distribucion,representacion,numero_capas,inicializacion_onmf,error_final,forma_h_final,segundos_extraccion_deep,capa_1_rango,capa_1_error,capa_1_ortogonalidad_h,capa_1_segundos,capa_2_rango,capa_2_error,capa_2_ortogonalidad_h,capa_2_segundos,capa_3_rango,capa_3_error,capa_3_ortogonalidad_h,capa_3_segundos
0,SNR_0db,N,New_N_001.wav,24-14-8,DeepONMF_H3,3,nndsvd,0.3507508788719423,8x212,0.03602849994786084,24,0.24706695003265872,0.28732689303535186,0.026388199999928474,14,0.19496660308116426,0.2932416595971831,0.0052516000578179955,8,0.17869908191560618,0.314581939059386,0.003476100042462349
1,SNR_0db,N,New_N_002.wav,24-14-8,DeepONMF_H3,3,nndsvd,0.34496232039211094,8x212,0.03455430001486093,24,0.24539806059352365,0.30352156928670715,0.025364800007082522,14,0.17925067677475032,0.31341685905058786,0.00501670001540333,8,0.16809268291301085,0.3297870773340493,0.0030291000148281455
2,SNR_0db,N,New_N_003.wav,24-14-8,DeepONMF_H3,3,nndsvd,0.3516027166966901,8x212,0.033077499945648015,24,0.24998827365115453,0.2993636800563029,0.023987599997781217,14,0.18287377269896885,0.31239354699371585,0.004790500039234757,8,0.16642116729839762,0.30783600301709274,0.0029604999581351876
3,SNR_0db,N,New_N_004.wav,24-14-8,DeepONMF_H3,3,nndsvd,0.34950330781555133,8x212,0.03482390008866787,24,0.2501258568850213,0.30070853763183353,0.024655699962750077,14,0.18843948013821976,0.32240112748685457,0.00532200001180172,8,0.1726596859013215,0.3233101339270733,0.003446000046096742
4,SNR_0db,N,New_N_005.wav,24-14-8,DeepONMF_H3,3,nndsvd,0.34700743985704835,8x212,0.035397900035604835,24,0.2471470085057316,0.2999928639911731,0.025245500029996037,14,0.18339641170077528,0.29646055413567274,0.005391299957409501,8,0.16985828255130225,0.3100241020091193,0.003858799929730594
5,SNR_0db,N,New_N_006.wav,24-14-8,DeepONMF_H3,3,nndsvd,0.3511326766867745,8x212,0.03726110002025962,24,0.2480148189769065,0.3008252801211423,0.02517250005621463,14,0.1884957404685268,0.3062860110669374,0.007140500005334616,8,0.17566958752696274,0.30294836847946754,0.0039972999366000295
6,SNR_0db,N,New_N_007.wav,24-14-8,DeepONMF_H3,3,nndsvd,0.3522784280040484,8x212,0.03358629997819662,24,0.24797189486774707,0.3006974968482323,0.023007500101812184,14,0.18602604222721106,0.303387213110113,0.006018799962475896,8,0.17470633793598841,0.3033080487027684,0.003463100059889257
7,SNR_0db,N,New_N_008.wav,24-14-8,DeepONMF_H3,3,nndsvd,0.34724660133882296,8x212,0.0367622000630945,24,0.24409853924974118,0.29644384495630866,0.026445700088515878,14,0.1873609180456721,0.3064016144917968,0.00596199999563396,8,0.17597670521499573,0.3046220002984465,0.0033538000425323844
8,SNR_0db,N,New_N_009.wav,24-14-8,DeepONMF_H3,3,nndsvd,0.3501436952351279,8x212,0.03612940001767129,24,0.2467394373628387,0.2963853992110557,0.026537999976426363,14,0.18661725989856903,0.31259325551617384,0.005148500087670982,8,0.17257438844415648,0.321721534736101,0.0033340000081807375
9,SNR_0db,N,New_N_010.wav,24-14-8,DeepONMF_H3,3,nndsvd,0.35247773449195074,8x212,0.038374199997633696,24,0.24772973266948714,0.29773556849981575,0.028412400046363473,14,0.18480173010098203,0.3063203877364175,0.005354300024919212,8,0.17648184569218586,0.31950760403177786,0.0036280000349506736
10,SNR_0db,N,New_N_011.wav,24-14-8,DeepONMF_H3,3,nndsvd,0.35001164488040065,8x212,0.03848630003631115,24,0.24735514124554756,0.30273131387855723,0.027383500011637807,14,0.18680779260254626,0.3092845973922201,0.006452900008298457,8,0.17214926960596194,0.30479416427524153,0.003617199952714145
11,SNR_0db,N,New_N_012.wav,24-14-8,DeepONMF_H3,3,nndsvd,0.35108742198501297,8x212,0.03467590000946075,24,0.25010358164753144,0.2922279780634113,0.02455790003295988,14,0.1868888395979671,0.29512645829313794,0.005963600007817149,8,0.17617956453048797,0.30242005563743213,0.003290899912826717
12,SNR_0db,N,New_N_013.wav,24-14-8,DeepONMF_H3,3,nndsvd,0.3498311007982265,8x212,0.03478190000168979,24,0.24483686113153139,0.30107304601168194,0.024260699981823564,14,0.18759618781556336,0.3020912433351846,0.00624779995996505,8,0.17164617501566376,0.3047776061684453,0.0033853999339044094
13,SNR_0db,N,New_N_014.wav,24-14-8,DeepONMF_H3,3,nndsvd,0.34662102163183806,8x212,0.03524270001798868,24,0.24420659928315347,0.29859407986603564,0.025819099973887205,14,0.1892511590150479,0.3125628954948447,0.005309500033035874,8,0.16882812375178635,0.32963886406038945,0.0032082999823614955
14,SNR_0db,N,New_N_015.wav,24-14-8,DeepONMF_H3,3,nndsvd,0.354758848588193,8x212,0.03469060000497848,24,0.25333574296301076,0.29329080704833543,0.025190699961967766,14,0.19254193003423786,0.2984418121648975,0.005312399938702583,8,0.17507935561809013,0.3364698850021031,0.0033498998964205384
15,SNR_0db,N,New_N_016.wav,24-14-8,DeepONMF_H3,3,nndsvd,0.35335214674809445,8x212,0.03585490002296865,24,0.25217282797299045,0.295372356098605,0.025900700013153255,14,0.18621889812029888,0.29897771846389815,0.005756799946539104,8,0.17447662557851276,0.2983072780922929,0.003291199915111065
16,SNR_0db,N,New_N_017.wav,24-14-8,DeepONMF_H3,3,nndsvd,0.35450133108988885,8x212,0.03594480000901967,24,0.25254533068044893,0.30028985227265526,0.02580659999512136,14,0.1914621759173528,0.3189761638359564,0.005576199968345463,8,0.1781094178733337,0.32228078598675236,0.0035401000641286373
17,SNR_0db,N,New_N_018.wav,24-14-8,DeepONMF_H3,3,nndsvd,0.35125122434588374,8x212,0.035745800007134676,24,0.2502908355096573,0.29693046687936686,0.02577389997895807,14,0.18751525891837115,0.3017268878338245,0.005216500023379922,8,0.17198864288893334,0.29610711952241864,0.00391890003811568
18,SNR_0db,N,New_N_019.wav,24-14-8,DeepONMF_H3,3,nndsvd,0.34805654308779915,8x212,0.036754700005985796,24,0.24854328951452387,0.2958135530522882,0.02617259998805821,14,0.18520990258714984,0.30754190630675987,0.0061923000030219555,8,0.17242792832701975,0.3167505183938591,0.0034070999827235937
19,SNR_0db,N,New_N_020.wav,24-14-8,DeepONMF_H3,3,nndsvd,0.3484331921578328,8x212,0.03590759995859116,24,0.250181504554813,0.30081498935290263,0.025418900069780648,14,0.1798394732827432,0.3056025594058329,0.005911299958825111,8,0.17499040880411112,0.29819332859130526,0.0035161999985575676
20,SNR_0db,N,New_N_021.wav,24-14-8,DeepONMF_H3,3,nndsvd,0.3476629351015922,8x212,0.035560699994675815,24,0.24539228049078476,0.3035002612525453,0.026084700017236173,14,0.18818323338132517,0.31452372587242394,0.005070099956355989,8,0.17048436973430905,0.31230975659684246,0.002978099975734949
21,SNR_0db,N,New_N_022.wav,24-14-8,DeepONMF_H3,3,nndsvd,0.3532083646478595,8x212,0.03366519999690354,24,0.25007717821060027,0.3036906034054081,0.02454539993777871,14,0.1842615527272282,0.3054815176675722,0.005022599943913519,8,0.17768646653243736,0.310899559385921,0.003043700009584427
22,SNR_0db,N,New_N_023.wav,24-14-8,DeepONMF_H3,3,nndsvd,0.34753183453621345,8x212,0.03333370003383607,24,0.2444660374972004,0.3019307045652089,0.024198599974624813,14,0.1792887096974976,0.31011133779015354,0.004958900040946901,8,0.17231624865763692,0.30858119611879303,0.0030208000680431724
23,SNR_0db,N,New_N_024.wav,24-14-8,DeepONMF_H3,3,nndsvd,0.3505055646255937,8x212,0.03448759997263551,24,0.2508566022048631,0.29961127915008307,0.025019100052304566,14,0.18239049428355836,0.3062580160622031,0.005056999973021448,8,0.1722470424349214,0.3036119862280336,0.0030459000263363123
24,SNR_0db,N,New_N_025.wav,24-14-8,DeepONMF_H3,3,nndsvd,0.35495915404200107,8x212,0.03244450001511723,24,0.24920786358239286,0.30311617082997366,0.023388999979943037,14,0.19270637130660404,0.2910110560440927,0.004870899952948093,8,0.17624997661474232,0.29151214744556875,0.00298099999781698
25,SNR_0db,N,New_N_026.wav,24-14-8,DeepONMF_H3,3,nndsvd,0.3473073227116376,8x212,0.03332429996225983,24,0.24789623778959397,0.31118241058845053,0.02422000002115965,14,0.19267720724562948,0.3164881579108434,0.005056899972259998,8,0.1703644807683395,0.3065569764415166,0.002926599932834506
26,SNR_0db,N,New_N_027.wav,24-14-8,DeepONMF_H3,3,nndsvd,0.34550280938299427,8x212,0.032476200023666024,24,0.24777157236673064,0.2941424619064956,0.023378700017929077,14,0.1824043535088384,0.3006888476749993,0.004876699997112155,8,0.16964264638817014,0.3012643191770353,0.002987600048072636
27,SNR_0db,N,New_N_028.wav,24-14-8,DeepONMF_H3,3,nndsvd,0.35455075315623363,8x212,0.03167220007162541,24,0.24858390772056962,0.3037249771829662,0.02257789997383952,14,0.18705615190136432,0.3067042918736764,0.005020899930968881,8,0.16914178291890947,0.309560843916499,0.003033899934962392
28,SNR_0db,N,New_N_029.wav,24-14-8,DeepONMF_H3,3,nndsvd,0.357344071695663,8x212,0.03217490005772561,24,0.2536272068686946,0.28883289707560716,0.02230399998370558,14,0.1954507766211758,0.3071866394963984,0.005754500045441091,8,0.17609438896580867,0.3076503642271173,0.003038100083358586
29,SNR_0db,N,New_N_030.wav,24-14-8,DeepONMF_H3,3,nndsvd,0.34564559727262906,8x212,0.0317829999839887,24,0.24634995934374943,0.29844798388645083,0.02230710000731051,14,0.1868541547307839,0.2991340059435716,0.00545669998973608,8,0.1746000485356399,0.3210278332546302,0.0030989000806584954
30,SNR_0db,N,New_N_031.wav,24-14-8,DeepONMF_H3,3,nndsvd,0.3494264416009389,8x212,0.03422210004646331,24,0.24896841324071714,0.29981443784255823,0.023781800060532987,14,0.18655674273625877,0.3066229035207729,0.006123000057414174,8,0.17374667016232292,0.3069106992297877,0.0034018000587821007
31,SNR_0db,N,New_N_032.wav,24-14-8,DeepONMF_H3,3,nndsvd,0.34917963553671205,8x212,0.035854300018399954,24,0.2474835562207679,0.3039874447022023,0.025829399935901165,14,0.18806395001247125,0.3011269974177984,0.005778399994596839,8,0.17429539973362101,0.29954865093450694,0.0032911000307649374
32,SNR_0db,N,New_N_033.wav,24-14-8,DeepONMF_H3,3,nndsvd,0.35045978973192915,8x212,0.03493750002235174,24,0.24742977031052582,0.2976500464467847,0.02547620004042983,14,0.19112595329968027,0.30558442912736183,0.004862500005401671,8,0.17514488666385936,0.3178448512810878,0.002976599964313209
33,SNR_0db,N,New_N_034.wav,24-14-8,DeepONMF_H3,3,nndsvd,0.3466513160103152,8x212,0.03351560002192855,24,0.24699613310171298,0.29997106706913473,0.024188200011849403,14,0.18898869901669885,0.30348262551379174,0.004806399927474558,8,0.17368418361437163,0.2995445911957498,0.002966500003822148
34,SNR_0db,N,New_N_035.wav,24-14-8,DeepONMF_H3,3,nndsvd,0.344988292279474,8x212,0.03241620003245771,24,0.24780770522674406,0.2956220048168728,0.02351299999281764,14,0.184443763307099,0.3076177414045016,0.004800900002010167,8,0.1744670295329241,0.30129576916046663,0.002972500049509108
35,SNR_0db,N,New_N_036.wav,24-14-8,DeepONMF_H3,3,nndsvd,0.3491841145012359,8x212,0.03569900000002235,24,0.2471145979118794,0.29856988731972006,0.026201199973002076,14,0.18997443710530948,0.29429318232306784,0.00559750001411885,8,0.17171492978989872,0.31059469525089434,0.002992199966683984
36,SNR_0db,N,New_N_037.wav,24-14-8,DeepONMF_H3,3,nndsvd,0.28244435403020535,8x212,0.033754599979147315,24,0.18357278184771114,0.29774745498316535,0.024257399956695735,14,0.12980722801123754,0.28517770799225844,0.004967899993062019,8,0.12252702160870087,0.28245903343440065,0.0030122000025585294
37,SNR_0db,N,New_N_038.wav,24-14-8,DeepONMF_H3,3,nndsvd,0.35196102648516797,8x212,0.033076300052925944,24,0.24590310226530587,0.2948811254283858,0.02413849998265505,14,0.18643190704043117,0.2945335615216854,0.0048605999909341335,8,0.1714429931551858,0.2810047216211147,0.0029887999407947063
38,SNR_0db,N,New_N_039.wav,24-14-8,DeepONMF_H3,3,nndsvd,0.3538323181839282,8x212,0.03452560002915561,24,0.25027877129465914,0.29288546444967695,0.025653099990449846,14,0.19182385477077357,0.3053666090964183,0.004974300041794777,8,0.1813755142851985,0.30375294217803417,0.0030215000733733177
39,SNR_0db,N,New_N_040.wav,24-14-8,DeepONMF_H3,3,nndsvd,0.34948190447960903,8x212,0.03574229998048395,24,0.24869532203462416,0.29509403651147487,0.026426600059494376,14,0.18572716554169402,0.3011789125151387,0.004771400010213256,8,0.17433657883797163,0.2990631501017721,0.003261400037445128
40,SNR_0db,N,New_N_041.wav,24-14-8,DeepONMF_H3,3,nndsvd,0.3459556150902224,8x212,0.03395569999702275,24,0.24588580634062948,0.30200903590129174,0.02462859998922795,14,0.1828969725265687,0.3085695992861459,0.004736799979582429,8,0.16325263617597055,0.3156884306586988,0.0034545999951660633
41,SNR_0db,N,New_N_042.wav,24-14-8,DeepONMF_H3,3,nndsvd,0.3545883126609473,8x212,0.03208719997201115,24,0.24970391033402212,0.2988927965145369,0.02307269989978522,14,0.18609563603687498,0.30591286324517486,0.00479439995251596,8,0.17144500104006458,0.2977969413019216,0.003216099925339222
42,SNR_0db,N,New_N_043.wav,24-14-8,DeepONMF_H3,3,nndsvd,0.34532930755875957,8x212,0.03129489999264479,24,0.24130618710431073,0.3024674284979083,0.02261510002426803,14,0.18050230095468683,0.30935532390276205,0.004733299952931702,8,0.16823490405301472,0.33486634168683677,0.0029314999701455235
43,SNR_0db,N,New_N_044.wav,24-14-8,DeepONMF_H3,3,nndsvd,0.34636103988320643,8x212,0.03330210002604872,24,0.24651180791153138,0.31300660524211504,0.024688999983482063,14,0.17662390421966495,0.3152325816825279,0.004719800082966685,8,0.16394572778869904,0.3279115490631147,0.0028936000308021903
44,SNR_0db,N,New_N_045.wav,24-14-8,DeepONMF_H3,3,nndsvd,0.34686651507746713,8x212,0.032343899947591126,24,0.24332646589250198,0.30948267562352233,0.02356159989722073,14,0.18111849545236205,0.31759246852174944,0.004770500003360212,8,0.16947502783949925,0.32713844195136976,0.002976100076921284
45,SNR_0db,N,New_N_046.wav,24-14-8,DeepONMF_H3,3,nndsvd,0.342182979104584,8x212,0.03228980000130832,24,0.23996937491536888,0.29860573449820693,0.023423800012096763,14,0.17594556965432795,0.3094275197533666,0.004787200014106929,8,0.16626867248600835,0.32852930659823343,0.0029735000571236014
46,SNR_0db,N,New_N_047.wav,24-14-8,DeepONMF_H3,3,nndsvd,0.3414613965813747,8x212,0.03377520001959056,24,0.24208530736855305,0.30486119680530727,0.02498910005670041,14,0.1776906982472925,0.3158136170201619,0.004734099959023297,8,0.16613345462354426,0.3281031558775407,0.002945499960333109
47,SNR_0db,N,New_N_048.wav,24-14-8,DeepONMF_H3,3,nndsvd,0.3428350350186188,8x212,0.032420999952591956,24,0.24243907109680488,0.3017614384645291,0.023102200007997453,14,0.17782163146543523,0.31545824496396274,0.004801600007340312,8,0.16155286455016182,0.3376881810484572,0.002957399934530258
48,SNR_0db,N,New_N_049.wav,24-14-8,DeepONMF_H3,3,nndsvd,0.3499628793663793,8x212,0.03117000008933246,24,0.2453837531755954,0.2985762220346385,0.02216639998368919,14,0.18242647673908466,0.3117422793154406,0.004821800044737756,8,0.16793131459916905,0.33408683888964524,0.002944699954241514
49,SNR_0db,N,New_N_050.wav,24-14-8,DeepONMF_H3,3,nndsvd,0.34922829310459896,8x212,0.030575100099667907,24,0.2447366916309554,0.29729489870890163,0.021287300041876733,14,0.18328241033215328,0.2967565456022859,0.005166199989616871,8,0.16853098833851954,0.31516007761709464,0.0030255999881774187
50,SNR_0db,N,New_N_051.wav,24-14-8,DeepONMF_H3,3,nndsvd,0.3423651036720057,8x212,0.03300830000080168,24,0.24212521502046264,0.29297315337568425,0.02357249998021871,14,0.17641169871516582,0.31125921246606386,0.005504300002939999,8,0.164160166470284,0.3178970607765456,0.0030160999158397317
51,SNR_0db,N,New_N_052.wav,24-14-8,DeepONMF_H3,3,nndsvd,0.3477513412337697,8x212,0.03239629999734461,24,0.24469197278065896,0.3056638757230505,0.023539400077424943,14,0.18498512433879613,0.30412645933581084,0.005090699996799231,8,0.1654391863250763,0.3258723268372859,0.002950599999167025
52,SNR_0db,N,New_N_053.wav,24-14-8,DeepONMF_H3,3,nndsvd,0.3517915485974765,8x212,0.03273660002741963,24,0.24735169325871706,0.2924958863969332,0.02368069998919964,14,0.1852327147422506,0.3044366672014296,0.0052180999191477895,8,0.16754983370762702,0.33089507840470794,0.0030156999127939343
53,SNR_0db,N,New_N_054.wav,24-14-8,DeepONMF_H3,3,nndsvd,0.3508008492692931,8x212,0.031742600025609136,24,0.24532119501155736,0.29317681924219613,0.022122399997897446,14,0.18111155419170585,0.3029798910647481,0.0050566999707371,8,0.1700365873890957,0.32274215814322194,0.0036510999780148268
54,SNR_0db,N,New_N_055.wav,24-14-8,DeepONMF_H3,3,nndsvd,0.3484611861922681,8x212,0.032471399987116456,24,0.24733110213002632,0.29477868733286733,0.02332660008687526,14,0.18172678541220286,0.3100975613117613,0.004877800005488098,8,0.16298460788464267,0.30944281509828764,0.003445600043050945
55,SNR_0db,N,New_N_056.wav,24-14-8,DeepONMF_H3,3,nndsvd,0.34616974013871943,8x212,0.03152429999317974,24,0.24340553316382119,0.3016957922088231,0.022453299956396222,14,0.1761891976785783,0.30146278003195964,0.004846199997700751,8,0.16757855332021906,0.3055335486091475,0.003374400082975626
56,SNR_0db,N,New_N_057.wav,24-14-8,DeepONMF_H3,3,nndsvd,0.34158376201904245,8x212,0.03133450006134808,24,0.24199105172012061,0.2989839365570438,0.022531699971295893,14,0.17402398451596574,0.30511394326956653,0.0046900000888854265,8,0.1617344228028382,0.3243494668738445,0.0030608000233769417
57,SNR_0db,N,New_N_058.wav,24-14-8,DeepONMF_H3,3,nndsvd,0.3477222337986135,8x212,0.03128989995457232,24,0.24570752705498364,0.29768707301181196,0.022535600000992417,14,0.17982356419997722,0.29964815277721385,0.004746500053443015,8,0.16000854135529016,0.3284688833621815,0.0029328999808058143
58,SNR_0db,N,New_N_059.wav,24-14-8,DeepONMF_H3,3,nndsvd,0.34485463194314014,8x212,0.033244900056160986,24,0.24291863347292017,0.29707022862577576,0.024133500060997903,14,0.18251147756176062,0.3061586420842553,0.0048967000329867005,8,0.17210986431557565,0.3281438605935537,0.002984300022944808
59,SNR_0db,N,New_N_060.wav,24-14-8,DeepONMF_H3,3,nndsvd,0.34429730574269846,8x212,0.03230189997702837,24,0.24392093605425466,0.294410775904156,0.02351289999205619,14,0.18229181389567306,0.30148401179880063,0.004870500066317618,8,0.16344224451618838,0.311636455933711,0.0029757999582216144
60,SNR_0db,N,New_N_061.wav,24-14-8,DeepONMF_H3,3,nndsvd,0.34624152105327305,8x212,0.03392890002578497,24,0.24376538886113489,0.2956026455740484,0.025358900078572333,14,0.1798214986706857,0.3016505726991107,0.004664600011892617,8,0.17155577639396113,0.3135021207190123,0.0028931000269949436
61,SNR_0db,N,New_N_062.wav,24-14-8,DeepONMF_H3,3,nndsvd,0.3458901894972074,8x212,0.031959100044332445,24,0.2442720024809832,0.3005255000514284,0.023071200004778802,14,0.1807317761954136,0.3146442029691875,0.004866800038143992,8,0.1689438701478826,0.3455119289172716,0.0029506999999284744
62,SNR_0db,N,New_N_063.wav,24-14-8,DeepONMF_H3,3,nndsvd,0.34374647799519764,8x212,0.03323189995717257,24,0.24258719005816512,0.29759192701685827,0.024061200092546642,14,0.17772777083433394,0.3104699547190608,0.0051408999133855104,8,0.16411774357340367,0.30481551462628875,0.0032390999840572476
63,SNR_0db,N,New_N_064.wav,24-14-8,DeepONMF_H3,3,nndsvd,0.34303370559265833,8x212,0.0352277000201866,24,0.2422299825346834,0.29827318591394664,0.02564050001092255,14,0.17761699674227555,0.30261027288347625,0.005406399955973029,8,0.16836868218330056,0.3156638693681529,0.003403599956072867
64,SNR_0db,N,New_N_065.wav,24-14-8,DeepONMF_H3,3,nndsvd,0.34454582460725647,8x212,0.0349406999303028,24,0.24060832972331772,0.3022816518047389,0.025885799899697304,14,0.17479511007812154,0.30433927614234646,0.0049217999912798405,8,0.16539739339729648,0.32182011655845827,0.002987500047311187
65,SNR_0db,N,New_N_066.wav,24-14-8,DeepONMF_H3,3,nndsvd,0.34770427367683315,8x212,0.030909599969163537,24,0.2414786049649026,0.3027945326876031,0.022142799920402467,14,0.18400579516133375,0.31442290874879203,0.004778800066560507,8,0.16244834531173435,0.30990109812755,0.0029401000356301665
66,SNR_0db,N,New_N_067.wav,24-14-8,DeepONMF_H3,3,nndsvd,0.34165760723815686,8x212,0.03342909994535148,24,0.24288130958229093,0.3026086761430752,0.024787600035779178,14,0.180500623780086,0.3052536013634305,0.004665900021791458,8,0.16305992386660748,0.30381206335242944,0.002890800009481609
67,SNR_0db,N,New_N_068.wav,24-14-8,DeepONMF_H3,3,nndsvd,0.349178344681828,8x212,0.032410699990577996,24,0.24737472691495171,0.30244472240609643,0.02325680002104491,14,0.18739960607102077,0.32013402338090546,0.005126400035806,8,0.1679179937277654,0.3395122667127734,0.0031485999934375286
68,SNR_0db,N,New_N_069.wav,24-14-8,DeepONMF_H3,3,nndsvd,0.3464141098433288,8x212,0.03206060000229627,24,0.24608193742402895,0.29937761216161496,0.023091300041414797,14,0.18398249901327368,0.3069711991730934,0.004942400031723082,8,0.16277854601891018,0.32043791025971047,0.002993699978105724
69,SNR_0db,N,New_N_070.wav,24-14-8,DeepONMF_H3,3,nndsvd,0.3450761123605786,8x212,0.03145900007802993,24,0.245452787448117,0.31435812508594346,0.02238089998718351,14,0.18633347530093775,0.3248609097666706,0.005118699977174401,8,0.17217034903234793,0.3196445982750947,0.0031297000823542476
70,SNR_0db,N,New_N_071.wav,24-14-8,DeepONMF_H3,3,nndsvd,0.34829742617395215,8x212,0.03125460003502667,24,0.24517556864371332,0.3100029696814512,0.022044399986043572,14,0.18086296963428475,0.30776411967057893,0.005217300029471517,8,0.16831439705889129,0.31870364941473195,0.0030801999382674694
71,SNR_0db,N,New_N_072.wav,24-14-8,DeepONMF_H3,3,nndsvd,0.35033375615105833,8x212,0.03280980000272393,24,0.247928151418806,0.2965593832857704,0.02274420007597655,14,0.1837997508679042,0.31553038618033225,0.006081900093704462,8,0.17216293354110931,0.3538420147202293,0.0030242999782785773
72,SNR_0db,N,New_N_073.wav,24-14-8,DeepONMF_H3,3,nndsvd,0.3492050130762523,8x212,0.03354829992167652,24,0.245661802466305,0.30502105064324103,0.024023700039833784,14,0.18689530932127763,0.31251899607714967,0.005370199913159013,8,0.16901945540701163,0.32415074971768937,0.003001700039021671
73,SNR_0db,N,New_N_074.wav,24-14-8,DeepONMF_H3,3,nndsvd,0.34769606028918115,8x212,0.03214170003775507,24,0.24736252067672276,0.30348041096382944,0.023004099959507585,14,0.18089000460632718,0.3092849645886442,0.005106099997647107,8,0.16814505463271923,0.3309507085768862,0.0029896999476477504
74,SNR_0db,N,New_N_075.wav,24-14-8,DeepONMF_H3,3,nndsvd,0.34612075965058403,8x212,0.030780900036916137,24,0.24481742013266297,0.299746748115895,0.021757000009529293,14,0.18401622623136812,0.30796092322358926,0.004745200043544173,8,0.17551540514655542,0.31745580717305827,0.003313699970021844
75,SNR_0db,N,New_N_076.wav,24-14-8,DeepONMF_H3,3,nndsvd,0.3460203153591485,8x212,0.032667099963873625,24,0.24566455602934764,0.2919211880592044,0.023699300014413893,14,0.18187683307879998,0.3058728345753612,0.004700400051660836,8,0.16905202557196156,0.3163046838130387,0.0034700999967753887
76,SNR_0db,N,New_N_077.wav,24-14-8,DeepONMF_H3,3,nndsvd,0.35243454419797626,8x212,0.032456799992360175,24,0.2467289293826869,0.30348157425737315,0.023441000026650727,14,0.1857632910042633,0.31403141396367434,0.004780900082550943,8,0.16964320622611959,0.3078602813716472,0.003460500040091574
77,SNR_0db,N,New_N_078.wav,24-14-8,DeepONMF_H3,3,nndsvd,0.35021689778964005,8x212,0.03074889990966767,24,0.24976789327410287,0.2962402049992538,0.02196330006700009,14,0.17982819910795694,0.2992107291803357,0.004785700002685189,8,0.17001874959125937,0.3064949282115593,0.003078000037930906
78,SNR_0db,N,New_N_079.wav,24-14-8,DeepONMF_H3,3,nndsvd,0.34963990315089677,8x212,0.0318649000255391,24,0.2428605215429454,0.3021388073438282,0.02310550003312528,14,0.18435006303380233,0.2982722235577571,0.004769699997268617,8,0.1704515839325575,0.30647086499322534,0.0029900999506935477
79,SNR_0db,N,New_N_080.wav,24-14-8,DeepONMF_H3,3,nndsvd,0.34673189139507765,8x212,0.034123499994166195,24,0.24707154118889857,0.288188702799695,0.025090500013902783,14,0.1835365242134193,0.29986257706951386,0.005134899984113872,8,0.17024842815589217,0.30533355055774714,0.003003499936312437
80,SNR_0db,N,New_N_081.wav,24-14-8,DeepONMF_H3,3,nndsvd,0.3457269364743407,8x212,0.0340761000989005,24,0.24468794050342565,0.3049477160720814,0.025050200056284666,14,0.18573438603760234,0.32082532037005024,0.004680000012740493,8,0.17004677316371028,0.3276743818192348,0.002889600000344217
81,SNR_0db,N,New_N_082.wav,24-14-8,DeepONMF_H3,3,nndsvd,0.3480080019287008,8x212,0.03371969994623214,24,0.24372516712985384,0.3094454854655896,0.024790700059384108,14,0.18204263882569768,0.31849852774766285,0.004781299969181418,8,0.1668807256127748,0.3310260166559962,0.0030101999873295426
82,SNR_0db,N,New_N_083.wav,24-14-8,DeepONMF_H3,3,nndsvd,0.34614227092536587,8x212,0.031773800030350685,24,0.24538229164598047,0.29713768868090457,0.022967600030824542,14,0.18189862474209736,0.3009925951040921,0.004863600013777614,8,0.17322837269348015,0.315492832493607,0.0029246999183669686
83,SNR_0db,N,New_N_084.wav,24-14-8,DeepONMF_H3,3,nndsvd,0.34715887920175603,8x212,0.033533599926158786,24,0.24784704985758038,0.30748619877616534,0.02430729998741299,14,0.1821253072204714,0.3083176171247207,0.00533980003092438,8,0.16903793467489445,0.3172560693997451,0.002978099975734949
84,SNR_0db,N,New_N_085.wav,24-14-8,DeepONMF_H3,3,nndsvd,0.34749194934902755,8x212,0.03341879998333752,24,0.24361302478089794,0.2938481670833077,0.024613299989141524,14,0.18389988516148797,0.29090000268918653,0.004769699997268617,8,0.171366944971391,0.332848129451194,0.002940199919976294
85,SNR_0db,N,New_N_086.wav,24-14-8,DeepONMF_H3,3,nndsvd,0.3457964265437065,8x212,0.03297440009191632,24,0.24480897205281954,0.30658415926982957,0.023402999970130622,14,0.1816527675738693,0.31000022065899585,0.004967299988493323,8,0.16493119547975854,0.31499392958032185,0.002997000003233552
86,SNR_0db,N,New_N_087.wav,24-14-8,DeepONMF_H3,3,nndsvd,0.34812031204865435,8x212,0.03341719997115433,24,0.2474264341500403,0.29743209438867274,0.024565499974414706,14,0.1876565568175235,0.3115298623411384,0.0048698000609874725,8,0.1624862593712585,0.31860530737976933,0.0030317000346258283
87,SNR_0db,N,New_N_088.wav,24-14-8,DeepONMF_H3,3,nndsvd,0.3507678987367948,8x212,0.031764799961820245,24,0.24697990744328926,0.2937033299585394,0.02285980002488941,14,0.18373220436828494,0.3003317746574296,0.004773799912072718,8,0.17339913182875924,0.30972237134723574,0.0029492999892681837
88,SNR_0db,N,New_N_089.wav,24-14-8,DeepONMF_H3,3,nndsvd,0.3469145415821348,8x212,0.0336712000425905,24,0.2445236196503607,0.3004395000235192,0.02387920010369271,14,0.19160498132609916,0.29306101244566757,0.0056192000629380345,8,0.16185090859173962,0.31509806590826905,0.0032645000610500574
89,SNR_0db,N,New_N_090.wav,24-14-8,DeepONMF_H3,3,nndsvd,0.34691889335103243,8x212,0.033910199999809265,24,0.2459901074155525,0.30283824023358547,0.02505580009892583,14,0.1811840627818443,0.2985062156426084,0.004920199979096651,8,0.17319315736540078,0.3165526870828693,0.00293810002040118
90,SNR_0db,N,New_N_091.wav,24-14-8,DeepONMF_H3,3,nndsvd,0.3488846140973098,8x212,0.03209190000779927,24,0.24269379082496104,0.29260667723131195,0.023285500006750226,14,0.18570633242130422,0.30196261574212424,0.004894400015473366,8,0.17132939924741142,0.3186041121764141,0.0029526998987421393
91,SNR_0db,N,New_N_092.wav,24-14-8,DeepONMF_H3,3,nndsvd,0.34538713410658883,8x212,0.03181800001766533,24,0.24710794651446744,0.2985108645531338,0.023011099896393716,14,0.18381456680936195,0.30949504205233674,0.004732599947601557,8,0.16878003712406714,0.31525009617680316,0.0029827000107616186
92,SNR_0db,N,New_N_093.wav,24-14-8,DeepONMF_H3,3,nndsvd,0.3454926138510765,8x212,0.03245739999692887,24,0.2433715694832837,0.3007980992685679,0.023600899963639677,14,0.18232067227866108,0.29994293055328314,0.004758100025355816,8,0.17170359994559461,0.32007898288265263,0.0029563000425696373
93,SNR_0db,N,New_N_094.wav,24-14-8,DeepONMF_H3,3,nndsvd,0.35043168506331834,8x212,0.03130340005736798,24,0.24722793073711924,0.30148908460297114,0.02187170006800443,14,0.18543595037412222,0.30178692990896566,0.005113799939863384,8,0.17553461284754995,0.3307120917004043,0.003030100022442639
94,SNR_0db,N,New_N_095.wav,24-14-8,DeepONMF_H3,3,nndsvd,0.347888025032875,8x212,0.03275239991489798,24,0.2475825815208113,0.29360790736549763,0.023323599947616458,14,0.18687510974206878,0.3074837755786428,0.005524300038814545,8,0.166112738990276,0.324051513650447,0.002947299974039197
95,SNR_0db,N,New_N_096.wav,24-14-8,DeepONMF_H3,3,nndsvd,0.3449200209673734,8x212,0.03378219995647669,24,0.24539638244137849,0.30101862155492737,0.02355899999383837,14,0.18447717698195895,0.314271692688686,0.0059399000601843,8,0.16903487902621453,0.32833723965728456,0.003311999957077205
96,SNR_0db,N,New_N_097.wav,24-14-8,DeepONMF_H3,3,nndsvd,0.3459949695157056,8x212,0.03773630002979189,24,0.24348635755749043,0.3046884149174388,0.027626700000837445,14,0.17591031260367668,0.31083740545619337,0.005431300029158592,8,0.16613918028862204,0.3180096530579918,0.0031729000620543957
97,SNR_0db,N,New_N_098.wav,24-14-8,DeepONMF_H3,3,nndsvd,0.3502056792994211,8x212,0.03266829997301102,24,0.24846995706074398,0.3038482493977326,0.02366440009791404,14,0.1831688781410189,0.31081436518363914,0.004866799921728671,8,0.174284864533432,0.33245802112217326,0.0029857000336050987
98,SNR_0db,N,New_N_099.wav,24-14-8,DeepONMF_H3,3,nndsvd,0.34198145847121514,8x212,0.03303499997127801,24,0.24282146490635748,0.3011890384918184,0.02422989998012781,14,0.17499195110644777,0.31857966103304336,0.0046969999093562365,8,0.1693462433626333,0.3293070519203055,0.0029908999567851424
99,SNR_0db,N,New_N_100.wav,24-14-8,DeepONMF_H3,3,nndsvd,0.35259742014640916,8x212,0.034267500042915344,24,0.24954581207617485,0.29392394110316095,0.02531289996113628,14,0.18426691020540753,0.30420512507178,0.004778599948622286,8,0.1663669671331142,0.3052673282919667,0.0029287999495863914
100,SNR_0db,N,New_N_101.wav,24-14-8,DeepONMF_H3,3,nndsvd,0.3396579210444983,8x212,0.031634400016628206,24,0.24223204205620624,0.3014169597789702,0.022547499975189567,14,0.17500402392316353,0.3204816509114361,0.004757800023071468,8,0.1634702609458399,0.32417181922712845,0.002937000012025237
101,SNR_0db,N,New_N_102.wav,24-14-8,DeepONMF_H3,3,nndsvd,0.3462289556927563,8x212,0.03151670005172491,24,0.24381558762930147,0.29843518402566827,0.021258700056932867,14,0.18261132151358184,0.301284380694536,0.006142999976873398,8,0.16831517545531116,0.3248844978336053,0.003101699985563755
102,SNR_0db,N,New_N_103.wav,24-14-8,DeepONMF_H3,3,nndsvd,0.34357672700201597,8x212,0.03213119995780289,24,0.23983360606865203,0.30058507736357987,0.021416200092062354,14,0.17886606958674942,0.309130980719566,0.006314300000667572,8,0.16598399203072126,0.32077935570824767,0.003040799987502396
103,SNR_0db,N,New_N_104.wav,24-14-8,DeepONMF_H3,3,nndsvd,0.3463508238166402,8x212,0.03219369996804744,24,0.2430887013972758,0.29642622398023544,0.021516400040127337,14,0.1803209836370671,0.308643804032028,0.006578399916179478,8,0.16957180132798072,0.32474567919501635,0.003011199994944036
104,SNR_0db,N,New_N_105.wav,24-14-8,DeepONMF_H3,3,nndsvd,0.34766466387494893,8x212,0.033400600077584386,24,0.2459806010643042,0.2987882456976115,0.0240406000521034,14,0.18279930905838215,0.3106886319462259,0.0052217000629752874,8,0.1697080051402768,0.34163944090288284,0.0030401999829337
105,SNR_0db,N,New_N_106.wav,24-14-8,DeepONMF_H3,3,nndsvd,0.34959798615388266,8x212,0.03258940007071942,24,0.2451185234353332,0.29336235590172016,0.022930500097572803,14,0.18255147003607544,0.30041150315171533,0.005436999956145883,8,0.16756659913664126,0.32932131955503774,0.003044900018721819
106,SNR_0db,N,New_N_107.wav,24-14-8,DeepONMF_H3,3,nndsvd,0.35191625434535656,8x212,0.033348499913699925,24,0.24528880787537527,0.29885101769600403,0.02423620002809912,14,0.18755898360560022,0.2914368529119221,0.005161300068721175,8,0.17146939596096214,0.30911580888433615,0.0029607999604195356
107,SNR_0db,N,New_N_108.wav,24-14-8,DeepONMF_H3,3,nndsvd,0.3523348718050712,8x212,0.031400499981828034,24,0.2481925253400127,0.29974502029878525,0.022147299954667687,14,0.1851391098323288,0.29895029663983747,0.005325999925844371,8,0.16728959071726487,0.3110679505283967,0.0030719999922439456
108,SNR_0db,N,New_N_109.wav,24-14-8,DeepONMF_H3,3,nndsvd,0.34210326609108527,8x212,0.03169109998270869,24,0.23929496408369458,0.29875258867546167,0.022583500016480684,14,0.1761871648388299,0.3015261170039429,0.005043999990448356,8,0.1636736071580348,0.31521271656790134,0.0032317000441253185
109,SNR_0db,N,New_N_110.wav,24-14-8,DeepONMF_H3,3,nndsvd,0.34769163464168795,8x212,0.03249770007096231,24,0.24666543535333096,0.3058554884422015,0.023601199965924025,14,0.17900112146109912,0.3165016587376806,0.004737000097520649,8,0.16724161410166036,0.3263121891606993,0.0033583000767976046
110,SNR_0db,N,New_N_111.wav,24-14-8,DeepONMF_H3,3,nndsvd,0.344480914527031,8x212,0.03148000000510365,24,0.2442272214492559,0.30205912766526916,0.022534499992616475,14,0.17749912727755185,0.32000768176971806,0.004836099920794368,8,0.16357014520037452,0.3180069778518219,0.0032387999817728996
111,SNR_0db,N,New_N_112.wav,24-14-8,DeepONMF_H3,3,nndsvd,0.3481620853613331,8x212,0.029782700003124774,24,0.24490564261512923,0.3060783844699732,0.020986000075936317,14,0.18828841061180757,0.3263433528573168,0.004761700052767992,8,0.1638752157501691,0.3292320786116919,0.002925500040873885
112,SNR_0db,N,New_N_113.wav,24-14-8,DeepONMF_H3,3,nndsvd,0.3466936828882272,8x212,0.03086769999936223,24,0.2449073444828303,0.29016635148979836,0.021776100038550794,14,0.1819158322083734,0.2995923351044756,0.004810399957932532,8,0.1623883928603578,0.3187124691502841,0.0029529999010264874
113,SNR_0db,N,New_N_114.wav,24-14-8,DeepONMF_H3,3,nndsvd,0.346627751353762,8x212,0.033342599985189736,24,0.24436741611576276,0.30975057664863176,0.024494900018908083,14,0.18396791675883165,0.30618858928861714,0.004791000043042004,8,0.164146269265014,0.33206435579002463,0.0029473999748006463
114,SNR_0db,N,New_N_115.wav,24-14-8,DeepONMF_H3,3,nndsvd,0.35321150336882207,8x212,0.034298300044611096,24,0.24845929284974844,0.2923341053341101,0.02550590003374964,14,0.17971991052266592,0.2984991692159692,0.004806300043128431,8,0.17082300058725602,0.3231751624080375,0.0029690000228583813
115,SNR_0db,N,New_N_116.wav,24-14-8,DeepONMF_H3,3,nndsvd,0.34477246420938346,8x212,0.03314219997264445,24,0.24288682502571887,0.2970730338260332,0.02439610008150339,14,0.17821428332531666,0.29598491569593816,0.004862100002355874,8,0.16607416277696063,0.3107060678270831,0.002958600060082972
116,SNR_0db,N,New_N_117.wav,24-14-8,DeepONMF_H3,3,nndsvd,0.3469706965061405,8x212,0.03204680001363158,24,0.24538052047520156,0.3032796217342227,0.023242800030857325,14,0.1798934494227951,0.31090439237857154,0.0048365999246016145,8,0.16517502077427715,0.3282784145147445,0.002971900044940412
117,SNR_0db,N,New_N_118.wav,24-14-8,DeepONMF_H3,3,nndsvd,0.34975101781175605,8x212,0.03313670004718006,24,0.24855165066008342,0.2970555752784406,0.02405400003772229,14,0.1869546720377084,0.30975907382324297,0.004914499935694039,8,0.16791955348583998,0.32110215513990187,0.0030149000231176615
118,SNR_0db,N,New_N_119.wav,24-14-8,DeepONMF_H3,3,nndsvd,0.34415004479883077,8x212,0.0325340999988839,24,0.24255803037850937,0.29173484467458366,0.023481099982745945,14,0.17967552289882774,0.30247865409988606,0.004940300015732646,8,0.16202832023560493,0.30903887118787104,0.0029787999810650945
119,SNR_0db,N,New_N_120.wav,24-14-8,DeepONMF_H3,3,nndsvd,0.34921289014218576,8x212,0.0322348999325186,24,0.24607448186900766,0.2975727877501522,0.022761299973353744,14,0.18166469331119614,0.305024952537967,0.005424999981187284,8,0.16932567731205292,0.3154660107499397,0.0030381999677047133
120,SNR_0db,N,New_N_121.wav,24-14-8,DeepONMF_H3,3,nndsvd,0.3501988780450386,8x212,0.03362690005451441,24,0.24604359288179617,0.3125539324681348,0.021988000022247434,14,0.1842143840776151,0.3086963083143187,0.007226400077342987,8,0.172199362075451,0.320935671012074,0.0030587000073865056
121,SNR_0db,N,New_N_122.wav,24-14-8,DeepONMF_H3,3,nndsvd,0.3459421933716158,8x212,0.03242079995106906,24,0.24344877685026248,0.2973241155210954,0.022790499962866306,14,0.18401228124970717,0.2988430766920068,0.005553299910388887,8,0.17003723959696546,0.326951807208152,0.0030168999219313264
122,SNR_0db,N,New_N_123.wav,24-14-8,DeepONMF_H3,3,nndsvd,0.3459615889032586,8x212,0.030960400006733835,24,0.24275005774839992,0.29454185676360206,0.0217558000003919,14,0.17616910887682835,0.30733007191999373,0.005197299993596971,8,0.16255936466339876,0.3345636345464265,0.003022699966095388
123,SNR_0db,N,New_N_124.wav,24-14-8,DeepONMF_H3,3,nndsvd,0.34677606604467404,8x212,0.0308843000093475,24,0.24267139066252671,0.3119540079343678,0.02165969996713102,14,0.18178815216956817,0.32559539502434093,0.005046800011768937,8,0.16223719537713244,0.3301224872770482,0.0033651000121608377
124,SNR_0db,N,New_N_125.wav,24-14-8,DeepONMF_H3,3,nndsvd,0.3506346862043585,8x212,0.031157900113612413,24,0.24799026677978164,0.29846784725768033,0.02200650004670024,14,0.18175946988388553,0.30889788032780774,0.005035499925725162,8,0.17006174650215428,0.31932738881896355,0.0033431999618187547
125,SNR_0db,N,New_N_126.wav,24-14-8,DeepONMF_H3,3,nndsvd,0.33830088554755383,8x212,0.03156519995536655,24,0.23688978950014328,0.30331959299331607,0.022112299920991063,14,0.17342684169297545,0.300026901011086,0.005030800006352365,8,0.16528807702124923,0.3143661104644813,0.003072699997574091
126,SNR_0db,N,New_N_127.wav,24-14-8,DeepONMF_H3,3,nndsvd,0.337501892196039,8x212,0.03284020000137389,24,0.23690574244115906,0.30233881574201193,0.023856899933889508,14,0.18007556231376085,0.3086892742471679,0.004902100074104965,8,0.16480562391010828,0.3198084463027901,0.0029337999876588583
127,SNR_0db,N,New_N_128.wav,24-14-8,DeepONMF_H3,3,nndsvd,0.3393158167685579,8x212,0.03206900006625801,24,0.23665242985907972,0.2999356544428442,0.023047600057907403,14,0.17194707734399253,0.3040018512504735,0.004719299962744117,8,0.16253470143909193,0.32514401336970195,0.0029284999473020434
128,SNR_0db,N,New_N_129.wav,24-14-8,DeepONMF_H3,3,nndsvd,0.3449147984282988,8x212,0.03414749994408339,24,0.23717602691082965,0.31116789338905054,0.024528600042685866,14,0.18331416759253327,0.3071879695115358,0.005309300031512976,8,0.1622127816488912,0.3011299482268416,0.0033657000167295337
129,SNR_0db,N,New_N_130.wav,24-14-8,DeepONMF_H3,3,nndsvd,0.3411204402367146,8x212,0.03613460005726665,24,0.2349827382959651,0.3025750796527726,0.0261859999736771,14,0.17333663837174815,0.3058080573920684,0.0050749999936670065,8,0.16853972033481765,0.31807099136687444,0.003926000092178583
130,SNR_0db,N,New_N_131.wav,24-14-8,DeepONMF_H3,3,nndsvd,0.3420955048816586,8x212,0.03578229993581772,24,0.241804896674126,0.3021038775647232,0.025201399927027524,14,0.17508075550313104,0.31760713404392105,0.005288699991069734,8,0.16851673487102561,0.33284324475646165,0.004496800014749169
131,SNR_0db,N,New_N_132.wav,24-14-8,DeepONMF_H3,3,nndsvd,0.34189942134009055,8x212,0.03305430000182241,24,0.23863747182248393,0.2994502915992837,0.02386419998947531,14,0.17854373641386298,0.30260108744283964,0.004979200079105794,8,0.16478895831339602,0.2974798215167564,0.0032607000321149826
132,SNR_0db,N,New_N_133.wav,24-14-8,DeepONMF_H3,3,nndsvd,0.3418944758673997,8x212,0.03157599992118776,24,0.23833087064809202,0.2959023664339467,0.0226199000608176,14,0.18106142164606068,0.31009910044027766,0.004827999975532293,8,0.1682750128605838,0.31760356744577706,0.0033532000379636884
133,SNR_0db,N,New_N_134.wav,24-14-8,DeepONMF_H3,3,nndsvd,0.3360231898013537,8x212,0.030070199980400503,24,0.23730340905514888,0.30268960583537036,0.021126499981619418,14,0.17382853695243664,0.305785493706213,0.004819599911570549,8,0.1617401242273262,0.2880569673131069,0.003069199970923364
134,SNR_0db,N,New_N_135.wav,24-14-8,DeepONMF_H3,3,nndsvd,0.3418917353673521,8x212,0.03489769995212555,24,0.2381523915448438,0.3097130320717807,0.0257103000767529,14,0.17974254007071772,0.3221299159475383,0.004777099937200546,8,0.16519214433306004,0.3528106351869513,0.0031245999271050096
135,SNR_0db,N,New_N_136.wav,24-14-8,DeepONMF_H3,3,nndsvd,0.3404283636709602,8x212,0.033614300074987113,24,0.2374829858367816,0.3038825455567566,0.024424800067208707,14,0.18004262147800143,0.2983831163980906,0.004738799994811416,8,0.16338711061867178,0.3118669818281754,0.003242500009946525
