indice_interno,distribucion,numero_capas,error_final,forma_h_final,segundos_extraccion,capa_1_rango,capa_1_error,capa_1_ortogonalidad_h,capa_2_rango,capa_2_error,capa_2_ortogonalidad_h,capa_3_rango,capa_3_error,capa_3_ortogonalidad_h
0,22-15-10,3,0.2529175459942402,10x212,0.06815820001065731,22,0.03831549091248252,0.3754727424181311,15,0.2297503086221382,0.14739800685340243,10,0.4008065232140559,0.09667677815118349
1,22-15-10,3,0.25757803886463226,10x212,0.05804460000945255,22,0.03671197964001124,0.34755638737921973,15,0.22644326214443333,0.15636437203981265,10,0.372085177608285,0.0939251472333883
2,22-15-10,3,0.2509140764881432,10x212,0.06114860001252964,22,0.04051397594519499,0.399731628892813,15,0.21564509486801609,0.14620956448217776,10,0.3691634809671625,0.09287616448924545
3,22-15-10,3,0.2579982090469433,10x212,0.04813989999820478,22,0.04105213188101602,0.38639713762888606,15,0.23780205079699296,0.17296591318963592,10,0.3938543606895008,0.16349959443906514
4,22-15-10,3,0.2514493333350995,10x212,0.053793300001416355,22,0.038239819698220504,0.40027111935810206,15,0.2167319649281206,0.14710883399502966,10,0.3833339453844303,0.12049722870733917
5,22-15-10,3,0.2564399756874295,10x212,0.06252690000110306,22,0.04662467499877721,0.39295331588068866,15,0.22095105312925292,0.16625538158428327,10,0.3928307336296546,0.14069135970217625
6,22-15-10,3,0.26061397227626576,10x212,0.0466883999761194,22,0.04063224881972032,0.38297466163166993,15,0.22730496761195101,0.17113625939677565,10,0.33875015287812005,0.12807027175385569
7,22-15-10,3,0.2702994301196437,10x212,0.05739110001013614,22,0.03766806248655946,0.4066733113481281,15,0.24663630341161083,0.14438324757578164,10,0.3953682434579292,0.13654381630349524
8,22-15-10,3,0.2638993801014367,10x212,0.059693199989851564,22,0.04029658343086593,0.36835947374481204,15,0.21572819666669543,0.15675990371726758,10,0.3596872229172425,0.14954516594221462
9,22-15-10,3,0.23816778523689267,10x212,0.06131869999808259,22,0.041373767913503404,0.3928707846425561,15,0.2150412182793863,0.20327051121092957,10,0.38133964491407174,0.17986391854029346
10,22-15-10,3,0.24656779752772529,10x212,0.060628999985056,22,0.044262860993964,0.3791534794646902,15,0.22115795993181814,0.16452863783834548,10,0.3982551042827283,0.0939707883412494
11,22-15-10,3,0.24584934937365657,10x212,0.04787930002203211,22,0.038812107353278745,0.34746109384476065,15,0.24369498144891016,0.16662843572464714,10,0.3180008718984323,0.12895922702432222
12,22-15-10,3,0.22571114691136465,10x212,0.04735089998575859,22,0.03934961029319328,0.3841038674926864,15,0.22961755839167744,0.1698107066440949,10,0.36832846101641825,0.11351834358277521
13,22-15-10,3,0.23905193679453932,10x212,0.046720400016056374,22,0.038388380972639205,0.3853972480931494,15,0.2502058995981953,0.1641355413329486,10,0.37835852616404647,0.1364827833920869
14,22-15-10,3,0.25477778488595404,10x212,0.04951789998449385,22,0.045000798813116624,0.3907568262922501,15,0.20062945807817875,0.12861844645233916,10,0.34482035588795634,0.09611209542490848
15,22-15-10,3,0.24289913117248457,10x212,0.04293960001086816,22,0.040592084139223564,0.3930086754755285,15,0.22079758923312517,0.14930742728189153,10,0.32246962916707844,0.10354506100508593
16,22-15-10,3,0.22278254477045148,10x212,0.033947099989745766,22,0.046877445087465996,0.3848309058987836,15,0.21202046339942757,0.17406994670575027,10,0.3779743958472571,0.13071446594030414
17,22-15-10,3,0.23617452361312705,10x212,0.04183929998544045,22,0.03664021799191145,0.40467736343731164,15,0.21813818483288208,0.18894878799127765,10,0.36262116884972556,0.1405993169158034
18,22-15-10,3,0.27900262326873054,10x212,0.03998509998200461,22,0.039943369252363796,0.38824613071662345,15,0.23302627847142945,0.1518093995336061,10,0.35357500500532524,0.14187108567398277
19,22-15-10,3,0.27310629324497177,10x212,0.03326550000929274,22,0.041325236711035544,0.3688536436458152,15,0.2624279284343408,0.16633513458535987,10,0.3654981051335652,0.13971853944904394
20,22-15-10,3,0.25572126849233073,10x212,0.03663450002204627,22,0.03712621765346187,0.4153326378342331,15,0.24294496116914774,0.18278212209784547,10,0.3748265404912281,0.15674111048176417
21,22-15-10,3,0.2511841570036078,10x212,0.03712150000501424,22,0.04593768087791303,0.3974923949614356,15,0.25505456875324123,0.15259764785973953,10,0.35726337516193074,0.13576890340144854
22,22-15-10,3,0.2719910694348991,10x212,0.03952300001401454,22,0.038086378765973955,0.38625946126813016,15,0.22878721040060873,0.13638272118856148,10,0.3702423085499314,0.10752293410518392
23,22-15-10,3,0.23402709206548217,10x212,0.036071899987291545,22,0.03669830023096353,0.39746730288951415,15,0.196390019566214,0.1352968670737892,10,0.3709517370177344,0.10137970053194967
24,22-15-10,3,0.2489369878411,10x212,0.03870880001340993,22,0.04815841171744304,0.4092243771510151,15,0.23756342577052184,0.16221126183606333,10,0.42411909770816736,0.12640437256358045
25,22-15-10,3,0.24412141529615677,10x212,0.034154900000430644,22,0.04441214627717177,0.37570482854920134,15,0.2171225628017527,0.17751151540499788,10,0.3108368133257228,0.14863143181102237
26,22-15-10,3,0.24681858086473227,10x212,0.04545549998874776,22,0.042650123737014524,0.402519556340231,15,0.24752144387582306,0.17402470186567043,10,0.39325758336587163,0.12617782674400047
27,22-15-10,3,0.23251925292890444,10x212,0.043299300014041364,22,0.039830205090130605,0.3971795571386938,15,0.227613944344122,0.21722138677307262,10,0.3696833743639068,0.17941369588360112
28,22-15-10,3,0.2885703261211822,10x212,0.04147140000713989,22,0.04357384983858667,0.39999701632833157,15,0.23331725292088296,0.12497003955599571,10,0.4091229433465606,0.10149074561659455
29,22-15-10,3,0.2607334351842008,10x212,0.037903300020843744,22,0.03925520541041984,0.38181434187216245,15,0.1927433123052978,0.12457765875643713,10,0.4010466758315002,0.10262485259296553
30,22-15-10,3,0.24065929981243503,10x212,0.036977400013711303,22,0.04197081176902694,0.39723170627022036,15,0.22820501706785373,0.16009595766846235,10,0.40681318773996816,0.1324509595144785
31,22-15-10,3,0.22009578693909781,10x212,0.047364900005050004,22,0.03554051356170572,0.3790282982463365,15,0.20764074228061835,0.17007906012331747,10,0.3249753867582133,0.11411033610967722
32,22-15-10,3,0.23911620642573211,10x212,0.039826399995945394,22,0.04385544874485549,0.3725427419815265,15,0.2279747054522995,0.13527847171839202,10,0.33745148601456,0.10765373395649339
33,22-15-10,3,0.26014927910972063,10x212,0.05728290000115521,22,0.0378545194303929,0.3919102920045659,15,0.2600050307741841,0.1437249578763658,10,0.40722751434648413,0.1265499149122653
34,22-15-10,3,0.23202816985732255,10x212,0.04948240000521764,22,0.041797224467536497,0.4113646540011838,15,0.24022637232650493,0.18994302578569755,10,0.34607243690045314,0.16292136851937014
35,22-15-10,3,0.2631283607395439,10x212,0.04267769999569282,22,0.040542219067699746,0.39619508333791953,15,0.22263177607438822,0.15008026449623035,10,0.35261671578640635,0.12457089520223617
36,22-15-10,3,0.23484414789271651,10x212,0.03995009997743182,22,0.02698093542659119,0.39535754321348743,15,0.16950797735917028,0.12811396358676475,10,0.3302636670515797,0.06515930646053124
37,22-15-10,3,0.23378830019695437,10x212,0.04736239998601377,22,0.031323536905879835,0.4521382549753228,15,0.12433342802028248,0.17955339778416646,10,0.28461692975575226,0.11717994485976226
38,22-15-10,3,0.23656172075831608,10x212,0.037760999985039234,22,0.02516924671655451,0.43820405718177585,15,0.17603616827697224,0.11960818907607575,10,0.32072347925724604,0.06357015797874273
39,22-15-10,3,0.24040418975999842,10x212,0.039002599980449304,22,0.03352727364321923,0.4107019724848435,15,0.1570200260369112,0.143350457076866,10,0.3519151131079429,0.10224116779107692
40,22-15-10,3,0.21167578186572852,10x212,0.0578832000028342,22,0.02745693411670376,0.44998139694550976,15,0.2213423372722737,0.135721790289957,10,0.36245824351927863,0.09478670658699963
41,22-15-10,3,0.26650169695323805,10x212,0.03897180000785738,22,0.031936834525418366,0.4151644738008149,15,0.2007200919627157,0.15926512355087089,10,0.3375916541700427,0.11297035124375841
42,22-15-10,3,0.21752530162766956,10x212,0.038067399989813566,22,0.0332733187047735,0.44190203253101223,15,0.13271597268481408,0.1424258322904863,10,0.3062905241301753,0.10721839531056905
43,22-15-10,3,0.21999310095202537,10x212,0.04456510001909919,22,0.02970431682966036,0.4314542558225451,15,0.19739672156355517,0.13801659506944755,10,0.3199583861118867,0.07547395334855388
44,22-15-10,3,0.2361345198587388,10x212,0.058877999981632456,22,0.030133849166937125,0.43412299366619533,15,0.20847375510784788,0.18053508963526987,10,0.35392296768159676,0.13356142187015535
45,22-15-10,3,0.28467974377984306,10x212,0.04245359997730702,22,0.027630355612558572,0.42487036744087675,15,0.19911812817187285,0.12128926422489826,10,0.42749557336934657,0.0801193982181807
46,22-15-10,3,0.24090149327204285,10x212,0.037300099997082725,22,0.02956162831294403,0.4208684120126343,15,0.1895578949219251,0.1592766134867037,10,0.36053861729187403,0.1009958041822059
47,22-15-10,3,0.23001734110065167,10x212,0.03860880000866018,22,0.030639629037709972,0.41446155283426084,15,0.18193999528965232,0.13867746326490926,10,0.3661754039639791,0.08967441922488145
48,22-15-10,3,0.23215274071106598,10x212,0.04106129999854602,22,0.030350004411629897,0.3768490208672558,15,0.1855842418847975,0.14262175857648143,10,0.35199669926950433,0.10564066687712922
49,22-15-10,3,0.19900274283569536,10x212,0.0448335999972187,22,0.03390546723790132,0.45617170098346044,15,0.18195941560631665,0.16957131510525295,10,0.2782954029350659,0.12982563697676933
50,22-15-10,3,0.21666234414108576,10x212,0.038956600008532405,22,0.030226347365563552,0.44294002235369223,15,0.1637855865678566,0.1383063536709564,10,0.31208506897511,0.10043908426333471
51,22-15-10,3,0.24702102187461183,10x212,0.04170570001588203,22,0.028671750063400565,0.43848114197424715,15,0.17420507625048215,0.1260719449778118,10,0.35716974025102033,0.06380994827231619
52,22-15-10,3,0.24244894129379668,10x212,0.03723529999842867,22,0.03710275142890904,0.41221298730764366,15,0.2112531156059377,0.1151036202043168,10,0.3755034587011161,0.08859235051276906
53,22-15-10,3,0.22114001413498413,10x212,0.03492469998309389,22,0.02866879362755886,0.40746853092101626,15,0.1690611313514483,0.11845354135022197,10,0.3635226484029735,0.07632899948451614
54,22-15-10,3,0.22256627902808537,10x212,0.040586199989775196,22,0.029392656579894125,0.4629171056696486,15,0.15022977172518073,0.1133568284815642,10,0.3547918172767465,0.08630431379328919
55,22-15-10,3,0.2229884029599676,10x212,0.03840660001151264,22,0.03659331094805104,0.42711494253165816,15,0.186631392722902,0.11639827738765827,10,0.41709195446669467,0.09903418105896403
56,22-15-10,3,0.20183177279469655,10x212,0.036737300019012764,22,0.02752251635178375,0.4447658885084757,15,0.1487019157359046,0.1760424846683803,10,0.2984844663347388,0.13506944826192696
57,22-15-10,3,0.21232370242429027,10x212,0.03778139999485575,22,0.029166981766790865,0.4094893293666303,15,0.1489840892017442,0.13029282409468956,10,0.28614686285982716,0.06453420749539596
58,22-15-10,3,0.22528098763394844,10x212,0.047349900007247925,22,0.031122696820912784,0.43892502103987674,15,0.21023531727669395,0.12875325226294423,10,0.32141879431386994,0.10116516217828639
59,22-15-10,3,0.20642985783081777,10x212,0.03899909998290241,22,0.033533538561007825,0.42071211260907837,15,0.2024125786592967,0.12849858604873546,10,0.3582347618560707,0.07701136266230982
60,22-15-10,3,0.2196322484427448,10x212,0.036514699982944876,22,0.027094257302177974,0.4257082502271762,15,0.16193403972031695,0.13778387187596217,10,0.3166343005124472,0.07314825905399513
61,22-15-10,3,0.22510583547149693,10x212,0.03745090001029894,22,0.033620808651515496,0.42788613523779995,15,0.18757747594346072,0.13432941957621924,10,0.34831591807442897,0.09855166180641457
62,22-15-10,3,0.21924642040741915,10x212,0.037985999981174245,22,0.0321462654300857,0.4150223254433445,15,0.1979298481467178,0.12875505347907917,10,0.2877688766758799,0.08070237916602498
63,22-15-10,3,0.2673421572542016,10x212,0.040453000023262575,22,0.028925150285374145,0.44265716749603656,15,0.2062339641299013,0.11222713786696545,10,0.3763182157674323,0.09486096456262076
64,22-15-10,3,0.2345838365327988,10x212,0.042342000000644475,22,0.03397019668245996,0.424494885461222,15,0.17076894175847204,0.14619771653735375,10,0.32962692060222537,0.11027354917563266
65,22-15-10,3,0.24146674781555288,10x212,0.04743219999363646,22,0.029264622544041614,0.42755963040389866,15,0.17699480883628618,0.19165430361356614,10,0.3355100297890966,0.15180985961874555
66,22-15-10,3,0.2418667019817559,10x212,0.0371574999880977,22,0.03465847567259572,0.40928060366387864,15,0.19999821075906463,0.11984069072504516,10,0.3871246349813739,0.09135685692221575
67,22-15-10,3,0.22599961448532063,10x212,0.039147900009993464,22,0.029841971668958238,0.404763584020686,15,0.17713161822563828,0.09997157811856729,10,0.3700010927863589,0.06250557107122752
68,22-15-10,3,0.233481012556639,10x212,0.03506779999588616,22,0.03433848804099765,0.4043644403860609,15,0.20805792009061813,0.1320429983282836,10,0.3332517473400747,0.08367282795066273
69,22-15-10,3,0.2834183583847014,10x212,0.04204480000771582,22,0.03536833327828424,0.4027179655083423,15,0.19010688503855516,0.14555977777542564,10,0.341753636988882,0.11188358631938089
70,22-15-10,3,0.23493449231265712,10x212,0.04071259999182075,22,0.03517454320888738,0.3683504648298155,15,0.2347879656857265,0.1205406800915107,10,0.35909619048814023,0.09405814027336334
71,22-15-10,3,0.267395352626765,10x212,0.03977709999890067,22,0.03239676870794316,0.3841000934705348,15,0.19053265209138484,0.12776541796822613,10,0.3333660412936681,0.10712751232053187
72,22-15-10,3,0.21968106032476523,10x212,0.04309859999921173,22,0.03668752384887476,0.3978840882941303,15,0.1821123244950532,0.12265549885442047,10,0.3069510494825564,0.08978662256060549
73,22-15-10,3,0.21636852555071134,10x212,0.037357699999120086,22,0.03944957293671562,0.38990465092097815,15,0.19045210548901328,0.14267922567126506,10,0.31356320441430396,0.09711173649240913
74,22-15-10,3,0.252334643450452,10x212,0.04475189998629503,22,0.036296031726641434,0.4144322000757361,15,0.2172273489918754,0.15987998778743714,10,0.3560453221559155,0.12983684553644678
75,22-15-10,3,0.254747243097263,10x212,0.034245100017869845,22,0.040065623102054096,0.4131262575477193,15,0.22647910987138054,0.17252023818148585,10,0.39382078018632893,0.11598370480405548
76,22-15-10,3,0.21082602368543002,10x212,0.039682500006165355,22,0.03802567833941259,0.38530107692434684,15,0.18059352084267438,0.16242234074619655,10,0.3757219701337461,0.1023111883258897
77,22-15-10,3,0.22025336992560957,10x212,0.0435091000108514,22,0.03561986222701473,0.42175780193000934,15,0.2100436007286208,0.17579398780851954,10,0.3357611933930641,0.11738387886855012
78,22-15-10,3,0.23471705453558364,10x212,0.032739900023443624,22,0.03847939118501494,0.41616494416908895,15,0.20179283195289552,0.13456400191465606,10,0.32102677447511363,0.09710079221337574
79,22-15-10,3,0.24110678049554266,10x212,0.035587199992733076,22,0.038375795572920056,0.4169437013133618,15,0.18898375039284276,0.18831202370325476,10,0.32215662947926593,0.1514478251425118
80,22-15-10,3,0.2719246694074046,10x212,0.03951919998507947,22,0.04078122465019474,0.40846987698185994,15,0.21567052677473936,0.12840257591148327,10,0.388926030971339,0.12264392394414707
81,22-15-10,3,0.23778815637715514,10x212,0.04717390000587329,22,0.03529356127594665,0.3901922853451729,15,0.19075944340418927,0.128619632478869,10,0.322522057747674,0.0834480004420547
82,22-15-10,3,0.2464353917852644,10x212,0.03727390000130981,22,0.03545182494237947,0.40201327963988875,15,0.19615837704061362,0.14342446521873467,10,0.33517575658033066,0.11680159179665785
83,22-15-10,3,0.21443736040660205,10x212,0.03643670000019483,22,0.03998972771146141,0.4228073274742284,15,0.1855811182743483,0.15345254730488822,10,0.2696292087467118,0.09797291792077098
84,22-15-10,3,0.2561367294665521,10x212,0.03571160000865348,22,0.03300773723192805,0.44241562481240176,15,0.21325103883857968,0.1847839902016205,10,0.3320374799639941,0.1621099818809417
85,22-15-10,3,0.2411394212094963,10x212,0.04919259998132475,22,0.03781556043734094,0.37530262794402053,15,0.21052100804223303,0.11588948248713678,10,0.421436872255788,0.0829085512123771
86,22-15-10,3,0.2467313490026134,10x212,0.04356660001212731,22,0.03405045631239384,0.4189988031722005,15,0.21315890527174666,0.14986313272255838,10,0.3679274945294295,0.09741045241913289
87,22-15-10,3,0.21151032899713518,10x212,0.03677619999507442,22,0.03322181724669843,0.41907081131351465,15,0.17964144448793218,0.16577816477092508,10,0.3571346459049891,0.1230912919178273
88,22-15-10,3,0.2595228206063654,10x212,0.03541579999728128,22,0.0358893913465071,0.40888168932309726,15,0.20869456181275622,0.1637497407884359,10,0.38163336194566216,0.13737139758464173
89,22-15-10,3,0.23667923205226565,10x212,0.03445050001027994,22,0.038442284351235166,0.42951248442237916,15,0.20207685076284998,0.21182855203584816,10,0.35439494867245025,0.1688250589888774
90,22-15-10,3,0.22770887309198976,10x212,0.034937099990202114,22,0.03984775951212421,0.4551550540382611,15,0.21373467522596537,0.16816696085914826,10,0.3465861272399108,0.11998039622603124
91,22-15-10,3,0.246806278521762,10x212,0.03814069999498315,22,0.0334885291309,0.40149283771015837,15,0.2271036128887444,0.14344662677664963,10,0.3870378534264891,0.13058884077844296
92,22-15-10,3,0.23089552973472086,10x212,0.033755899989046156,22,0.03655031648748894,0.4011905008449436,15,0.23526978206942534,0.17631458249931103,10,0.35254724287474704,0.1498375124980521
93,22-15-10,3,0.2300148611706554,10x212,0.03524040000047535,22,0.035132714281552464,0.40248053670829786,15,0.243309044767716,0.1373254703418644,10,0.3924998814594754,0.09518989621058806
94,22-15-10,3,0.2557824915071447,10x212,0.047978300019167364,22,0.040373393644655774,0.4068907882859613,15,0.18104238134275757,0.15353842019364167,10,0.37995644290570146,0.13430463696792364
95,22-15-10,3,0.22057159035028454,10x212,0.033550199994351715,22,0.03827378366494492,0.42920938567572353,15,0.19680655641163705,0.17667692478427868,10,0.3389615527466093,0.14129711540219644
96,22-15-10,3,0.2321978415346849,10x212,0.04525889997603372,22,0.038520165267703056,0.3931991442645586,15,0.1756564488237256,0.11184274920296335,10,0.3226451614062252,0.09085538703765003
97,22-15-10,3,0.23849541544215738,10x212,0.03831880001234822,22,0.03870086946814822,0.434637687035633,15,0.21089852868479284,0.132312965611208,10,0.3769003882179832,0.10330205439219152
98,22-15-10,3,0.2288130403099984,10x212,0.03582920000189915,22,0.030069797115136392,0.4198870900531404,15,0.19449122751971556,0.17423703756610137,10,0.32702992877380194,0.13781865837479707
99,22-15-10,3,0.22657883801383227,10x212,0.04498249999596737,22,0.029267953767388825,0.43393169675408255,15,0.14536921521727586,0.16996251810527516,10,0.2948818115217625,0.13098317467606205
100,22-15-10,3,0.21140623025097255,10x212,0.05146400001831353,22,0.025619370396174887,0.41322040360605267,15,0.18211263789940021,0.13746403077260502,10,0.2659963548816773,0.09174889470849718
101,22-15-10,3,0.23972605661778948,10x212,0.054375399980926886,22,0.03251433328476242,0.4138072173450482,15,0.19321072093796599,0.17026587809231195,10,0.31447783299925547,0.10056950553487913
102,22-15-10,3,0.23745932341776174,10x212,0.05773939998471178,22,0.034800010356307975,0.40460015144863476,15,0.16737914116878108,0.1047435433908034,10,0.35457639295406645,0.079440463188861
103,22-15-10,3,0.2149920207082173,10x212,0.05247560000861995,22,0.03391103779158331,0.42949920195004593,15,0.22307575209393896,0.129573940135663,10,0.3764326208593688,0.06076150996663524
104,22-15-10,3,0.25985277152996633,10x212,0.04371600001468323,22,0.026558984947487967,0.44733269246555196,15,0.20241499319490744,0.11750328231643342,10,0.3566314413099262,0.09370164202729245
105,22-15-10,3,0.2329282130462742,10x212,0.04421369999181479,22,0.027664909475183932,0.4464500702415584,15,0.17962351206527807,0.14221947584231787,10,0.28549818130493415,0.1194957094295538
106,22-15-10,3,0.2341751309799117,10x212,0.04448199999751523,22,0.034949640226805856,0.42843424790108803,15,0.2241373821998514,0.16315799101396533,10,0.30872833512731157,0.12584260303047767
107,22-15-10,3,0.22769319824235182,10x212,0.057804300013231114,22,0.02897255050528052,0.42423559882397377,15,0.1993848895518165,0.1275460637320841,10,0.38719378752359307,0.07556135608560073
108,22-15-10,3,0.22171059797299472,10x212,0.05188119999365881,22,0.03300327021922443,0.41119903489792137,15,0.15142692899154128,0.14011020045294115,10,0.2753501989562539,0.10176955989443644
109,22-15-10,3,0.24615087759025728,10x212,0.05689219999476336,22,0.03191967052577806,0.43507629747147103,15,0.19853302175199608,0.1098474310087253,10,0.34805448116115273,0.09181047847105342
110,22-15-10,3,0.22753663329756227,10x212,0.04546019999543205,22,0.02691978853304073,0.4399978699641515,15,0.17108270013068078,0.16489029793382232,10,0.35693579049264657,0.09954792084001626
111,22-15-10,3,0.2125457053578347,10x212,0.03664599999319762,22,0.027337488080415164,0.40828462118425923,15,0.2063499737396804,0.18054179117464,10,0.3384810729619592,0.1567500550377719
112,22-15-10,3,0.24228799070257837,10x212,0.0356962000078056,22,0.032725308377208884,0.4141129215022135,15,0.1827078175916646,0.16482606475463563,10,0.33159446491683936,0.11638690444033119
113,22-15-10,3,0.25090065086886615,10x212,0.03523559999302961,22,0.029480598900626313,0.43036098647934407,15,0.20669012431104788,0.15754436753486586,10,0.3003223110286996,0.1418269057275076
114,22-15-10,3,0.21412751352156667,10x212,0.0422895000083372,22,0.027166781914939955,0.4228963123995334,15,0.16530384446161533,0.10725788264232156,10,0.31374468453600407,0.10230235771394855
115,22-15-10,3,0.23531015224584115,10x212,0.03284719999646768,22,0.028934351460131763,0.42287156505795503,15,0.218605900004659,0.09453214736552223,10,0.3926368935271492,0.08038094680090789
116,22-15-10,3,0.2061854340927366,10x212,0.0355291000159923,22,0.027525735156850417,0.47127231328323343,15,0.19979969981384144,0.17514021178352787,10,0.2867664821014801,0.13752716061182185
117,22-15-10,3,0.2497060506648409,10x212,0.036722099990583956,22,0.03156459770183182,0.4280614041952039,15,0.1670548066256755,0.10202513039802638,10,0.3763498671515985,0.06893468458258165
118,22-15-10,3,0.2527532812898469,10x212,0.04825729998992756,22,0.028778267195946346,0.43576548678294125,15,0.17363830330649027,0.11220442141463893,10,0.3682492640173319,0.07670082369943529
119,22-15-10,3,0.22621042653689052,10x212,0.04549729998689145,22,0.028739959508467066,0.45206043391814227,15,0.202900574560999,0.16057702201972215,10,0.33863028988234695,0.11027150073432582
120,22-15-10,3,0.22640558196118546,10x212,0.03363970000646077,22,0.034409409250898075,0.42619524993768243,15,0.20129542475318937,0.12563289007340758,10,0.3033530551355391,0.08273539337193525
121,22-15-10,3,0.22294871862730398,10x212,0.04099340000539087,22,0.032876028702180794,0.4458948759141614,15,0.21518565392985103,0.13362295062539986,10,0.385360850115968,0.08773959941834546
122,22-15-10,3,0.24480510682956352,10x212,0.05157139999209903,22,0.02963729086015925,0.44424974444808984,15,0.18890748904302776,0.11124446217971544,10,0.3185202620986795,0.10001055255034114
123,22-15-10,3,0.21091985532577748,10x212,0.03355689998716116,22,0.029738156518724298,0.42715935211908584,15,0.18835363827967372,0.13353816210644956,10,0.3482096453089509,0.09886511601592486
124,22-15-10,3,0.20489920163134318,10x212,0.04277230001753196,22,0.03208408212150306,0.42002691090985633,15,0.1712127671336386,0.14221794103192248,10,0.2973503625313977,0.08677482687288544
125,22-15-10,3,0.2015142697942658,10x212,0.04192909999983385,22,0.03604759468046412,0.4423887191018627,15,0.13707410419488836,0.1444671620013963,10,0.324551059409698,0.07261308624515939
126,22-15-10,3,0.22309904830931815,10x212,0.039526899985503405,22,0.028442429096796683,0.43239085075560596,15,0.15735338960936027,0.1296542572524147,10,0.31149897036415763,0.051361328468687004
127,22-15-10,3,0.2423524263556332,10x212,0.04056920000584796,22,0.02747999464930358,0.46372852336978715,15,0.1788456608864287,0.17262870794360852,10,0.2812113990581387,0.1192586812660286
128,22-15-10,3,0.21467267401400647,10x212,0.034375399991404265,22,0.03433110015209236,0.41499284429525907,15,0.16136637349642075,0.12887404170312533,10,0.3546664106025885,0.0629887574504544
129,22-15-10,3,0.2379228157369337,10x212,0.045014700008323416,22,0.031059065906624786,0.43374724777859636,15,0.19442571455886015,0.12767454967477773,10,0.336755210878434,0.07486759821772634
130,22-15-10,3,0.19360289331762678,10x212,0.036365300009492785,22,0.03581913580946019,0.44621583687071953,15,0.17676121504867728,0.11790283551246708,10,0.2795161314226005,0.06330143792669583
131,22-15-10,3,0.19652046315683713,10x212,0.034098600008292124,22,0.03399568736998319,0.41081459683023946,15,0.1447221154559621,0.12687146188600384,10,0.23124405624241942,0.08870412750515506
132,22-15-10,3,0.25417558327901163,10x212,0.0391282000055071,22,0.03107578343064017,0.3940483626782277,15,0.18215251852901576,0.12296974706384713,10,0.3525964406111645,0.06576719361023872
133,22-15-10,3,0.20615780159732455,10x212,0.04169069998897612,22,0.032615038868419634,0.3943894886198878,15,0.144204127034359,0.11569851856367051,10,0.28029406125228234,0.05535880233377137
134,22-15-10,3,0.22864560768853173,10x212,0.056205600005341694,22,0.033136185745434546,0.3844850203986495,15,0.1300428641132003,0.1327877145782057,10,0.26066557596800594,0.07146007913298327
135,22-15-10,3,0.18083669540798036,10x212,0.035117599996738136,22,0.029188351710744177,0.4000555917290106,15,0.13700509316838846,0.08587657511942606,10,0.2872135442587115,0.02859049473227144
136,22-15-10,3,0.19828014692404672,10x212,0.03732609999133274,22,0.03101318317617759,0.4036987484882925,15,0.19916358187951444,0.0959264182685305,10,0.31449533586197287,0.04679194851187255
137,22-15-10,3,0.2204279769145533,10x212,0.03812650000327267,22,0.0353292326108369,0.4120177038634428,15,0.14829642732233966,0.11461127561008116,10,0.25109744005117385,0.04456600957416453
138,22-15-10,3,0.21179367453184586,10x212,0.04390640000929125,22,0.03181272005312328,0.396820750890817,15,0.13164049843318684,0.10799394500012334,10,0.2612898607808885,0.044221441893970086
139,22-15-10,3,0.22681926336240207,10x212,0.04152940001222305,22,0.030388929206901477,0.4073324678679858,15,0.18456395070677964,0.10957652212274273,10,0.3806089846307024,0.050285870349665314
140,22-15-10,3,0.20569545977666098,10x212,0.04639770000358112,22,0.031738051226082385,0.41279358202581357,15,0.1545678115273245,0.16064493546381492,10,0.27148530797351583,0.0931583338499668
141,22-15-10,3,0.2042201639860644,10x212,0.046159899997292086,22,0.03405859698951391,0.4368797721983504,15,0.1478550421008256,0.12008946364313117,10,0.2503211372028747,0.048811006392898655
142,22-15-10,3,0.20830663761665347,10x212,0.04371220001485199,22,0.03332354684698967,0.42055016466205186,15,0.16466580377673953,0.10746547131419174,10,0.29909017047254266,0.05688704330273232
143,22-15-10,3,0.21042338862773763,10x212,0.04428530001314357,22,0.03111645395543041,0.39660958430140897,15,0.1605450549909852,0.11999184975813479,10,0.26636648336820595,0.04978142439266409
144,22-15-10,3,0.228827294562052,10x212,0.03532319999067113,22,0.030378265012548165,0.4283258826872667,15,0.19736642329416726,0.13086305241550633,10,0.3196565859269702,0.06747737176549294
145,22-15-10,3,0.2070273290034861,10x212,0.042881499975919724,22,0.03135823553344731,0.4298860587387659,15,0.17453621973931668,0.13808264998223374,10,0.35197059489176963,0.06579105712300758
146,22-15-10,3,0.2029302319118105,10x212,0.05090019997442141,22,0.031147165835427308,0.39979609867817323,15,0.1410861645692222,0.12150681687789067,10,0.2896230035866991,0.05730782319216048
147,22-15-10,3,0.22326537034889196,10x212,0.047554299992043525,22,0.02811053235930333,0.3982298484488819,15,0.16322409504161167,0.10878364142290949,10,0.33793977217547916,0.06561493846262144
148,22-15-10,3,0.18958967497145676,10x212,0.04495159999351017,22,0.031952266634902186,0.4369326953714466,15,0.15857933065030771,0.11936761847520704,10,0.271141022422519,0.05439781287508494
149,22-15-10,3,0.19177187008738433,10x212,0.048800399992614985,22,0.03402697740698168,0.4377626854021244,15,0.1679753745251104,0.12062333802255666,10,0.3476719976519454,0.053193026645532084
150,22-15-10,3,0.22008683416520022,10x212,0.0412038000067696,22,0.030598447412406794,0.4292319719562904,15,0.17723460851871922,0.16865200811040068,10,0.30389020476188755,0.07924525500143191
151,22-15-10,3,0.24401343074322937,10x212,0.038644200016278774,22,0.029960779918776954,0.39902755438239906,15,0.1761505008252844,0.12566455051939826,10,0.34754073550993786,0.07393025373234155
152,22-15-10,3,0.2144708067645923,10x212,0.03614919999381527,22,0.035461869910740754,0.4010015292564277,15,0.1654211497774457,0.10822877237877686,10,0.30254691528022837,0.05108595650908044
153,22-15-10,3,0.2417639497183294,10x212,0.04594280000310391,22,0.029230588274099634,0.3763734071843344,15,0.17861471732668424,0.10682645925611059,10,0.2960914371260302,0.045950361915547175
154,22-15-10,3,0.2193073728773244,10x212,0.04036630000337027,22,0.03208558755943232,0.3863940458964622,15,0.18951131069706784,0.10003465570690842,10,0.3163488131580949,0.041867706800752705
155,22-15-10,3,0.20877080832630174,10x212,0.033742600004188716,22,0.02806836651855315,0.39901646181102823,15,0.18190000635225695,0.11447344990960594,10,0.2819449619991474,0.05538836204181968
156,22-15-10,3,0.21362182193304005,10x212,0.03956939998897724,22,0.03931764752146815,0.4078342378009016,15,0.12880529816573133,0.17322666373681353,10,0.25292165104010095,0.07302571181197717
157,22-15-10,3,0.2275425812110546,10x212,0.04359580000163987,22,0.039880054206823425,0.37201310049139963,15,0.1963702587285116,0.1925301257383071,10,0.34324951687557526,0.16068069269904403
158,22-15-10,3,0.23817482692193626,10x212,0.04318460001377389,22,0.036936210894195194,0.4018873068518927,15,0.23483349003144802,0.15874330631046701,10,0.33372823763557224,0.12783215208884965
159,22-15-10,3,0.24700023538301139,10x212,0.05786670002271421,22,0.037161292190045866,0.3752470163407184,15,0.23368949118981625,0.17431498245938218,10,0.364983473730293,0.14128914438264106
160,22-15-10,3,0.24174329757181165,10x212,0.04855479998514056,22,0.03736708967670917,0.3868612378902519,15,0.2202844224484897,0.1998170584578808,10,0.3492014400806376,0.15753620340529909
161,22-15-10,3,0.28268210473013183,10x212,0.03577220000443049,22,0.03760761616551567,0.3821625320898976,15,0.22355189677232046,0.1343538074415955,10,0.37366509520623853,0.11473554560556046
162,22-15-10,3,0.2328456879701894,10x212,0.033264300000155345,22,0.043408423041018475,0.40768705450410836,15,0.1867789950335292,0.1408937272377671,10,0.3721582215575785,0.11292787365834739
163,22-15-10,3,0.23475015060350352,10x212,0.03779969998868182,22,0.04332702325975276,0.4079527624462043,15,0.22790602195232976,0.16769953790346398,10,0.3240207566483091,0.12555778800720055
164,22-15-10,3,0.2194840548056119,10x212,0.03578520001610741,22,0.03810931190187783,0.38091425163922843,15,0.18991428701756594,0.18448576883838325,10,0.2780558255149107,0.1260527492233783
165,22-15-10,3,0.25948651364688446,10x212,0.034987399994861335,22,0.04523246248091566,0.37287151458111506,15,0.22722670633724013,0.12755945000521535,10,0.4035220223141561,0.11240113401647321
166,22-15-10,3,0.25457583531840944,10x212,0.03630850001354702,22,0.03638452629410994,0.374887490719076,15,0.21928532076348164,0.16693955813001957,10,0.38116201264643523,0.13828716061716834
167,22-15-10,3,0.2580179080360223,10x212,0.03802380000706762,22,0.045215348069583515,0.4028648438868561,15,0.2508531582271629,0.1509812028254603,10,0.37034734518238194,0.1164864251277067
168,22-15-10,3,0.24265647002273413,10x212,0.04836440001963638,22,0.03972699664021888,0.38096894371625134,15,0.19479835943230722,0.1463114469464948,10,0.3861219177298205,0.09268645036472047
169,22-15-10,3,0.2856933807061549,10x212,0.0343212999869138,22,0.04313955880453977,0.3711712697317023,15,0.2142581567105551,0.16422676125726154,10,0.35268501760788284,0.17037382604392085
170,22-15-10,3,0.23737212442319924,10x212,0.03563879997818731,22,0.039572478864910436,0.3540606722389795,15,0.17406762727019415,0.14665155302821486,10,0.3266958599973755,0.13128661346836737
171,22-15-10,3,0.21779512970521508,10x212,0.036129699990851805,22,0.044077743277720925,0.3870538270892517,15,0.21824524301220158,0.15676615968946067,10,0.28333791110880807,0.11732531742602922
172,22-15-10,3,0.2575270346381834,10x212,0.03780160000314936,22,0.04557083530866657,0.421745689613082,15,0.22145481096224423,0.18533867578386498,10,0.3976927812184566,0.16852404255044465
173,22-15-10,3,0.24111483191321317,10x212,0.04077670001424849,22,0.03661854359435639,0.38802445265673313,15,0.23392790600796853,0.17084629325956974,10,0.3836767874437626,0.15577956064983065
174,22-15-10,3,0.22268812322000225,10x212,0.04164670000318438,22,0.04157002958183559,0.41344530678249486,15,0.1916303196320419,0.19010576949746916,10,0.34073025991369504,0.14602112222285715
175,22-15-10,3,0.2539588305451656,10x212,0.03841790001024492,22,0.046469300024502204,0.37578847011788435,15,0.22649832604784928,0.15379284373621352,10,0.3775023466092739,0.11132065014950596
176,22-15-10,3,0.25236027632782,10x212,0.042750799999339506,22,0.03948278144312253,0.35867216176259104,15,0.22162751734538882,0.13218788965411346,10,0.3409957244216256,0.10567410416927385
177,22-15-10,3,0.22767191104143336,10x212,0.03785969997989014,22,0.04259868624328655,0.36258625118492993,15,0.2213903390001608,0.14710319878925696,10,0.37185069038467844,0.11745511381363663
178,22-15-10,3,0.2923426251412313,10x212,0.03340429998934269,22,0.04260396684808157,0.3734818773736718,15,0.22635541397111236,0.13063718945103472,10,0.3900200877619618,0.09918859068391472
179,22-15-10,3,0.23523887609094246,10x212,0.041281300014816225,22,0.04299058768233752,0.38883901227960294,15,0.18979900710337919,0.14552535465549846,10,0.37495082755349046,0.12147581337574513
180,22-15-10,3,0.23718517460132257,10x212,0.04439039999851957,22,0.03763339854663554,0.3763183864023497,15,0.2165174633369392,0.16966879228906884,10,0.36331779732019864,0.12733947137468266
181,22-15-10,3,0.24868952165411048,10x212,0.03666260000318289,22,0.039562684182032765,0.3895391391439658,15,0.20986943492509025,0.16115535452718732,10,0.40215876222707675,0.14224985293928455
182,22-15-10,3,0.2543783600287914,10x212,0.03465460002189502,22,0.039424690868577944,0.3703396881510583,15,0.2075489910026659,0.14801673436925578,10,0.3590864984393473,0.1364910483736211
183,22-15-10,3,0.24436875970599753,10x212,0.046638699976028875,22,0.041727243988096054,0.37700271703471533,15,0.23501295898879304,0.15471063547265249,10,0.37836231210005516,0.12638075701237508
184,22-15-10,3,0.22179576950546,10x212,0.050415200006682426,22,0.03712869226633025,0.39750137015856457,15,0.20627101991541866,0.16263365355313633,10,0.350019213778677,0.13068005481028996
185,22-15-10,3,0.2462161947758707,10x212,0.04340520000550896,22,0.04038668121883246,0.3834696987540611,15,0.24676582580040257,0.16821766988999595,10,0.3544744068216969,0.14543514240387773
186,22-15-10,3,0.2390902952377838,10x212,0.03649669999140315,22,0.03526616243130276,0.3854370064853556,15,0.23161106235212517,0.14786864407961736,10,0.3144674178372597,0.11934265747729408
187,22-15-10,3,0.24474243121246972,10x212,0.03370479997829534,22,0.04674020810211214,0.39186297911950485,15,0.237022557130564,0.19292227334531253,10,0.3505409938979467,0.1697334735340362
188,22-15-10,3,0.2451784020959742,10x212,0.0363292999973055,22,0.040151193104208775,0.3602456463842486,15,0.2009320320507697,0.1766008084149263,10,0.3681465213864411,0.09248149392440452
189,22-15-10,3,0.24283574662360857,10x212,0.038658700010273606,22,0.040720211081909645,0.36809654645576834,15,0.24551782528511149,0.14334535984030333,10,0.353475964708177,0.11594311746707534
190,22-15-10,3,0.238569353000642,10x212,0.038109200017061085,22,0.041254832249129146,0.397553511942118,15,0.2091792623677916,0.1995132689931259,10,0.3453380293359934,0.1478393230607199
191,22-15-10,3,0.2292527017599051,10x212,0.04531180000049062,22,0.043992403219371666,0.38603237567367665,15,0.18572781119448686,0.11313558798779767,10,0.3333588329149028,0.0843673515714236
192,22-15-10,3,0.24171565949114454,10x212,0.03849229999468662,22,0.037421580525781095,0.40215660630097166,15,0.22922785700281698,0.14817249950511646,10,0.3629940889719576,0.12516067911021458
193,22-15-10,3,0.2399785442802279,10x212,0.040322499989997596,22,0.030516553483810892,0.35581791822839154,15,0.1719605263260299,0.11879867155429975,10,0.2949653188485446,0.05547845611563317
194,22-15-10,3,0.25143153516678046,10x212,0.05455850000726059,22,0.04094194329162753,0.34207144910305265,15,0.15962891109368915,0.09799790878025005,10,0.2926955696333843,0.046037081827075936
195,22-15-10,3,0.2433920784376205,10x212,0.034733999986201525,22,0.03583845828877328,0.3533027978526614,15,0.14908792841944674,0.12128413339476919,10,0.27343458771648926,0.060139456454589436
196,22-15-10,3,0.23702213324305274,10x212,0.04472679999889806,22,0.035779810695692416,0.3043909127841564,15,0.16395307052611885,0.11452468268833862,10,0.3181405228175318,0.05539227478440751
197,22-15-10,3,0.26241669111392535,10x212,0.04760660001193173,22,0.040411825660800794,0.36523565625877175,15,0.15759063046627927,0.14252460580849105,10,0.35365649395439336,0.10637587294885023
198,22-15-10,3,0.23700076850244273,10x212,0.0371451000100933,22,0.0372094163104869,0.4013699066801295,15,0.16855094924369615,0.09834756157383932,10,0.3447529137879957,0.051336378421492926
199,22-15-10,3,0.2628930880386844,10x212,0.03482920001260936,22,0.035647349809080534,0.34102144238242355,15,0.15200660833028062,0.09868921459631275,10,0.34966882048850934,0.03447613461043242
200,22-15-10,3,0.26246988957840006,10x212,0.03787829997600056,22,0.07036774544352678,0.2910796700910869,15,0.28529456948195414,0.19139902764337555,10,0.3360940106520438,0.1659460463244181
201,22-15-10,3,0.2694573985739145,10x212,0.040418999997200444,22,0.06507546582658197,0.32942574937783187,15,0.2841196421088427,0.18679925490066146,10,0.3894117397847751,0.17158885639799992
202,22-15-10,3,0.26802851427038166,10x212,0.04361699998844415,22,0.06846446411723385,0.30517302601871926,15,0.2678247378193995,0.19794360383512236,10,0.3965774488803435,0.1800611244424138
203,22-15-10,3,0.2652966606869987,10x212,0.04280969998217188,22,0.06351045377492452,0.32151874066834046,15,0.2655145116899622,0.18081107485160341,10,0.37550229759756626,0.1754246352338387
204,22-15-10,3,0.27247980243766773,10x212,0.040681300015421584,22,0.06874561012252063,0.30381122374151687,15,0.22663811723697969,0.18739094721598532,10,0.3424534982561812,0.17614994129450776
205,22-15-10,3,0.2795270291940004,10x212,0.03957230001105927,22,0.06185216482922778,0.29748311103972297,15,0.24151918927390462,0.17657193496766807,10,0.4213896655949759,0.16762095085945916
206,22-15-10,3,0.2857581829708621,10x212,0.042340299987699836,22,0.06374330850977174,0.2724146546265835,15,0.32212231828897353,0.15712296972447914,10,0.4010274608684844,0.14000946481296364
207,22-15-10,3,0.27326972580649894,10x212,0.03828950002207421,22,0.06499493027576358,0.29343014132940204,15,0.2866148538659789,0.1865511718344257,10,0.402355987727021,0.17588834312204796
208,22-15-10,3,0.29337760809323427,10x212,0.04460029999609105,22,0.05978460732749283,0.2800984386573003,15,0.2588817998548111,0.12942354361300965,10,0.40943336310815054,0.13851053454917234
