indice_interno,base,clase,archivo,distribucion,representacion,numero_capas,inicializacion_onmf,error_final,forma_h_final,segundos_extraccion_deep,capa_1_rango,capa_1_error,capa_1_ortogonalidad_h,capa_1_segundos,capa_2_rango,capa_2_error,capa_2_ortogonalidad_h,capa_2_segundos,capa_3_rango,capa_3_error,capa_3_ortogonalidad_h,capa_3_segundos,capa_4_rango,capa_4_error,capa_4_ortogonalidad_h,capa_4_segundos
0,SNR_0db,N,New_N_001.wav,22-12-7-4,DeepONMF_H4,4,nndsvd,0.40207333080091284,4x212,0.035122199915349483,22,0.25263824233077364,0.2922666493049764,0.023849699995480478,12,0.20157189943135315,0.3021832823808823,0.004108899971470237,7,0.1671618891639929,0.3175108425342931,0.003672999911941588,4,0.14932478948891184,0.3079403115806517,0.002463500015437603
1,SNR_0db,N,New_N_002.wav,22-12-7-4,DeepONMF_H4,4,nndsvd,0.39323907217731097,4x212,0.03412109997589141,22,0.2507617647701938,0.30968647029596197,0.02252329990733415,12,0.18450190085611962,0.32305014385379904,0.004310299991630018,7,0.16160365019384929,0.3384953396657505,0.0037609999999403954,4,0.14482396236761488,0.3116080599923099,0.002468600054271519
2,SNR_0db,N,New_N_003.wav,22-12-7-4,DeepONMF_H4,4,nndsvd,0.4017727987032942,4x212,0.03251120005734265,22,0.25549438456217055,0.3014726100463527,0.021710500004701316,12,0.1874673879070461,0.3140488708270852,0.004215199965983629,7,0.16164373332343585,0.31732553790776385,0.0033656000159680843,4,0.14790362704794616,0.29898139738970714,0.002392199938185513
3,SNR_0db,N,New_N_004.wav,22-12-7-4,DeepONMF_H4,4,nndsvd,0.4012190559931298,4x212,0.033793100039474666,22,0.2556462602945261,0.30718806718634867,0.022611899999901652,12,0.19364163108983695,0.3324430343687397,0.004245799966156483,7,0.16553515373911362,0.323060539375524,0.0035525000421330333,4,0.14782335732370483,0.30036921690291457,0.002522700000554323
4,SNR_0db,N,New_N_005.wav,22-12-7-4,DeepONMF_H4,4,nndsvd,0.39551050280501243,4x212,0.033000599942170084,22,0.25258744654451476,0.3016424225784472,0.0218688000459224,12,0.1903643403588952,0.3041883362224318,0.004108300083316863,7,0.16316031835470451,0.32636001645327406,0.003686400013975799,4,0.14707739018522395,0.3140769512890474,0.002388700027950108
5,SNR_0db,N,New_N_006.wav,22-12-7-4,DeepONMF_H4,4,nndsvd,0.4007152027758492,4x212,0.033831499982625246,22,0.2536618113457055,0.3036357725168397,0.022254500072449446,12,0.19690765903436844,0.30996898961291103,0.004976500058546662,7,0.16940508334241886,0.31681923516011795,0.003357499954290688,4,0.1470078995985927,0.2747040055880003,0.0023892000317573547
6,SNR_0db,N,New_N_007.wav,22-12-7-4,DeepONMF_H4,4,nndsvd,0.41394724395539023,4x212,0.03301899996586144,22,0.25394794491234124,0.30599522555379605,0.02203760005068034,12,0.19060071089737438,0.3096888677740547,0.004340199986472726,7,0.16983611312941002,0.30202183479604294,0.0033675000304356217,4,0.15792560093503846,0.2777180310776388,0.002333099953830242
7,SNR_0db,N,New_N_008.wav,22-12-7-4,DeepONMF_H4,4,nndsvd,0.41003508814879225,4x212,0.03340840002056211,22,0.24939915149968328,0.30084587969038706,0.021717599942348897,12,0.1966441367469066,0.30589283980942084,0.004167300066910684,7,0.16732445997197842,0.31258574425988844,0.003911300096660852,4,0.15644547839627443,0.2759385521147866,0.002559599932283163
8,SNR_0db,N,New_N_009.wav,22-12-7-4,DeepONMF_H4,4,nndsvd,0.4104830804953503,4x212,0.037882299977354705,22,0.25192257488126985,0.30020475153934134,0.025371599942445755,12,0.19148035350880777,0.31731429949400464,0.005275499890558422,7,0.16588848727547054,0.31493448593033646,0.0035346999065950513,4,0.15764619871676022,0.29822734075664215,0.0026496000355109572
9,SNR_0db,N,New_N_010.wav,22-12-7-4,DeepONMF_H4,4,nndsvd,0.4081681070973798,4x212,0.03864719998091459,22,0.25315283678182643,0.3010048699811866,0.026331900036893785,12,0.193415074995792,0.3107171304854707,0.004843700095079839,7,0.16730860236234174,0.33651135496386775,0.0034911000402644277,4,0.15831421796986947,0.31675028181172366,0.002629399998113513
10,SNR_0db,N,New_N_011.wav,22-12-7-4,DeepONMF_H4,4,nndsvd,0.40636269406384856,4x212,0.039369499892927706,22,0.2528663580088993,0.30695929525524823,0.026717500062659383,12,0.19367847284264741,0.3085909345052327,0.004756700014695525,7,0.16535615510892346,0.3130173919455852,0.0040914000710472465,4,0.15190739466958572,0.28434069868207007,0.002787900040857494
11,SNR_0db,N,New_N_012.wav,22-12-7-4,DeepONMF_H4,4,nndsvd,0.4033040498056806,4x212,0.03862529993057251,22,0.25508544364546,0.29836378754673787,0.0260495999827981,12,0.19401942715370987,0.29587937252801894,0.005375799955800176,7,0.16818563412227744,0.30861506439781355,0.00357960001565516,4,0.14958296197581686,0.30447452434904515,0.002625900087878108
12,SNR_0db,N,New_N_013.wav,22-12-7-4,DeepONMF_H4,4,nndsvd,0.40609576296185634,4x212,0.037033700034953654,22,0.2508400217658826,0.30965730497524013,0.025533300009556115,12,0.1929163915062807,0.31663462781823437,0.004711100016720593,7,0.16346002052294623,0.31893276695981715,0.00335750007070601,4,0.15437145585743675,0.29580837681444777,0.0025415999116376042
13,SNR_0db,N,New_N_014.wav,22-12-7-4,DeepONMF_H4,4,nndsvd,0.4008794668992715,4x212,0.040352300042286515,22,0.24930752124380873,0.30310079426259573,0.027353800018317997,12,0.19273602710836224,0.3158586143122385,0.004940000013448298,7,0.16279250646442653,0.3147972809642783,0.003349500009790063,4,0.15161571332893636,0.33250950290958925,0.003615099936723709
14,SNR_0db,N,New_N_015.wav,22-12-7-4,DeepONMF_H4,4,nndsvd,0.411933030076941,4x212,0.035534200025722384,22,0.2592768852152813,0.2991464440643978,0.02391470002476126,12,0.19907049574475058,0.3128652760457553,0.0045022000558674335,7,0.16691911236974158,0.3200859642574125,0.0036847000010311604,4,0.14677426604269825,0.31993096742488275,0.0025130000431090593
15,SNR_0db,N,New_N_016.wav,22-12-7-4,DeepONMF_H4,4,nndsvd,0.4009567100222353,4x212,0.03409820003435016,22,0.2575627306698234,0.2969566237755425,0.02232500002719462,12,0.1939819859717095,0.30007386464927366,0.00497049989644438,7,0.16558518603861058,0.29862430770859105,0.003429899923503399,4,0.14918574369848495,0.2884308946059342,0.0024252999573946
16,SNR_0db,N,New_N_017.wav,22-12-7-4,DeepONMF_H4,4,nndsvd,0.4051455409655495,4x212,0.03489340003579855,22,0.25823245451634835,0.3045643096495685,0.022532799979671836,12,0.2000444034247023,0.32457041518139057,0.005649000057019293,7,0.17032763181722768,0.3230146550272177,0.0031905999640002847,4,0.1568438027515905,0.2977079334175614,0.002310600015334785
17,SNR_0db,N,New_N_018.wav,22-12-7-4,DeepONMF_H4,4,nndsvd,0.41024347516914816,4x212,0.03257929999381304,22,0.2558695881006244,0.3020305908115446,0.021213799947872758,12,0.19256968442213432,0.29482269696702834,0.004947199951857328,7,0.16653441332776311,0.3012502146948161,0.0030843999702483416,4,0.15619806494478367,0.30278874191855004,0.0022982999216765165
18,SNR_0db,N,New_N_019.wav,22-12-7-4,DeepONMF_H4,4,nndsvd,0.39931888758404865,4x212,0.03426530002616346,22,0.254164475852854,0.3009408871989694,0.02299620001576841,12,0.19087908956727168,0.30763305193230056,0.0046428999630734324,7,0.16499643262648925,0.31598713714290694,0.0031429999507963657,4,0.14878230788271926,0.26800979927481744,0.002344900043681264
19,SNR_0db,N,New_N_020.wav,22-12-7-4,DeepONMF_H4,4,nndsvd,0.40477599355096583,4x212,0.03490690002217889,22,0.2556608940859069,0.30341205295322726,0.022437999956309795,12,0.18758876978095074,0.29585671231072996,0.005541500053368509,7,0.16881560422820405,0.3106307398853638,0.0030622000340372324,4,0.1470898608611797,0.2965385357286323,0.0022551000583916903
20,SNR_0db,N,New_N_021.wav,22-12-7-4,DeepONMF_H4,4,nndsvd,0.39547751326742636,4x212,0.03534689999651164,22,0.25056060219238163,0.306365641895614,0.02472230000421405,12,0.19389688554425552,0.3219766950918959,0.004175400012172759,7,0.16382462104887485,0.3121170692900851,0.0031042000045999885,4,0.14659379103362127,0.27117171083225106,0.002244700095616281
21,SNR_0db,N,New_N_022.wav,22-12-7-4,DeepONMF_H4,4,nndsvd,0.40359212041625486,4x212,0.03394059999845922,22,0.2556707161504516,0.309280718017042,0.023357099969871342,12,0.19291669261496638,0.3151545591469208,0.004147200030274689,7,0.16827330493315626,0.3203610074907942,0.003034599940292537,4,0.14863092053218135,0.2910733996661596,0.0022404000628739595
22,SNR_0db,N,New_N_023.wav,22-12-7-4,DeepONMF_H4,4,nndsvd,0.39516507582260935,4x212,0.03451809997204691,22,0.24972745985888734,0.3054808051143043,0.023992300033569336,12,0.188735899040225,0.3115101466476126,0.004054800025187433,7,0.1634695490067401,0.321814427511071,0.0029915000777691603,4,0.1513293833269758,0.2880457583429862,0.0025560000212863088
23,SNR_0db,N,New_N_024.wav,22-12-7-4,DeepONMF_H4,4,nndsvd,0.40308043763454543,4x212,0.03412729990668595,22,0.2562963482452494,0.3043606895915605,0.02379470004234463,12,0.18949230069861783,0.3121485180175287,0.004133799928240478,7,0.16656395061096566,0.3098801078829213,0.0030317000346258283,4,0.14919576926862738,0.29596819974298805,0.0022483000066131353
24,SNR_0db,N,New_N_025.wav,22-12-7-4,DeepONMF_H4,4,nndsvd,0.4050824647768785,4x212,0.03317900002002716,22,0.2549089870547942,0.3058274112463329,0.022475400008261204,12,0.19629696971951938,0.301531867419485,0.00420930003747344,7,0.17140284439898193,0.3077948424465222,0.0030380000825971365,4,0.15435215147818804,0.31869943900923287,0.0023758000461384654
25,SNR_0db,N,New_N_026.wav,22-12-7-4,DeepONMF_H4,4,nndsvd,0.3989694352824659,4x212,0.03567420004401356,22,0.25321718549127215,0.31881027939890333,0.02468789997510612,12,0.1978629819679068,0.31848780912536157,0.00444769999012351,7,0.16736126196608025,0.32757156737051574,0.002990199951454997,4,0.1538086344275398,0.3122969425796122,0.002660800004377961
26,SNR_0db,N,New_N_027.wav,22-12-7-4,DeepONMF_H4,4,nndsvd,0.40147262266725336,4x212,0.03577029996085912,22,0.25271004607876785,0.2999068182422972,0.023220199975185096,12,0.18895481918885623,0.3079427549020468,0.004073600051924586,7,0.1643318100103941,0.30433414974616374,0.0037314000073820353,4,0.15366851310619126,0.3049967434946721,0.0037440999876707792
27,SNR_0db,N,New_N_028.wav,22-12-7-4,DeepONMF_H4,4,nndsvd,0.4162242386583367,4x212,0.03675100009422749,22,0.2541355997580539,0.3065602462143814,0.024431099998764694,12,0.193568264811817,0.3194758259598166,0.00478259997908026,7,0.16125990045268848,0.3090211232123669,0.004077599965967238,4,0.14879675803053702,0.29801721222577254,0.00262379995547235
28,SNR_0db,N,New_N_029.wav,22-12-7-4,DeepONMF_H4,4,nndsvd,0.4183881982761611,4x212,0.03475210000760853,22,0.25911472805389035,0.29143403431670845,0.02333820005878806,12,0.20201340715835062,0.30440688321250087,0.004953600000590086,7,0.16691636975892288,0.31833327799953687,0.0032668999629095197,4,0.14994913436842963,0.28813218976854765,0.0023671999806538224
29,SNR_0db,N,New_N_030.wav,22-12-7-4,DeepONMF_H4,4,nndsvd,0.394650727631175,4x212,0.0340054000262171,22,0.251789042513723,0.3032372726029133,0.022433299920521677,12,0.1924361025900755,0.3176047864948116,0.0046651000156998634,7,0.1659366598085601,0.3397807028202019,0.003123199916444719,4,0.14558085983489713,0.2993161003690614,0.002301099942997098
30,SNR_0db,N,New_N_031.wav,22-12-7-4,DeepONMF_H4,4,nndsvd,0.4037672762670435,4x212,0.03590369992889464,22,0.2547849318565051,0.3019088239293652,0.024507800000719726,12,0.191731002922796,0.30717423952269945,0.004890199983492494,7,0.1662759087497445,0.2968157781338586,0.0030890998896211386,4,0.15449041401451177,0.3034265553668098,0.0022764999885112047
31,SNR_0db,N,New_N_032.wav,22-12-7-4,DeepONMF_H4,4,nndsvd,0.3992133810876566,4x212,0.03472300001885742,22,0.25287485451923986,0.3093855984829538,0.02245359995868057,12,0.19451727078036976,0.31973718478310087,0.005296099931001663,7,0.16687192203368956,0.3190631292670348,0.003065899945795536,4,0.14697944824148212,0.2846801165365268,0.002283399924635887
32,SNR_0db,N,New_N_033.wav,22-12-7-4,DeepONMF_H4,4,nndsvd,0.4051465407108692,4x212,0.03490810003131628,22,0.2530908317945261,0.3068731514222734,0.02481840003747493,12,0.19639757453706025,0.3050923074135202,0.004015900078229606,7,0.16852937621238506,0.3262283349139026,0.002978099975734949,4,0.14758807957034786,0.2946362040941581,0.0022817000281065702
33,SNR_0db,N,New_N_034.wav,22-12-7-4,DeepONMF_H4,4,nndsvd,0.4039735012909329,4x212,0.03386670001782477,22,0.25256469467894116,0.3070508771350657,0.023553899955004454,12,0.19466966075432798,0.31084794258019943,0.004149000043980777,7,0.1655519657950793,0.30790967043483086,0.003013000008650124,4,0.1528384612878324,0.2875897665359934,0.0022625999990850687
34,SNR_0db,N,New_N_035.wav,22-12-7-4,DeepONMF_H4,4,nndsvd,0.4078329952834565,4x212,0.0349364000139758,22,0.2536752756862952,0.30066233845965357,0.024260599981062114,12,0.1923110023828734,0.30557665704547515,0.004074700060300529,7,0.16489752022778412,0.3015267261137582,0.0030078000854700804,4,0.1543795594919549,0.2963979891452293,0.0022211000323295593
35,SNR_0db,N,New_N_036.wav,22-12-7-4,DeepONMF_H4,4,nndsvd,0.3950279567210048,4x212,0.03293620003387332,22,0.25243584970892136,0.30533098882882154,0.022129899938590825,12,0.19674494616767163,0.32183399598206297,0.004180900054052472,7,0.16084485605018156,0.31805382019467326,0.003039900097064674,4,0.1490204685313096,0.31712708095491454,0.002252300037071109
36,SNR_0db,N,New_N_037.wav,22-12-7-4,DeepONMF_H4,4,nndsvd,0.33727463617750375,4x212,0.03486539993900806,22,0.18749668249798038,0.2985157986386294,0.02389840001706034,12,0.13422130478484542,0.290632431180248,0.004102100036107004,7,0.11873027401933238,0.28768144790294076,0.003106700023636222,4,0.10559008387124245,0.25428615379239927,0.0026897999923676252
37,SNR_0db,N,New_N_038.wav,22-12-7-4,DeepONMF_H4,4,nndsvd,0.39833712401923893,4x212,0.03353939997032285,22,0.25112126619543135,0.30212214590750136,0.021854399936273694,12,0.1929720056416141,0.30308576330481046,0.004393600043840706,7,0.1646016450857549,0.2932964923517159,0.003106100019067526,4,0.15339986460640065,0.26503063479107175,0.002955000032670796
38,SNR_0db,N,New_N_039.wav,22-12-7-4,DeepONMF_H4,4,nndsvd,0.4028008104903443,4x212,0.03425640007480979,22,0.25594134472044033,0.29717044615976007,0.023256200016476214,12,0.19815204884133603,0.3145146712975653,0.004352099960669875,7,0.17281619724595745,0.3012957836421502,0.0031674999045208097,4,0.1567935586528316,0.26113440913914565,0.0025687000015750527
39,SNR_0db,N,New_N_040.wav,22-12-7-4,DeepONMF_H4,4,nndsvd,0.4005219444952307,4x212,0.03362619993276894,22,0.2544030538933587,0.2986731928775532,0.02231010003015399,12,0.1920429666014001,0.3124331976711533,0.004063899978064001,7,0.1643559033710622,0.29588981998090624,0.0031099000480026007,4,0.14739663414524673,0.24715932827819595,0.0028449000092223287
40,SNR_0db,N,New_N_041.wav,22-12-7-4,DeepONMF_H4,4,nndsvd,0.39733859151604123,4x212,0.03354629990644753,22,0.2514208527241462,0.3102232434546066,0.02245799999218434,12,0.18934318418218996,0.32612140879696894,0.004261700087226927,7,0.15421217165370252,0.32226036712622935,0.0032719000009819865,4,0.14178680366440308,0.3345015319788223,0.002654499956406653
41,SNR_0db,N,New_N_042.wav,22-12-7-4,DeepONMF_H4,4,nndsvd,0.40721099091024493,4x212,0.03417899995110929,22,0.2553342744608782,0.30274258194943976,0.023164100013673306,12,0.19403652690952436,0.31349548293476137,0.004385199979878962,7,0.1613960203794674,0.29543925571802393,0.0033041000133380294,4,0.1472558267308377,0.30056984193223363,0.002510800026357174
42,SNR_0db,N,New_N_043.wav,22-12-7-4,DeepONMF_H4,4,nndsvd,0.3924821668388809,4x212,0.03505170007701963,22,0.2471104706896669,0.30720743299716835,0.024181999964639544,12,0.18648908609328632,0.3259312913485058,0.004268200020305812,7,0.157210076261815,0.3352288723982197,0.0034055999713018537,4,0.13878347015000855,0.3141932549707751,0.0023794000735506415
43,SNR_0db,N,New_N_044.wav,22-12-7-4,DeepONMF_H4,4,nndsvd,0.40091244571753376,4x212,0.03414050000719726,22,0.2516228291281535,0.3174785084552827,0.02275330002885312,12,0.18459838370700107,0.33461405107026276,0.004490499966777861,7,0.15328269250707963,0.3312610164597299,0.0035856999456882477,4,0.14014189401001415,0.31817458033980134,0.0023450999287888408
44,SNR_0db,N,New_N_045.wav,22-12-7-4,DeepONMF_H4,4,nndsvd,0.3957385653180261,4x212,0.03287839994300157,22,0.24940823874137724,0.31360269819565345,0.021961000049486756,12,0.18780601123592083,0.3232042057846377,0.004107399960048497,7,0.15848496066527099,0.3411253851795837,0.0033265999518334866,4,0.1355620530279588,0.33045985463293365,0.00234219990670681
45,SNR_0db,N,New_N_046.wav,22-12-7-4,DeepONMF_H4,4,nndsvd,0.3948872597010251,4x212,0.03321779996622354,22,0.2455023401922343,0.30446277085885165,0.022029300103895366,12,0.18514438682797407,0.30799747368822755,0.004307499970309436,7,0.1593966352571308,0.32226722030527516,0.0035452001029625535,4,0.14153985143035286,0.3087059703208977,0.0023750000400468707
46,SNR_0db,N,New_N_047.wav,22-12-7-4,DeepONMF_H4,4,nndsvd,0.3928628176327152,4x212,0.035132599994540215,22,0.2477207163717519,0.3099005934056175,0.023764299927279353,12,0.1851286835750273,0.31893244485700173,0.004819600027985871,7,0.15865637713776884,0.33051146043057883,0.0032667999621480703,4,0.14376973168879173,0.358356124455723,0.0023273000260815024
47,SNR_0db,N,New_N_048.wav,22-12-7-4,DeepONMF_H4,4,nndsvd,0.397582982048775,4x212,0.033325400087051094,22,0.24765374188223818,0.30642786157450663,0.021497100009582937,12,0.18376868413253358,0.3248696021949513,0.005043599987402558,7,0.1565597814087511,0.34985669647232265,0.00339590001385659,4,0.13805563377855698,0.33008642710501696,0.0024318998912349343
48,SNR_0db,N,New_N_049.wav,22-12-7-4,DeepONMF_H4,4,nndsvd,0.3967154585935793,4x212,0.03335929999593645,22,0.25074058025343804,0.3039616486376746,0.022103499970398843,12,0.18948791661537043,0.3238112249490974,0.004734699963591993,7,0.16192729607319695,0.3542443832030725,0.003085999982431531,4,0.14260690630966266,0.3337129517054815,0.00229049997869879
49,SNR_0db,N,New_N_050.wav,22-12-7-4,DeepONMF_H4,4,nndsvd,0.40347353598435276,4x212,0.03145480004604906,22,0.2504405306148553,0.2993426776096858,0.020512199960649014,12,0.1868623175151936,0.31359061221198115,0.004263800103217363,7,0.16275264380116608,0.33103357804329847,0.0035146999871358275,4,0.14269398618251167,0.31006141411572113,0.00231109990272671
50,SNR_0db,N,New_N_051.wav,22-12-7-4,DeepONMF_H4,4,nndsvd,0.38890166446766655,4x212,0.031483600032515824,22,0.24727281878302615,0.29668021554185675,0.02061350003350526,12,0.18376125269493868,0.3172543838627409,0.0041646999306976795,7,0.1549160525409077,0.3226359417236545,0.0033894999651238322,4,0.14518615934496953,0.33572979372159334,0.0025268999161198735
51,SNR_0db,N,New_N_052.wav,22-12-7-4,DeepONMF_H4,4,nndsvd,0.39705223762847514,4x212,0.03234979999251664,22,0.25089800422313424,0.3091291990442583,0.021609999937936664,12,0.18822151746117702,0.33116625366675523,0.004280699999071658,7,0.15706114845371844,0.3324883531620297,0.003103800001554191,4,0.13938672736396068,0.31083285094640145,0.002604199922643602
52,SNR_0db,N,New_N_053.wav,22-12-7-4,DeepONMF_H4,4,nndsvd,0.4058068994695118,4x212,0.03254680009558797,22,0.25347563256553063,0.2928237603605248,0.02206280000973493,12,0.1892768251823236,0.31632011544731087,0.004040800034999847,7,0.15776311267597581,0.31975277874413477,0.002976400079205632,4,0.1400925883105069,0.33920795208393345,0.002688299980945885
53,SNR_0db,N,New_N_054.wav,22-12-7-4,DeepONMF_H4,4,nndsvd,0.3991825216949414,4x212,0.03305940004065633,22,0.2511395270728197,0.29837779474585485,0.02207870001439005,12,0.19081220017802908,0.32533746259875,0.004522999981418252,7,0.15405586038540153,0.34542359523495947,0.0030442000133916736,4,0.14182019623771935,0.33366223521015576,0.0026484999107196927
54,SNR_0db,N,New_N_055.wav,22-12-7-4,DeepONMF_H4,4,nndsvd,0.4030700229685364,4x212,0.032837999984622,22,0.25258220774267937,0.29834920449720315,0.0224449000088498,12,0.1891670009931506,0.31621015467148517,0.004030399955809116,7,0.15418236931377763,0.324796310619495,0.0030623000347986817,4,0.14044589576295083,0.324213461885369,0.002558500040322542
55,SNR_0db,N,New_N_056.wav,22-12-7-4,DeepONMF_H4,4,nndsvd,0.3939652120903632,4x212,0.03286670008674264,22,0.24863217905431342,0.304659429136562,0.022267900058068335,12,0.18496711278717948,0.3076231557215727,0.004131200024858117,7,0.16074285358486365,0.32882565192646696,0.0030090999789536,4,0.1453701541786889,0.323378156914432,0.002462000004015863
56,SNR_0db,N,New_N_057.wav,22-12-7-4,DeepONMF_H4,4,nndsvd,0.39525525541008094,4x212,0.03574679989833385,22,0.24730435303921006,0.3044010527469869,0.024885799968615174,12,0.1818892345801866,0.31871535697340986,0.004288500058464706,7,0.15239249993709342,0.33418462806787363,0.003043400007300079,4,0.13285562505970375,0.3078355505973837,0.0025390000082552433
57,SNR_0db,N,New_N_058.wav,22-12-7-4,DeepONMF_H4,4,nndsvd,0.4023663874487744,4x212,0.0324920000275597,22,0.25144763254081054,0.3014315355597323,0.021180499927140772,12,0.1812293604139839,0.3098884607349648,0.004465100006200373,7,0.15659245253194984,0.32891632691732475,0.0030348999425768852,4,0.14601636481035596,0.32939937648334944,0.0028458000160753727
58,SNR_0db,N,New_N_059.wav,22-12-7-4,DeepONMF_H4,4,nndsvd,0.40284052108186275,4x212,0.03490400000009686,22,0.24838001319128256,0.3004454163182302,0.022926100064069033,12,0.190084830319069,0.3157416175927319,0.004477799986489117,7,0.16564122289144687,0.3269564409289937,0.0038262000307440758,4,0.1422416677954125,0.3308044429286317,0.002793600084260106
59,SNR_0db,N,New_N_060.wav,22-12-7-4,DeepONMF_H4,4,nndsvd,0.3933469132284509,4x212,0.03636930009815842,22,0.24926674304822416,0.2993149692363353,0.02407739998307079,12,0.1864397344846726,0.31247821728102854,0.005003300029784441,7,0.15770267462085838,0.32191490993794336,0.003781300038099289,4,0.14482555721705653,0.33199094291549125,0.0026320000179111958
60,SNR_0db,N,New_N_061.wav,22-12-7-4,DeepONMF_H4,4,nndsvd,0.3992786397640512,4x212,0.03524769993964583,22,0.24920582563656532,0.29999974153377473,0.02380059997085482,12,0.18783514675184432,0.3097804726839618,0.0048322000075131655,7,0.16137219412763135,0.32419346803160737,0.0031666000140830874,4,0.14496935319970372,0.3492115641344749,0.002326600020751357
61,SNR_0db,N,New_N_062.wav,22-12-7-4,DeepONMF_H4,4,nndsvd,0.3966574380412529,4x212,0.034532199962995946,22,0.24970219862571305,0.30253287097928705,0.02235610003117472,12,0.18810236048806436,0.3133009943153633,0.005034700036048889,7,0.16308309176868704,0.340615284667003,0.003088400000706315,4,0.14678501975337302,0.3445133969347975,0.0022538999328389764
62,SNR_0db,N,New_N_063.wav,22-12-7-4,DeepONMF_H4,4,nndsvd,0.3950934196287841,4x212,0.033680399996228516,22,0.2483575273669612,0.30450567642540655,0.022301599965430796,12,0.18527573018133292,0.3178217653414961,0.004635000019334257,7,0.15634907575569745,0.3176451791816442,0.003129799966700375,4,0.14011701771231452,0.3067226767938212,0.0022800000151619315
63,SNR_0db,N,New_N_064.wav,22-12-7-4,DeepONMF_H4,4,nndsvd,0.39657579850932767,4x212,0.035646499949507415,22,0.24717569103324716,0.3039498461483877,0.024213499971665442,12,0.18511947451883948,0.31141077477665396,0.0044160999823361635,7,0.16152244228219237,0.31916970543233864,0.0031654000049456954,4,0.1462684161083336,0.2863945140482907,0.0023268000222742558
64,SNR_0db,N,New_N_065.wav,22-12-7-4,DeepONMF_H4,4,nndsvd,0.3912245109470758,4x212,0.03445919998921454,22,0.24586515876190454,0.30635542883054767,0.023550199926830828,12,0.18274337102377897,0.3229208801676422,0.004238300025463104,7,0.1528183201508058,0.32597959611231947,0.0031021999893710017,4,0.1352465475995494,0.304518531815398,0.0023180999560281634
65,SNR_0db,N,New_N_066.wav,22-12-7-4,DeepONMF_H4,4,nndsvd,0.39836037986574185,4x212,0.033104500034824014,22,0.24699177528103675,0.31143735785317467,0.02248360007070005,12,0.18835183770370065,0.3145133382839872,0.004177900031208992,7,0.15939581286650414,0.31568839315452546,0.0030516000697389245,4,0.1429010690389002,0.29235475675188577,0.002258300082758069
66,SNR_0db,N,New_N_067.wav,22-12-7-4,DeepONMF_H4,4,nndsvd,0.40596971153678574,4x212,0.03616629994940013,22,0.24862055913085732,0.3061237360365278,0.024797199992462993,12,0.18484262730366832,0.31018730283745866,0.004429199965670705,7,0.15866010416462353,0.3223277809174425,0.0030048999469727278,4,0.1399621463300198,0.32971253302682024,0.002230699989013374
67,SNR_0db,N,New_N_068.wav,22-12-7-4,DeepONMF_H4,4,nndsvd,0.4034652962838922,4x212,0.032185600022785366,22,0.25300235579955815,0.3065350841991087,0.021600899985060096,12,0.1934398760629028,0.3299286373409277,0.004184899968095124,7,0.1578647191493252,0.3269622420059227,0.0030556999845430255,4,0.1409246296794037,0.32150537908880433,0.0022681000409647822
68,SNR_0db,N,New_N_069.wav,22-12-7-4,DeepONMF_H4,4,nndsvd,0.39926788456415624,4x212,0.037692900048568845,22,0.2520319609103462,0.30438473232003466,0.026528799906373024,12,0.18430476301626347,0.3040700953553401,0.004535000072792172,7,0.16287876837653037,0.31930022400028146,0.003231200040318072,4,0.14447590988253003,0.32833166086662596,0.002516800072044134
69,SNR_0db,N,New_N_070.wav,22-12-7-4,DeepONMF_H4,4,nndsvd,0.40082189318547384,4x212,0.03442779998295009,22,0.25081155006747485,0.31726709781226764,0.023451999993994832,12,0.1938459702742866,0.3260341868011919,0.00420060008764267,7,0.16548548981990124,0.3336787479720214,0.0034742000279948115,4,0.15296040838606662,0.323498160235706,0.0024352000327780843
70,SNR_0db,N,New_N_071.wav,22-12-7-4,DeepONMF_H4,4,nndsvd,0.3965477934635107,4x212,0.03247880004346371,22,0.2503428462508993,0.3148304047436271,0.021724000107496977,12,0.1876495959357923,0.3227911758397663,0.004223699914291501,7,0.15856536782764252,0.33564240772311793,0.003198100021108985,4,0.14503697831895834,0.34103918913247533,0.002470300067216158
71,SNR_0db,N,New_N_072.wav,22-12-7-4,DeepONMF_H4,4,nndsvd,0.40478857857109074,4x212,0.03169340000022203,22,0.25301291924542196,0.30198006736901845,0.021087000030092895,12,0.19148179108964833,0.3261333777347118,0.004149000043980777,7,0.1661147411986955,0.35407251480147406,0.0030106999911367893,4,0.14859954075290477,0.36162647039306356,0.002585300011560321
72,SNR_0db,N,New_N_073.wav,22-12-7-4,DeepONMF_H4,4,nndsvd,0.3978821779039319,4x212,0.03334960003849119,22,0.2513380863253843,0.30961517273048933,0.022645400022156537,12,0.19307944469382424,0.3340624709154406,0.00419000000692904,7,0.15966129415491306,0.337901031875078,0.0030571999959647655,4,0.1426378551641755,0.335403106739534,0.0026482000248506665
73,SNR_0db,N,New_N_074.wav,22-12-7-4,DeepONMF_H4,4,nndsvd,0.4001351764301626,4x212,0.033584099961444736,22,0.25317431438642607,0.30599990414339256,0.0227057000156492,12,0.18778795995281972,0.3074199900466956,0.004367199959233403,7,0.15902572278730223,0.3216487086465453,0.0030482999281957746,4,0.14329974006802615,0.3570081169764298,0.0026151000056415796
74,SNR_0db,N,New_N_075.wav,22-12-7-4,DeepONMF_H4,4,nndsvd,0.39835743468162965,4x212,0.032904199906624854,22,0.25054626067859187,0.3040184524874847,0.02208759996574372,12,0.19030356387865568,0.31620669111697397,0.004109599976800382,7,0.16577856366630947,0.3206110280354361,0.003016800037585199,4,0.15252189682103479,0.31813477661488415,0.0027910000644624233
75,SNR_0db,N,New_N_076.wav,22-12-7-4,DeepONMF_H4,4,nndsvd,0.39534131501957365,4x212,0.032856700010597706,22,0.25140384448482345,0.2980846792345124,0.022125500021502376,12,0.18890007347169593,0.3212382778029873,0.004117100033909082,7,0.16153247924154243,0.3189221536513718,0.003014399902895093,4,0.14886323325659265,0.3336053510814005,0.002814300009049475
76,SNR_0db,N,New_N_077.wav,22-12-7-4,DeepONMF_H4,4,nndsvd,0.4049102162217428,4x212,0.03129710000939667,22,0.25226500944673247,0.3105716637860822,0.020670900004915893,12,0.1915060750889559,0.32310250761499415,0.0041597000090405345,7,0.16005883088165573,0.3399305838920429,0.003069399972446263,4,0.14854306640365667,0.340851128549262,0.0024831999326124787
77,SNR_0db,N,New_N_078.wav,22-12-7-4,DeepONMF_H4,4,nndsvd,0.4091363487115046,4x212,0.03406789992004633,22,0.2552883292377169,0.3011122438776657,0.023267699987627566,12,0.18523528072504555,0.2969424150299435,0.004132599919103086,7,0.16524754158181126,0.3032950984712043,0.0030678000766783953,4,0.14964636928579805,0.29680674692194337,0.002259999979287386
78,SNR_0db,N,New_N_079.wav,22-12-7-4,DeepONMF_H4,4,nndsvd,0.41762054094595624,4x212,0.03264760004822165,22,0.24835755845915916,0.30703219840094376,0.021867600036785007,12,0.19003611039097798,0.2992987649980341,0.004126399988308549,7,0.16567432277570612,0.32493547320294425,0.003041999996639788,4,0.14888028239391166,0.3272786060436605,0.0022618999937549233
79,SNR_0db,N,New_N_080.wav,22-12-7-4,DeepONMF_H4,4,nndsvd,0.39713645858853863,4x212,0.03527499991469085,22,0.25304541233036365,0.2911034505880229,0.0239706999855116,12,0.19192227889984848,0.3030815735847585,0.0042195999994874,7,0.16161509160547935,0.32761701850920394,0.0034259000094607472,4,0.14820416035222694,0.33097199349729794,0.0024698000634089112
80,SNR_0db,N,New_N_081.wav,22-12-7-4,DeepONMF_H4,4,nndsvd,0.39611477458850863,4x212,0.03345880005508661,22,0.2509210297841602,0.3109877580480653,0.022525200038217008,12,0.19075060429658097,0.3223159580629394,0.004140899982303381,7,0.16401140527284877,0.3458122784822296,0.0031202000100165606,4,0.1447625438716825,0.3218087755906504,0.0026384000666439533
81,SNR_0db,N,New_N_082.wav,22-12-7-4,DeepONMF_H4,4,nndsvd,0.39950364564473695,4x212,0.03410459996666759,22,0.24922297889481562,0.3125803968009232,0.023040900006890297,12,0.18845745341698064,0.3286301052710436,0.004105499945580959,7,0.1593781104046686,0.3491929497953936,0.003121200017631054,4,0.14851917436454068,0.34411504570567386,0.003039900097064674
82,SNR_0db,N,New_N_083.wav,22-12-7-4,DeepONMF_H4,4,nndsvd,0.4025364611613737,4x212,0.03358050005044788,22,0.2509203708612618,0.2997472327399651,0.022559099947102368,12,0.19130239845812863,0.3117257904027686,0.004178900038823485,7,0.1616657686316729,0.3127188449274272,0.0031866999343037605,4,0.1508392911488555,0.3248919019166096,0.0028034000424668193
83,SNR_0db,N,New_N_084.wav,22-12-7-4,DeepONMF_H4,4,nndsvd,0.407167053686758,4x212,0.03294619999360293,22,0.25354914010445156,0.30748671388113713,0.022072300082072616,12,0.19013133748424632,0.3144148786021037,0.004145400016568601,7,0.1595629786444139,0.3293233477123615,0.0030336000490933657,4,0.14465132077746606,0.32563431726897246,0.002702499972656369
84,SNR_0db,N,New_N_085.wav,22-12-7-4,DeepONMF_H4,4,nndsvd,0.39714058706397054,4x212,0.034392899950034916,22,0.24913069303959126,0.2950130188617138,0.023401700076647103,12,0.19052871266918303,0.3157547113346091,0.004119699937291443,7,0.1620855258502073,0.34174022445541113,0.0030904000159353018,4,0.14437123019572579,0.3500783402925028,0.002657300094142556
85,SNR_0db,N,New_N_086.wav,22-12-7-4,DeepONMF_H4,4,nndsvd,0.39505768440945116,4x212,0.033348000026308,22,0.2501786455450873,0.3073632419257584,0.022123900009319186,12,0.18561813853798262,0.30051808438737654,0.004200699971988797,7,0.1621848345320683,0.3143833725033396,0.003521100035868585,4,0.14672418755702657,0.3201447511078909,0.0026886999839916825
86,SNR_0db,N,New_N_087.wav,22-12-7-4,DeepONMF_H4,4,nndsvd,0.40198779230533704,4x212,0.03400450001936406,22,0.25313459842146946,0.3069684534928249,0.0223125999327749,12,0.18868637504778896,0.3111680428100405,0.0042103000450879335,7,0.16041997212924267,0.3266684853399773,0.0030830999603495,4,0.14220533526633555,0.3345878852883581,0.0036237998865544796
87,SNR_0db,N,New_N_088.wav,22-12-7-4,DeepONMF_H4,4,nndsvd,0.40348126711382915,4x212,0.032969300053082407,22,0.25251194411894895,0.29905279211975927,0.021713400026783347,12,0.19161934026530814,0.3139426734720474,0.004024999914690852,7,0.16092153256630598,0.32087192962021016,0.0034702999982982874,4,0.1495082547775356,0.31044791160321045,0.002975500072352588
88,SNR_0db,N,New_N_089.wav,22-12-7-4,DeepONMF_H4,4,nndsvd,0.40114230886198515,4x212,0.034043599967844784,22,0.25048896580862196,0.3034240354403979,0.02309829997830093,12,0.19022898466924165,0.31299035152919824,0.004088700050488114,7,0.15863102365363105,0.31142746750823236,0.003614500048570335,4,0.14543354972165756,0.32244875789428995,0.002493400010280311
89,SNR_0db,N,New_N_090.wav,22-12-7-4,DeepONMF_H4,4,nndsvd,0.3975753550409039,4x212,0.03397180000320077,22,0.25161951753111667,0.30590754204233844,0.02211430005263537,12,0.18779067515468278,0.3178458223043487,0.004009100026451051,7,0.16469192028713897,0.3315032781403359,0.0044229000341147184,4,0.14910381393423877,0.35918256691210254,0.0025067999958992004
90,SNR_0db,N,New_N_091.wav,22-12-7-4,DeepONMF_H4,4,nndsvd,0.39562615048530586,4x212,0.03501279989723116,22,0.24866886359947976,0.298714737609581,0.023094200063496828,12,0.19079673208043105,0.31310298666073755,0.004522999981418252,7,0.16051395861134754,0.33599117426352154,0.003823600010946393,4,0.14547194270605865,0.3434551297851833,0.002589999930933118
91,SNR_0db,N,New_N_092.wav,22-12-7-4,DeepONMF_H4,4,nndsvd,0.39996447272030633,4x212,0.03545730002224445,22,0.25272488569399143,0.3048638110028636,0.023958700010553002,12,0.18876934496232534,0.3138441274370458,0.004855299950577319,7,0.1586095099576362,0.3099992666067971,0.0032675000838935375,4,0.14844426632513916,0.3219175945649446,0.002404400031082332
92,SNR_0db,N,New_N_093.wav,22-12-7-4,DeepONMF_H4,4,nndsvd,0.3928280519700632,4x212,0.034596099983900785,22,0.24900158262536196,0.30537699607004637,0.02301639993675053,12,0.18785567097142794,0.31317978262756496,0.004704999970272183,7,0.16617922233492438,0.3357120680862838,0.003083599964156747,4,0.1436914364082917,0.3472183360836391,0.002270099939778447
93,SNR_0db,N,New_N_094.wav,22-12-7-4,DeepONMF_H4,4,nndsvd,0.3976154511385803,4x212,0.03651560004800558,22,0.25246086214338265,0.30637659589241417,0.025669399998150766,12,0.19247413733360677,0.3254792281994152,0.004120899946428835,7,0.16515732773414188,0.34058387661892997,0.0030870999908074737,4,0.14819888338062207,0.34736020215240315,0.002297599916346371
94,SNR_0db,N,New_N_095.wav,22-12-7-4,DeepONMF_H4,4,nndsvd,0.4039870219379165,4x212,0.035713399993255734,22,0.25333664305698717,0.29983355754563945,0.024926200043410063,12,0.19224173440681122,0.3118104805852857,0.0041871999856084585,7,0.15841454908155594,0.33095433250143397,0.0030523999594151974,4,0.14834096818070347,0.33150407331728915,0.0023708000080659986
95,SNR_0db,N,New_N_096.wav,22-12-7-4,DeepONMF_H4,4,nndsvd,0.40261897145136144,4x212,0.03371210000477731,22,0.2508882266216922,0.3084290433121108,0.023078800062648952,12,0.19275927899646692,0.31120225106268695,0.0041377999586984515,7,0.15571858771920086,0.3122229748680731,0.003021300071850419,4,0.15010403694037613,0.3273207680086541,0.002333400072529912
96,SNR_0db,N,New_N_097.wav,22-12-7-4,DeepONMF_H4,4,nndsvd,0.39959354353050525,4x212,0.03466619993560016,22,0.24903160062208088,0.30891306775801625,0.022905300022102892,12,0.18380467467326767,0.3137420522136349,0.004133199923671782,7,0.15677796176608985,0.31278045914959507,0.0030305000254884362,4,0.14221812502587627,0.311273858970279,0.0032525999704375863
97,SNR_0db,N,New_N_098.wav,22-12-7-4,DeepONMF_H4,4,nndsvd,0.3995744959716507,4x212,0.03340419998858124,22,0.2540096448556176,0.31009628784743576,0.02198710001539439,12,0.19254219989093893,0.32132048952416564,0.004230800084769726,7,0.16546315133658157,0.33655199328537166,0.003254899987950921,4,0.14670485664435137,0.3221473199853791,0.0024213000433519483
98,SNR_0db,N,New_N_099.wav,22-12-7-4,DeepONMF_H4,4,nndsvd,0.39720417358896726,4x212,0.03399539995007217,22,0.24833151806500267,0.30706164128870467,0.022746900096535683,12,0.18299376929530844,0.32921310675010085,0.004216699977405369,7,0.16002835400938598,0.3398426477681299,0.0030621999176219106,4,0.14613049871771655,0.3237491595553968,0.0029042999958619475
99,SNR_0db,N,New_N_100.wav,22-12-7-4,DeepONMF_H4,4,nndsvd,0.4045400856657781,4x212,0.034005200024694204,22,0.25537476450602153,0.3018393895556287,0.0231220000423491,12,0.19042047541606616,0.29279056979591567,0.00416040001437068,7,0.16278422749821528,0.29854816732524536,0.003327899961732328,4,0.143529503307796,0.31019277098992876,0.00263559992890805
100,SNR_0db,N,New_N_101.wav,22-12-7-4,DeepONMF_H4,4,nndsvd,0.40482716345646763,4x212,0.035258500021882355,22,0.24733679895536567,0.3070387259481348,0.024031999986618757,12,0.18208403560409173,0.3185257843214193,0.004161600023508072,7,0.1580732225746188,0.3407379802781191,0.003434999962337315,4,0.14548927390144123,0.3244482868383169,0.002670199959538877
101,SNR_0db,N,New_N_102.wav,22-12-7-4,DeepONMF_H4,4,nndsvd,0.3974971745107144,4x212,0.03406360000371933,22,0.24938366425980069,0.3032264422984651,0.022458699997514486,12,0.1860991434139737,0.32787344657038897,0.004214199958369136,7,0.16204887346778765,0.3282876349201178,0.003526399959810078,4,0.1433469845980377,0.33958338151463363,0.0026403000811114907
102,SNR_0db,N,New_N_103.wav,22-12-7-4,DeepONMF_H4,4,nndsvd,0.40135604185954743,4x212,0.03621199994813651,22,0.2454325915982737,0.30719759208453107,0.024025199934840202,12,0.18552508176967716,0.3129066089112211,0.00488929997663945,7,0.15998829986112514,0.33016082457630874,0.0040392999071627855,4,0.14719815342794576,0.3448837297782878,0.002383999992161989
103,SNR_0db,N,New_N_104.wav,22-12-7-4,DeepONMF_H4,4,nndsvd,0.39862879623899,4x212,0.03197559993714094,22,0.24837011801695447,0.30092750250102046,0.02092589996755123,12,0.18816109735273845,0.323708903959193,0.004428000072948635,7,0.16073306835819587,0.3385306356535391,0.0033379000378772616,4,0.14151849211016557,0.3243600451542694,0.002373000024817884
104,SNR_0db,N,New_N_105.wav,22-12-7-4,DeepONMF_H4,4,nndsvd,0.3975831724873389,4x212,0.0320364999352023,22,0.25188779355554025,0.302107270057352,0.021128899999894202,12,0.1908586797940695,0.3161164194270036,0.004185899975709617,7,0.16106010549899488,0.34644318518745393,0.0033586000790819526,4,0.1434374736721981,0.3330138608968299,0.002355300006456673
105,SNR_0db,N,New_N_106.wav,22-12-7-4,DeepONMF_H4,4,nndsvd,0.39887800130137085,4x212,0.033222800004296005,22,0.25021380379225633,0.2950828718805404,0.022322400007396936,12,0.18752185193848406,0.30839726978230175,0.004206199897453189,7,0.1624815292236851,0.33419284426959506,0.003418099950067699,4,0.14138728724367966,0.33322014957910506,0.002405499923042953
106,SNR_0db,N,New_N_107.wav,22-12-7-4,DeepONMF_H4,4,nndsvd,0.4040858216645786,4x212,0.0324722999939695,22,0.2511964935947693,0.3025818394991645,0.02158269996289164,12,0.19176506804268742,0.3130648641437311,0.004198499955236912,7,0.163957186965727,0.32589073990328404,0.003355400054715574,4,0.14505587890889,0.3170918621647399,0.0024129000958055258
107,SNR_0db,N,New_N_108.wav,22-12-7-4,DeepONMF_H4,4,nndsvd,0.4036266994219425,4x212,0.03329599997960031,22,0.25397894508736774,0.30453814517675304,0.022115800064057112,12,0.19069812197594982,0.31342461537081684,0.0042183001060038805,7,0.16053342429331702,0.310768692830815,0.0034470000537112355,4,0.14423412724569354,0.3310452664463556,0.0025643999688327312
108,SNR_0db,N,New_N_109.wav,22-12-7-4,DeepONMF_H4,4,nndsvd,0.3924107296176454,4x212,0.03407339996192604,22,0.24483598315081775,0.3010277412608649,0.02297799999359995,12,0.18189992658309106,0.3200184437775326,0.004200400086119771,7,0.15634775312089388,0.31177850945616026,0.003526100073941052,4,0.13953257922277104,0.2858203017339305,0.002414099988527596
109,SNR_0db,N,New_N_110.wav,22-12-7-4,DeepONMF_H4,4,nndsvd,0.40315033747486867,4x212,0.03402340004686266,22,0.2522412544533659,0.3087714266838465,0.022883599973283708,12,0.18655728625650875,0.3301302351787014,0.004064499982632697,7,0.159085610670057,0.3184535736212785,0.0036938999546691775,4,0.14320030309412202,0.32609795972815697,0.00240320002194494
110,SNR_0db,N,New_N_111.wav,22-12-7-4,DeepONMF_H4,4,nndsvd,0.39881434454823683,4x212,0.0351898999651894,22,0.24978666935813168,0.3097586931272685,0.02269560005515814,12,0.18218860365485987,0.3111414574463696,0.0053032999858260155,7,0.15479623576398943,0.3276229535307986,0.003815599950030446,4,0.14068665961404891,0.32067491165577805,0.00235150009393692
