indice_interno,distribucion,numero_capas,error_final,forma_h_final,segundos_extraccion,capa_1_rango,capa_1_error,capa_1_ortogonalidad_h,capa_2_rango,capa_2_error,capa_2_ortogonalidad_h,capa_3_rango,capa_3_error,capa_3_ortogonalidad_h,capa_4_rango,capa_4_error,capa_4_ortogonalidad_h
0,6-9-13-20,4,0.23567021269536914,20x212,0.06048840002040379,6,0.08891150300397123,0.27927779149305404,9,0.05095536732346877,0.1586261551776999,13,0.07941876311189329,0.10240530463212505,20,0.05748935676991086,0.06822507308212804
1,6-9-13-20,4,0.22353006240634865,20x212,0.058663600008003414,6,0.07639939741763906,0.312602599019295,9,0.08250782088628336,0.14914959460124985,13,0.053216867351822385,0.10045369444587873,20,0.053996488242065876,0.07239370172534214
2,6-9-13-20,4,0.2533963412372835,20x212,0.04572220001136884,6,0.10332213690305678,0.3468304654135078,9,0.1002968162329404,0.15881004412373556,13,0.05063328505091492,0.14343724808402364,20,0.06672867795414152,0.09701022201222108
3,6-9-13-20,4,0.22705448341467363,20x212,0.06716850001248531,6,0.07537077740809227,0.4416587153437289,9,0.09023005947443821,0.156692170845112,13,0.059284626150938734,0.09746104921442071,20,0.06537275773311159,0.07779821713537659
4,6-9-13-20,4,0.2333047238145763,20x212,0.06983700001728721,6,0.08054980974593184,0.2795156405338964,9,0.053713100294304345,0.17280719841411488,13,0.08018152905709561,0.13780831404017038,20,0.05683004638464918,0.08860420540970128
5,6-9-13-20,4,0.24934090568955888,20x212,0.07095279998611659,6,0.09678423110536725,0.303151644559426,9,0.053384746299247166,0.15353460219774526,13,0.10108607763326466,0.13829504648676746,20,0.06190365410141184,0.07288300726766908
6,6-9-13-20,4,0.227936249428452,20x212,0.06234720000065863,6,0.07602479808216774,0.3327093203429998,9,0.08846129301958708,0.17959293103722598,13,0.05390496624683486,0.10775359655003924,20,0.05157537831933694,0.07425016419164693
7,6-9-13-20,4,0.2593635947838884,20x212,0.06732339999871328,6,0.08848421002791358,0.3534830214013934,9,0.10458630482109242,0.12303962566572885,13,0.15078891414248063,0.11507753845059039,20,0.05639343629715976,0.05596407652743562
8,6-9-13-20,4,0.27125665263265125,20x212,0.0691029999870807,6,0.10269316421288792,0.3721410168180674,9,0.10112695049679689,0.14590839253340188,13,0.05837985179797149,0.07258315966418906,20,0.14818068285123884,0.0717217338939326
9,6-9-13-20,4,0.22913413574783187,20x212,0.06667699999525212,6,0.09444344924711995,0.288350861575694,9,0.06031236861103691,0.17724039865993615,13,0.06093998960665892,0.12828558657356628,20,0.052719745018125104,0.08774182618829597
10,6-9-13-20,4,0.23690432396833006,20x212,0.060371600004145876,6,0.08266574929802722,0.34258607394040536,9,0.055982480472668135,0.20283811317112665,13,0.08430362301544056,0.13240135997722277,20,0.05936702558195275,0.0795935722203728
11,6-9-13-20,4,0.23097549425402947,20x212,0.04823960000067018,6,0.09884728616206001,0.2786076404666483,9,0.05350377005585399,0.16455756451179665,13,0.05337054889307023,0.10682918218514036,20,0.0701609946165151,0.06654980787530636
12,6-9-13-20,4,0.23080661493308724,20x212,0.05898569998680614,6,0.07397518291254834,0.263679737564317,9,0.053234655376921555,0.1793179329626725,13,0.07364451649598049,0.09413912232696948,20,0.06172846328820621,0.061931916172951476
13,6-9-13-20,4,0.24989598187055925,20x212,0.06287470000097528,6,0.09298867959687013,0.303828564315363,9,0.1224515590808059,0.1513477298100747,13,0.04941787225406498,0.12523202759777213,20,0.08642828036478023,0.07970885559435091
14,6-9-13-20,4,0.2601093973925297,20x212,0.06151790000149049,6,0.10091470483561998,0.28659101237631307,9,0.15893782638484974,0.16022405387787503,13,0.0774528442452002,0.11567050333185702,20,0.07225794857870907,0.09566882827489706
15,6-9-13-20,4,0.2317882330603283,20x212,0.07408130000112578,6,0.08968091387195644,0.32550898001704454,9,0.05198082947650971,0.20988385416971486,13,0.05955311092866466,0.11992435334669768,20,0.052011786796861074,0.09776239540269058
16,6-9-13-20,4,0.22852085479167958,20x212,0.06316789999254979,6,0.08484839563518567,0.24589277497847833,9,0.061256286455139725,0.11682699460124958,13,0.053508731722113484,0.1009736126514122,20,0.04920505018760467,0.1030960256209058
17,6-9-13-20,4,0.24423773439389887,20x212,0.053622799983713776,6,0.09649992603651394,0.38358801525231134,9,0.09173549155967255,0.1450480918960674,13,0.10691240559849573,0.10703131119202397,20,0.05368204029190495,0.07797582538301415
18,6-9-13-20,4,0.22864338468278858,20x212,0.059915199992246926,6,0.08035247102938944,0.3285731374547772,9,0.056245092512696576,0.19051233677907237,13,0.05755628126993371,0.15412598048891907,20,0.05349325801067278,0.09172463517538917
19,6-9-13-20,4,0.24928693336681718,20x212,0.056559500022558495,6,0.1143793544357479,0.2780710076965148,9,0.05769419597320473,0.15702729521837244,13,0.10557815680984028,0.1055064673808971,20,0.05480094821296803,0.08313318464462384
20,6-9-13-20,4,0.22789314164277286,20x212,0.06632490002084523,6,0.09260049935381674,0.3033042696961774,9,0.10085423144896784,0.15269945770857443,13,0.05025609121127738,0.13448951137607187,20,0.06991543718413376,0.10218358813975602
21,6-9-13-20,4,0.2281391922729582,20x212,0.06590180000057444,6,0.08541421376177613,0.3624433793550364,9,0.059106197118904025,0.17986122484909334,13,0.05302880670233249,0.12286376565903101,20,0.052007902945295885,0.10046693936767796
22,6-9-13-20,4,0.2626689642712649,20x212,0.03906149999238551,6,0.08852859493821581,0.26058977427010255,9,0.1122197430776822,0.1596703131498486,13,0.1116459149767113,0.1070971470199655,20,0.06375958150423229,0.08905499550280198
23,6-9-13-20,4,0.2276792406559458,20x212,0.04813850001664832,6,0.0761534652449167,0.3106266853060124,9,0.07875830243568771,0.1645859554424202,13,0.0513994013228936,0.13268379348630696,20,0.07076947730689026,0.08481793022997151
24,6-9-13-20,4,0.2320598972028596,20x212,0.06654919998254627,6,0.09383244541358307,0.25640262870303593,9,0.05242726043930571,0.15620707826091187,13,0.05391666872917351,0.15249783589435692,20,0.0640334236965108,0.08286685509583375
25,6-9-13-20,4,0.22286396893323454,20x212,0.05892979999771342,6,0.08671655946587946,0.3055632676670914,9,0.055836703249984534,0.1687300087780186,13,0.05220518840422887,0.12292780345374119,20,0.051716674345916265,0.08383328044354695
26,6-9-13-20,4,0.2445503259725892,20x212,0.06466400000499561,6,0.08783425343736322,0.2879533770558456,9,0.11175473608001485,0.1953256590575307,13,0.10925175307422996,0.1076943084995641,20,0.05138524191055514,0.07291023556786239
27,6-9-13-20,4,0.24872029379179347,20x212,0.06082710000919178,6,0.09169685059255998,0.32009669801501006,9,0.06688682217148258,0.17041003151283246,13,0.09510758131408857,0.08604021901661205,20,0.07403512500047757,0.09717753029220084
28,6-9-13-20,4,0.25222397868704083,20x212,0.06524709999212064,6,0.09851144846094913,0.397000788724184,9,0.0895303342160373,0.19767531905197805,13,0.138372839239976,0.1242993442397522,20,0.050220453767369035,0.0879119549494923
29,6-9-13-20,4,0.24612515474767094,20x212,0.06726270000217482,6,0.07595825292160373,0.3460892688227265,9,0.12319547530032962,0.1650852700287444,13,0.0560044208342994,0.11376194139226342,20,0.05762674981230544,0.10127945111873264
30,6-9-13-20,4,0.23648241164755798,20x212,0.05035800000769086,6,0.09727526876901442,0.43256843747117124,9,0.09365554377907061,0.1366571566503784,13,0.06436164908028104,0.08423521938958824,20,0.05302650594449884,0.06033301244486943
31,6-9-13-20,4,0.23088364215400584,20x212,0.06147440001950599,6,0.09220490045862897,0.3378171202867301,9,0.06703170996309792,0.16542242498990134,13,0.05330496173382531,0.12151031367751901,20,0.06981649042867615,0.07856635314598327
32,6-9-13-20,4,0.2307970060696582,20x212,0.07999040000140667,6,0.10087372877265156,0.28780985461604697,9,0.054750116796112615,0.16069328711988623,13,0.054364835310713705,0.09638193236184069,20,0.053659484769476636,0.08336048765804686
33,6-9-13-20,4,0.25628727270236384,20x212,0.056697099993471056,6,0.09238727812696346,0.32712283263632536,9,0.13490521536697728,0.16305727947061405,13,0.05405906648358743,0.10562048966347856,20,0.08334036153053366,0.08099325243504561
34,6-9-13-20,4,0.2403481311943617,20x212,0.0657704999903217,6,0.08381670233091487,0.2498922728717767,9,0.1746844146641916,0.15476867210849085,13,0.04830929877531741,0.10553307917395426,20,0.05272559875155146,0.07697252218533432
35,6-9-13-20,4,0.2685900263662548,20x212,0.060156799998367205,6,0.0965552393698212,0.2694336042156626,9,0.059790384388533326,0.166786894433606,13,0.1304240183811652,0.12254598586891241,20,0.0502831226610097,0.08701319167011207
36,6-9-13-20,4,0.21185505975378768,20x212,0.06330699997488409,6,0.06343281329607073,0.44719796465678147,9,0.07479603992438819,0.15847123168002744,13,0.05103967296505695,0.10067774314542044,20,0.06363367748776921,0.0787120796120089
37,6-9-13-20,4,0.23168962996651765,20x212,0.04901480002445169,6,0.0712749166010654,0.30829510963250956,9,0.06327734578405836,0.1665802545723459,13,0.060416761845571286,0.09533206863463731,20,0.08263069373987089,0.08889694546465501
38,6-9-13-20,4,0.24730839085386772,20x212,0.055706000013742596,6,0.06970582612640644,0.2469878554116949,9,0.0849743719482091,0.17844197607388215,13,0.0781356951256365,0.11941717923504368,20,0.057147266654874136,0.06729180785104535
39,6-9-13-20,4,0.22294238373879005,20x212,0.05811399998492561,6,0.06616690001301144,0.31393464629052015,9,0.0755612032784054,0.12278802880179729,13,0.0578974722337763,0.08840031266924071,20,0.05775609897736414,0.08936716218282986
40,6-9-13-20,4,0.21517394575090357,20x212,0.05526550000649877,6,0.0736357268023929,0.42075406129968,9,0.08051438483653159,0.16112863203359262,13,0.05226665493324533,0.11602425612113725,20,0.047705742170053335,0.10464893237073479
41,6-9-13-20,4,0.23821056613554353,20x212,0.04417440001270734,6,0.07744300593007675,0.23880603194194547,9,0.0815924671678077,0.11984192131263313,13,0.11088267435017582,0.06986300549896193,20,0.053840125993157954,0.055144244737625865
42,6-9-13-20,4,0.231913874720039,20x212,0.05007849997491576,6,0.08423448780177135,0.3561383748900752,9,0.06561887724389714,0.0982208444374847,13,0.051327021870860086,0.08633007239818778,20,0.08052298435667832,0.0739359606714009
43,6-9-13-20,4,0.24147144428620593,20x212,0.04815170000074431,6,0.08158737789052344,0.40787310813712957,9,0.06394247968369823,0.15564250070711055,13,0.09670723558163058,0.06508611670514228,20,0.05225725714955643,0.0659655088786741
44,6-9-13-20,4,0.2298647988289712,20x212,0.05306350000319071,6,0.07251291260054221,0.33937732834570944,9,0.05215779728268013,0.17768573678824567,13,0.05628396209820019,0.11253709202238514,20,0.09357228258725478,0.09376261830492184
45,6-9-13-20,4,0.24798062263967288,20x212,0.0514858000096865,6,0.06310819233063562,0.37315089761242437,9,0.08345456599928473,0.21326630878084932,13,0.0813087937946216,0.10826019340446433,20,0.07364915670738532,0.08057352007777159
46,6-9-13-20,4,0.23314024981516887,20x212,0.05297869999776594,6,0.07715473750317016,0.38863789359891715,9,0.0737617208736042,0.19940592905997337,13,0.12338114029529837,0.11956729077131889,20,0.054217763565635436,0.09907492266097966
47,6-9-13-20,4,0.22525009581065486,20x212,0.060785100009525195,6,0.07205183224674701,0.3673040462163043,9,0.0810540973712363,0.16838933563269784,13,0.05217272651050366,0.10598551933385575,20,0.06347853709554026,0.10034119164333928
48,6-9-13-20,4,0.2428361401090399,20x212,0.05702259999816306,6,0.06571696264140582,0.39320532999546004,9,0.09595009527231846,0.1574057137069553,13,0.057379515265416604,0.10400211646698307,20,0.07408785991480947,0.08123596212847195
49,6-9-13-20,4,0.22610182855513755,20x212,0.049775399995269254,6,0.07835047556885529,0.3525852492057699,9,0.08147763162198306,0.16630339306463782,13,0.053747194085911124,0.14930198405373987,20,0.07211838766649291,0.11366588494034645
50,6-9-13-20,4,0.24101997693847546,20x212,0.0593010000011418,6,0.0805125492720766,0.321972358906755,9,0.0855721577921301,0.1503078328185561,13,0.07917704267974955,0.08445970602035889,20,0.060994133108609974,0.0964006076059182
51,6-9-13-20,4,0.26395793052470456,20x212,0.046872800012351945,6,0.07833399100962765,0.43050845460274273,9,0.07798227511958584,0.18389503001282106,13,0.10703616664266895,0.1239715247929961,20,0.06850786235343621,0.08449004301642467
52,6-9-13-20,4,0.2421297373627342,20x212,0.060684299998683855,6,0.08275369335794043,0.3441469317977427,9,0.06311150829073901,0.17135231464560186,13,0.1124353066943711,0.13851534783889488,20,0.0527216226723133,0.09481294837033291
53,6-9-13-20,4,0.23133817578279395,20x212,0.0526765999966301,6,0.07112890143739024,0.3916749298800708,9,0.07601079343607074,0.21518465343070386,13,0.0757859444927611,0.13629984438944123,20,0.05507351360974028,0.07986103202804654
54,6-9-13-20,4,0.22468913347106978,20x212,0.06795860000420362,6,0.0800493928014433,0.3750310661000282,9,0.1244081910893619,0.12030103782689267,13,0.053503148065580465,0.11155561531768822,20,0.05029335482680124,0.06694777226294005
55,6-9-13-20,4,0.23606069105466987,20x212,0.05151119999936782,6,0.07637066459442558,0.40801838062959134,9,0.05537575554947117,0.2582233005736353,13,0.07868824176443401,0.16684650256134015,20,0.06345401055804863,0.11275491983188995
56,6-9-13-20,4,0.2229331992425118,20x212,0.03937969999969937,6,0.06807877011389232,0.40011458800719407,9,0.07287309450949261,0.16066826646954946,13,0.09533680735557797,0.12776632892356216,20,0.05881801523520452,0.07467273920447316
57,6-9-13-20,4,0.2253733019416052,20x212,0.045988399971975014,6,0.0689433713025806,0.388652891049098,9,0.11097459777987172,0.13001836011731996,13,0.05349894479555889,0.10474181471136743,20,0.05497527716899104,0.08368612020786609
58,6-9-13-20,4,0.22815333338264157,20x212,0.04812140000285581,6,0.08591735199180724,0.30899160906398915,9,0.0526931270839765,0.15087644738831033,13,0.06145516391555514,0.12561195522370935,20,0.0540259028403537,0.09800347135489254
59,6-9-13-20,4,0.2269168908393024,20x212,0.05105559999356046,6,0.08646787941581985,0.31482146882888884,9,0.05863610509631616,0.15113740033945483,13,0.055741565691525746,0.09191297522482376,20,0.05159571481047437,0.09522696178827848
60,6-9-13-20,4,0.21679753307035007,20x212,0.052572399989003316,6,0.07468445094177767,0.4121302538325043,9,0.06791614350506643,0.1257054178026983,13,0.0707373968283972,0.09707831589893336,20,0.05527651424288138,0.08495753010622459
61,6-9-13-20,4,0.23299389631184328,20x212,0.043241400009719655,6,0.0797216313141073,0.3412689623734972,9,0.05913981729453201,0.16218985012190523,13,0.07677369871149793,0.12722937346162047,20,0.08341299249369882,0.09242198331798904
62,6-9-13-20,4,0.21790528768673123,20x212,0.04463619997841306,6,0.06903945123452367,0.3655271400735963,9,0.05166189640745207,0.22420924793023017,13,0.058253964127065294,0.11782999597934743,20,0.05490592163882168,0.0946820768379584
63,6-9-13-20,4,0.22849457471515006,20x212,0.059771500003989786,6,0.07431285562233651,0.37111007749664066,9,0.05973097650658093,0.14632184023936454,13,0.09708199680070558,0.08117850171390247,20,0.0552876518626442,0.097573689166685
64,6-9-13-20,4,0.21822404717571955,20x212,0.05895700000110082,6,0.07510451634044478,0.3337075523280704,9,0.09401618740713148,0.16921564890272525,13,0.05304495667490634,0.09494702216209688,20,0.051403726710391714,0.0955887038009211
65,6-9-13-20,4,0.22691340429515114,20x212,0.06144939997466281,6,0.07795581544649217,0.40651755993948774,9,0.08809602337638221,0.15757044570359147,13,0.05955681135246802,0.10087863206427386,20,0.05438085760407291,0.07139160388859364
66,6-9-13-20,4,0.23162063331528082,20x212,0.04257940000388771,6,0.07329620866699846,0.45088495525868005,9,0.074267869396074,0.18107772449023762,13,0.10320624879766283,0.12786510130740197,20,0.05625682725385128,0.08342662674882448
67,6-9-13-20,4,0.22888579588389116,20x212,0.04555390001041815,6,0.07581856544964835,0.32860151595429143,9,0.08004907053923714,0.1656854846980307,13,0.0638041655627387,0.10257140862728384,20,0.061758204443693565,0.08929642241675224
68,6-9-13-20,4,0.226287115234765,20x212,0.0501327000092715,6,0.08735339096216257,0.4102353221802486,9,0.049877745410342,0.25550782577825076,13,0.09937104272054831,0.10052463322790706,20,0.052494643766115685,0.0828711427254383
69,6-9-13-20,4,0.233914612971073,20x212,0.042379199992865324,6,0.06889307576948485,0.331857553324565,9,0.08727767454573285,0.16242348315448096,13,0.06769751847579134,0.12403232116854176,20,0.0728300120874671,0.082849519860056
70,6-9-13-20,4,0.23390811948237927,20x212,0.04730720000225119,6,0.0772727171378317,0.33612632941592907,9,0.07949236437147035,0.17851715492744996,13,0.07563376590229728,0.11998551082014718,20,0.07398207838105217,0.07077922981486012
71,6-9-13-20,4,0.21930886312790068,20x212,0.04044619997148402,6,0.07703167272163257,0.2581944418641814,9,0.05685014239008187,0.15320198890096165,13,0.0620280903340057,0.08979524107312228,20,0.04685452690335157,0.07754585323723169
72,6-9-13-20,4,0.23227380965871247,20x212,0.04255489999195561,6,0.07404623996634038,0.2918711955249485,9,0.0806172887435042,0.14614628954330197,13,0.05153973698583929,0.11707566785854326,20,0.07380844049519425,0.09182646863136142
73,6-9-13-20,4,0.2243826908424581,20x212,0.039520899998024106,6,0.08239539384467053,0.30263325365438304,9,0.06796758779293252,0.14437185100224834,13,0.05404266065206187,0.0906695666762197,20,0.056936589261641385,0.0608221536015505
74,6-9-13-20,4,0.24222115997887178,20x212,0.04471180000109598,6,0.08470577254008867,0.23959734911766353,9,0.06469221975519175,0.10626356394231909,13,0.13949719178350503,0.09312351270654609,20,0.05706839455094699,0.0719680423480753
75,6-9-13-20,4,0.23859001288522672,20x212,0.06185840000398457,6,0.100067734072106,0.2718161686569199,9,0.058452438211053594,0.16230678170733379,13,0.052855639345234934,0.12036454819871309,20,0.07399970004805848,0.08206553450725608
76,6-9-13-20,4,0.22118908948123525,20x212,0.058961100003216416,6,0.07465500928636987,0.34554066930098154,9,0.07381297048989831,0.1826020234451065,13,0.05179280117226689,0.14460224779344172,20,0.07071799540740889,0.1065789263250105
77,6-9-13-20,4,0.21967081457565507,20x212,0.060622199991485104,6,0.0819554143818015,0.33984225192145445,9,0.06410736553437518,0.16112787449787047,13,0.05366561011874812,0.12202705957777149,20,0.04774431514968007,0.09863610065243027
78,6-9-13-20,4,0.23959649508842432,20x212,0.06037349998950958,6,0.06771332806711795,0.3063153663579216,9,0.05632567038089252,0.15174483629508279,13,0.11119604808985065,0.11209278728225079,20,0.053143421155961414,0.08134612497049784
79,6-9-13-20,4,0.26197261401735883,20x212,0.05905509999138303,6,0.09203469674087322,0.3915567421119384,9,0.11182764015035086,0.17216634678393505,13,0.05336219659116444,0.14267294165014,20,0.08148662742185835,0.09110388589828423
80,6-9-13-20,4,0.2399026049246785,20x212,0.04853189998539165,6,0.07326115519566508,0.3451816593395523,9,0.08925499473122503,0.1700612414828181,13,0.059859272196516634,0.1237432439636926,20,0.059346642576052065,0.08243544133129033
81,6-9-13-20,4,0.24475197592619616,20x212,0.051249599986476824,6,0.08145879350290443,0.3055772136426229,9,0.1150960095665723,0.1706702060808899,13,0.1279917488207856,0.10207069065091375,20,0.05462397501490843,0.07791666193411462
82,6-9-13-20,4,0.23618636771079263,20x212,0.04270289998385124,6,0.0846266154396865,0.3104076480695267,9,0.17141242648933788,0.17165504463410464,13,0.05265338388084068,0.08678142949146951,20,0.051590562522598526,0.0879237313519598
83,6-9-13-20,4,0.23406156699066785,20x212,0.04611950000980869,6,0.07803309771423719,0.2571864853424054,9,0.09023957982040931,0.14620840697056145,13,0.05409554192236694,0.11421779931053996,20,0.05398751044418657,0.06772847149109583
84,6-9-13-20,4,0.23338195100888515,20x212,0.047904000006383285,6,0.0807559301249081,0.29588918677246595,9,0.05297248809860541,0.16965830440152224,13,0.054416115779841116,0.10890219771944303,20,0.06686052059948525,0.08180181216738604
85,6-9-13-20,4,0.23027816220410185,20x212,0.04587790000368841,6,0.07519156940044817,0.3509888014664794,9,0.05489274434525474,0.1826214351963884,13,0.08875583348477097,0.10753097703259329,20,0.04883433146154914,0.09473141795692107
86,6-9-13-20,4,0.24258473219882268,20x212,0.04214700000011362,6,0.06746884671907927,0.35969098188481585,9,0.10362642455580048,0.15070428687740586,13,0.08052967903828102,0.09825056190130362,20,0.06294131626735959,0.07005811436403421
87,6-9-13-20,4,0.2470395727104025,20x212,0.04966780001996085,6,0.07065655011145439,0.35206038094123354,9,0.10652481253131407,0.1661754168207554,13,0.11185194549726774,0.08922152314197881,20,0.05617872105580606,0.06780813063009276
88,6-9-13-20,4,0.254233860380712,20x212,0.047665300022345036,6,0.0837507968763381,0.31998349325037456,9,0.16609739892260825,0.14438656475651343,13,0.053632083039459114,0.10762060799838803,20,0.06161638279850998,0.08671980166023746
89,6-9-13-20,4,0.23793937871978352,20x212,0.047960099996998906,6,0.08023862824673011,0.36914268835275904,9,0.07113795715972879,0.16034244657307087,13,0.10769017405367352,0.12869581815453038,20,0.055261481872902043,0.06710173205367768
90,6-9-13-20,4,0.23946877135469757,20x212,0.050547199993161485,6,0.07703377803250597,0.4236287164254543,9,0.08237702840491573,0.1983475613738583,13,0.05251242382401305,0.13331772925858915,20,0.05457698564721844,0.09242811718912775
91,6-9-13-20,4,0.2375581260750478,20x212,0.046976299985544756,6,0.08419041249632433,0.3819377797506466,9,0.12359305495991946,0.22335358648521808,13,0.05551243209902302,0.1365445893229806,20,0.05913681369272234,0.1045181059886743
92,6-9-13-20,4,0.22419424900686213,20x212,0.059886999981245026,6,0.08274103815945187,0.3074227235405424,9,0.10108696999940445,0.13668559789220125,13,0.057894538681107936,0.10837857147519807,20,0.05849333301798048,0.08757428616711008
93,6-9-13-20,4,0.25670145871070926,20x212,0.0622791999776382,6,0.07729265276446828,0.438632527028788,9,0.12243640257673805,0.16724614318981262,13,0.049335909962657576,0.12693385411954258,20,0.09094134702782282,0.06369980582424402
94,6-9-13-20,4,0.2396234862171809,20x212,0.039085500000510365,6,0.07868033225735106,0.34091254433364965,9,0.10240654575888986,0.21222887673808433,13,0.10664879698618955,0.11813113703039764,20,0.056639079236524136,0.08709996942875683
95,6-9-13-20,4,0.22731219987844709,20x212,0.052039100002730265,6,0.08291935235369018,0.3385687174979371,9,0.09819519897801565,0.18004199351890965,13,0.062194738347051845,0.14001525341669085,20,0.05485265120181245,0.07379011106916908
96,6-9-13-20,4,0.2506616127586295,20x212,0.04690350001328625,6,0.07845128931715664,0.32330618027272373,9,0.10267747113778444,0.1664692934855474,13,0.07795347356212333,0.10317633963138192,20,0.06986245566936676,0.07756709500844872
97,6-9-13-20,4,0.24498196010946302,20x212,0.043835399992531165,6,0.07769923266474298,0.3436974044759752,9,0.08112672099533055,0.15322432591272842,13,0.05386991610548894,0.11119259999222288,20,0.12603139462499963,0.09326027694322318
98,6-9-13-20,4,0.23801738008757278,20x212,0.04882029999862425,6,0.08538151730051462,0.3643545172258914,9,0.10155034548741315,0.1696870279928534,13,0.08385476279038094,0.07455651185431626,20,0.049754585057828586,0.08846220228060642
99,6-9-13-20,4,0.21533617468292526,20x212,0.04489680001279339,6,0.07726350613180508,0.33513422980640156,9,0.05669235802034536,0.16947261287519325,13,0.04798565434874834,0.11117861556332426,20,0.05530352805417751,0.09464380897988801
100,6-9-13-20,4,0.2411701055588905,20x212,0.05666060000658035,6,0.061555339369986334,0.36896173330742316,9,0.06785777960860616,0.1921554271977389,13,0.13591256389372225,0.11158238138486251,20,0.08672561493682479,0.0738804492454271
101,6-9-13-20,4,0.23617345450411323,20x212,0.05849639998632483,6,0.06750294626206399,0.369792944813981,9,0.08762567548623726,0.15508803732921533,13,0.1427507135335505,0.13732018984866357,20,0.04936095711077654,0.07756994183234316
102,6-9-13-20,4,0.23737954578353043,20x212,0.039209799986565486,6,0.08552430635924223,0.35225772818612067,9,0.10194621098423191,0.20293852457044587,13,0.06511761922950107,0.12651875144879796,20,0.05037317743656057,0.08337095249770961
103,6-9-13-20,4,0.23447824574173204,20x212,0.044817899994086474,6,0.06919879013539529,0.33045566323528136,9,0.07607000715548062,0.1365947650353428,13,0.061013399461265425,0.08087001725823213,20,0.07165965817888527,0.07195472889227801
104,6-9-13-20,4,0.22291723415029063,20x212,0.047462499991524965,6,0.06375947296897079,0.399419192619476,9,0.06850208535157883,0.14868892458352828,13,0.0883239684043956,0.0935911665830065,20,0.05189936854036427,0.07843838196905022
105,6-9-13-20,4,0.22998054607915977,20x212,0.04707520001102239,6,0.0763436974319372,0.32915101069714875,9,0.11639204932925587,0.11286160542014395,13,0.05586260683130926,0.10763654701100175,20,0.050638821869370555,0.08078917128278437
106,6-9-13-20,4,0.22645417505115392,20x212,0.04376619998947717,6,0.0732605531744026,0.3782290174658907,9,0.07877978526925619,0.11783859886984363,13,0.05372371708527001,0.09204919501315145,20,0.06238986837935782,0.0934287945220545
107,6-9-13-20,4,0.2106576142697679,20x212,0.05655589999514632,6,0.07677218089100965,0.43112364915925366,9,0.053746596371509976,0.1979669016834622,13,0.05831097826387791,0.11054370259626445,20,0.0699784748406584,0.09346070181781328
108,6-9-13-20,4,0.24585121905934038,20x212,0.05342099998961203,6,0.072779151443403,0.3488026263490539,9,0.07439073670525162,0.14179912576141643,13,0.10061647354240048,0.11794049680220478,20,0.05923754973686176,0.09316344163523609
109,6-9-13-20,4,0.2191369037729166,20x212,0.05935019999742508,6,0.0714978782168052,0.3222677335832641,9,0.08537590424829784,0.11686502909348911,13,0.049883021298890245,0.11550459919084324,20,0.05059230191478309,0.08996052178867721
110,6-9-13-20,4,0.2295533534425287,20x212,0.05771190000814386,6,0.0779926920011611,0.36536885319440515,9,0.1160715345761916,0.14992252970599143,13,0.05936999065277359,0.08608098205240935,20,0.05293217077457401,0.07189278083004329
111,6-9-13-20,4,0.22982042889621382,20x212,0.04810189999989234,6,0.07073759314805388,0.4072650981115853,9,0.05808157961870634,0.2335683262754839,13,0.08009983042738725,0.12181386563117921,20,0.05631055237763116,0.088950755634818
112,6-9-13-20,4,0.23688813200871045,20x212,0.044157099997391924,6,0.07959409933852744,0.3747820328846124,9,0.13123196829768116,0.1614240803207067,13,0.05253705182690595,0.12329946614757549,20,0.05600109674532727,0.08858964782286509
113,6-9-13-20,4,0.22286171346555467,20x212,0.03925910001271404,6,0.08551329304803326,0.29964194665992816,9,0.0724230850807243,0.09865988830766875,13,0.06283230182727874,0.08820187875627813,20,0.049175588810358994,0.09113298407252375
114,6-9-13-20,4,0.2296299079147044,20x212,0.0507227000198327,6,0.07310183008575324,0.3475148236711927,9,0.08879129375523911,0.10951900818546655,13,0.05067903839444825,0.08565414152036088,20,0.054192335597329944,0.06773932361740016
115,6-9-13-20,4,0.2494622431706909,20x212,0.0391933000064455,6,0.07478799993049921,0.2808565751869664,9,0.06288341688102089,0.15487497224827318,13,0.12086047076048895,0.125117534200365,20,0.05863245547905575,0.07420706598014128
116,6-9-13-20,4,0.2322448701320544,20x212,0.04895540000870824,6,0.07332782852461969,0.3290811460782516,9,0.09046094617830888,0.13096816893150257,13,0.1402383266684395,0.11850500032757584,20,0.05864587548991252,0.08121535854325058
117,6-9-13-20,4,0.2274146026068616,20x212,0.04895490000490099,6,0.06767370683400804,0.32251215173194486,9,0.11069779720728054,0.12397647994071906,13,0.05281714471609035,0.09644851740078356,20,0.05156392029967682,0.07074026825678933
118,6-9-13-20,4,0.22700003265216348,20x212,0.06331820000195876,6,0.08669309450738442,0.23636323309044488,9,0.10611043409853467,0.14033092243941286,13,0.054160196770337454,0.08093083252039948,20,0.049014659020336616,0.0771350610036922
119,6-9-13-20,4,0.23488217999426358,20x212,0.047817999991821125,6,0.08070768725131346,0.2860493770968514,9,0.06239741156368097,0.15036427365592922,13,0.08250446656851321,0.10585862068937346,20,0.06808677937731407,0.0812232282672462
120,6-9-13-20,4,0.24157445667017458,20x212,0.050512899993918836,6,0.08379783621378922,0.35897468375360714,9,0.057162179824150554,0.18877016885948372,13,0.0781606479650178,0.11640195314192213,20,0.06946797573937395,0.08986605777573223
121,6-9-13-20,4,0.24502665182836825,20x212,0.06587789999321103,6,0.0842510950481341,0.3658003782694734,9,0.06927827452479683,0.1381974217834162,13,0.11686934022233733,0.09542528478479002,20,0.0874055835597876,0.0835929565291432
122,6-9-13-20,4,0.21639157465506997,20x212,0.03995429998030886,6,0.07835879847053766,0.19195714570798922,9,0.04784838004374541,0.11444204994667823,13,0.05192529462001117,0.06775449897980532,20,0.05010813001774985,0.08533462712622122
123,6-9-13-20,4,0.2210239610269037,20x212,0.06213389997719787,6,0.07945803215492708,0.2846340089007266,9,0.0742236762906688,0.11605945328488036,13,0.05710226623696938,0.07069235989198006,20,0.054063341953159885,0.05834455468490405
124,6-9-13-20,4,0.2237415921057559,20x212,0.05296979998820461,6,0.07978076614257643,0.3626974243067161,9,0.04756147079964741,0.21886979702328593,13,0.06812327194659125,0.14298990032438633,20,0.056959560347314336,0.07258590223233899
125,6-9-13-20,4,0.22805602345896053,20x212,0.0407042000151705,6,0.08225905027545877,0.30198046582995913,9,0.06271624667554361,0.1362202715422304,13,0.10318950375995549,0.10428934007776337,20,0.05106688704773898,0.0834032609074009
126,6-9-13-20,4,0.23079401599584162,20x212,0.044654600002104416,6,0.08306984852728226,0.346369220954024,9,0.09333261893485564,0.16320107684238253,13,0.05061331227507758,0.13913909381359893,20,0.05128042258761605,0.12006145484550307
127,6-9-13-20,4,0.23004248026133334,20x212,0.045239999977638945,6,0.09017646850962004,0.4030387650890875,9,0.06106293640127447,0.1490668451363985,13,0.06427266186309495,0.06981809491000221,20,0.05070524896132456,0.06896019727899759
128,6-9-13-20,4,0.20979269317285798,20x212,0.04731980001088232,6,0.0723944268514155,0.35301419691500957,9,0.059561648668378035,0.16795884852632073,13,0.07150677728579134,0.16018904238882775,20,0.07048186031005958,0.09706154084710492
129,6-9-13-20,4,0.23629343795258234,20x212,0.04226139999809675,6,0.08689915023503798,0.3268846282379229,9,0.07311282782723065,0.1660891052094978,13,0.10516921724531104,0.09877740751111375,20,0.060648970423212344,0.07822927745680189
130,6-9-13-20,4,0.25053593935936763,20x212,0.05094250000547618,6,0.09201749405160126,0.2538838584362855,9,0.11739746078521422,0.13773135764386127,13,0.06723885729436697,0.08051168025730303,20,0.08423769885765296,0.09611253203187384
131,6-9-13-20,4,0.22802657830874354,20x212,0.05239359999541193,6,0.09234944134159837,0.2850984198155587,9,0.06983586067663654,0.14606076162262055,13,0.055080753336291186,0.09817874838796069,20,0.07667080749824373,0.07720328102733624
132,6-9-13-20,4,0.2465178642908591,20x212,0.04361520000384189,6,0.0809651891187864,0.3595492604156185,9,0.06915462601083945,0.17390957445960964,13,0.1389993743762326,0.15428981435481004,20,0.07064392542752437,0.07591582982330265
133,6-9-13-20,4,0.22663563371254883,20x212,0.04477949999272823,6,0.061345035860975214,0.3947330821636076,9,0.05135524153330298,0.22567772751118945,13,0.09315078932324684,0.10369597604757794,20,0.05584758843078972,0.06692726712709221
134,6-9-13-20,4,0.2258397349030098,20x212,0.05756879999535158,6,0.08558267416467451,0.41948313432661866,9,0.05265311613247379,0.22741140277190292,13,0.053638712703081584,0.15379121887148656,20,0.07201659262340844,0.08295391212481484
135,6-9-13-20,4,0.22656244806642128,20x212,0.047428199992282316,6,0.09032196725909164,0.44119564704493713,9,0.05939303809169952,0.21475402106122624,13,0.11154310545733712,0.12046299417575405,20,0.06679050158037146,0.11062459764956835
136,6-9-13-20,4,0.21911029871721857,20x212,0.04543009999906644,6,0.07779645090976528,0.28287129893165136,9,0.08043991848464759,0.16423645595693012,13,0.05436057554552371,0.10267135390818506,20,0.06038026575992448,0.10484576159011018
137,6-9-13-20,4,0.23930461747980347,20x212,0.044025200011674315,6,0.09461208459208813,0.32900926869381875,9,0.06388191791634364,0.16008383097345857,13,0.06169844302580545,0.09440141055029343,20,0.07858448484819275,0.08117736483074448
138,6-9-13-20,4,0.2403609345907532,20x212,0.06022389998543076,6,0.0926900241566541,0.3540304794994507,9,0.09260666775768084,0.20895409320238365,13,0.05295033853081789,0.1380156077537194,20,0.053403369927700006,0.09401553067252442
139,6-9-13-20,4,0.22770133397040498,20x212,0.05226320002111606,6,0.08254809458848983,0.26047059367163455,9,0.06947410506959274,0.12876815055754362,13,0.058371205049840724,0.09040284047098399,20,0.0634689031009128,0.07125318631804534
140,6-9-13-20,4,0.2280840394968503,20x212,0.0667756000184454,6,0.07228874962705174,0.37242421562433703,9,0.0632269441294287,0.18594663043532267,13,0.053052843540108606,0.15319604956470947,20,0.056558930623373936,0.10227503642036308
141,6-9-13-20,4,0.22264289156870296,20x212,0.05183529999339953,6,0.08494993892469896,0.3597792598049948,9,0.06214363578163105,0.1663956462839239,13,0.07717462947759947,0.10021419915370804,20,0.05425472677135613,0.07880125222979316
142,6-9-13-20,4,0.21387098683792696,20x212,0.043817600002512336,6,0.07702545087499146,0.2558398205323032,9,0.06449039117888943,0.14888779756048734,13,0.06546422808424446,0.1042486887204896,20,0.04939388879610817,0.08535854225989209
143,6-9-13-20,4,0.22855897040423195,20x212,0.05431009997846559,6,0.08208694051181115,0.2563418746832763,9,0.06366823294513885,0.14524625458240295,13,0.0534964266726701,0.10535864753842535,20,0.053849224948531574,0.08238935490015631
144,6-9-13-20,4,0.21739439943883468,20x212,0.04302569999708794,6,0.07993560370138754,0.3716934044526276,9,0.09825011748596453,0.1705609676547825,13,0.05429787052218723,0.12223570105072057,20,0.07582723408814114,0.07646634056173025
145,6-9-13-20,4,0.23220921558034296,20x212,0.05159540000022389,6,0.07692097228097228,0.3553633895185167,9,0.06540962209022663,0.12773623939565285,13,0.08558467531429216,0.09947167000628906,20,0.06117048966674266,0.07726790051963074
146,6-9-13-20,4,0.2242532811277788,20x212,0.049851000017952174,6,0.07557922883396598,0.23234153231653665,9,0.05355470281102725,0.1368909238501206,13,0.060040386479291094,0.07822784021905,20,0.049157506135966485,0.06821974128688399
147,6-9-13-20,4,0.23209102430399062,20x212,0.05513220001012087,6,0.06555053479626963,0.36424672197147107,9,0.06524721817880334,0.1902065489637528,13,0.07927602599068809,0.09793036718175736,20,0.06089463777738308,0.07715920119626168
148,6-9-13-20,4,0.22179690981359126,20x212,0.04599640000378713,6,0.09942350716304182,0.4201103092619976,9,0.07298193282938865,0.12892388437960872,13,0.05434719146064433,0.10922890946040621,20,0.05098359728075737,0.0932835740635896
149,6-9-13-20,4,0.21984382119146528,20x212,0.04988999999477528,6,0.07384443134142542,0.247652784076593,9,0.06440661589476311,0.1546379592334728,13,0.06903063752176068,0.09749562345350478,20,0.08508497266949851,0.09887318143567701
150,6-9-13-20,4,0.22279014046804618,20x212,0.05598820000886917,6,0.08090457090744334,0.3173081981085201,9,0.06740140391500409,0.13853800060222873,13,0.052293517083758526,0.11245890760470978,20,0.05982782471506914,0.07584326623360638
151,6-9-13-20,4,0.24209970427678204,20x212,0.04991939998581074,6,0.06485082840968583,0.2970432205019681,9,0.06920989032660403,0.12429417925731921,13,0.09706278231231287,0.08389519053732333,20,0.06425542211960382,0.07518998649704639
152,6-9-13-20,4,0.23742301720251877,20x212,0.041664899996249005,6,0.08821095370450117,0.4292905144472056,9,0.08050353458371369,0.21623992826570151,13,0.08064578072603129,0.10749265205003648,20,0.06530933090501809,0.08028079679010636
153,6-9-13-20,4,0.22046499833351907,20x212,0.04481150000356138,6,0.08181288130757539,0.3691463591412168,9,0.06221116893815894,0.1278198056049185,13,0.0690745636124588,0.08648020428083769,20,0.05307360900984286,0.06198726375577767
154,6-9-13-20,4,0.21826794129374882,20x212,0.051022900006501004,6,0.07640283491539099,0.3490740759049056,9,0.0792672498762962,0.11974801936373439,13,0.06009740686236065,0.08672215249382495,20,0.05315736811523062,0.09544407580389747
155,6-9-13-20,4,0.2417867177198747,20x212,0.04673689999617636,6,0.08636948556848627,0.3220037098311094,9,0.11636309081586378,0.1466000177384642,13,0.057406147153019595,0.07952473950224374,20,0.05247159860808721,0.08157178114192971
156,6-9-13-20,4,0.22809537683346565,20x212,0.042412999988300726,6,0.08349104781066512,0.2742598642639441,9,0.04888279710394892,0.16938925138718058,13,0.0768308437952498,0.09195547407767912,20,0.05104242094605541,0.07403103851909772
157,6-9-13-20,4,0.23266458878057852,20x212,0.050841999996919185,6,0.0839700610270803,0.3624943690115329,9,0.10790171802418619,0.15589478727528008,13,0.05153046864500892,0.12041127217777156,20,0.054927037952421806,0.0929820172503165
158,6-9-13-20,4,0.23010609630932854,20x212,0.0415043999964837,6,0.07435318150131037,0.2954516885825661,9,0.05366927028338415,0.17689128076072622,13,0.13201283832271019,0.14626883272644767,20,0.06949736730225028,0.08478605306940196
159,6-9-13-20,4,0.24780760068666166,20x212,0.04196520001278259,6,0.0908133753262186,0.1809573953639298,9,0.05298120271474942,0.13180328238714278,13,0.11726499395850079,0.08425923094183894,20,0.06518979672896211,0.056426638075983145
160,6-9-13-20,4,0.24775053816459888,20x212,0.04196659999433905,6,0.10898482053481814,0.35673336145831963,9,0.06874786894432817,0.15843650917924917,13,0.05220269699095651,0.11983995965529509,20,0.07132238905191392,0.08817489497330333
161,6-9-13-20,4,0.22217736631404286,20x212,0.04161430001840927,6,0.07905641641485689,0.29656331923700124,9,0.05319279393627493,0.17484330070522594,13,0.0516283248887905,0.12360489500233045,20,0.05549034120949185,0.07349620290233047
162,6-9-13-20,4,0.2304714058390784,20x212,0.04767810000339523,6,0.09171174869727021,0.3432380293208711,9,0.05402193785713925,0.1879313545567925,13,0.056782257748384704,0.11923617517390657,20,0.05279156995715939,0.07703589393391366
163,6-9-13-20,4,0.2467333013646202,20x212,0.046462400001473725,6,0.09923196715612989,0.3051277429849515,9,0.10404906745741845,0.16359942385498863,13,0.09421817214511635,0.08100459221245969,20,0.06071472807929493,0.0750435830810975
164,6-9-13-20,4,0.2249848755967183,20x212,0.050271800020709634,6,0.08691359406903473,0.29416287158436016,9,0.06556332493144006,0.2015238152942804,13,0.0647975961046284,0.10013253539572851,20,0.06931459931760967,0.07223776983401288
165,6-9-13-20,4,0.24486694324292158,20x212,0.06427699999767356,6,0.08685009430324225,0.3508699573598671,9,0.21539487616055444,0.2042966021711976,13,0.05715589534364566,0.11096524719291931,20,0.05780891422489944,0.07026864779762924
166,6-9-13-20,4,0.23541681655214747,20x212,0.03700010001193732,6,0.08031909629675359,0.32040197864733705,9,0.11936678477625724,0.1390122397026809,13,0.05848992329172816,0.09985665572218852,20,0.05626515967717309,0.0804365450970386
167,6-9-13-20,4,0.24774405947130052,20x212,0.04814880000776611,6,0.09583597352219257,0.27469630600382583,9,0.1262910368527398,0.14657131182590802,13,0.05515101238566171,0.11118092973031334,20,0.06367242900906456,0.08546276760761415
168,6-9-13-20,4,0.23724686761885194,20x212,0.04604049999034032,6,0.09394512396793611,0.29722267674062447,9,0.04968667673609343,0.1998700169726841,13,0.05864368591099498,0.14439991409354436,20,0.0706417778637027,0.08078850204204385
169,6-9-13-20,4,0.24890072408104724,20x212,0.03881179998279549,6,0.10130320599113703,0.25310104767465924,9,0.1305179054339132,0.1185614653156873,13,0.0538681413289449,0.0902693020094408,20,0.054322297109756966,0.07558639850057206
170,6-9-13-20,4,0.2507530244271422,20x212,0.0464499999943655,6,0.10002800012123438,0.2873516712720828,9,0.1243086211026876,0.14833539112040572,13,0.05300153847310176,0.11115675375826474,20,0.06189347663654122,0.08694810907420401
