indice_interno,base,clase,archivo,distribucion,representacion,numero_capas,inicializacion_onmf,error_final,forma_h_final,segundos_extraccion_deep,capa_1_rango,capa_1_error,capa_1_ortogonalidad_h,capa_1_segundos,capa_2_rango,capa_2_error,capa_2_ortogonalidad_h,capa_2_segundos,capa_3_rango,capa_3_error,capa_3_ortogonalidad_h,capa_3_segundos,capa_4_rango,capa_4_error,capa_4_ortogonalidad_h,capa_4_segundos
0,original,N,New_N_001.wav,28-12-5-2,DeepONMF_H4,4,nndsvd,0.2689256207723714,2x212,0.06318030005786568,28,0.07934679966172968,0.1890257438215147,0.04468970000743866,12,0.05681284381999049,0.211913487464,0.008504699915647507,5,0.06728704711068267,0.28837203325343397,0.005004499922506511,2,0.0986627123195651,0.35798738289222465,0.0035731999669224024
1,original,N,New_N_002.wav,28-12-5-2,DeepONMF_H4,4,nndsvd,0.26974104231636414,2x212,0.06129209999926388,28,0.07030626299160583,0.1942820643778101,0.043256200035102665,12,0.05816475504331323,0.17936199047897172,0.00828359997831285,5,0.07288747730570456,0.24139659213530767,0.004318400053307414,2,0.10052980547267065,0.2683291885592038,0.004385199979878962
2,original,N,New_N_003.wav,28-12-5-2,DeepONMF_H4,4,nndsvd,0.2635729188350049,2x212,0.05996520002372563,28,0.0767362796978627,0.15494421417623477,0.04325929994229227,12,0.05716026956337644,0.1892154004283066,0.007882399950176477,5,0.06831167696717623,0.32074883731360326,0.0043117000022903085,2,0.09171682561505183,0.44958060412735684,0.003248699940741062
3,original,N,New_N_004.wav,28-12-5-2,DeepONMF_H4,4,nndsvd,0.2605894466688275,2x212,0.059207500074990094,28,0.0750511222141747,0.1765333925661368,0.041904999990947545,12,0.058190204012166166,0.18968952871655997,0.00705519993789494,5,0.06833835692485656,0.2856270239742317,0.005815800046548247,2,0.09222958161066902,0.31896578094452827,0.0033164999913424253
4,original,N,New_N_005.wav,28-12-5-2,DeepONMF_H4,4,nndsvd,0.26340605850522786,2x212,0.060433299979195,28,0.0743441878544264,0.17374161173981817,0.044533099979162216,12,0.057786406267969805,0.2190441605275899,0.007007100037299097,5,0.0705147532017256,0.32728936213371285,0.004433099995367229,2,0.08794245417845906,0.4631812892027345,0.0033430999610573053
5,original,N,New_N_006.wav,28-12-5-2,DeepONMF_H4,4,nndsvd,0.27100215620026147,2x212,0.06100520002655685,28,0.07916292911747025,0.18236401956218817,0.044069700059480965,12,0.05786867440012388,0.16061281280226863,0.007887599989771843,5,0.06941251729834468,0.2466383004982981,0.004570299992337823,2,0.10518663427104753,0.3684946544601353,0.003270899993367493
6,original,N,New_N_007.wav,28-12-5-2,DeepONMF_H4,4,nndsvd,0.2691445528729028,2x212,0.06077979994006455,28,0.07131746275005078,0.1743486461379259,0.043953899992629886,12,0.059056643862190616,0.20628059115307915,0.007032699999399483,5,0.07353729549003914,0.2600592348517496,0.0042818000074476,2,0.09956132294870394,0.40085075136347403,0.004417999996803701
7,original,N,New_N_008.wav,28-12-5-2,DeepONMF_H4,4,nndsvd,0.27336568680965234,2x212,0.0594364000717178,28,0.0691919106357144,0.16363291303608557,0.04275430005509406,12,0.057806601029020785,0.17000534397720696,0.007791200070641935,5,0.07941740754993654,0.30764041493418587,0.004350499948486686,2,0.10712415037502124,0.3380231629605304,0.003334500011987984
8,original,N,New_N_009.wav,28-12-5-2,DeepONMF_H4,4,nndsvd,0.269201761529281,2x212,0.05905839998740703,28,0.07297062885841119,0.16804103114284227,0.04275719996076077,12,0.05957134020996146,0.1391299213278362,0.0069549999898299575,5,0.07980387673883281,0.19030228973238622,0.004790400038473308,2,0.0978132952011512,0.3590378779840582,0.0032814000733196735
9,original,N,New_N_010.wav,28-12-5-2,DeepONMF_H4,4,nndsvd,0.27823922374329346,2x212,0.05861690000165254,28,0.08073850609876626,0.16405587898063895,0.041293099988251925,12,0.05837541517493443,0.1883204513898125,0.00736649997998029,5,0.0824179675090877,0.1995601584281524,0.004287700052373111,2,0.11494806457696737,0.506339628671079,0.004438200034201145
10,original,N,New_N_011.wav,28-12-5-2,DeepONMF_H4,4,nndsvd,0.26574261236335395,2x212,0.07248910004273057,28,0.07178864113502496,0.17820504528577533,0.044091999996453524,12,0.057453971308737875,0.20685737931598472,0.011622400023043156,5,0.07331948048332945,0.2746579536354029,0.010250499937683344,2,0.09877972982425258,0.33687033159554336,0.004966599983163178
11,original,N,New_N_012.wav,28-12-5-2,DeepONMF_H4,4,nndsvd,0.27380150671575826,2x212,0.07653950003441423,28,0.07067829468870317,0.18519120030849126,0.0488130000885576,12,0.05918087863138778,0.1878709399759923,0.01534929999615997,5,0.0743168244149308,0.3424035056199348,0.007688199984841049,2,0.11855665509944611,0.40852402530477716,0.0033700999338179827
12,original,N,New_N_013.wav,28-12-5-2,DeepONMF_H4,4,nndsvd,0.26853786591524303,2x212,0.07152040000073612,28,0.07853448306688848,0.16590518148239958,0.046040100045502186,12,0.058021616769161774,0.19182537246157508,0.010569100035354495,5,0.06961955135884366,0.28987536664905744,0.007601000019349158,2,0.09557799089717882,0.40674985816734605,0.0061570999678224325
13,original,N,New_N_014.wav,28-12-5-2,DeepONMF_H4,4,nndsvd,0.26571501009786663,2x212,0.07624940003734082,28,0.07490493929855399,0.1939368246049844,0.04637359990738332,12,0.05743413733333805,0.20951357127436923,0.012164399959146976,5,0.07119797419622097,0.3274696820653048,0.009550999966450036,2,0.09899805889364187,0.46555306124162366,0.006683700019493699
14,original,N,New_N_015.wav,28-12-5-2,DeepONMF_H4,4,nndsvd,0.2725952463755194,2x212,0.07597829995211214,28,0.07534015953949608,0.18165237782997137,0.048188199987635016,12,0.05896028415117704,0.19328720091593038,0.011894600000232458,5,0.08249397745095628,0.24614872567010676,0.007903099991381168,2,0.09768497119391371,0.2673522027465039,0.00644939998164773
15,original,N,New_N_016.wav,28-12-5-2,DeepONMF_H4,4,nndsvd,0.2655591844824868,2x212,0.06406160001643002,28,0.07363561453695902,0.15584704456446982,0.045317200012505054,12,0.057759857204595824,0.20449535051301126,0.007383799995295703,5,0.07392248545765565,0.2970337447738574,0.004511300008744001,2,0.09499543968368021,0.34219789674992956,0.005760599975474179
16,original,N,New_N_017.wav,28-12-5-2,DeepONMF_H4,4,nndsvd,0.26874809313969467,2x212,0.05964049999602139,28,0.07696830729040724,0.1695372856173795,0.043591300025582314,12,0.05851718872834351,0.14067573272860018,0.007334699970670044,5,0.07946555266154572,0.25706748945944413,0.00445499992929399,2,0.0962729592722981,0.4187024234621289,0.003235999960452318
17,original,N,New_N_018.wav,28-12-5-2,DeepONMF_H4,4,nndsvd,0.26425947778507725,2x212,0.0609040999552235,28,0.07728609538224186,0.1843961814442141,0.04400929994881153,12,0.057904618554804936,0.1922812709155319,0.006927900016307831,5,0.07189943217004656,0.25072681311910516,0.005378399975597858,2,0.09435824374806133,0.3727031577057909,0.003545299987308681
18,original,N,New_N_019.wav,28-12-5-2,DeepONMF_H4,4,nndsvd,0.2654424095101098,2x212,0.05933229997754097,28,0.0795465832292623,0.175047475280643,0.043039800017140806,12,0.057541404705330465,0.19422077370697,0.007622100063599646,5,0.07172242131644956,0.3332222186657269,0.004303400055505335,2,0.09307688939822906,0.3380916785685886,0.0032281000167131424
19,original,N,New_N_020.wav,28-12-5-2,DeepONMF_H4,4,nndsvd,0.26519331096347304,2x212,0.05933640000876039,28,0.0786211533849742,0.18327662065586645,0.04167149995919317,12,0.05764216542606742,0.17226544311246544,0.007680900045670569,5,0.06834636064248036,0.22991900537656512,0.00535460002720356,2,0.09933371284471836,0.4131521997541865,0.0033849000465124846
20,original,N,New_N_021.wav,28-12-5-2,DeepONMF_H4,4,nndsvd,0.2665465793717613,2x212,0.05910429998766631,28,0.07155743793722918,0.1847477458638009,0.04328049998730421,12,0.05773878069086123,0.18497428388761147,0.007041599950753152,5,0.07319197382058526,0.28040548583795427,0.004253599909134209,2,0.10527026121919889,0.34293111150807676,0.0033933999948203564
21,original,N,New_N_022.wav,28-12-5-2,DeepONMF_H4,4,nndsvd,0.2660710578255633,2x212,0.059137400006875396,28,0.07406009369023127,0.17570528306312033,0.04249070002697408,12,0.05709759647692717,0.14856372182114963,0.007527500041760504,5,0.07698992073789697,0.18600442177688373,0.0045068999752402306,2,0.10263383992979731,0.30246371831792246,0.003272000001743436
22,original,N,New_N_023.wav,28-12-5-2,DeepONMF_H4,4,nndsvd,0.274157785714081,2x212,0.06518819998018444,28,0.0703562746051312,0.14671106001265122,0.049009300069883466,12,0.060680638441433274,0.15401925783513243,0.00722269993275404,5,0.08004029703337823,0.1974067455285336,0.004490799969062209,2,0.10327608999971358,0.46254189239507393,0.0032463000388816
23,original,N,New_N_024.wav,28-12-5-2,DeepONMF_H4,4,nndsvd,0.26893948935565576,2x212,0.05800680001266301,28,0.07311710878378759,0.1729229030366156,0.041921099997125566,12,0.06195969429633576,0.17482780731123934,0.007487400085665286,5,0.07178831437889112,0.21545939369539716,0.004350000061094761,2,0.097136957997224,0.33348704354793923,0.003273500013165176
24,original,N,New_N_025.wav,28-12-5-2,DeepONMF_H4,4,nndsvd,0.284398940536084,2x212,0.059288499993272126,28,0.07676659303735428,0.15697261146198124,0.043466800008900464,12,0.06189467094035966,0.15132833152532743,0.007122899987734854,5,0.08448612546202863,0.26262242845682854,0.0042749999556690454,2,0.12103454055489013,0.5420342004281833,0.0032528999727219343
25,original,N,New_N_026.wav,28-12-5-2,DeepONMF_H4,4,nndsvd,0.2676410515357396,2x212,0.05936189997009933,28,0.07555432841135115,0.17229547121643324,0.04366989992558956,12,0.05930535879547189,0.1663148207405664,0.007070399937219918,5,0.08225600547380515,0.2544566659638965,0.004255599924363196,2,0.09568450683121021,0.4422254238775729,0.003360399976372719
26,original,N,New_N_027.wav,28-12-5-2,DeepONMF_H4,4,nndsvd,0.2671656805790601,2x212,0.057132799993269145,28,0.07381476759533416,0.16033277236008062,0.04109529999550432,12,0.058758005835494315,0.187583340540777,0.007189600029960275,5,0.07266777102635476,0.2640191440730341,0.004404300008900464,2,0.10074507476054922,0.41904041463604613,0.003266699961386621
27,original,N,New_N_028.wav,28-12-5-2,DeepONMF_H4,4,nndsvd,0.264531333067778,2x212,0.061158600030466914,28,0.07392218033653282,0.16838221007630363,0.04423940007109195,12,0.057182278969481554,0.15735030261442354,0.007164399954490364,5,0.07106415121674652,0.2471834286231987,0.004324599984101951,2,0.10036043872339594,0.3651107023554334,0.004406000021845102
28,original,N,New_N_029.wav,28-12-5-2,DeepONMF_H4,4,nndsvd,0.27400589271316556,2x212,0.06070849997922778,28,0.07245478374426838,0.1681159964345488,0.041897399933077395,12,0.05798485062776717,0.1885390719819584,0.00888229999691248,5,0.08462463506454414,0.245842629138543,0.005054699955508113,2,0.11201190268571887,0.3706422703309784,0.0038796999724581838
29,original,N,New_N_030.wav,28-12-5-2,DeepONMF_H4,4,nndsvd,0.26644127283351193,2x212,0.06402160006109625,28,0.07647706221552922,0.1838863325960056,0.047487500007264316,12,0.06270022563097871,0.1577865317703274,0.007667100057005882,5,0.07306834842829829,0.26334524197281967,0.004383699968457222,2,0.08857984401331725,0.44314777717301834,0.0032659999560564756
30,original,N,New_N_031.wav,28-12-5-2,DeepONMF_H4,4,nndsvd,0.26853102632129616,2x212,0.06103670003358275,28,0.07665069147447101,0.1750068748847941,0.044493299908936024,12,0.05857000770317258,0.1984521383434108,0.0069540999829769135,5,0.07836586070376061,0.2827775703542143,0.005252000060863793,2,0.09540043189068367,0.4148132517793548,0.0033270000712946057
31,original,N,New_N_032.wav,28-12-5-2,DeepONMF_H4,4,nndsvd,0.26820850268319024,2x212,0.058633900014683604,28,0.07493598722988626,0.16609679900101135,0.04179000004660338,12,0.06011323877127486,0.13663217076472803,0.008214700035750866,5,0.07726653915687831,0.21155489348256307,0.004290899960324168,2,0.09327990964891869,0.3894454939030197,0.0033413999481126666
32,original,N,New_N_033.wav,28-12-5-2,DeepONMF_H4,4,nndsvd,0.26630460648847926,2x212,0.06141059997025877,28,0.07237994342897587,0.1765432947348515,0.04454619996249676,12,0.06046210116973173,0.18348504269698776,0.007617299910634756,5,0.07071825832173825,0.2854748440202399,0.004619799903593957,2,0.09792987235044759,0.4333657340351825,0.0033053000224754214
33,original,N,New_N_034.wav,28-12-5-2,DeepONMF_H4,4,nndsvd,0.26915984985850333,2x212,0.0598067999817431,28,0.07526198554729531,0.17522989078708068,0.042349600000306964,12,0.058003954781480405,0.15587489462906223,0.00783030001912266,5,0.07260732760815143,0.24339409898833111,0.00428029999602586,2,0.10757777986781077,0.3639913204394485,0.004027900053188205
34,original,N,New_N_035.wav,28-12-5-2,DeepONMF_H4,4,nndsvd,0.26840136888233573,2x212,0.05864159995689988,28,0.07477640366349438,0.1728763933864132,0.04196309996768832,12,0.05756632060148418,0.22198891905691714,0.007518499973230064,5,0.07243185336025385,0.24641200694151108,0.00456469994969666,2,0.09776495133900721,0.36991318982443133,0.0033082999289035797
35,original,N,New_N_036.wav,28-12-5-2,DeepONMF_H4,4,nndsvd,0.26786242498202734,2x212,0.06046449998393655,28,0.07411691774258024,0.16398850239219245,0.0434499999973923,12,0.058075302921521854,0.18575985056374253,0.006918200058862567,5,0.07183635737468635,0.266226618128383,0.004260099958628416,2,0.09182686798466225,0.4947684649975692,0.004556900006718934
36,original,N,New_N_037.wav,28-12-5-2,DeepONMF_H4,4,nndsvd,0.2517538403566426,2x212,0.06069790001492947,28,0.06743245818638213,0.14878521105988596,0.04300769988913089,12,0.05591015234204259,0.2065000174037291,0.008633799967356026,5,0.06252079799500518,0.3183981374216322,0.004571900004521012,2,0.08145264425802987,0.3446037790659069,0.0032876000041142106
37,original,N,New_N_038.wav,28-12-5-2,DeepONMF_H4,4,nndsvd,0.2514833095362153,2x212,0.05746419995557517,28,0.06821203119153116,0.148893463661182,0.04124910000246018,12,0.05594588375655497,0.18913740297472456,0.007240799954161048,5,0.06289679967168128,0.3555167002464616,0.004633200005628169,2,0.08239475914414539,0.36653594985009574,0.0032538999803364277
38,original,N,New_N_039.wav,28-12-5-2,DeepONMF_H4,4,nndsvd,0.2489886166085346,2x212,0.05907620000652969,28,0.06744177308402854,0.1419960655345497,0.0423824000172317,12,0.05579080947525238,0.16429985269290157,0.00782729999627918,5,0.06260095878273897,0.2504013829410271,0.004383199964649975,2,0.07670836854644039,0.3504905088578539,0.003261599922552705
39,original,N,New_N_040.wav,28-12-5-2,DeepONMF_H4,4,nndsvd,0.2515770214459928,2x212,0.060866400017403066,28,0.06701043551177159,0.15174595102050956,0.04448979999870062,12,0.055767883480784916,0.18546973356955443,0.007554699899628758,5,0.060512779066282975,0.30241375766243594,0.0042912999633699656,2,0.08573760467624642,0.35939457340463016,0.0032743000192567706
40,original,N,New_N_041.wav,28-12-5-2,DeepONMF_H4,4,nndsvd,0.25679242881540104,2x212,0.06032560009043664,28,0.06440634191542463,0.16626967902298934,0.04361229995265603,12,0.056352049267691946,0.1918314347789861,0.0070318999933078885,5,0.06238308588426319,0.31579870502180335,0.004535699961706996,2,0.08979176691634669,0.5962878588357219,0.003906599944457412
41,original,N,New_N_042.wav,28-12-5-2,DeepONMF_H4,4,nndsvd,0.257338162626497,2x212,0.0579100000904873,28,0.06469143146956188,0.17914921586117744,0.041156699997372925,12,0.05626801115958689,0.1513340222133136,0.007820600061677396,5,0.06406757067835489,0.22597682135213865,0.004412399954162538,2,0.09647920489350811,0.6731491345299013,0.0035155999939888716
42,original,N,New_N_043.wav,28-12-5-2,DeepONMF_H4,4,nndsvd,0.2545363735337305,2x212,0.06778059992939234,28,0.06512696698751011,0.18554373792561682,0.042866299976594746,12,0.05587311372081235,0.20165081908886937,0.011926000006496906,5,0.05979873715921072,0.3573353215957098,0.008189799962565303,2,0.08539835715427899,0.5350661173282606,0.0036570000229403377
43,original,N,New_N_044.wav,28-12-5-2,DeepONMF_H4,4,nndsvd,0.2570899098504473,2x212,0.06209610006771982,28,0.06288487996865423,0.19063242617241852,0.045320100034587085,12,0.05600398343298877,0.19292879767821983,0.0071718000108376145,5,0.06244273865411379,0.39231032905415175,0.004971600021235645,2,0.09393833311825678,0.6291270705160078,0.003611800028011203
44,original,N,New_N_045.wav,28-12-5-2,DeepONMF_H4,4,nndsvd,0.25548783744105197,2x212,0.06235039990860969,28,0.06751039028649834,0.16639384725530124,0.04536430002190173,12,0.05693378512968621,0.14306557096782643,0.007473599980585277,5,0.06398989835053237,0.2678553019386353,0.004417899996042252,2,0.08373601773597214,0.4877031540753175,0.0038617000682279468
45,original,N,New_N_046.wav,28-12-5-2,DeepONMF_H4,4,nndsvd,0.2550305342219848,2x212,0.0619552000425756,28,0.06474758383002872,0.18633206526743692,0.04485249996650964,12,0.05619839623238796,0.21447005646342285,0.008147999993525445,5,0.061041545448376984,0.33713338327418324,0.004387299995869398,2,0.0873840516448274,0.5805453367122088,0.0034794999519363046
46,original,N,New_N_047.wav,28-12-5-2,DeepONMF_H4,4,nndsvd,0.2554328800998857,2x212,0.07592360000126064,28,0.06423080342221889,0.16360734769280527,0.04507320001721382,12,0.0563243014456741,0.1853085984222197,0.013271500007249415,5,0.060791173085085526,0.2619667474944528,0.010006200056523085,2,0.08615491166199185,0.5960796386775888,0.00630130001809448
47,original,N,New_N_048.wav,28-12-5-2,DeepONMF_H4,4,nndsvd,0.25479915331256425,2x212,0.06412300001829863,28,0.07279163483757463,0.17504840212365258,0.04711700009647757,12,0.05578054353713583,0.16021309295160363,0.007158299908041954,5,0.06088243536200272,0.237896308792586,0.004440799937583506,2,0.08530817364873074,0.48650532460283435,0.004195899935439229
48,original,N,New_N_049.wav,28-12-5-2,DeepONMF_H4,4,nndsvd,0.2527881815954131,2x212,0.06270270003005862,28,0.061148726716145796,0.2078683026237863,0.04521429992746562,12,0.05624421416961728,0.19883433120547048,0.008192900102585554,5,0.06040097651878904,0.3688285314235482,0.004357800004072487,2,0.08560840999968067,0.7254405689134171,0.003730399999767542
49,original,N,New_N_050.wav,28-12-5-2,DeepONMF_H4,4,nndsvd,0.2552094198075628,2x212,0.062353899935260415,28,0.06625785742811931,0.17985732354407874,0.0452864000108093,12,0.055743136446185115,0.2036571400004897,0.00815319991670549,5,0.05928782962998351,0.3023585735289431,0.004373099887743592,2,0.0907595641676324,0.5194920387777899,0.0032581000123173
50,original,N,New_N_051.wav,28-12-5-2,DeepONMF_H4,4,nndsvd,0.25574356502496387,2x212,0.06303179997485131,28,0.06733936474156421,0.15525620989413502,0.0459490999346599,12,0.056267197857705065,0.2011917127682764,0.007526000030338764,5,0.06126985440283015,0.28577307918337114,0.0049236000049859285,2,0.08987958198312243,0.6086917760942052,0.003399799927137792
51,original,N,New_N_052.wav,28-12-5-2,DeepONMF_H4,4,nndsvd,0.25461820787717504,2x212,0.06375920004211366,28,0.06406878479511362,0.1742110543492188,0.04679359996225685,12,0.056135002346406095,0.16596692709489808,0.007200299995020032,5,0.061291391918719386,0.3083955852960925,0.00474539992865175,2,0.08811895673637521,0.6531030626383318,0.003863900084979832
52,original,N,New_N_053.wav,28-12-5-2,DeepONMF_H4,4,nndsvd,0.25240898143814683,2x212,0.06200919998809695,28,0.06560997014721223,0.17762866625977977,0.04526929999701679,12,0.05589068666280613,0.22674626903493958,0.007113899919204414,5,0.05919669413257127,0.4212449482309137,0.004327200003899634,2,0.08145740133034203,0.6311884660022389,0.004228200064972043
53,original,N,New_N_054.wav,28-12-5-2,DeepONMF_H4,4,nndsvd,0.2545394038185113,2x212,0.06338020006660372,28,0.06439128556423646,0.17067225234799702,0.044888900010846555,12,0.056040261386533355,0.19892705225152446,0.009787300019524992,5,0.05941891969639882,0.3480337608070957,0.00435160007327795,2,0.08655762289189473,0.5983373949995687,0.0032615000382065773
54,original,N,New_N_055.wav,28-12-5-2,DeepONMF_H4,4,nndsvd,0.2525227805418722,2x212,0.06304759997874498,28,0.06288665131471818,0.17965254658403043,0.04560559999663383,12,0.05576456929515148,0.2406582654205385,0.00819930003490299,5,0.06128270513499711,0.38911860949443894,0.004542600014247,2,0.08464092774183327,0.6223330491046064,0.0033143000910058618
55,original,N,New_N_056.wav,28-12-5-2,DeepONMF_H4,4,nndsvd,0.25332566258153877,2x212,0.05887880001682788,28,0.06438258287732924,0.19317727914434896,0.041497400030493736,12,0.0562665572986215,0.17322760445717866,0.007700499962083995,5,0.062009428280280145,0.3665948045455114,0.00479010003618896,2,0.08257355217182645,0.5715607795408363,0.0033419999526813626
56,original,N,New_N_057.wav,28-12-5-2,DeepONMF_H4,4,nndsvd,0.25099241329530536,2x212,0.058119699941016734,28,0.06396469645064737,0.21022450292636602,0.04186460003256798,12,0.05595204232474073,0.2053653318117257,0.007454200065694749,5,0.058260349837343,0.31420366888805107,0.004323799978010356,2,0.07576208459437779,0.5370095724894656,0.0033081999281421304
57,original,N,New_N_058.wav,28-12-5-2,DeepONMF_H4,4,nndsvd,0.25086902584500437,2x212,0.05841479997616261,28,0.06254760005658536,0.19776017945632632,0.04209740005899221,12,0.05619281579596874,0.23573399882906496,0.006978300050832331,5,0.059944917174344484,0.370070332716683,0.005020500044338405,2,0.08119325157004882,0.6196730485675028,0.0032541999826207757
58,original,N,New_N_059.wav,28-12-5-2,DeepONMF_H4,4,nndsvd,0.2539096681616566,2x212,0.0615817999932915,28,0.06535188652341033,0.17473826791592473,0.04425889998674393,12,0.055924847558194254,0.22380439120657555,0.008218699949793518,5,0.05881763153664691,0.39038075738717787,0.0043406999902799726,2,0.08538739222373885,0.6098700198900762,0.0033264000667259097
59,original,N,New_N_060.wav,28-12-5-2,DeepONMF_H4,4,nndsvd,0.2536322102391902,2x212,0.06320259999483824,28,0.06837171977274324,0.2017111284408011,0.04671060002874583,12,0.055606388666336826,0.2129956602181208,0.007736200001090765,5,0.05895577207927084,0.3230755482258583,0.004288800060749054,2,0.08489549855820734,0.6386174810154953,0.0032594000222161412
60,original,N,New_N_061.wav,28-12-5-2,DeepONMF_H4,4,nndsvd,0.2553170712386405,2x212,0.05997130007017404,28,0.06450474064717664,0.180283995087428,0.04307490005157888,12,0.056584801493528535,0.17978539432948812,0.007067500031553209,5,0.06056479796248913,0.269341164922975,0.005342900054529309,2,0.09006796826497426,0.657135400402032,0.0033059000270441175
61,original,N,New_N_062.wav,28-12-5-2,DeepONMF_H4,4,nndsvd,0.2530908353455759,2x212,0.060291699948720634,28,0.06320780727954158,0.20321509588251221,0.04345220001414418,12,0.055744360298254504,0.26655247075881483,0.0077689000172540545,5,0.05808518768440178,0.4270896489608408,0.004509299993515015,2,0.08837452114086924,0.6381719953013684,0.003293899935670197
62,original,N,New_N_063.wav,28-12-5-2,DeepONMF_H4,4,nndsvd,0.25586822924876707,2x212,0.07217840000521392,28,0.06396678762093828,0.17093497427776638,0.04631790006533265,12,0.05675742935764511,0.1909418584476384,0.011890099965967238,5,0.061042052599753954,0.2657017470479981,0.009340999997220933,2,0.0861406243412721,0.45861699211265317,0.0034895000280812383
63,original,N,New_N_064.wav,28-12-5-2,DeepONMF_H4,4,nndsvd,0.2523826934665844,2x212,0.07931389997247607,28,0.0621091708993286,0.18263942052323381,0.04456369997933507,12,0.05624302574290562,0.19243277035890388,0.015068999957293272,5,0.06193977169530775,0.3546553074108031,0.010147899971343577,2,0.08029844589966288,0.6251706342368215,0.00810730003286153
64,original,N,New_N_065.wav,28-12-5-2,DeepONMF_H4,4,nndsvd,0.2549484648016085,2x212,0.06481619994156063,28,0.06429926997646536,0.1734340275903567,0.044508200022391975,12,0.05631676919114033,0.17105270618299967,0.011402699979953468,5,0.06500960585783112,0.2519699456070494,0.004401699989102781,2,0.08911247784473571,0.4578038222406641,0.0032461000373587012
65,original,N,New_N_066.wav,28-12-5-2,DeepONMF_H4,4,nndsvd,0.25209591827452943,2x212,0.06039440003223717,28,0.062260719575684076,0.1762502868477297,0.043112399987876415,12,0.056020852452342854,0.19137865591670772,0.007709299912676215,5,0.06018469401761732,0.31102165289602196,0.004657499957829714,2,0.08369681498052647,0.6507628551281395,0.0035155999939888716
66,original,N,New_N_067.wav,28-12-5-2,DeepONMF_H4,4,nndsvd,0.25341624103447946,2x212,0.06018999998923391,28,0.0613400661167961,0.19461990721589473,0.04427369998302311,12,0.05621823425362251,0.21411356829502862,0.0069703999906778336,5,0.06388310904669049,0.27257335230682,0.004245100077241659,2,0.08524642571180227,0.6664991204278757,0.003332899999804795
67,original,N,New_N_068.wav,28-12-5-2,DeepONMF_H4,4,nndsvd,0.2548246318704689,2x212,0.06022590002976358,28,0.06557549612448085,0.16530110617878602,0.043299200013279915,12,0.05656860395137979,0.18256795790443858,0.008048900053836405,5,0.06244425189881201,0.3419704579068764,0.004361200029961765,2,0.08493242112538225,0.6318702307162328,0.0032589000184088945
68,original,N,New_N_069.wav,28-12-5-2,DeepONMF_H4,4,nndsvd,0.25677330718490027,2x212,0.05845340003725141,28,0.06959463840876684,0.17078860798335202,0.04239880002569407,12,0.05647485832953935,0.20822487544323987,0.006951299961656332,5,0.0659898417963642,0.31700626469213683,0.004884599940851331,2,0.08677401362627081,0.4589185583593274,0.003257000003941357
69,original,N,New_N_070.wav,28-12-5-2,DeepONMF_H4,4,nndsvd,0.2628763865182744,2x212,0.060044200043193996,28,0.06974047003309612,0.1585187262688904,0.04364990000613034,12,0.057869419051930875,0.18930557503977455,0.007823600084520876,5,0.07013646692409366,0.2722253829601204,0.004367499961517751,2,0.1051214695009112,0.5206208219534136,0.003251899965107441
70,original,N,New_N_071.wav,28-12-5-2,DeepONMF_H4,4,nndsvd,0.2595298210752847,2x212,0.059131599962711334,28,0.06557451773036085,0.17473301299589544,0.04134450003039092,12,0.05633225810890806,0.18900366704030067,0.007041799952276051,5,0.06909693800290229,0.2663799490406281,0.006231099949218333,2,0.08791433326901421,0.41294606248200866,0.003438000101596117
71,original,N,New_N_072.wav,28-12-5-2,DeepONMF_H4,4,nndsvd,0.25582488552230903,2x212,0.05815279996022582,28,0.07024372027269092,0.16583494973580545,0.04190730000846088,12,0.05700963576606944,0.17444847379735942,0.0070062000304460526,5,0.06714374315391267,0.3388525452886667,0.004603200010024011,2,0.08152595471619734,0.5517392232322966,0.003347399993799627
72,original,N,New_N_073.wav,28-12-5-2,DeepONMF_H4,4,nndsvd,0.2579027328519323,2x212,0.05929839995224029,28,0.06958904682497613,0.15729198150586626,0.04263899999205023,12,0.056707472866782974,0.18393269114721225,0.00762579997535795,5,0.06457356077472069,0.3000851535828914,0.004385799984447658,2,0.08600038695740922,0.5884185766814464,0.0033271999564021826
73,original,N,New_N_074.wav,28-12-5-2,DeepONMF_H4,4,nndsvd,0.25679962918137705,2x212,0.05697219993453473,28,0.06616638611179392,0.17244670619161226,0.041381999966688454,12,0.05681321514104322,0.18835717404205915,0.006952899973839521,5,0.06836527362357181,0.2318764501936687,0.004414700088091195,2,0.08999570134345247,0.28250737915435986,0.003254899987950921
74,original,N,New_N_075.wav,28-12-5-2,DeepONMF_H4,4,nndsvd,0.257144262556046,2x212,0.059392600087448955,28,0.06895135721934309,0.17289639097692924,0.04296799993608147,12,0.05692227753936746,0.19580002458403623,0.007163299946114421,5,0.06549398726434302,0.3319597736249391,0.004585399990901351,2,0.0873836792733683,0.49597490844579206,0.0036779000656679273
75,original,N,New_N_076.wav,28-12-5-2,DeepONMF_H4,4,nndsvd,0.2622553492873077,2x212,0.05728619999717921,28,0.0722228566368894,0.17994232242240865,0.04169060010462999,12,0.0569740747086037,0.21802060402455967,0.007072299951687455,5,0.0697431011281262,0.26739105078058417,0.004241999937221408,2,0.08719381684243281,0.42563119760046986,0.00323569995816797
76,original,N,New_N_077.wav,28-12-5-2,DeepONMF_H4,4,nndsvd,0.25821460908160265,2x212,0.05867320008110255,28,0.06606864761252747,0.1853839503609313,0.04203160002361983,12,0.05630785770694781,0.17443401091877933,0.006996600073762238,5,0.06676475080994247,0.23768028328916846,0.005343700060620904,2,0.09945793203755068,0.3763771170253768,0.0032797999447211623
77,original,N,New_N_078.wav,28-12-5-2,DeepONMF_H4,4,nndsvd,0.25850140112292064,2x212,0.06213639990892261,28,0.06485792416978235,0.18114446933115796,0.04470289999153465,12,0.056554791344119684,0.19388044659946668,0.007099499925971031,5,0.06470270258021543,0.26487960173860137,0.0047414000146090984,2,0.09661208534214874,0.33408812496254736,0.004404200008139014
78,original,N,New_N_079.wav,28-12-5-2,DeepONMF_H4,4,nndsvd,0.2612041926379126,2x212,0.05912200000602752,28,0.07009551745981736,0.1814672790141985,0.04201970004942268,12,0.05748499463372883,0.21857553992679643,0.0076231000712141395,5,0.06688810723653843,0.32040603918375465,0.004350499948486686,2,0.09495685295847632,0.6203397451405778,0.004119400051422417
79,original,N,New_N_080.wav,28-12-5-2,DeepONMF_H4,4,nndsvd,0.2686668854777361,2x212,0.05844980000983924,28,0.07052613727091032,0.16311009239932922,0.04133669997099787,12,0.05706353665539807,0.19061616000473486,0.007077299989759922,5,0.06573079766558336,0.2652184112189561,0.005375299951992929,2,0.10211850149776304,0.4655518792535237,0.003464900073595345
80,original,N,New_N_081.wav,28-12-5-2,DeepONMF_H4,4,nndsvd,0.255603670238997,2x212,0.057670599897392094,28,0.07266529333125996,0.18180497526968703,0.04103309998754412,12,0.05637890914529176,0.1831289681938157,0.007793799974024296,5,0.06292848794080069,0.2512797410031741,0.004341399995610118,2,0.08154005042839402,0.479809776176895,0.0032973000779747963
81,original,N,New_N_082.wav,28-12-5-2,DeepONMF_H4,4,nndsvd,0.2611723425791372,2x212,0.06596339994575828,28,0.0643547697268842,0.17926619587270567,0.043505100067704916,12,0.05713855218127225,0.2260841488130273,0.0073775999480858445,5,0.06511183536017805,0.2804086363226638,0.006318099913187325,2,0.09060648788102006,0.6575644073297957,0.007677299901843071
82,original,N,New_N_083.wav,28-12-5-2,DeepONMF_H4,4,nndsvd,0.259737072513807,2x212,0.0716016999213025,28,0.07136341110473572,0.17822345513306775,0.04685519996564835,12,0.05659809031428707,0.1605903778841174,0.007223699940368533,5,0.06251289650168572,0.2968705593928018,0.010127600049600005,2,0.0942348506273542,0.479880985549249,0.006274699931964278
83,original,N,New_N_084.wav,28-12-5-2,DeepONMF_H4,4,nndsvd,0.25888284651001525,2x212,0.06014109996613115,28,0.06689454295945922,0.17268727902421516,0.044219500035978854,12,0.05706275020632075,0.17874509329701033,0.007238800055347383,5,0.06845796898486621,0.25948095933995,0.004259299952536821,2,0.0945683067860762,0.3876989541345921,0.003269399981945753
84,original,N,New_N_085.wav,28-12-5-2,DeepONMF_H4,4,nndsvd,0.257396783659179,2x212,0.059444400016218424,28,0.0663038521037107,0.18257080177514412,0.04372810001950711,12,0.05641454829167752,0.2086991043039405,0.007083200034685433,5,0.06366767159960222,0.3030088569717269,0.004257799941115081,2,0.0906360034589689,0.37662952010304906,0.0033442999701946974
85,original,N,New_N_086.wav,28-12-5-2,DeepONMF_H4,4,nndsvd,0.2614423880437265,2x212,0.06192020000889897,28,0.07153073190444852,0.1802629170605411,0.0448511999566108,12,0.05779617894605436,0.18439865893205096,0.007037500035949051,5,0.067263480678071,0.2753575583194682,0.005572300055064261,2,0.08669114736940246,0.49641191159156495,0.0032977000810205936
86,original,N,New_N_087.wav,28-12-5-2,DeepONMF_H4,4,nndsvd,0.2586012780058407,2x212,0.059386600041761994,28,0.06919863088147622,0.1673613044569723,0.04351869993843138,12,0.05715197213578288,0.15627072382873422,0.006947199930436909,5,0.06581328189872601,0.2687628145848957,0.004386499989777803,2,0.08529293419744748,0.48625982932998235,0.0034746999153867364
87,original,N,New_N_088.wav,28-12-5-2,DeepONMF_H4,4,nndsvd,0.2556734865270559,2x212,0.05894120002631098,28,0.06833499760038295,0.18099899844598133,0.04262930003460497,12,0.05687359545878412,0.1890595289810769,0.007410499965772033,5,0.06758359017500402,0.2814020392893423,0.004293499980121851,2,0.08579087281374435,0.33959186717873013,0.0032571000047028065
88,original,N,New_N_089.wav,28-12-5-2,DeepONMF_H4,4,nndsvd,0.25865008182899224,2x212,0.0586893999716267,28,0.066719546680549,0.16946499161027062,0.04223030002322048,12,0.056401830482361075,0.1839123776474053,0.006972600007429719,5,0.06754826012613795,0.2699938182963767,0.0049795000813901424,2,0.09058110560161754,0.3375550347548442,0.0032429000129923224
89,original,N,New_N_090.wav,28-12-5-2,DeepONMF_H4,4,nndsvd,0.2598951952394715,2x212,0.059746399987488985,28,0.06987097458531902,0.16308703798272137,0.04378770000766963,12,0.05760242305135239,0.19433607667320763,0.00697240000590682,5,0.06617391303129046,0.31797146723438985,0.004323499975726008,2,0.09113018396718893,0.42715850429076685,0.003720399923622608
90,original,N,New_N_091.wav,28-12-5-2,DeepONMF_H4,4,nndsvd,0.26426591823475215,2x212,0.058681100024841726,28,0.06857470448036973,0.15310861072177892,0.04262880003079772,12,0.05915116957295884,0.15038155776066509,0.007427099975757301,5,0.07168171574375601,0.2372561521841725,0.004292899975553155,2,0.1068608005889225,0.4662294150429503,0.0032383000943809748
91,original,N,New_N_092.wav,28-12-5-2,DeepONMF_H4,4,nndsvd,0.25805851239554645,2x212,0.05896040005609393,28,0.06500820180694773,0.17218387979031732,0.04260609997436404,12,0.056425088942004896,0.21842297345580272,0.0072595999808982015,5,0.06519342399409002,0.32545885762898175,0.004323499975726008,2,0.09489892715836178,0.4688994971755678,0.0037979999324306846
92,original,N,New_N_093.wav,28-12-5-2,DeepONMF_H4,4,nndsvd,0.25961739863935634,2x212,0.05854110000655055,28,0.06669407500118989,0.14053829481325725,0.041252699913457036,12,0.057265718474868534,0.15777107072046515,0.0073787999572232366,5,0.06888220272879676,0.2851340589348229,0.005265799933113158,2,0.0973465102702805,0.3684598178134891,0.0033928999910131097
93,original,N,New_N_094.wav,28-12-5-2,DeepONMF_H4,4,nndsvd,0.26287249697231346,2x212,0.05791259999386966,28,0.06960345625955745,0.18152748709475153,0.041359600028954446,12,0.057748347459011314,0.18445623915483572,0.007040799944661558,5,0.07613185306796537,0.260367102515146,0.004302599932998419,2,0.08891414767084403,0.5463247793566294,0.004169599968008697
94,original,N,New_N_095.wav,28-12-5-2,DeepONMF_H4,4,nndsvd,0.25832484591478383,2x212,0.05699319997802377,28,0.06759664563345012,0.18452284768834668,0.04071720002684742,12,0.056021405838080324,0.2087037425238443,0.007632500026375055,5,0.06410763287524962,0.26446831690268896,0.004368800087831914,2,0.09949664936034397,0.3060290998602594,0.0032245999900624156
95,original,N,New_N_096.wav,28-12-5-2,DeepONMF_H4,4,nndsvd,0.26011605173737684,2x212,0.05831300001591444,28,0.0736167573787583,0.1829363853568557,0.042208499973639846,12,0.056920625726791865,0.17378287874991025,0.006956900004297495,5,0.06702913212733315,0.2781426019955409,0.004257499938830733,2,0.08601296650266399,0.4962747146980969,0.0034483999479562044
96,original,N,New_N_097.wav,28-12-5-2,DeepONMF_H4,4,nndsvd,0.2608475606303479,2x212,0.059260300011374056,28,0.07163330356866407,0.18583929662186374,0.041743499925360084,12,0.05722899181436289,0.15701630617519063,0.008105299901217222,5,0.06713602845634298,0.3182123988799414,0.004901999956928194,2,0.08551902187051343,0.5190751658455536,0.003281500074081123
97,original,N,New_N_098.wav,28-12-5-2,DeepONMF_H4,4,nndsvd,0.25934170926840205,2x212,0.06005650002043694,28,0.06943367883409311,0.1742107464598605,0.04291579988785088,12,0.05712850761492878,0.19590463116981338,0.006963099935092032,5,0.0665096715349041,0.2887263163619117,0.004619900020770729,2,0.09598407127546216,0.3581681643161624,0.004314900026656687
98,original,N,New_N_099.wav,28-12-5-2,DeepONMF_H4,4,nndsvd,0.2536397782704465,2x212,0.058033499983139336,28,0.06489979818438657,0.19302847434197543,0.04174849996343255,12,0.05599306749013477,0.22549061897536438,0.0073951000813394785,5,0.05927443434221112,0.3525150526023847,0.004295699996873736,2,0.0857602605484869,0.689903352942113,0.0033620999893173575
99,original,N,New_N_100.wav,28-12-5-2,DeepONMF_H4,4,nndsvd,0.2531619890136375,2x212,0.06100390001665801,28,0.06264035814516619,0.19904433934591012,0.041650099912658334,12,0.055938146426841896,0.16473902141756414,0.0070223999209702015,5,0.061827743825475234,0.2067390873588526,0.004277799976989627,2,0.08667604944418134,0.7037738832090858,0.006677799974568188
100,original,N,New_N_101.wav,28-12-5-2,DeepONMF_H4,4,nndsvd,0.25337186596030026,2x212,0.08224280003923923,28,0.062283018135889344,0.17981855553853593,0.05086360010318458,12,0.05599208571430764,0.17994661492606936,0.011700500035658479,5,0.058743910996754044,0.3153786191268137,0.010062400018796325,2,0.0867343694119321,0.5870408579791137,0.008185999933630228
101,original,N,New_N_102.wav,28-12-5-2,DeepONMF_H4,4,nndsvd,0.251465543680278,2x212,0.06323809991590679,28,0.06289425410228204,0.18798576578161938,0.045984200085513294,12,0.055730074905650274,0.21557117927647013,0.008073700009845197,5,0.06165797501788007,0.3824525422688544,0.0043132000137120485,2,0.0817390552929346,0.7126638701780078,0.003699699998833239
102,original,N,New_N_103.wav,28-12-5-2,DeepONMF_H4,4,nndsvd,0.2539133252928352,2x212,0.06121070007793605,28,0.06339608129294239,0.18839555663290602,0.044303799979388714,12,0.05575567911943418,0.2385298569612091,0.0078087999718263745,5,0.06027663805797648,0.40135287488195265,0.004574200022034347,2,0.08955317815867998,0.6039217220953846,0.003307799925096333
103,original,N,New_N_104.wav,28-12-5-2,DeepONMF_H4,4,nndsvd,0.25369328197374696,2x212,0.06219820003025234,28,0.06465772048332954,0.19944617335966794,0.04554259998258203,12,0.056163712647881496,0.2194356741389576,0.007172200013883412,5,0.05900433392087488,0.3771956655649179,0.005019200034439564,2,0.08511434777012776,0.6762623063275081,0.0033532000379636884
104,original,N,New_N_105.wav,28-12-5-2,DeepONMF_H4,4,nndsvd,0.2513666255830247,2x212,0.06104299996513873,28,0.06198706433050007,0.20382949737049344,0.044194400077685714,12,0.05574091814817699,0.22701624515557692,0.007329300045967102,5,0.059910182918367215,0.300176457829077,0.004793299944140017,2,0.0803939032678091,0.6035648123994904,0.003544099978171289
105,original,N,New_N_106.wav,28-12-5-2,DeepONMF_H4,4,nndsvd,0.250925850071767,2x212,0.11005959997419268,28,0.06483297632471768,0.16366774352398908,0.04417140001896769,12,0.055986953681472086,0.1890854737973424,0.0467459000647068,5,0.05837444211227341,0.42837130403492185,0.011805300018750131,2,0.0782008309747395,0.5757107320130255,0.005948400008492172
106,original,N,New_N_107.wav,28-12-5-2,DeepONMF_H4,4,nndsvd,0.25240206363796475,2x212,0.10186489997431636,28,0.06256858696402315,0.19967454537881232,0.0841458000941202,12,0.05590161304482589,0.24899298985363014,0.00818910007365048,5,0.05949030021700845,0.4689043332547804,0.004507699981331825,2,0.0845156580231748,0.6803783794695726,0.003330000094138086
107,original,N,New_N_108.wav,28-12-5-2,DeepONMF_H4,4,nndsvd,0.2535065078636629,2x212,0.06359379994682968,28,0.06719829108183853,0.17739813178130984,0.04665539995767176,12,0.05581287962050294,0.21082175990871066,0.007309100008569658,5,0.060404942442629776,0.3277246577782711,0.004648500005714595,2,0.08691028753373686,0.5582171162459569,0.0032691999804228544
108,original,N,New_N_109.wav,28-12-5-2,DeepONMF_H4,4,nndsvd,0.2509588507199139,2x212,0.06628659996204078,28,0.06049743596882309,0.17206975361419297,0.04954479995649308,12,0.05601766892037022,0.21593001751123056,0.007293600006960332,5,0.0591485684306116,0.376467270963804,0.0046051000244915485,2,0.07986755118949845,0.7586693076090265,0.003400700050406158
109,original,N,New_N_110.wav,28-12-5-2,DeepONMF_H4,4,nndsvd,0.25908916747653965,2x212,0.06217440008185804,28,0.06456981082959111,0.17934438000527386,0.04568839992862195,12,0.056294071131387784,0.20624660803517383,0.007014600094407797,5,0.06028452051244937,0.3093604283252082,0.004743900033645332,2,0.09546267795542561,0.5718587001647069,0.0035031000152230263
