indice_interno,base,clase,archivo,distribucion,representacion,numero_capas,inicializacion_onmf,error_final,forma_h_final,segundos_extraccion_deep,capa_1_rango,capa_1_error,capa_1_ortogonalidad_h,capa_1_segundos,capa_2_rango,capa_2_error,capa_2_ortogonalidad_h,capa_2_segundos,capa_3_rango,capa_3_error,capa_3_ortogonalidad_h,capa_3_segundos
0,original,N,New_N_001.wav,30-13-6,DeepONMF_H3,3,nndsvd,0.18737549068908296,6x212,0.07436450000386685,30,0.07932943391112156,0.18492813471638295,0.05245760001707822,13,0.05658097027039815,0.2012309170381525,0.011071500019170344,6,0.06442477853670364,0.24225487360608172,0.009238699916750193
1,original,N,New_N_002.wav,30-13-6,DeepONMF_H3,3,nndsvd,0.19027194199828468,6x212,0.0748164999531582,30,0.07028162134512486,0.185860581579184,0.056028799968771636,13,0.057793007698733086,0.1731126466187377,0.011325099971145391,6,0.06841815253507062,0.21466856065347925,0.005928000085987151
2,original,N,New_N_003.wav,30-13-6,DeepONMF_H3,3,nndsvd,0.18832007121704172,6x212,0.06409170001279563,30,0.0752735048598487,0.1471765235769885,0.04528179997578263,13,0.05713476063543892,0.17393683719096803,0.010396700003184378,6,0.06522264394865,0.2947333462697201,0.007277800003066659
3,original,N,New_N_004.wav,30-13-6,DeepONMF_H3,3,nndsvd,0.18721018400175649,6x212,0.06564519996754825,30,0.0749789332420399,0.17138792098019656,0.046693700016476214,13,0.05778551147658024,0.18222559167041494,0.008663099957630038,6,0.0653418920742684,0.2735179562462568,0.008806800004094839
4,original,N,New_N_005.wav,30-13-6,DeepONMF_H3,3,nndsvd,0.1881401972073983,6x212,0.05704049998894334,30,0.0742384306703832,0.16287758106981515,0.04289820010308176,13,0.0571865401014933,0.20139613364396014,0.007893299916759133,6,0.06592240771932549,0.28327487812338553,0.004875199985690415
5,original,N,New_N_006.wav,30-13-6,DeepONMF_H3,3,nndsvd,0.1917792364715809,6x212,0.05938379990402609,30,0.07914867610392894,0.17481041679085768,0.045398299931548536,13,0.05759607879506182,0.15542777023369295,0.00823459995444864,6,0.06591526250339781,0.20093365040077052,0.004654099931940436
6,original,N,New_N_007.wav,30-13-6,DeepONMF_H3,3,nndsvd,0.1908908325599666,6x212,0.0612317998893559,30,0.07102688606789193,0.1720643948028137,0.04570920008700341,13,0.059366536666470626,0.17791715612768413,0.009210499934852123,6,0.07086691836615083,0.2332391505118334,0.005308800027705729
7,original,N,New_N_008.wav,30-13-6,DeepONMF_H3,3,nndsvd,0.193161938971213,6x212,0.061847299919463694,30,0.06915207178620054,0.15575828230449204,0.04612300009466708,13,0.057361095125613715,0.17154445868309065,0.008468099986203015,6,0.07502043546444447,0.2292216667439718,0.00580629997421056
8,original,N,New_N_009.wav,30-13-6,DeepONMF_H3,3,nndsvd,0.19163052877201955,6x212,0.06047500006388873,30,0.07291922055733926,0.16453341206832686,0.04646510002203286,13,0.059318956612643005,0.1354944240148506,0.008176599978469312,6,0.07213061723105285,0.1428661242930498,0.004649600014090538
9,original,N,New_N_010.wav,30-13-6,DeepONMF_H3,3,nndsvd,0.19230641900899378,6x212,0.05703299993183464,30,0.08008638380834689,0.1483558005576877,0.042759599979035556,13,0.058273471107986,0.18614331932687223,0.008052200078964233,6,0.07415386748326246,0.18705799192552736,0.005077800014987588
10,original,N,New_N_011.wav,30-13-6,DeepONMF_H3,3,nndsvd,0.1897306213091639,6x212,0.05562710005324334,30,0.07174784294043801,0.1720233824043032,0.041632200009189546,13,0.057067564337774185,0.1907756591618994,0.008179800002835691,6,0.0681130931704606,0.27877492492938366,0.004760000039823353
11,original,N,New_N_012.wav,30-13-6,DeepONMF_H3,3,nndsvd,0.18761145094231937,6x212,0.05530989996623248,30,0.07057225986814492,0.18111011107003028,0.040869300020858645,13,0.05864527655390535,0.179051839635981,0.008525799959897995,6,0.06651557656456249,0.2953618355519184,0.0047466999385505915
12,original,N,New_N_013.wav,30-13-6,DeepONMF_H3,3,nndsvd,0.19094373447093105,6x212,0.06467960006557405,30,0.07846037275235812,0.1635727661575393,0.050208000000566244,13,0.057303506288888875,0.19189634142303597,0.008442400023341179,6,0.06641361976459607,0.3228900321378003,0.004863500013016164
13,original,N,New_N_014.wav,30-13-6,DeepONMF_H3,3,nndsvd,0.18861761541739336,6x212,0.05571889993734658,30,0.07480904056291159,0.18267623317913054,0.04194559995085001,13,0.057031837534716814,0.1996718099511034,0.007838000077754259,6,0.06775791192409554,0.3228165240538117,0.00485230004414916
14,original,N,New_N_015.wav,30-13-6,DeepONMF_H3,3,nndsvd,0.19382185105064875,6x212,0.06028069998137653,30,0.07497259365951685,0.16742042366163612,0.04564350005239248,13,0.05882933297230307,0.18290280732379152,0.008675599936395884,6,0.07338555320679169,0.2430854396430093,0.004689499968662858
15,original,N,New_N_016.wav,30-13-6,DeepONMF_H3,3,nndsvd,0.1901185388559457,6x212,0.05639979999978095,30,0.07349422416855725,0.15280396787730896,0.04258240002673119,13,0.05741396726173075,0.19385775985617304,0.007944999961182475,6,0.07049152595855966,0.30119866441508364,0.0048943000147119164
16,original,N,New_N_017.wav,30-13-6,DeepONMF_H3,3,nndsvd,0.19442332932123207,6x212,0.05715250002685934,30,0.07692996901861748,0.16647824182515172,0.04167609999421984,13,0.058192188963744604,0.1328638436429843,0.009445999981835485,6,0.07394182728550008,0.23022660211673962,0.004752000095322728
17,original,N,New_N_018.wav,30-13-6,DeepONMF_H3,3,nndsvd,0.1898756035884745,6x212,0.056769699905999005,30,0.07725165536412332,0.17437812650445353,0.04231900000013411,13,0.057352623709107584,0.1989584446823522,0.00771040003746748,6,0.06636678911825913,0.23612698171883956,0.0050706000765785575
18,original,N,New_N_019.wav,30-13-6,DeepONMF_H3,3,nndsvd,0.18976343417730984,6x212,0.0536516000283882,30,0.07934361077226511,0.1678666341958317,0.03959989990107715,13,0.057432951319596665,0.17657777762869842,0.007982300012372434,6,0.0650803661185825,0.2834749649760625,0.005041999975219369
19,original,N,New_N_020.wav,30-13-6,DeepONMF_H3,3,nndsvd,0.1874978769560603,6x212,0.05558750010095537,30,0.07812442254766948,0.17656163677584416,0.04126239998731762,13,0.05758485148194169,0.13840679299397968,0.008230399922467768,6,0.06438244522359621,0.197290922302583,0.004644899978302419
20,original,N,New_N_021.wav,30-13-6,DeepONMF_H3,3,nndsvd,0.18684723580775867,6x212,0.06251570000313222,30,0.0714825337089937,0.17155453883410537,0.044204300036653876,13,0.057501192484492474,0.18222794685248905,0.008910099975764751,6,0.06724547179024346,0.25750866888902846,0.007999699912033975
21,original,N,New_N_022.wav,30-13-6,DeepONMF_H3,3,nndsvd,0.18858956576597613,6x212,0.0745623999973759,30,0.07403654119015418,0.16939059846303062,0.05010029999539256,13,0.056882787812574484,0.14006169413055017,0.014181099948473275,6,0.07026281582313913,0.17485413373267353,0.008782100048847497
22,original,N,New_N_023.wav,30-13-6,DeepONMF_H3,3,nndsvd,0.19495586909730941,6x212,0.07053729996550828,30,0.07014614773473409,0.14136677803824685,0.055001100059598684,13,0.05996757906972434,0.15384789651665498,0.008395900018513203,6,0.07546095886653773,0.20248152514736537,0.0058515999699011445
23,original,N,New_N_024.wav,30-13-6,DeepONMF_H3,3,nndsvd,0.19064374526955025,6x212,0.06301470007747412,30,0.07311021070819389,0.16763882120501591,0.04424919991288334,13,0.06222014982047711,0.17261115860098367,0.010388900060206652,6,0.0664410815021932,0.1950731056934753,0.0069914000341668725
24,original,N,New_N_025.wav,30-13-6,DeepONMF_H3,3,nndsvd,0.1976076544074749,6x212,0.05562669993378222,30,0.07664703205790464,0.1550254110581212,0.042148099979385734,13,0.06055671819281417,0.14598951156363535,0.007820300059393048,6,0.07693712732279284,0.24681707127592298,0.004718699958175421
25,original,N,New_N_026.wav,30-13-6,DeepONMF_H3,3,nndsvd,0.1941250260084534,6x212,0.05877730005886406,30,0.07549188198786543,0.17053485317672,0.04482429998461157,13,0.058037323580600694,0.16304761405563425,0.008051299955695868,6,0.07715037821612343,0.245321312832104,0.004750099964439869
26,original,N,New_N_027.wav,30-13-6,DeepONMF_H3,3,nndsvd,0.18822795402310785,6x212,0.05601159995421767,30,0.07385551536206582,0.16225461031575109,0.04240490007214248,13,0.05807762770685491,0.17133979638305746,0.007810099981725216,6,0.0674624607804172,0.2685305368119456,0.004806599928997457
27,original,N,New_N_028.wav,30-13-6,DeepONMF_H3,3,nndsvd,0.1864379182942722,6x212,0.059398400015197694,30,0.07364737059807683,0.15449868774680325,0.042822299990803,13,0.05671171850316673,0.15908617186229917,0.009715900057926774,6,0.06321759522478373,0.2376885736572175,0.005680599948391318
28,original,N,New_N_029.wav,30-13-6,DeepONMF_H3,3,nndsvd,0.18894666022965062,6x212,0.06380820006597787,30,0.07241125867022696,0.16914306606295823,0.04699659999459982,13,0.05757027323230282,0.1944826608494359,0.008087299996986985,6,0.07388067012530267,0.21743604511229583,0.007597899995744228
29,original,N,New_N_030.wav,30-13-6,DeepONMF_H3,3,nndsvd,0.19302755106358602,6x212,0.06364740000572056,30,0.07643553453155638,0.1744083537075602,0.046606300049461424,13,0.06207778591632636,0.1453456594022517,0.008937399950809777,6,0.06870045993027889,0.23788521145230365,0.007036300026811659
30,original,N,New_N_031.wav,30-13-6,DeepONMF_H3,3,nndsvd,0.19194136942607049,6x212,0.076132099959068,30,0.07659968079396968,0.16968123239316366,0.052840600023046136,13,0.057846860087486004,0.18303741809303353,0.01691570004913956,6,0.07339076234660546,0.2539640111859214,0.0053313999669626355
31,original,N,New_N_032.wav,30-13-6,DeepONMF_H3,3,nndsvd,0.19178110218914385,6x212,0.0654072999022901,30,0.0748342600813593,0.16098689065950772,0.04628679994493723,13,0.059494163514869386,0.11432461404384948,0.011124899960123003,6,0.07252294184290109,0.18943776378596938,0.006945700035430491
32,original,N,New_N_033.wav,30-13-6,DeepONMF_H3,3,nndsvd,0.1912408635470718,6x212,0.06034980004187673,30,0.07187080637820377,0.1667846139091209,0.04490490001626313,13,0.059905874767928254,0.17160006752928575,0.009517899947240949,6,0.06764517850436338,0.261707803793492,0.004747999948449433
33,original,N,New_N_034.wav,30-13-6,DeepONMF_H3,3,nndsvd,0.19126065177140802,6x212,0.0577659000409767,30,0.07449252478944249,0.16640693907387916,0.042230900027789176,13,0.05775962932751273,0.14134906598430388,0.0085949000203982,6,0.06889290620751781,0.19645486436047577,0.005723700043745339
34,original,N,New_N_035.wav,30-13-6,DeepONMF_H3,3,nndsvd,0.188043247798313,6x212,0.05904939991887659,30,0.07474617287173373,0.17221516281714327,0.04479459999129176,13,0.05730346033991714,0.20970915676700935,0.008486900012940168,6,0.06779731915609648,0.23573121471611316,0.004660799982957542
35,original,N,New_N_036.wav,30-13-6,DeepONMF_H3,3,nndsvd,0.19135839887869358,6x212,0.06517969991546124,30,0.07402996108067568,0.15863760898820534,0.04743420006707311,13,0.05729729828269372,0.18260332507835902,0.010677999933250248,6,0.0676235628895099,0.26567935061428555,0.005635000066831708
36,original,N,New_N_037.wav,30-13-6,DeepONMF_H3,3,nndsvd,0.18140923458497696,6x212,0.13624000002164394,30,0.06742079846783941,0.1462375854795271,0.12040969997178763,13,0.05571592845628882,0.18647353388303478,0.008041399996727705,6,0.06107078198785504,0.24548873482478722,0.006536299944855273
37,original,N,New_N_038.wav,30-13-6,DeepONMF_H3,3,nndsvd,0.18059898204674182,6x212,0.06182559998705983,30,0.06816493737113724,0.14207186138243785,0.04780400008894503,13,0.05586514919500741,0.17461375407599064,0.007901599979959428,6,0.05966096756707091,0.2863814701018359,0.00486270000692457
38,original,N,New_N_039.wav,30-13-6,DeepONMF_H3,3,nndsvd,0.180097818659967,6x212,0.061719999997876585,30,0.06739458149711813,0.1380918945847107,0.046677100006490946,13,0.055714132979362105,0.1563240876732434,0.008268099976703525,6,0.0601324982020116,0.20891791938405088,0.005371100036427379
39,original,N,New_N_040.wav,30-13-6,DeepONMF_H3,3,nndsvd,0.17952046122509593,6x212,0.05819629994221032,30,0.06699498393769743,0.14608118488334268,0.04390320007223636,13,0.05569674885876071,0.1646981167957191,0.008223699987865984,6,0.058557629214552556,0.21922640187548442,0.004675400094129145
40,original,N,New_N_041.wav,30-13-6,DeepONMF_H3,3,nndsvd,0.18012806978353968,6x212,0.054741599946282804,30,0.06440329349575091,0.1645402594870482,0.04117810004390776,13,0.05618184842654059,0.1947070265768234,0.007822099956683815,6,0.0594312733266522,0.3115017711872142,0.004659799975343049
41,original,N,New_N_042.wav,30-13-6,DeepONMF_H3,3,nndsvd,0.1806923086764757,6x212,0.06183749996125698,30,0.06468324192503663,0.17664350418449845,0.0458397000329569,13,0.05603790156630121,0.13563538705864417,0.009772000019438565,6,0.06134858660521898,0.17509897135138372,0.0049443000461906195
42,original,N,New_N_043.wav,30-13-6,DeepONMF_H3,3,nndsvd,0.18087111447931403,6x212,0.061481500044465065,30,0.06476172205536244,0.17407828856912566,0.043321199947968125,13,0.055879330904591934,0.20692153115049772,0.00828820001333952,6,0.05838672158003578,0.32727661865408103,0.008762600016780198
43,original,N,New_N_044.wav,30-13-6,DeepONMF_H3,3,nndsvd,0.18003926165182985,6x212,0.0585292000323534,30,0.0628829237746026,0.18065507215453414,0.04459100007079542,13,0.055944503550273264,0.19312711703307753,0.007937300018966198,6,0.05988586315730749,0.30122010967526275,0.00490559998434037
44,original,N,New_N_045.wav,30-13-6,DeepONMF_H3,3,nndsvd,0.1830400088883676,6x212,0.05843879992607981,30,0.06626445438981997,0.16112874090985446,0.04302709992043674,13,0.05638634915184033,0.13741792608462453,0.0077735999366268516,6,0.06383999057592742,0.22208354993899118,0.006399099947884679
45,original,N,New_N_046.wav,30-13-6,DeepONMF_H3,3,nndsvd,0.18085834385597419,6x212,0.06001660006586462,30,0.06471849227000674,0.18196634171686218,0.041036699898540974,13,0.05608335401320889,0.19724216675077266,0.01262479997240007,6,0.059479237441184975,0.3542555971655487,0.004814599989913404
46,original,N,New_N_047.wav,30-13-6,DeepONMF_H3,3,nndsvd,0.18017712932474686,6x212,0.06843720003962517,30,0.06422537817107528,0.1600667413123504,0.05040830001235008,13,0.05603240132966572,0.16711642796494267,0.008069399977102876,6,0.05965351068495452,0.27755758693947585,0.008506300044246018
47,original,N,New_N_048.wav,30-13-6,DeepONMF_H3,3,nndsvd,0.18293828879596052,6x212,0.06998499995097518,30,0.0727747089970537,0.1667247378863675,0.05523880000691861,13,0.0556821192506589,0.1585683401983339,0.008538900059647858,6,0.0585439051453296,0.2975979808582962,0.0048541000578552485
48,original,N,New_N_049.wav,30-13-6,DeepONMF_H3,3,nndsvd,0.17980286275262986,6x212,0.05688809999264777,30,0.061139654507174006,0.20123110872302666,0.04302119999192655,13,0.05618246863287447,0.1968917676076323,0.008217499940656126,6,0.059010214188900276,0.2592331172012197,0.00463900004979223
49,original,N,New_N_050.wav,30-13-6,DeepONMF_H3,3,nndsvd,0.18084269326453725,6x212,0.06551919993944466,30,0.06553205839635565,0.17332843801737796,0.04867560009006411,13,0.0558428987656896,0.1579734115721355,0.010534500004723668,6,0.060380631252283656,0.20437111220605403,0.00519139994867146
50,original,N,New_N_051.wav,30-13-6,DeepONMF_H3,3,nndsvd,0.1826463624423653,6x212,0.0605890000006184,30,0.06510376635372583,0.1463032325107665,0.04512829997111112,13,0.05660397312985402,0.16189811692554443,0.009124199976213276,6,0.06307383950311996,0.1962627980283744,0.004941199906170368
51,original,N,New_N_052.wav,30-13-6,DeepONMF_H3,3,nndsvd,0.18072142908338718,6x212,0.057018699939362705,30,0.06405154833070034,0.16911365347297633,0.04169619991444051,13,0.0558432392865572,0.1643419981016819,0.00802439998369664,6,0.0596587349062259,0.25456887970470743,0.0061206999234855175
52,original,N,New_N_053.wav,30-13-6,DeepONMF_H3,3,nndsvd,0.1801264165907676,6x212,0.06479879992548376,30,0.06559043445044539,0.1718090375238657,0.049947199993766844,13,0.055796227395398044,0.19848095993914625,0.007731499965302646,6,0.05795669075386576,0.34978897934544056,0.006070799892768264
53,original,N,New_N_054.wav,30-13-6,DeepONMF_H3,3,nndsvd,0.1796167168365419,6x212,0.05370920000132173,30,0.06438332985652764,0.169199161064654,0.03951899998355657,13,0.0558977294823513,0.19434738477885766,0.008311400073580444,6,0.05838467047607551,0.30431362159096464,0.0046533000422641635
54,original,N,New_N_055.wav,30-13-6,DeepONMF_H3,3,nndsvd,0.1802227248309725,6x212,0.057844200055114925,30,0.06262097350913447,0.16617223330381067,0.04300609999336302,13,0.05578747296906236,0.19555092155907294,0.008468399988487363,6,0.06107894423865971,0.31483349761398366,0.0049079000018537045
55,original,N,New_N_056.wav,30-13-6,DeepONMF_H3,3,nndsvd,0.1817662305166441,6x212,0.0664591999957338,30,0.06437328869407352,0.18967793200459188,0.05247880006209016,13,0.056213771937975436,0.15727141088793617,0.007696299930103123,6,0.06046000595150536,0.31081357606197724,0.004805899923667312
56,original,N,New_N_057.wav,30-13-6,DeepONMF_H3,3,nndsvd,0.1793995118270622,6x212,0.05456720001529902,30,0.06393486895280381,0.20211283842142944,0.040626300033181906,13,0.055871787735449534,0.20694221287509001,0.007885000086389482,6,0.05746434482837572,0.3005083474554561,0.004760200041346252
57,original,N,New_N_058.wav,30-13-6,DeepONMF_H3,3,nndsvd,0.1793879603962756,6x212,0.05988940002862364,30,0.06254425787957046,0.19724812063427524,0.041426400071941316,13,0.056019862131688816,0.21391337213935385,0.010911599965766072,6,0.05893504158567943,0.2698738220415695,0.006181600037962198
58,original,N,New_N_059.wav,30-13-6,DeepONMF_H3,3,nndsvd,0.1795027783284607,6x212,0.06220489996485412,30,0.06535027861315941,0.1695071081371901,0.046798900002613664,13,0.055809818567261964,0.20144377216561152,0.008832599967718124,6,0.05806373059136413,0.3391964840680009,0.005205300054512918
59,original,N,New_N_060.wav,30-13-6,DeepONMF_H3,3,nndsvd,0.1803443280058665,6x212,0.05689220002386719,30,0.0683490677479396,0.1990463104587372,0.04300359997432679,13,0.0555767548316681,0.19490141004563719,0.007901799981482327,6,0.05735503988165458,0.30712504069447755,0.004624700057320297
60,original,N,New_N_061.wav,30-13-6,DeepONMF_H3,3,nndsvd,0.18086357568132572,6x212,0.05600650003179908,30,0.06446059468525148,0.17038690977633017,0.04116349993273616,13,0.05639267053396432,0.17405854449132457,0.00768530007917434,6,0.059510720694336515,0.23114459872196852,0.005957500077784061
61,original,N,New_N_062.wav,30-13-6,DeepONMF_H3,3,nndsvd,0.17891229449197146,6x212,0.05499600002076477,30,0.06319432901477022,0.2036187554459612,0.040313799981959164,13,0.05567227321789364,0.267990342210946,0.008679399965330958,6,0.0573877577104558,0.37761896538087136,0.004709800006821752
62,original,N,New_N_063.wav,30-13-6,DeepONMF_H3,3,nndsvd,0.18084769324962696,6x212,0.06171809998340905,30,0.06396170358344565,0.16424593608999463,0.0414406000636518,13,0.05635071259112921,0.19843121971504218,0.013194400002248585,6,0.06013134012961087,0.26295766741128307,0.005932200001552701
63,original,N,New_N_064.wav,30-13-6,DeepONMF_H3,3,nndsvd,0.17975756612448712,6x212,0.05885080003645271,30,0.062106482278631414,0.16999425989417472,0.04439439997076988,13,0.056014501843026906,0.19259424531185892,0.008241200004704297,6,0.059832495701060355,0.34679979067489614,0.004919699975289404
64,original,N,New_N_065.wav,30-13-6,DeepONMF_H3,3,nndsvd,0.18164468448376553,6x212,0.06611509993672371,30,0.06427924925008512,0.1688950817820951,0.04704650002531707,13,0.05609177632733602,0.1628930141704982,0.011026800028048456,6,0.06271090741417874,0.19512490116137915,0.006553899962455034
65,original,N,New_N_066.wav,30-13-6,DeepONMF_H3,3,nndsvd,0.1791088927139843,6x212,0.07102179992944002,30,0.06225476633355528,0.1733378205539585,0.05604289995972067,13,0.05588206994546415,0.18361442148774648,0.0079915999667719,6,0.05915716558220834,0.2651425010648866,0.005620399955660105
66,original,N,New_N_067.wav,30-13-6,DeepONMF_H3,3,nndsvd,0.1797902752260252,6x212,0.060865000006742775,30,0.061331460577441,0.18886988784306874,0.04311160009820014,13,0.0560059497558667,0.20666145356649587,0.01029859995469451,6,0.06020586537273723,0.23818809013019643,0.006098899990320206
67,original,N,New_N_068.wav,30-13-6,DeepONMF_H3,3,nndsvd,0.18171048742831267,6x212,0.06015879998449236,30,0.06517613728285573,0.16098985523328296,0.044249000027775764,13,0.056442660223693104,0.1761712669059605,0.007945199962705374,6,0.06122044685269325,0.267089506257973,0.006657599937170744
68,original,N,New_N_069.wav,30-13-6,DeepONMF_H3,3,nndsvd,0.18348043597983238,6x212,0.06351670005824417,30,0.06861392620129163,0.15748530395788937,0.049250499927438796,13,0.056689747736452224,0.18266629018379818,0.007716900086961687,6,0.06260722984110816,0.2867552317772615,0.005361199961043894
69,original,N,New_N_070.wav,30-13-6,DeepONMF_H3,3,nndsvd,0.18496563709543856,6x212,0.05554189998656511,30,0.0697054630099204,0.1466494290082405,0.041296900017187,13,0.057642916300834214,0.18919305366954875,0.008208499988541007,6,0.06467182575844148,0.27374496513871205,0.004751099972054362
70,original,N,New_N_071.wav,30-13-6,DeepONMF_H3,3,nndsvd,0.18587095813002782,6x212,0.060183399938978255,30,0.06556408030585269,0.17154786962129565,0.04611540003679693,13,0.05611583442556139,0.17583522142849745,0.007774600060656667,6,0.06476878224580121,0.27648644305931414,0.005115300067700446
71,original,N,New_N_072.wav,30-13-6,DeepONMF_H3,3,nndsvd,0.1838777695118123,6x212,0.06747720006387681,30,0.07019830824065802,0.14904680712634502,0.04365669994149357,13,0.056283812318747,0.18867349770318328,0.014207500033080578,6,0.06295581325970856,0.357075946350809,0.00854279997292906
72,original,N,New_N_073.wav,30-13-6,DeepONMF_H3,3,nndsvd,0.18424782607519297,6x212,0.05801989999599755,30,0.06955020407348907,0.15694702591582987,0.04374710004776716,13,0.056474672326878375,0.17397668684023243,0.008323200047016144,6,0.06275162359556455,0.2741861340841591,0.0047015000600367785
73,original,N,New_N_074.wav,30-13-6,DeepONMF_H3,3,nndsvd,0.18404935398651945,6x212,0.06877969997003675,30,0.0661594045414723,0.16621859393816202,0.04868280002847314,13,0.05649277914313175,0.1681170160778607,0.010477000032551587,6,0.06402669691184812,0.22518476472520219,0.008388399961404502
74,original,N,New_N_075.wav,30-13-6,DeepONMF_H3,3,nndsvd,0.18305118160688008,6x212,0.05814089998602867,30,0.0687817653424423,0.16528663700095722,0.04342729994095862,13,0.056677662410827646,0.19981674302307983,0.008037799969315529,6,0.06179057023257537,0.2766836805341459,0.005270600086078048
75,original,N,New_N_076.wav,30-13-6,DeepONMF_H3,3,nndsvd,0.18658863713697643,6x212,0.05563110008370131,30,0.07224423259051356,0.1725521946028249,0.04138710000552237,13,0.05668201110391142,0.2042986256482467,0.008309300057590008,6,0.06445911848365732,0.27344960025772225,0.0047920000506564975
76,original,N,New_N_077.wav,30-13-6,DeepONMF_H3,3,nndsvd,0.1824603744360853,6x212,0.06584689998999238,30,0.06593758732408654,0.18020761894754364,0.05179800000041723,13,0.056293527715057974,0.17547590832699878,0.008209199993871152,6,0.06253161171044652,0.25493527750407446,0.00465359992813319
77,original,N,New_N_078.wav,30-13-6,DeepONMF_H3,3,nndsvd,0.18137745387391369,6x212,0.05403560004197061,30,0.06484693212186038,0.17529471163627222,0.04056960006710142,13,0.0564075966311223,0.18217936678957392,0.007711400045081973,6,0.06134625326319108,0.23331509540850828,0.004658499965444207
78,original,N,New_N_079.wav,30-13-6,DeepONMF_H3,3,nndsvd,0.18603090191326124,6x212,0.06584990001283586,30,0.07003641269263826,0.17051818269943878,0.04687039996497333,13,0.057358096881690586,0.20109454950506833,0.013141500065103173,6,0.06369945697776756,0.31461948662097555,0.004756100010126829
79,original,N,New_N_080.wav,30-13-6,DeepONMF_H3,3,nndsvd,0.18395824295233412,6x212,0.05913650000002235,30,0.07050854927607816,0.15788694205760342,0.04321820009499788,13,0.056753952834536534,0.17926119798468615,0.00809110002592206,6,0.06148153383051623,0.2869479134023002,0.0065756000112742186
80,original,N,New_N_081.wav,30-13-6,DeepONMF_H3,3,nndsvd,0.18375234621335299,6x212,0.0669423999497667,30,0.0725569371526199,0.17907025404261762,0.04297359997872263,13,0.05620735373991931,0.1645518936890356,0.01276840001810342,6,0.06031571286981776,0.23924303404534134,0.009700800059363246
81,original,N,New_N_082.wav,30-13-6,DeepONMF_H3,3,nndsvd,0.18207229062453512,6x212,0.0573886000784114,30,0.06430433524750107,0.17524498299456673,0.04255699994973838,13,0.05686262211144944,0.21301443574180276,0.008526199962943792,6,0.06123515513763439,0.2633901732861311,0.004837700049392879
82,original,N,New_N_083.wav,30-13-6,DeepONMF_H3,3,nndsvd,0.18440981195444775,6x212,0.07001880009192973,30,0.07097758299572413,0.16896538240342976,0.05169780005235225,13,0.056810595832360006,0.1327557510781302,0.011200700071640313,6,0.061101256954013805,0.2992560219585997,0.005289900000207126
83,original,N,New_N_084.wav,30-13-6,DeepONMF_H3,3,nndsvd,0.18369817118268925,6x212,0.06333560007624328,30,0.06690488155339665,0.16852766863898203,0.04675739991944283,13,0.05657658399965272,0.1674313126618612,0.010619300068356097,6,0.06457847852353135,0.2579210242612622,0.004823699942789972
84,original,N,New_N_085.wav,30-13-6,DeepONMF_H3,3,nndsvd,0.18210759222020248,6x212,0.05882269993890077,30,0.06595292697366409,0.16923645414617175,0.04478849994484335,13,0.056419754925648366,0.20707069254035895,0.00793130008969456,6,0.0610525052252329,0.29489834754809974,0.004926500027067959
85,original,N,New_N_086.wav,30-13-6,DeepONMF_H3,3,nndsvd,0.1872268721997406,6x212,0.05605010001454502,30,0.07146232651852838,0.16895342474645472,0.042206899961456656,13,0.05745814434825817,0.1743077466399558,0.008052799967117608,6,0.06370238737915641,0.23716919518697466,0.004640200058929622
86,original,N,New_N_087.wav,30-13-6,DeepONMF_H3,3,nndsvd,0.18640633232002,6x212,0.06402050005272031,30,0.06916926171343768,0.1684604366581698,0.04445120005402714,13,0.05649710116330212,0.14961913928579365,0.009282299899496138,6,0.06410359652732714,0.23504990215614233,0.008932699915021658
87,original,N,New_N_088.wav,30-13-6,DeepONMF_H3,3,nndsvd,0.18451375195552797,6x212,0.05905039992649108,30,0.06829965941918122,0.17988555113813406,0.04469770006835461,13,0.056515685497490184,0.174957702777874,0.007838299963623285,6,0.06507207092349222,0.2623315278706652,0.005439599975943565
88,original,N,New_N_089.wav,30-13-6,DeepONMF_H3,3,nndsvd,0.18259570285221519,6x212,0.062127499957568944,30,0.06671300115896538,0.16747565350548563,0.04510650003794581,13,0.05620540598495676,0.1929399321075327,0.011122900061309338,6,0.06251404079087623,0.2827642488059531,0.004814299987629056
89,original,N,New_N_090.wav,30-13-6,DeepONMF_H3,3,nndsvd,0.18324236727596133,6x212,0.06268239999189973,30,0.06972360629067981,0.16148413693967023,0.04233249998651445,13,0.05722616553583409,0.19216424883797492,0.013747500022873282,6,0.06270584836772511,0.30032361570487803,0.005198800005018711
90,original,N,New_N_091.wav,30-13-6,DeepONMF_H3,3,nndsvd,0.18627704047888488,6x212,0.05915929994080216,30,0.06853158255330191,0.1515316309631156,0.04490770003758371,13,0.05867948796573166,0.14823266755858475,0.007936800015158951,6,0.06771862731706714,0.18115682176782757,0.005209899973124266
91,original,N,New_N_092.wav,30-13-6,DeepONMF_H3,3,nndsvd,0.18224355938162093,6x212,0.05646130000241101,30,0.06500260339774316,0.15675742106863869,0.04219180007930845,13,0.05628357917235524,0.198608367737511,0.008455900009721518,6,0.06312676143161947,0.29092604161924035,0.0046391000505536795
92,original,N,New_N_093.wav,30-13-6,DeepONMF_H3,3,nndsvd,0.18519888740010956,6x212,0.056270700064487755,30,0.06656126864651306,0.1350785934162696,0.042518400005064905,13,0.05696157564596368,0.14420706694851038,0.007677900022827089,6,0.0668092539764969,0.2183845405055463,0.004743700032122433
93,original,N,New_N_094.wav,30-13-6,DeepONMF_H3,3,nndsvd,0.1878820148231879,6x212,0.06421129999216646,30,0.06952537533864922,0.17042994460049046,0.04905140004120767,13,0.05733634210363685,0.1961437589049112,0.009029799955897033,6,0.07009410397675801,0.2554802658103025,0.00487139995675534
94,original,N,New_N_095.wav,30-13-6,DeepONMF_H3,3,nndsvd,0.1824399350731585,6x212,0.05629629991017282,30,0.06757504522329141,0.1766110075036029,0.0415337000740692,13,0.05589809885113414,0.20484760996201118,0.007789100054651499,6,0.06075322770045084,0.2373645530701359,0.0059643000131472945
95,original,N,New_N_096.wav,30-13-6,DeepONMF_H3,3,nndsvd,0.18697314641623503,6x212,0.06788629991933703,30,0.07327958784282027,0.18138957896077507,0.05220150004606694,13,0.05673977008138459,0.17203678938887335,0.008844699943438172,6,0.06325656359643483,0.28822557963886414,0.005550800007767975
96,original,N,New_N_097.wav,30-13-6,DeepONMF_H3,3,nndsvd,0.18582255262759872,6x212,0.05796760006342083,30,0.07143025287123761,0.18642238328562022,0.0412036000052467,13,0.056843296215551474,0.1664900045230599,0.010796999908052385,6,0.06450438727597205,0.2569590820758111,0.004702600068412721
97,original,N,New_N_098.wav,30-13-6,DeepONMF_H3,3,nndsvd,0.18303464784937482,6x212,0.05535239994060248,30,0.06901922760801327,0.16618283583130275,0.04152510000858456,13,0.05690941704004236,0.18832308071163067,0.007674599997699261,6,0.062342690405659075,0.2937842590900822,0.004923500004224479
98,original,N,New_N_099.wav,30-13-6,DeepONMF_H3,3,nndsvd,0.1802886516713295,6x212,0.07018909999169409,30,0.06489533558005574,0.18659517770818984,0.05206899996846914,13,0.05583343799199058,0.21565395389127198,0.008108500041998923,6,0.05848238265862737,0.368972862081111,0.008912099990993738
99,original,N,New_N_100.wav,30-13-6,DeepONMF_H3,3,nndsvd,0.17979802645197826,6x212,0.05417520005721599,30,0.06263719300448695,0.1931744629427368,0.04036320000886917,13,0.05585007034664985,0.154900654313506,0.008015100029297173,6,0.05999270226102962,0.17107520872237333,0.00462870008777827
100,original,N,New_N_101.wav,30-13-6,DeepONMF_H3,3,nndsvd,0.1788821280506299,6x212,0.08044759999029338,30,0.06227258167208493,0.1791829950284828,0.05160280002746731,13,0.055896218304924444,0.16784224330737318,0.016510199988260865,6,0.05784610775353189,0.2362646943825186,0.010751600028015673
101,original,N,New_N_102.wav,30-13-6,DeepONMF_H3,3,nndsvd,0.1798886497768793,6x212,0.06511319999117404,30,0.06288239942794507,0.18211989616058982,0.05100119998678565,13,0.055661377727042015,0.22074877101879578,0.007711100042797625,6,0.060287933977078254,0.3155356582654705,0.005220799939706922
102,original,N,New_N_103.wav,30-13-6,DeepONMF_H3,3,nndsvd,0.1793119658101448,6x212,0.05693939991760999,30,0.06337754485702099,0.18737973668762914,0.04184199997689575,13,0.05569050290152826,0.2332700772845179,0.009075099951587617,6,0.05877608245539492,0.381343277608306,0.004659300087951124
103,original,N,New_N_104.wav,30-13-6,DeepONMF_H3,3,nndsvd,0.18008236887627535,6x212,0.06300179997924715,30,0.06465026159075128,0.18775011873090106,0.045328999985940754,13,0.05596673122271841,0.2074538392090102,0.007862100028432906,6,0.05839834021090452,0.31945882828791194,0.0086882000323385
104,original,N,New_N_105.wav,30-13-6,DeepONMF_H3,3,nndsvd,0.17837991170811043,6x212,0.06100860005244613,30,0.06198727836911297,0.1934413921658517,0.047148299985565245,13,0.05566869754894775,0.20839336440619505,0.007722500013187528,6,0.05801641059749589,0.25593493823463587,0.0050536999478936195
105,original,N,New_N_106.wav,30-13-6,DeepONMF_H3,3,nndsvd,0.17951590953372717,6x212,0.06298220006283373,30,0.06478542158612044,0.15557017254223518,0.04915370000526309,13,0.0558497580873591,0.17865150504780383,0.008011900004930794,6,0.05757606030583065,0.31084149223004587,0.004693599999882281
106,original,N,New_N_107.wav,30-13-6,DeepONMF_H3,3,nndsvd,0.1791946384731194,6x212,0.07211810001172125,30,0.0625292648892674,0.19352606926856808,0.0498096999945119,13,0.05581332145998478,0.21574865342415003,0.01330340001732111,6,0.05800198388012677,0.3658219689138552,0.007842399994842708
107,original,N,New_N_108.wav,30-13-6,DeepONMF_H3,3,nndsvd,0.18096309123968657,6x212,0.059186300029978156,30,0.06711599875446035,0.16479176264473946,0.04500590008683503,13,0.055820806280381975,0.18327952799240563,0.008065999951213598,6,0.058244216674848304,0.307183374527864,0.004652199917472899
108,original,N,New_N_109.wav,30-13-6,DeepONMF_H3,3,nndsvd,0.17904424688932025,6x212,0.06648470007348806,30,0.06048946894943552,0.16563972385776818,0.051671900087967515,13,0.05588362282044463,0.18996108532793615,0.008579200017265975,6,0.05819131460377398,0.3715669312146138,0.005033200024627149
109,original,N,New_N_110.wav,30-13-6,DeepONMF_H3,3,nndsvd,0.1805071063808503,6x212,0.0758084999397397,30,0.06455459393647406,0.1686987222920322,0.05101719999220222,13,0.056153666356530636,0.20145857703732237,0.014426899957470596,6,0.05874722824856334,0.32297770099177175,0.008987000095658004
110,original,N,New_N_111.wav,30-13-6,DeepONMF_H3,3,nndsvd,0.17893389567225268,6x212,0.07003980001900345,30,0.06064689669064148,0.18373077151236364,0.04846070008352399,13,0.05582210601007259,0.22081725570760957,0.015611999901011586,6,0.05978519894835181,0.29885218459473467,0.00471279991324991
111,original,N,New_N_112.wav,30-13-6,DeepONMF_H3,3,nndsvd,0.17936404548292442,6x212,0.06313479994423687,30,0.06162898303643638,0.17387222065401498,0.047188500058837235,13,0.055990666862819206,0.23287007190203207,0.008185700047761202,6,0.058221512032702684,0.3229499099063141,0.006597599945962429
112,original,N,New_N_113.wav,30-13-6,DeepONMF_H3,3,nndsvd,0.18030781345416594,6x212,0.05944480001926422,30,0.06337187984559041,0.1693966113948194,0.045222399989143014,13,0.05598574461329124,0.16353391064227024,0.00796230009291321,6,0.06130844270343208,0.20010879496944595,0.004669300047680736
113,original,N,New_N_114.wav,30-13-6,DeepONMF_H3,3,nndsvd,0.18267270439801536,6x212,0.06090759998187423,30,0.0697799779844971,0.17133715907749414,0.04372959991451353,13,0.055690563342928226,0.15963122963663542,0.009013199945911765,6,0.060329034006684656,0.27491911112000356,0.007146200048737228
114,original,N,New_N_115.wav,30-13-6,DeepONMF_H3,3,nndsvd,0.1791002338194097,6x212,0.05531760002486408,30,0.06290762973534422,0.19990262554788582,0.04150880000088364,13,0.05594593640668619,0.19687644441114532,0.008067499962635338,6,0.05843467024998625,0.3309525346634106,0.004610500065609813
115,original,N,New_N_116.wav,30-13-6,DeepONMF_H3,3,nndsvd,0.17951125102040502,6x212,0.056452800054103136,30,0.06402795313446981,0.1484016037955033,0.04164519999176264,13,0.05574586901332646,0.15675249114790538,0.0076546999625861645,6,0.058863934748687785,0.2450985358126691,0.0060816999757662416
116,original,N,New_N_117.wav,30-13-6,DeepONMF_H3,3,nndsvd,0.1780118515783217,6x212,0.05949060001876205,30,0.06262491253088152,0.21126923007560625,0.045112699968740344,13,0.05568315383453781,0.2871289031061134,0.008382200030609965,6,0.05645623810739172,0.42172325410995026,0.0048313000006601214
117,original,N,New_N_118.wav,30-13-6,DeepONMF_H3,3,nndsvd,0.17998921644014168,6x212,0.06422450009267777,30,0.06446180112805393,0.1579808121390841,0.04988539998885244,13,0.05596770081811719,0.1594820707551847,0.008563000010326505,6,0.05908048280736046,0.21017606977731612,0.004646499990485609
118,original,N,New_N_119.wav,30-13-6,DeepONMF_H3,3,nndsvd,0.18060670205968532,6x212,0.06880090001504868,30,0.06477131552010781,0.1687847297876532,0.054769800044596195,13,0.05593134539080078,0.2071523452655318,0.008225199999287724,6,0.05841982506079356,0.30608120024021623,0.0046554000582546
119,original,N,New_N_120.wav,30-13-6,DeepONMF_H3,3,nndsvd,0.1802273423907241,6x212,0.057869300013408065,30,0.06535378764621677,0.18411907604894612,0.04361249995417893,13,0.05590300369168729,0.1950146190380385,0.008192200097255409,6,0.058514731377124464,0.29475569860021267,0.004827899974770844
120,original,N,New_N_121.wav,30-13-6,DeepONMF_H3,3,nndsvd,0.17900901933975322,6x212,0.055434899986721575,30,0.06183808525948239,0.15551650294567876,0.04134860006161034,13,0.05615748164604375,0.1823402139634091,0.007920400006696582,6,0.060715530515510506,0.26606446624579766,0.004634900018572807
121,original,N,New_N_122.wav,30-13-6,DeepONMF_H3,3,nndsvd,0.18395945573667855,6x212,0.05358359997626394,30,0.06452926341643862,0.18461387790960027,0.03947600000537932,13,0.057013248986265905,0.14039668038977046,0.008235399960540235,6,0.06385374175429823,0.19605797025612529,0.004650200018659234
122,original,N,New_N_123.wav,30-13-6,DeepONMF_H3,3,nndsvd,0.17888496351160255,6x212,0.05583299999125302,30,0.06212120329263688,0.1835737675792581,0.04231639998033643,13,0.055849988897560515,0.17020050026816733,0.007642699987627566,6,0.058121403563509186,0.26852286794631597,0.004837900050915778
123,original,N,New_N_124.wav,30-13-6,DeepONMF_H3,3,nndsvd,0.178946101854786,6x212,0.05703249992802739,30,0.06117232358624339,0.20146718584227255,0.04213989991694689,13,0.05577740590149005,0.20420930127051928,0.009143800009042025,6,0.060169744692540474,0.28735007218429437,0.004688399960286915
124,original,N,New_N_125.wav,30-13-6,DeepONMF_H3,3,nndsvd,0.18048742852079755,6x212,0.06491740001365542,30,0.0655750903693338,0.18933441027491638,0.049827100010588765,13,0.05577035881605775,0.18347802996818707,0.00897969992365688,6,0.0580470949706974,0.3104258175415415,0.004727000021375716
125,original,N,New_N_126.wav,30-13-6,DeepONMF_H3,3,nndsvd,0.18235195316088476,6x212,0.05525460001081228,30,0.07229785814152244,0.14107157025941022,0.03963650006335229,13,0.055697532956512426,0.19094189105816353,0.009745400049723685,6,0.059117389578967255,0.3388524678272802,0.004646799992769957
126,original,N,New_N_127.wav,30-13-6,DeepONMF_H3,3,nndsvd,0.18184604410567096,6x212,0.054166299989447,30,0.06553722084814706,0.1460062087869858,0.03996770002413541,13,0.05685237431348895,0.18940627163860302,0.0077951999846845865,6,0.061009803997649284,0.2827724606597938,0.005133899976499379
127,original,N,New_N_128.wav,30-13-6,DeepONMF_H3,3,nndsvd,0.18384038593374982,6x212,0.054110399913042784,30,0.06639930018096564,0.1314477901910969,0.03970970003865659,13,0.0569032364637511,0.19357823556035803,0.007860100013203919,6,0.06227263279196349,0.34167210256922026,0.0053050999995321035
128,original,N,New_N_129.wav,30-13-6,DeepONMF_H3,3,nndsvd,0.18248282741976593,6x212,0.05600189999677241,30,0.06335082537738301,0.1557064202437891,0.041311999899335206,13,0.0559711244210796,0.19244452880416504,0.008715799893252552,6,0.06360224537426064,0.26838209161741766,0.004648800007998943
129,original,N,New_N_130.wav,30-13-6,DeepONMF_H3,3,nndsvd,0.18136518723078285,6x212,0.05568709992803633,30,0.06365735013350858,0.15795344633936692,0.04141150007490069,13,0.056046200019980535,0.22565477127808145,0.008354300050996244,6,0.06048732747556049,0.35957732427764133,0.004695700015872717
130,original,N,New_N_131.wav,30-13-6,DeepONMF_H3,3,nndsvd,0.18156254613198855,6x212,0.05497139994986355,30,0.0667547737707549,0.14604531375981694,0.04043020005337894,13,0.056001692813949115,0.2018994414661543,0.007673699990846217,6,0.060624433052199826,0.32568359639653904,0.005856600007973611
131,original,N,New_N_132.wav,30-13-6,DeepONMF_H3,3,nndsvd,0.1835936303038922,6x212,0.053598999977111816,30,0.07109951053043123,0.15520309755935366,0.03912880003917962,13,0.056157036096292925,0.15572252313906268,0.008395600016228855,6,0.0626630506500111,0.2483744854228663,0.0048462999984622
132,original,N,New_N_133.wav,30-13-6,DeepONMF_H3,3,nndsvd,0.1828214600917177,6x212,0.052604999975301325,30,0.0644158772330137,0.16106479816236274,0.03854520001914352,13,0.05637416315620569,0.1994160971989126,0.008306399919092655,6,0.06445519860040756,0.3440994293332574,0.004648800007998943
133,original,N,New_N_134.wav,30-13-6,DeepONMF_H3,3,nndsvd,0.18020439729633053,6x212,0.05382969998754561,30,0.0644684599431268,0.1635256942869512,0.04043839999940246,13,0.056171173188950305,0.18443996340342425,0.007661600015126169,6,0.05870584770664373,0.3071577701742412,0.004648100002668798
134,original,N,New_N_135.wav,30-13-6,DeepONMF_H3,3,nndsvd,0.18607118942746353,6x212,0.06383709993679076,30,0.06496487024027851,0.14791686722757022,0.04811520001385361,13,0.057149791391430046,0.15426255858913143,0.009615399991162121,6,0.06476589195501838,0.2972910278296731,0.004805400036275387
