clase,etiqueta_binaria,archivo,ruta,fold,pred_binaria,pred_multiclase
N,normal,New_N_002.wav,C:\Users\armga\OneDrive\Escritorio\TFG\Bases de Datos\N_New_3주기\New_N_002.wav,1,normal,N
N,normal,New_N_003.wav,C:\Users\armga\OneDrive\Escritorio\TFG\Bases de Datos\N_New_3주기\New_N_003.wav,1,normal,N
N,normal,New_N_022.wav,C:\Users\armga\OneDrive\Escritorio\TFG\Bases de Datos\N_New_3주기\New_N_022.wav,1,normal,N
N,normal,New_N_031.wav,C:\Users\armga\OneDrive\Escritorio\TFG\Bases de Datos\N_New_3주기\New_N_031.wav,1,normal,N
N,normal,New_N_032.wav,C:\Users\armga\OneDrive\Escritorio\TFG\Bases de Datos\N_New_3주기\New_N_032.wav,1,normal,N
N,normal,New_N_043.wav,C:\Users\armga\OneDrive\Escritorio\TFG\Bases de Datos\N_New_3주기\New_N_043.wav,1,normal,N
N,normal,New_N_044.wav,C:\Users\armga\OneDrive\Escritorio\TFG\Bases de Datos\N_New_3주기\New_N_044.wav,1,normal,N
N,normal,New_N_047.wav,C:\Users\armga\OneDrive\Escritorio\TFG\Bases de Datos\N_New_3주기\New_N_047.wav,1,normal,N
N,normal,New_N_048.wav,C:\Users\armga\OneDrive\Escritorio\TFG\Bases de Datos\N_New_3주기\New_N_048.wav,1,normal,N
N,normal,New_N_053.wav,C:\Users\armga\OneDrive\Escritorio\TFG\Bases de Datos\N_New_3주기\New_N_053.wav,1,normal,N
N,normal,New_N_063.wav,C:\Users\armga\OneDrive\Escritorio\TFG\Bases de Datos\N_New_3주기\New_N_063.wav,1,normal,N
N,normal,New_N_064.wav,C:\Users\armga\OneDrive\Escritorio\TFG\Bases de Datos\N_New_3주기\New_N_064.wav,1,normal,N
N,normal,New_N_065.wav,C:\Users\armga\OneDrive\Escritorio\TFG\Bases de Datos\N_New_3주기\New_N_065.wav,1,normal,N
N,normal,New_N_077.wav,C:\Users\armga\OneDrive\Escritorio\TFG\Bases de Datos\N_New_3주기\New_N_077.wav,1,normal,N
N,normal,New_N_081.wav,C:\Users\armga\OneDrive\Escritorio\TFG\Bases de Datos\N_New_3주기\New_N_081.wav,1,normal,N
N,normal,New_N_088.wav,C:\Users\armga\OneDrive\Escritorio\TFG\Bases de Datos\N_New_3주기\New_N_088.wav,1,normal,N
N,normal,New_N_091.wav,C:\Users\armga\OneDrive\Escritorio\TFG\Bases de Datos\N_New_3주기\New_N_091.wav,1,normal,N
N,normal,New_N_094.wav,C:\Users\armga\OneDrive\Escritorio\TFG\Bases de Datos\N_New_3주기\New_N_094.wav,1,normal,N
N,normal,New_N_095.wav,C:\Users\armga\OneDrive\Escritorio\TFG\Bases de Datos\N_New_3주기\New_N_095.wav,1,normal,N
N,normal,New_N_098.wav,C:\Users\armga\OneDrive\Escritorio\TFG\Bases de Datos\N_New_3주기\New_N_098.wav,1,normal,N
N,normal,New_N_099.wav,C:\Users\armga\OneDrive\Escritorio\TFG\Bases de Datos\N_New_3주기\New_N_099.wav,1,normal,N
N,normal,New_N_101.wav,C:\Users\armga\OneDrive\Escritorio\TFG\Bases de Datos\N_New_3주기\New_N_101.wav,1,normal,N
N,normal,New_N_102.wav,C:\Users\armga\OneDrive\Escritorio\TFG\Bases de Datos\N_New_3주기\New_N_102.wav,1,normal,N
N,normal,New_N_107.wav,C:\Users\armga\OneDrive\Escritorio\TFG\Bases de Datos\N_New_3주기\New_N_107.wav,1,normal,N
N,normal,New_N_112.wav,C:\Users\armga\OneDrive\Escritorio\TFG\Bases de Datos\N_New_3주기\New_N_112.wav,1,normal,N
N,normal,New_N_120.wav,C:\Users\armga\OneDrive\Escritorio\TFG\Bases de Datos\N_New_3주기\New_N_120.wav,1,normal,N
N,normal,New_N_125.wav,C:\Users\armga\OneDrive\Escritorio\TFG\Bases de Datos\N_New_3주기\New_N_125.wav,1,normal,N
N,normal,New_N_126.wav,C:\Users\armga\OneDrive\Escritorio\TFG\Bases de Datos\N_New_3주기\New_N_126.wav,1,normal,N
N,normal,New_N_130.wav,C:\Users\armga\OneDrive\Escritorio\TFG\Bases de Datos\N_New_3주기\New_N_130.wav,1,normal,N
N,normal,New_N_137.wav,C:\Users\armga\OneDrive\Escritorio\TFG\Bases de Datos\N_New_3주기\New_N_137.wav,1,normal,N
N,normal,New_N_146.wav,C:\Users\armga\OneDrive\Escritorio\TFG\Bases de Datos\N_New_3주기\New_N_146.wav,1,normal,N
N,normal,New_N_147.wav,C:\Users\armga\OneDrive\Escritorio\TFG\Bases de Datos\N_New_3주기\New_N_147.wav,1,normal,N
N,normal,New_N_154.wav,C:\Users\armga\OneDrive\Escritorio\TFG\Bases de Datos\N_New_3주기\New_N_154.wav,1,normal,N
N,normal,New_N_155.wav,C:\Users\armga\OneDrive\Escritorio\TFG\Bases de Datos\N_New_3주기\New_N_155.wav,1,normal,N
N,normal,New_N_159.wav,C:\Users\armga\OneDrive\Escritorio\TFG\Bases de Datos\N_New_3주기\New_N_159.wav,1,normal,N
N,normal,New_N_173.wav,C:\Users\armga\OneDrive\Escritorio\TFG\Bases de Datos\N_New_3주기\New_N_173.wav,1,normal,N
N,normal,New_N_178.wav,C:\Users\armga\OneDrive\Escritorio\TFG\Bases de Datos\N_New_3주기\New_N_178.wav,1,normal,N
N,normal,New_N_181.wav,C:\Users\armga\OneDrive\Escritorio\TFG\Bases de Datos\N_New_3주기\New_N_181.wav,1,normal,N
N,normal,New_N_193.wav,C:\Users\armga\OneDrive\Escritorio\TFG\Bases de Datos\N_New_3주기\New_N_193.wav,1,normal,N
N,normal,New_N_197.wav,C:\Users\armga\OneDrive\Escritorio\TFG\Bases de Datos\N_New_3주기\New_N_197.wav,1,anomalo,MS
AS,anomalo,New_AS_002.wav,C:\Users\armga\OneDrive\Escritorio\TFG\Bases de Datos\AS_New_3주기\New_AS_002.wav,1,anomalo,AS
AS,anomalo,New_AS_013.wav,C:\Users\armga\OneDrive\Escritorio\TFG\Bases de Datos\AS_New_3주기\New_AS_013.wav,1,anomalo,AS
AS,anomalo,New_AS_019.wav,C:\Users\armga\OneDrive\Escritorio\TFG\Bases de Datos\AS_New_3주기\New_AS_019.wav,1,anomalo,AS
AS,anomalo,New_AS_026.wav,C:\Users\armga\OneDrive\Escritorio\TFG\Bases de Datos\AS_New_3주기\New_AS_026.wav,1,anomalo,AS
AS,anomalo,New_AS_030.wav,C:\Users\armga\OneDrive\Escritorio\TFG\Bases de Datos\AS_New_3주기\New_AS_030.wav,1,anomalo,MS
AS,anomalo,New_AS_033.wav,C:\Users\armga\OneDrive\Escritorio\TFG\Bases de Datos\AS_New_3주기\New_AS_033.wav,1,anomalo,AS
AS,anomalo,New_AS_035.wav,C:\Users\armga\OneDrive\Escritorio\TFG\Bases de Datos\AS_New_3주기\New_AS_035.wav,1,anomalo,AS
AS,anomalo,New_AS_037.wav,C:\Users\armga\OneDrive\Escritorio\TFG\Bases de Datos\AS_New_3주기\New_AS_037.wav,1,anomalo,AS
AS,anomalo,New_AS_039.wav,C:\Users\armga\OneDrive\Escritorio\TFG\Bases de Datos\AS_New_3주기\New_AS_039.wav,1,anomalo,AS
AS,anomalo,New_AS_041.wav,C:\Users\armga\OneDrive\Escritorio\TFG\Bases de Datos\AS_New_3주기\New_AS_041.wav,1,anomalo,AS
AS,anomalo,New_AS_047.wav,C:\Users\armga\OneDrive\Escritorio\TFG\Bases de Datos\AS_New_3주기\New_AS_047.wav,1,anomalo,MS
AS,anomalo,New_AS_053.wav,C:\Users\armga\OneDrive\Escritorio\TFG\Bases de Datos\AS_New_3주기\New_AS_053.wav,1,anomalo,MS
AS,anomalo,New_AS_055.wav,C:\Users\armga\OneDrive\Escritorio\TFG\Bases de Datos\AS_New_3주기\New_AS_055.wav,1,anomalo,AS
AS,anomalo,New_AS_060.wav,C:\Users\armga\OneDrive\Escritorio\TFG\Bases de Datos\AS_New_3주기\New_AS_060.wav,1,anomalo,AS
AS,anomalo,New_AS_070.wav,C:\Users\armga\OneDrive\Escritorio\TFG\Bases de Datos\AS_New_3주기\New_AS_070.wav,1,anomalo,AS
AS,anomalo,New_AS_071.wav,C:\Users\armga\OneDrive\Escritorio\TFG\Bases de Datos\AS_New_3주기\New_AS_071.wav,1,anomalo,AS
AS,anomalo,New_AS_074.wav,C:\Users\armga\OneDrive\Escritorio\TFG\Bases de Datos\AS_New_3주기\New_AS_074.wav,1,anomalo,AS
AS,anomalo,New_AS_081.wav,C:\Users\armga\OneDrive\Escritorio\TFG\Bases de Datos\AS_New_3주기\New_AS_081.wav,1,anomalo,AS
AS,anomalo,New_AS_089.wav,C:\Users\armga\OneDrive\Escritorio\TFG\Bases de Datos\AS_New_3주기\New_AS_089.wav,1,anomalo,AS
AS,anomalo,New_AS_090.wav,C:\Users\armga\OneDrive\Escritorio\TFG\Bases de Datos\AS_New_3주기\New_AS_090.wav,1,anomalo,MS
AS,anomalo,New_AS_095.wav,C:\Users\armga\OneDrive\Escritorio\TFG\Bases de Datos\AS_New_3주기\New_AS_095.wav,1,anomalo,AS
AS,anomalo,New_AS_100.wav,C:\Users\armga\OneDrive\Escritorio\TFG\Bases de Datos\AS_New_3주기\New_AS_100.wav,1,anomalo,AS
AS,anomalo,New_AS_106.wav,C:\Users\armga\OneDrive\Escritorio\TFG\Bases de Datos\AS_New_3주기\New_AS_106.wav,1,anomalo,AS
AS,anomalo,New_AS_107.wav,C:\Users\armga\OneDrive\Escritorio\TFG\Bases de Datos\AS_New_3주기\New_AS_107.wav,1,anomalo,MS
AS,anomalo,New_AS_113.wav,C:\Users\armga\OneDrive\Escritorio\TFG\Bases de Datos\AS_New_3주기\New_AS_113.wav,1,anomalo,AS
AS,anomalo,New_AS_116.wav,C:\Users\armga\OneDrive\Escritorio\TFG\Bases de Datos\AS_New_3주기\New_AS_116.wav,1,anomalo,AS
AS,anomalo,New_AS_117.wav,C:\Users\armga\OneDrive\Escritorio\TFG\Bases de Datos\AS_New_3주기\New_AS_117.wav,1,anomalo,AS
AS,anomalo,New_AS_119.wav,C:\Users\armga\OneDrive\Escritorio\TFG\Bases de Datos\AS_New_3주기\New_AS_119.wav,1,anomalo,MS
AS,anomalo,New_AS_120.wav,C:\Users\armga\OneDrive\Escritorio\TFG\Bases de Datos\AS_New_3주기\New_AS_120.wav,1,anomalo,AS
AS,anomalo,New_AS_123.wav,C:\Users\armga\OneDrive\Escritorio\TFG\Bases de Datos\AS_New_3주기\New_AS_123.wav,1,anomalo,AS
AS,anomalo,New_AS_128.wav,C:\Users\armga\OneDrive\Escritorio\TFG\Bases de Datos\AS_New_3주기\New_AS_128.wav,1,anomalo,AS
AS,anomalo,New_AS_146.wav,C:\Users\armga\OneDrive\Escritorio\TFG\Bases de Datos\AS_New_3주기\New_AS_146.wav,1,anomalo,AS
AS,anomalo,New_AS_147.wav,C:\Users\armga\OneDrive\Escritorio\TFG\Bases de Datos\AS_New_3주기\New_AS_147.wav,1,anomalo,AS
AS,anomalo,New_AS_151.wav,C:\Users\armga\OneDrive\Escritorio\TFG\Bases de Datos\AS_New_3주기\New_AS_151.wav,1,anomalo,AS
AS,anomalo,New_AS_157.wav,C:\Users\armga\OneDrive\Escritorio\TFG\Bases de Datos\AS_New_3주기\New_AS_157.wav,1,anomalo,MR
AS,anomalo,New_AS_162.wav,C:\Users\armga\OneDrive\Escritorio\TFG\Bases de Datos\AS_New_3주기\New_AS_162.wav,1,anomalo,AS
AS,anomalo,New_AS_166.wav,C:\Users\armga\OneDrive\Escritorio\TFG\Bases de Datos\AS_New_3주기\New_AS_166.wav,1,anomalo,AS
AS,anomalo,New_AS_177.wav,C:\Users\armga\OneDrive\Escritorio\TFG\Bases de Datos\AS_New_3주기\New_AS_177.wav,1,anomalo,AS
AS,anomalo,New_AS_187.wav,C:\Users\armga\OneDrive\Escritorio\TFG\Bases de Datos\AS_New_3주기\New_AS_187.wav,1,anomalo,AS
AS,anomalo,New_AS_188.wav,C:\Users\armga\OneDrive\Escritorio\TFG\Bases de Datos\AS_New_3주기\New_AS_188.wav,1,anomalo,MS
MR,anomalo,New_MR_002.wav,C:\Users\armga\OneDrive\Escritorio\TFG\Bases de Datos\MR_New_3주기\New_MR_002.wav,1,anomalo,AS
MR,anomalo,New_MR_004.wav,C:\Users\armga\OneDrive\Escritorio\TFG\Bases de Datos\MR_New_3주기\New_MR_004.wav,1,anomalo,AS
MR,anomalo,New_MR_008.wav,C:\Users\armga\OneDrive\Escritorio\TFG\Bases de Datos\MR_New_3주기\New_MR_008.wav,1,anomalo,MS
MR,anomalo,New_MR_009.wav,C:\Users\armga\OneDrive\Escritorio\TFG\Bases de Datos\MR_New_3주기\New_MR_009.wav,1,anomalo,MS
MR,anomalo,New_MR_016.wav,C:\Users\armga\OneDrive\Escritorio\TFG\Bases de Datos\MR_New_3주기\New_MR_016.wav,1,anomalo,MS
MR,anomalo,New_MR_023.wav,C:\Users\armga\OneDrive\Escritorio\TFG\Bases de Datos\MR_New_3주기\New_MR_023.wav,1,anomalo,MS
MR,anomalo,New_MR_028.wav,C:\Users\armga\OneDrive\Escritorio\TFG\Bases de Datos\MR_New_3주기\New_MR_028.wav,1,anomalo,MR
MR,anomalo,New_MR_035.wav,C:\Users\armga\OneDrive\Escritorio\TFG\Bases de Datos\MR_New_3주기\New_MR_035.wav,1,anomalo,MR
MR,anomalo,New_MR_036.wav,C:\Users\armga\OneDrive\Escritorio\TFG\Bases de Datos\MR_New_3주기\New_MR_036.wav,1,anomalo,MR
MR,anomalo,New_MR_050.wav,C:\Users\armga\OneDrive\Escritorio\TFG\Bases de Datos\MR_New_3주기\New_MR_050.wav,1,anomalo,MS
MR,anomalo,New_MR_053.wav,C:\Users\armga\OneDrive\Escritorio\TFG\Bases de Datos\MR_New_3주기\New_MR_053.wav,1,anomalo,MR
MR,anomalo,New_MR_059.wav,C:\Users\armga\OneDrive\Escritorio\TFG\Bases de Datos\MR_New_3주기\New_MR_059.wav,1,anomalo,MR
MR,anomalo,New_MR_060.wav,C:\Users\armga\OneDrive\Escritorio\TFG\Bases de Datos\MR_New_3주기\New_MR_060.wav,1,anomalo,MR
MR,anomalo,New_MR_061.wav,C:\Users\armga\OneDrive\Escritorio\TFG\Bases de Datos\MR_New_3주기\New_MR_061.wav,1,anomalo,MR
MR,anomalo,New_MR_063.wav,C:\Users\armga\OneDrive\Escritorio\TFG\Bases de Datos\MR_New_3주기\New_MR_063.wav,1,anomalo,MR
MR,anomalo,New_MR_073.wav,C:\Users\armga\OneDrive\Escritorio\TFG\Bases de Datos\MR_New_3주기\New_MR_073.wav,1,anomalo,MR
MR,anomalo,New_MR_074.wav,C:\Users\armga\OneDrive\Escritorio\TFG\Bases de Datos\MR_New_3주기\New_MR_074.wav,1,anomalo,MR
MR,anomalo,New_MR_079.wav,C:\Users\armga\OneDrive\Escritorio\TFG\Bases de Datos\MR_New_3주기\New_MR_079.wav,1,anomalo,MR
MR,anomalo,New_MR_091.wav,C:\Users\armga\OneDrive\Escritorio\TFG\Bases de Datos\MR_New_3주기\New_MR_091.wav,1,anomalo,MR
MR,anomalo,New_MR_093.wav,C:\Users\armga\OneDrive\Escritorio\TFG\Bases de Datos\MR_New_3주기\New_MR_093.wav,1,anomalo,MR
MR,anomalo,New_MR_098.wav,C:\Users\armga\OneDrive\Escritorio\TFG\Bases de Datos\MR_New_3주기\New_MR_098.wav,1,anomalo,MR
MR,anomalo,New_MR_102.wav,C:\Users\armga\OneDrive\Escritorio\TFG\Bases de Datos\MR_New_3주기\New_MR_102.wav,1,anomalo,MR
MR,anomalo,New_MR_104.wav,C:\Users\armga\OneDrive\Escritorio\TFG\Bases de Datos\MR_New_3주기\New_MR_104.wav,1,anomalo,MR
MR,anomalo,New_MR_108.wav,C:\Users\armga\OneDrive\Escritorio\TFG\Bases de Datos\MR_New_3주기\New_MR_108.wav,1,anomalo,MR
MR,anomalo,New_MR_118.wav,C:\Users\armga\OneDrive\Escritorio\TFG\Bases de Datos\MR_New_3주기\New_MR_118.wav,1,anomalo,MR
MR,anomalo,New_MR_122.wav,C:\Users\armga\OneDrive\Escritorio\TFG\Bases de Datos\MR_New_3주기\New_MR_122.wav,1,anomalo,MR
MR,anomalo,New_MR_132.wav,C:\Users\armga\OneDrive\Escritorio\TFG\Bases de Datos\MR_New_3주기\New_MR_132.wav,1,anomalo,MR
MR,anomalo,New_MR_134.wav,C:\Users\armga\OneDrive\Escritorio\TFG\Bases de Datos\MR_New_3주기\New_MR_134.wav,1,anomalo,MR
MR,anomalo,New_MR_136.wav,C:\Users\armga\OneDrive\Escritorio\TFG\Bases de Datos\MR_New_3주기\New_MR_136.wav,1,anomalo,MR
MR,anomalo,New_MR_144.wav,C:\Users\armga\OneDrive\Escritorio\TFG\Bases de Datos\MR_New_3주기\New_MR_144.wav,1,anomalo,MR
MR,anomalo,New_MR_147.wav,C:\Users\armga\OneDrive\Escritorio\TFG\Bases de Datos\MR_New_3주기\New_MR_147.wav,1,anomalo,MR
MR,anomalo,New_MR_149.wav,C:\Users\armga\OneDrive\Escritorio\TFG\Bases de Datos\MR_New_3주기\New_MR_149.wav,1,anomalo,MR
MR,anomalo,New_MR_155.wav,C:\Users\armga\OneDrive\Escritorio\TFG\Bases de Datos\MR_New_3주기\New_MR_155.wav,1,anomalo,MR
MR,anomalo,New_MR_161.wav,C:\Users\armga\OneDrive\Escritorio\TFG\Bases de Datos\MR_New_3주기\New_MR_161.wav,1,anomalo,MR
MR,anomalo,New_MR_163.wav,C:\Users\armga\OneDrive\Escritorio\TFG\Bases de Datos\MR_New_3주기\New_MR_163.wav,1,anomalo,MR
MR,anomalo,New_MR_171.wav,C:\Users\armga\OneDrive\Escritorio\TFG\Bases de Datos\MR_New_3주기\New_MR_171.wav,1,anomalo,MR
MR,anomalo,New_MR_172.wav,C:\Users\armga\OneDrive\Escritorio\TFG\Bases de Datos\MR_New_3주기\New_MR_172.wav,1,anomalo,MR
MR,anomalo,New_MR_179.wav,C:\Users\armga\OneDrive\Escritorio\TFG\Bases de Datos\MR_New_3주기\New_MR_179.wav,1,anomalo,MR
MR,anomalo,New_MR_186.wav,C:\Users\armga\OneDrive\Escritorio\TFG\Bases de Datos\MR_New_3주기\New_MR_186.wav,1,anomalo,MR
MR,anomalo,New_MR_195.wav,C:\Users\armga\OneDrive\Escritorio\TFG\Bases de Datos\MR_New_3주기\New_MR_195.wav,1,anomalo,MR
MS,anomalo,New_MS_012.wav,C:\Users\armga\OneDrive\Escritorio\TFG\Bases de Datos\MS_New_3주기\New_MS_012.wav,1,anomalo,MS
MS,anomalo,New_MS_013.wav,C:\Users\armga\OneDrive\Escritorio\TFG\Bases de Datos\MS_New_3주기\New_MS_013.wav,1,anomalo,MS
MS,anomalo,New_MS_015.wav,C:\Users\armga\OneDrive\Escritorio\TFG\Bases de Datos\MS_New_3주기\New_MS_015.wav,1,anomalo,MS
MS,anomalo,New_MS_019.wav,C:\Users\armga\OneDrive\Escritorio\TFG\Bases de Datos\MS_New_3주기\New_MS_019.wav,1,anomalo,MS
MS,anomalo,New_MS_020.wav,C:\Users\armga\OneDrive\Escritorio\TFG\Bases de Datos\MS_New_3주기\New_MS_020.wav,1,anomalo,MS
MS,anomalo,New_MS_026.wav,C:\Users\armga\OneDrive\Escritorio\TFG\Bases de Datos\MS_New_3주기\New_MS_026.wav,1,anomalo,MS
MS,anomalo,New_MS_028.wav,C:\Users\armga\OneDrive\Escritorio\TFG\Bases de Datos\MS_New_3주기\New_MS_028.wav,1,anomalo,MS
MS,anomalo,New_MS_031.wav,C:\Users\armga\OneDrive\Escritorio\TFG\Bases de Datos\MS_New_3주기\New_MS_031.wav,1,anomalo,MS
MS,anomalo,New_MS_035.wav,C:\Users\armga\OneDrive\Escritorio\TFG\Bases de Datos\MS_New_3주기\New_MS_035.wav,1,anomalo,MS
MS,anomalo,New_MS_036.wav,C:\Users\armga\OneDrive\Escritorio\TFG\Bases de Datos\MS_New_3주기\New_MS_036.wav,1,anomalo,MS
MS,anomalo,New_MS_046.wav,C:\Users\armga\OneDrive\Escritorio\TFG\Bases de Datos\MS_New_3주기\New_MS_046.wav,1,anomalo,AS
MS,anomalo,New_MS_049.wav,C:\Users\armga\OneDrive\Escritorio\TFG\Bases de Datos\MS_New_3주기\New_MS_049.wav,1,normal,N
MS,anomalo,New_MS_053.wav,C:\Users\armga\OneDrive\Escritorio\TFG\Bases de Datos\MS_New_3주기\New_MS_053.wav,1,anomalo,AS
MS,anomalo,New_MS_074.wav,C:\Users\armga\OneDrive\Escritorio\TFG\Bases de Datos\MS_New_3주기\New_MS_074.wav,1,anomalo,MS
MS,anomalo,New_MS_075.wav,C:\Users\armga\OneDrive\Escritorio\TFG\Bases de Datos\MS_New_3주기\New_MS_075.wav,1,anomalo,MS
MS,anomalo,New_MS_078.wav,C:\Users\armga\OneDrive\Escritorio\TFG\Bases de Datos\MS_New_3주기\New_MS_078.wav,1,anomalo,MS
MS,anomalo,New_MS_085.wav,C:\Users\armga\OneDrive\Escritorio\TFG\Bases de Datos\MS_New_3주기\New_MS_085.wav,1,anomalo,MS
MS,anomalo,New_MS_089.wav,C:\Users\armga\OneDrive\Escritorio\TFG\Bases de Datos\MS_New_3주기\New_MS_089.wav,1,anomalo,AS
MS,anomalo,New_MS_091.wav,C:\Users\armga\OneDrive\Escritorio\TFG\Bases de Datos\MS_New_3주기\New_MS_091.wav,1,anomalo,MS
MS,anomalo,New_MS_098.wav,C:\Users\armga\OneDrive\Escritorio\TFG\Bases de Datos\MS_New_3주기\New_MS_098.wav,1,anomalo,MS
MS,anomalo,New_MS_100.wav,C:\Users\armga\OneDrive\Escritorio\TFG\Bases de Datos\MS_New_3주기\New_MS_100.wav,1,anomalo,MVP
MS,anomalo,New_MS_107.wav,C:\Users\armga\OneDrive\Escritorio\TFG\Bases de Datos\MS_New_3주기\New_MS_107.wav,1,normal,MS
MS,anomalo,New_MS_112.wav,C:\Users\armga\OneDrive\Escritorio\TFG\Bases de Datos\MS_New_3주기\New_MS_112.wav,1,anomalo,MS
MS,anomalo,New_MS_114.wav,C:\Users\armga\OneDrive\Escritorio\TFG\Bases de Datos\MS_New_3주기\New_MS_114.wav,1,anomalo,MS
MS,anomalo,New_MS_118.wav,C:\Users\armga\OneDrive\Escritorio\TFG\Bases de Datos\MS_New_3주기\New_MS_118.wav,1,anomalo,AS
MS,anomalo,New_MS_121.wav,C:\Users\armga\OneDrive\Escritorio\TFG\Bases de Datos\MS_New_3주기\New_MS_121.wav,1,anomalo,MS
MS,anomalo,New_MS_124.wav,C:\Users\armga\OneDrive\Escritorio\TFG\Bases de Datos\MS_New_3주기\New_MS_124.wav,1,anomalo,MS
MS,anomalo,New_MS_128.wav,C:\Users\armga\OneDrive\Escritorio\TFG\Bases de Datos\MS_New_3주기\New_MS_128.wav,1,normal,MS
MS,anomalo,New_MS_130.wav,C:\Users\armga\OneDrive\Escritorio\TFG\Bases de Datos\MS_New_3주기\New_MS_130.wav,1,anomalo,MS
MS,anomalo,New_MS_135.wav,C:\Users\armga\OneDrive\Escritorio\TFG\Bases de Datos\MS_New_3주기\New_MS_135.wav,1,anomalo,MS
MS,anomalo,New_MS_139.wav,C:\Users\armga\OneDrive\Escritorio\TFG\Bases de Datos\MS_New_3주기\New_MS_139.wav,1,anomalo,MS
MS,anomalo,New_MS_145.wav,C:\Users\armga\OneDrive\Escritorio\TFG\Bases de Datos\MS_New_3주기\New_MS_145.wav,1,anomalo,AS
MS,anomalo,New_MS_148.wav,C:\Users\armga\OneDrive\Escritorio\TFG\Bases de Datos\MS_New_3주기\New_MS_148.wav,1,anomalo,AS
MS,anomalo,New_MS_150.wav,C:\Users\armga\OneDrive\Escritorio\TFG\Bases de Datos\MS_New_3주기\New_MS_150.wav,1,anomalo,AS
MS,anomalo,New_MS_152.wav,C:\Users\armga\OneDrive\Escritorio\TFG\Bases de Datos\MS_New_3주기\New_MS_152.wav,1,anomalo,MS
MS,anomalo,New_MS_158.wav,C:\Users\armga\OneDrive\Escritorio\TFG\Bases de Datos\MS_New_3주기\New_MS_158.wav,1,anomalo,MS
MS,anomalo,New_MS_162.wav,C:\Users\armga\OneDrive\Escritorio\TFG\Bases de Datos\MS_New_3주기\New_MS_162.wav,1,anomalo,AS
MS,anomalo,New_MS_182.wav,C:\Users\armga\OneDrive\Escritorio\TFG\Bases de Datos\MS_New_3주기\New_MS_182.wav,1,anomalo,MS
MS,anomalo,New_MS_193.wav,C:\Users\armga\OneDrive\Escritorio\TFG\Bases de Datos\MS_New_3주기\New_MS_193.wav,1,anomalo,MS
MS,anomalo,New_MS_194.wav,C:\Users\armga\OneDrive\Escritorio\TFG\Bases de Datos\MS_New_3주기\New_MS_194.wav,1,anomalo,MS
MVP,anomalo,New_MVP_004.wav,C:\Users\armga\OneDrive\Escritorio\TFG\Bases de Datos\MVP_New_3주기\New_MVP_004.wav,1,normal,N
MVP,anomalo,New_MVP_008.wav,C:\Users\armga\OneDrive\Escritorio\TFG\Bases de Datos\MVP_New_3주기\New_MVP_008.wav,1,normal,N
MVP,anomalo,New_MVP_009.wav,C:\Users\armga\OneDrive\Escritorio\TFG\Bases de Datos\MVP_New_3주기\New_MVP_009.wav,1,normal,MVP
MVP,anomalo,New_MVP_010.wav,C:\Users\armga\OneDrive\Escritorio\TFG\Bases de Datos\MVP_New_3주기\New_MVP_010.wav,1,normal,N
MVP,anomalo,New_MVP_018.wav,C:\Users\armga\OneDrive\Escritorio\TFG\Bases de Datos\MVP_New_3주기\New_MVP_018.wav,1,normal,N
MVP,anomalo,New_MVP_021.wav,C:\Users\armga\OneDrive\Escritorio\TFG\Bases de Datos\MVP_New_3주기\New_MVP_021.wav,1,normal,N
MVP,anomalo,New_MVP_044.wav,C:\Users\armga\OneDrive\Escritorio\TFG\Bases de Datos\MVP_New_3주기\New_MVP_044.wav,1,anomalo,MVP
MVP,anomalo,New_MVP_047.wav,C:\Users\armga\OneDrive\Escritorio\TFG\Bases de Datos\MVP_New_3주기\New_MVP_047.wav,1,anomalo,MVP
MVP,anomalo,New_MVP_056.wav,C:\Users\armga\OneDrive\Escritorio\TFG\Bases de Datos\MVP_New_3주기\New_MVP_056.wav,1,anomalo,MVP
MVP,anomalo,New_MVP_057.wav,C:\Users\armga\OneDrive\Escritorio\TFG\Bases de Datos\MVP_New_3주기\New_MVP_057.wav,1,anomalo,MVP
MVP,anomalo,New_MVP_065.wav,C:\Users\armga\OneDrive\Escritorio\TFG\Bases de Datos\MVP_New_3주기\New_MVP_065.wav,1,normal,N
MVP,anomalo,New_MVP_066.wav,C:\Users\armga\OneDrive\Escritorio\TFG\Bases de Datos\MVP_New_3주기\New_MVP_066.wav,1,normal,N
MVP,anomalo,New_MVP_086.wav,C:\Users\armga\OneDrive\Escritorio\TFG\Bases de Datos\MVP_New_3주기\New_MVP_086.wav,1,normal,N
MVP,anomalo,New_MVP_088.wav,C:\Users\armga\OneDrive\Escritorio\TFG\Bases de Datos\MVP_New_3주기\New_MVP_088.wav,1,normal,N
MVP,anomalo,New_MVP_090.wav,C:\Users\armga\OneDrive\Escritorio\TFG\Bases de Datos\MVP_New_3주기\New_MVP_090.wav,1,normal,N
MVP,anomalo,New_MVP_094.wav,C:\Users\armga\OneDrive\Escritorio\TFG\Bases de Datos\MVP_New_3주기\New_MVP_094.wav,1,normal,N
MVP,anomalo,New_MVP_100.wav,C:\Users\armga\OneDrive\Escritorio\TFG\Bases de Datos\MVP_New_3주기\New_MVP_100.wav,1,anomalo,AS
MVP,anomalo,New_MVP_109.wav,C:\Users\armga\OneDrive\Escritorio\TFG\Bases de Datos\MVP_New_3주기\New_MVP_109.wav,1,anomalo,MR
MVP,anomalo,New_MVP_116.wav,C:\Users\armga\OneDrive\Escritorio\TFG\Bases de Datos\MVP_New_3주기\New_MVP_116.wav,1,anomalo,MVP
MVP,anomalo,New_MVP_128.wav,C:\Users\armga\OneDrive\Escritorio\TFG\Bases de Datos\MVP_New_3주기\New_MVP_128.wav,1,anomalo,MVP
MVP,anomalo,New_MVP_131.wav,C:\Users\armga\OneDrive\Escritorio\TFG\Bases de Datos\MVP_New_3주기\New_MVP_131.wav,1,anomalo,MVP
MVP,anomalo,New_MVP_132.wav,C:\Users\armga\OneDrive\Escritorio\TFG\Bases de Datos\MVP_New_3주기\New_MVP_132.wav,1,anomalo,AS
MVP,anomalo,New_MVP_136.wav,C:\Users\armga\OneDrive\Escritorio\TFG\Bases de Datos\MVP_New_3주기\New_MVP_136.wav,1,anomalo,MVP
MVP,anomalo,New_MVP_137.wav,C:\Users\armga\OneDrive\Escritorio\TFG\Bases de Datos\MVP_New_3주기\New_MVP_137.wav,1,anomalo,MVP
MVP,anomalo,New_MVP_140.wav,C:\Users\armga\OneDrive\Escritorio\TFG\Bases de Datos\MVP_New_3주기\New_MVP_140.wav,1,anomalo,AS
MVP,anomalo,New_MVP_142.wav,C:\Users\armga\OneDrive\Escritorio\TFG\Bases de Datos\MVP_New_3주기\New_MVP_142.wav,1,anomalo,MVP
MVP,anomalo,New_MVP_143.wav,C:\Users\armga\OneDrive\Escritorio\TFG\Bases de Datos\MVP_New_3주기\New_MVP_143.wav,1,anomalo,MVP
MVP,anomalo,New_MVP_146.wav,C:\Users\armga\OneDrive\Escritorio\TFG\Bases de Datos\MVP_New_3주기\New_MVP_146.wav,1,anomalo,MVP
MVP,anomalo,New_MVP_147.wav,C:\Users\armga\OneDrive\Escritorio\TFG\Bases de Datos\MVP_New_3주기\New_MVP_147.wav,1,anomalo,MVP
MVP,anomalo,New_MVP_154.wav,C:\Users\armga\OneDrive\Escritorio\TFG\Bases de Datos\MVP_New_3주기\New_MVP_154.wav,1,anomalo,MVP
MVP,anomalo,New_MVP_155.wav,C:\Users\armga\OneDrive\Escritorio\TFG\Bases de Datos\MVP_New_3주기\New_MVP_155.wav,1,anomalo,MVP
MVP,anomalo,New_MVP_161.wav,C:\Users\armga\OneDrive\Escritorio\TFG\Bases de Datos\MVP_New_3주기\New_MVP_161.wav,1,anomalo,AS
MVP,anomalo,New_MVP_163.wav,C:\Users\armga\OneDrive\Escritorio\TFG\Bases de Datos\MVP_New_3주기\New_MVP_163.wav,1,anomalo,MVP
MVP,anomalo,New_MVP_174.wav,C:\Users\armga\OneDrive\Escritorio\TFG\Bases de Datos\MVP_New_3주기\New_MVP_174.wav,1,anomalo,MVP
MVP,anomalo,New_MVP_180.wav,C:\Users\armga\OneDrive\Escritorio\TFG\Bases de Datos\MVP_New_3주기\New_MVP_180.wav,1,anomalo,MVP
MVP,anomalo,New_MVP_183.wav,C:\Users\armga\OneDrive\Escritorio\TFG\Bases de Datos\MVP_New_3주기\New_MVP_183.wav,1,anomalo,MVP
MVP,anomalo,New_MVP_185.wav,C:\Users\armga\OneDrive\Escritorio\TFG\Bases de Datos\MVP_New_3주기\New_MVP_185.wav,1,anomalo,MVP
MVP,anomalo,New_MVP_188.wav,C:\Users\armga\OneDrive\Escritorio\TFG\Bases de Datos\MVP_New_3주기\New_MVP_188.wav,1,anomalo,MVP
MVP,anomalo,New_MVP_192.wav,C:\Users\armga\OneDrive\Escritorio\TFG\Bases de Datos\MVP_New_3주기\New_MVP_192.wav,1,anomalo,MS
MVP,anomalo,New_MVP_193.wav,C:\Users\armga\OneDrive\Escritorio\TFG\Bases de Datos\MVP_New_3주기\New_MVP_193.wav,1,anomalo,MS
