indice_interno,distribucion,numero_capas,error_final,forma_h_final,segundos_extraccion,capa_1_rango,capa_1_error,capa_1_ortogonalidad_h,capa_2_rango,capa_2_error,capa_2_ortogonalidad_h,capa_3_rango,capa_3_error,capa_3_ortogonalidad_h
0,8-15-30,3,0.15193398871858785,30x212,0.03330229999846779,8,0.06867954069028494,0.3863470079572137,15,0.060920465430620234,0.19984731661595534,30,0.06893139579123664,0.10740481712806839
1,8-15-30,3,0.15034673595407239,30x212,0.04154669999843463,8,0.07401385016259768,0.4108736892591097,15,0.06816190943396389,0.16869473910090294,30,0.05170256697077102,0.09609852099815641
2,8-15-30,3,0.15715664216547884,30x212,0.04925730000832118,8,0.07508238169729366,0.3363582255488888,15,0.06033731789683562,0.15190668753585618,30,0.061688938320086484,0.0969997533408611
3,8-15-30,3,0.15827218846100125,30x212,0.04778470000019297,8,0.07777835992524645,0.3141512654026875,15,0.07306095182797774,0.1574666590726486,30,0.04975756713436224,0.11528961659307607
4,8-15-30,3,0.1492677602114349,30x212,0.037999400025000796,8,0.0735635834955929,0.3155136667744441,15,0.048845138472588555,0.15828844833358185,30,0.04942636146605164,0.08549738822085912
5,8-15-30,3,0.15068242383296396,30x212,0.03856280000763945,8,0.07235180377259791,0.3443095046869515,15,0.05454399225565368,0.15655861567750948,30,0.05203765412602812,0.08834096079980175
6,8-15-30,3,0.1528581397433708,30x212,0.04656670000986196,8,0.07203602860686986,0.3839278001014825,15,0.0757261511999019,0.136907009862764,30,0.0510625118842714,0.08707296591713107
7,8-15-30,3,0.15129497588043053,30x212,0.04757310001878068,8,0.07689901754865619,0.37838661317771677,15,0.05152704799488865,0.16560474717584295,30,0.055387114003709575,0.10155423349776839
8,8-15-30,3,0.15012790973312046,30x212,0.03720149997388944,8,0.0585736871917826,0.33673683159272466,15,0.068675821850346,0.14812008170595098,30,0.05864691690568854,0.10428089394557138
9,8-15-30,3,0.16032501351943265,30x212,0.04693719997885637,8,0.06651334209936297,0.36541410737452146,15,0.05836561371348456,0.22864102664022493,30,0.05813619163846871,0.10597065085161615
10,8-15-30,3,0.15585907354542336,30x212,0.04429079999681562,8,0.07314317719576546,0.39400552337083583,15,0.050333723961747234,0.18977570081314976,30,0.05923360357194566,0.10970364076665026
11,8-15-30,3,0.15820561446293133,30x212,0.0392950999957975,8,0.08524725232087053,0.30724815871294275,15,0.047787032707343226,0.1402059113649635,30,0.05187054233285677,0.09222862997045914
12,8-15-30,3,0.1497026209632718,30x212,0.04831849999027327,8,0.07385759047930798,0.35227016149390206,15,0.06446044422523689,0.19231611070420612,30,0.04963902910088267,0.09945199590527075
13,8-15-30,3,0.14137534580639646,30x212,0.04794129999936558,8,0.06939474854317124,0.4129031039943759,15,0.06329913702750109,0.16395174008360794,30,0.04869471175623263,0.10412095536353665
14,8-15-30,3,0.16681718239001456,30x212,0.04733890001079999,8,0.07823118715754634,0.37454718175916557,15,0.062496124934704314,0.1599211754206716,30,0.06546248185231159,0.10007423184146534
15,8-15-30,3,0.17219640696958027,30x212,0.05070789999444969,8,0.08068939657039208,0.3019905341657572,15,0.05226573069834814,0.22099510056165947,30,0.0915371195046904,0.10835742408395461
16,8-15-30,3,0.15075497570795915,30x212,0.04700970000703819,8,0.06430447074474419,0.3510989547412406,15,0.0639179722320431,0.14263392967328897,30,0.05186728191065161,0.10789595883712348
17,8-15-30,3,0.14595048127955737,30x212,0.05948540000827052,8,0.07355850578775104,0.3591032637802825,15,0.05374281488667686,0.20070616313885176,30,0.05585627567687488,0.10872764715378862
18,8-15-30,3,0.15180906847718012,30x212,0.042118400015169755,8,0.07611953335418274,0.31032693908697434,15,0.05550053928394671,0.16415731715148138,30,0.04771210678661292,0.11525619286822777
19,8-15-30,3,0.17323379139767253,30x212,0.04080879999673925,8,0.09372601621492498,0.360796165843536,15,0.05893945306193532,0.16005574611040282,30,0.0640695328908289,0.0728419726211889
20,8-15-30,3,0.1693726001333776,30x212,0.04639669999596663,8,0.07641270780804764,0.3445414952176503,15,0.06934330073175002,0.1605155557341415,30,0.08088829045770447,0.10626021934168897
21,8-15-30,3,0.14941646252207558,30x212,0.034693800000241026,8,0.07888870286738547,0.40083033400151574,15,0.06956196149677664,0.17101599132529927,30,0.04682437311221283,0.09546611250410299
22,8-15-30,3,0.16411715373766003,30x212,0.04167179999058135,8,0.09595084710676863,0.3276764202031825,15,0.04692426382851601,0.19791965255133923,30,0.06191346325098819,0.1235222989655751
23,8-15-30,3,0.15595685490101382,30x212,0.03657349999411963,8,0.08392927718077817,0.3602148124380961,15,0.05395208654775334,0.17592941867920314,30,0.05267714293087757,0.09143887007410804
24,8-15-30,3,0.16175163207110144,30x212,0.059103599982336164,8,0.08351883256833614,0.3574608685619938,15,0.07773466419503126,0.15599269891505022,30,0.05852428599442272,0.08310664357188091
25,8-15-30,3,0.17150209230065716,30x212,0.0539678999921307,8,0.08273545697902918,0.36369989895155336,15,0.10725142950622911,0.15990636570276678,30,0.058128629042642904,0.09057143305438346
26,8-15-30,3,0.15615672616636977,30x212,0.03587540000444278,8,0.07477021040645893,0.25637482445676774,15,0.05123869011549159,0.17307769404446113,30,0.05001141236612995,0.08381751169107717
27,8-15-30,3,0.1654020263688674,30x212,0.04194550000829622,8,0.07144455040240687,0.33731754888915244,15,0.07232994752240375,0.1602761192887983,30,0.07540448919120729,0.09076173511494738
28,8-15-30,3,0.15553758781186577,30x212,0.03917249999358319,8,0.07808577964070149,0.2911646370253057,15,0.05594813540170932,0.13905472269631378,30,0.049411850240831064,0.096631573253918
29,8-15-30,3,0.1561022747231191,30x212,0.04913619998842478,8,0.07134928809960507,0.26944249897608596,15,0.056689220478429614,0.1414663386985787,30,0.05413678855477765,0.10884616882255214
30,8-15-30,3,0.14891985966559224,30x212,0.05442210001638159,8,0.0626871388217657,0.3754558073970153,15,0.062121709216418894,0.18095159766482438,30,0.05481311658280262,0.09521141967175825
31,8-15-30,3,0.15390795884089592,30x212,0.04719929999555461,8,0.08238119705692905,0.3076052259417744,15,0.052772882681966685,0.16046179817484363,30,0.04887556162813863,0.09668753506988283
32,8-15-30,3,0.15346621810334554,30x212,0.03330800001276657,8,0.07397735689506608,0.3721426043037686,15,0.06035549323231001,0.17313449392248773,30,0.05375404826903045,0.12809375744942897
33,8-15-30,3,0.14687901434682873,30x212,0.04006549998302944,8,0.07230556540115507,0.3231001908914349,15,0.05206937148531628,0.15128025984545249,30,0.05174149513806802,0.09960319582372595
34,8-15-30,3,0.15064154251187428,30x212,0.03371550000156276,8,0.07151184945104291,0.26729086760453846,15,0.05488769037669848,0.1329623006889138,30,0.05258992941395498,0.07492449670158341
35,8-15-30,3,0.14657413795665333,30x212,0.03545300001860596,8,0.06453822330069055,0.28572306275076054,15,0.05734567900354207,0.14140996183366833,30,0.0504459547411078,0.10955934044068781
36,8-15-30,3,0.1482257204081988,30x212,0.038977500022156164,8,0.05499968403152013,0.322311557995291,15,0.05515939811627744,0.17872996872319336,30,0.04901169919316573,0.11229707716260563
37,8-15-30,3,0.14395503282101865,30x212,0.03779699999722652,8,0.060866672170644,0.35592770472255536,15,0.06358302541553008,0.12374937584977254,30,0.06366042165000012,0.08644421761662294
38,8-15-30,3,0.13795379203797592,30x212,0.04793250001966953,8,0.05065223207088394,0.4115890238123959,15,0.09290622986050694,0.12578893724885526,30,0.04600018932084087,0.09481432888944406
39,8-15-30,3,0.1446452334726914,30x212,0.04345660001854412,8,0.045408125391716625,0.3604211914891953,15,0.06717867434216167,0.15069462254712557,30,0.04912329149128823,0.09747086834119627
40,8-15-30,3,0.15092356069486854,30x212,0.03843240000423975,8,0.07522968416998795,0.39715678912906954,15,0.060746564982475965,0.13981294357192178,30,0.04937094574335458,0.1002119779799275
41,8-15-30,3,0.15447792506874905,30x212,0.045580799982417375,8,0.060964621972644954,0.41043100793032167,15,0.07371904542112528,0.2210104285418922,30,0.04765267972269307,0.11423117802919908
42,8-15-30,3,0.1500894672629383,30x212,0.035900100017897785,8,0.07058773595812537,0.36101717595307253,15,0.05848738861466127,0.19075628451055288,30,0.04867471251295699,0.12605894887886593
43,8-15-30,3,0.16096872423603703,30x212,0.03639839999959804,8,0.062129149889958345,0.3282572948306867,15,0.06835066880420407,0.15841082686070987,30,0.06428387357213192,0.0958881998516126
44,8-15-30,3,0.15436641024404688,30x212,0.03422830000636168,8,0.07396944733952704,0.36992097001209895,15,0.07490723437191787,0.17809480915117082,30,0.05465177768086992,0.1430412845659825
45,8-15-30,3,0.1527020250058478,30x212,0.03920790000120178,8,0.07317739270298765,0.32120842572406316,15,0.06848884299378978,0.143108562714889,30,0.05001221341320285,0.08184138303418877
46,8-15-30,3,0.15851717696264842,30x212,0.03494990000035614,8,0.06889035742847369,0.3419359944107433,15,0.06310206627649896,0.14068204140094848,30,0.058270908713748994,0.12349983532705472
47,8-15-30,3,0.14289528598707402,30x212,0.038458900002297014,8,0.061620877746950006,0.3783979343428535,15,0.06992854049232106,0.21853483459736348,30,0.052442304835894335,0.11214005937968967
48,8-15-30,3,0.14860834271725779,30x212,0.04543150000972673,8,0.05707966150241041,0.37119520262533295,15,0.06736740085927241,0.16510958246190258,30,0.04969883323760598,0.12442558228468534
49,8-15-30,3,0.13396387225501094,30x212,0.03621510000084527,8,0.05796458421574011,0.41644153813241075,15,0.059786969469893085,0.2351392091285055,30,0.045959120181051236,0.11398946526108375
50,8-15-30,3,0.15083844412609204,30x212,0.04462000000057742,8,0.06776767056953006,0.3600175077421652,15,0.05411126708655304,0.16983277899516913,30,0.054501883608207395,0.07904814679725003
51,8-15-30,3,0.15066470754786554,30x212,0.0418303000042215,8,0.06797537376224479,0.3813368858855725,15,0.057564644565564246,0.12829537638511282,30,0.0510745397533392,0.11064224090235689
52,8-15-30,3,0.15533532086975896,30x212,0.04357549999258481,8,0.07500212505189205,0.36792185551523976,15,0.05437189138605651,0.1908662251254247,30,0.052352999379427737,0.11118554034145511
53,8-15-30,3,0.14564482269816045,30x212,0.04228900000452995,8,0.06263722640402757,0.3820547020228539,15,0.06696372919908786,0.12870783035783173,30,0.044727143338459396,0.10402351073794727
54,8-15-30,3,0.14123444227020968,30x212,0.04636720000416972,8,0.06957352894526925,0.35305179883192317,15,0.08032727089590036,0.1963869589556623,30,0.05190504020094816,0.13690930714112373
55,8-15-30,3,0.14640467801471468,30x212,0.04543640001793392,8,0.06826793768648323,0.4046470786064256,15,0.06151643899809331,0.16426783187335367,30,0.04337170227628742,0.10258499800668347
56,8-15-30,3,0.14962800994060413,30x212,0.05062100000213832,8,0.06250451645498625,0.39926086951725853,15,0.06857141190641483,0.1878638851225212,30,0.05077997711655118,0.11333459094395583
57,8-15-30,3,0.15155175638145357,30x212,0.05913400001008995,8,0.06900145024472645,0.3750102563499582,15,0.08462745255620199,0.16812302335732834,30,0.04626720116915008,0.10663943989093189
58,8-15-30,3,0.1501207593798393,30x212,0.05024579999735579,8,0.058670123134821395,0.31932027994064544,15,0.07145097233564901,0.14526475990402749,30,0.04548518598701807,0.10256952266406763
59,8-15-30,3,0.1518302095326996,30x212,0.049727999983588234,8,0.06646539105123013,0.3355898127063529,15,0.07156263687626065,0.12450597376038938,30,0.049430189540446756,0.11187920247063078
60,8-15-30,3,0.14761747194977673,30x212,0.04411800001980737,8,0.06337419034001479,0.3991700955979365,15,0.08723424377824676,0.2599322446907563,30,0.05942468074655927,0.12642583218365444
61,8-15-30,3,0.1480927557635419,30x212,0.03481440001633018,8,0.0612574790152666,0.40952387435500454,15,0.05906473098108092,0.1500102134701136,30,0.05575179761270478,0.100269212521009
62,8-15-30,3,0.13625816014028885,30x212,0.03508319999673404,8,0.054969234460236584,0.3768218776109104,15,0.05360862484238423,0.14225278223128823,30,0.048805797058088476,0.11025104153620377
63,8-15-30,3,0.1490528651574763,30x212,0.03620150001370348,8,0.06506205346419085,0.4113080739401565,15,0.07000752679340286,0.13407192431036485,30,0.0580501295249044,0.09153427026292615
64,8-15-30,3,0.13508747442855695,30x212,0.042624800000339746,8,0.06399278956974613,0.34177598923720937,15,0.04943163446004543,0.1760732273752203,30,0.04931299332774368,0.10031715270847966
65,8-15-30,3,0.1469672929007464,30x212,0.03748709999490529,8,0.0671257741371272,0.3451974503336152,15,0.06222585260158239,0.17076572696665462,30,0.05044809498884545,0.1175313308758525
66,8-15-30,3,0.13515668398049072,30x212,0.05162610000115819,8,0.054162169185782184,0.4594918530220572,15,0.07968406732677319,0.18106567729664363,30,0.05156013814150175,0.09163109920125556
67,8-15-30,3,0.13128769171298524,30x212,0.0314885999832768,8,0.061088999123436856,0.47460115018863724,15,0.06006642701306785,0.17249608614785103,30,0.0477403933170144,0.08272739245018944
68,8-15-30,3,0.15192796234435582,30x212,0.03130020000389777,8,0.06695580814035053,0.36480481725825253,15,0.051359556460903275,0.15860171598560047,30,0.05688034231869697,0.09354909495963755
69,8-15-30,3,0.15959202164312197,30x212,0.03991590000805445,8,0.08876236371963797,0.3469476743747502,15,0.06172054607798291,0.16604653624115917,30,0.04989722681865197,0.08706512434266361
70,8-15-30,3,0.15754943572716104,30x212,0.04017999998177402,8,0.07046267769027936,0.3725272330333536,15,0.07373179352842488,0.1750769437755329,30,0.052537973330690026,0.09540132561055394
71,8-15-30,3,0.14585721283178993,30x212,0.04990089999046177,8,0.06231660259793056,0.3195162482840796,15,0.05360635982942765,0.16910404808693566,30,0.05286101644306489,0.09968138759459282
72,8-15-30,3,0.14296117412307915,30x212,0.04899069998646155,8,0.06442084360548232,0.34971646308412735,15,0.04726235441870098,0.16577002539374602,30,0.05303989516363227,0.12263542998831668
73,8-15-30,3,0.15955393931155107,30x212,0.04961870002443902,8,0.07259069915209496,0.34448797583921625,15,0.08831255764918515,0.12169113156818497,30,0.04714063515705436,0.11782887393970815
74,8-15-30,3,0.15053191829286786,30x212,0.04836800001794472,8,0.07408733157335402,0.3722017934203542,15,0.07096871252135863,0.13346379169654668,30,0.059040536798305926,0.09229524933099194
75,8-15-30,3,0.15652500417808426,30x212,0.042492899985518306,8,0.07554610254442046,0.33892087007037713,15,0.05529742905686004,0.21775816909629717,30,0.05944994215644623,0.08645263970263907
76,8-15-30,3,0.14285941899551546,30x212,0.03624909999780357,8,0.061305036811609155,0.32400827384691716,15,0.049815862430148086,0.1621252113104665,30,0.0545343264072785,0.09161023805671839
77,8-15-30,3,0.14186745931571354,30x212,0.039998199994442984,8,0.061590164165507236,0.36995479989854047,15,0.05611940027257613,0.21237027767028388,30,0.056179644760363426,0.09443810685578333
78,8-15-30,3,0.1622734026989655,30x212,0.040244100004201755,8,0.079721153579927,0.3245379789261164,15,0.06496119813915388,0.19799671642526934,30,0.05698980140589847,0.09652322693969008
79,8-15-30,3,0.15658795309927293,30x212,0.03732310002669692,8,0.07696370846523314,0.306442868978215,15,0.0715507518820563,0.15028033019427509,30,0.04695546511090821,0.11024129386444934
80,8-15-30,3,0.1408555012290671,30x212,0.04594270000234246,8,0.055826549319962296,0.36788330182820655,15,0.05587976612556519,0.16233767659533227,30,0.0519731907263439,0.1016079223013437
81,8-15-30,3,0.15780268612936404,30x212,0.04574009997304529,8,0.070591158178311,0.3244961700617379,15,0.07550813842703048,0.12988460496842555,30,0.049928464106035846,0.07889878803409045
82,8-15-30,3,0.14966704228244357,30x212,0.05695909998030402,8,0.07530851835917833,0.29762968341292356,15,0.05632978139177289,0.1866941816063332,30,0.0488989071029707,0.10792479179683558
83,8-15-30,3,0.1524990948475967,30x212,0.03803160000825301,8,0.0676811461776684,0.34163709412784676,15,0.053107531016597445,0.14786472643639087,30,0.05842452370101626,0.11658344141666974
84,8-15-30,3,0.14185999672423005,30x212,0.0401856999960728,8,0.07103373989008738,0.3705412365496982,15,0.05455419589461152,0.17050573649059672,30,0.04936104153693751,0.10381079788124035
85,8-15-30,3,0.1509295095095005,30x212,0.04217410000273958,8,0.061472652396709355,0.4328035147577281,15,0.06754368673329703,0.1858048195146487,30,0.059286121519295215,0.09727976305232387
86,8-15-30,3,0.1655855857011564,30x212,0.03643310000188649,8,0.07721817597758347,0.357591010689979,15,0.06915558797529917,0.18590439496626204,30,0.06671028277278737,0.11005811987518549
87,8-15-30,3,0.14865940595822594,30x212,0.042619000014383346,8,0.06520406998066278,0.37507912924725906,15,0.054636332661521486,0.16721502452109724,30,0.05440365910896358,0.10359455634128376
88,8-15-30,3,0.14638683755182588,30x212,0.05433060001814738,8,0.06530414276247784,0.36702592318063987,15,0.059004583834395385,0.16915983271485682,30,0.04865396473950834,0.09810023942965733
89,8-15-30,3,0.15319136905680966,30x212,0.05236699999659322,8,0.06392417032325627,0.3825687507745251,15,0.07783948719099396,0.1470077925307099,30,0.05220756577021092,0.0837161211846932
90,8-15-30,3,0.15952022273971503,30x212,0.03625609999289736,8,0.070766282960094,0.35891563457921916,15,0.07466339345875322,0.17434396256935691,30,0.05250613292631263,0.08884657074937401
91,8-15-30,3,0.1591258051824563,30x212,0.047456500004045665,8,0.07537394627662475,0.36523067232285655,15,0.049069916088153774,0.1765268782549883,30,0.06498152009353333,0.10708490288985328
92,8-15-30,3,0.15939048304250214,30x212,0.04141410000738688,8,0.07019324598575942,0.35453406571912266,15,0.0759948981904842,0.14020976927015302,30,0.058607135448393195,0.09435969239387657
93,8-15-30,3,0.15809965373699356,30x212,0.041782000014791265,8,0.07629822469087033,0.37237246425866,15,0.06733115517139596,0.14004726975366796,30,0.05053584277244588,0.09647358671844805
94,8-15-30,3,0.15184692256001478,30x212,0.04097220001858659,8,0.07643982190972742,0.41600919856740276,15,0.06843681091356374,0.16151511759644055,30,0.0508177766646387,0.08735891492372558
95,8-15-30,3,0.1654796360849935,30x212,0.03584120000596158,8,0.06827097645990719,0.31446647388419563,15,0.09370218907308714,0.18856177451808387,30,0.06441679800841611,0.11679256754631648
96,8-15-30,3,0.1493838880221811,30x212,0.04303790000267327,8,0.07066211141693797,0.3770728211113899,15,0.06430843326712285,0.22957201104133362,30,0.04832959308033201,0.11017080361051444
97,8-15-30,3,0.15076090378569934,30x212,0.053083700011484325,8,0.06953653503722344,0.3504382784541935,15,0.051389091727036,0.17097343289992784,30,0.05906540362314288,0.09210341798373275
98,8-15-30,3,0.14694383437677272,30x212,0.049425699980929494,8,0.07528261090206992,0.34535364959142506,15,0.04773219462050593,0.15764445156152035,30,0.05454724391866458,0.10726521678409383
99,8-15-30,3,0.1522481744293951,30x212,0.042553699982818216,8,0.056114018360692935,0.3583375165743738,15,0.07509246882727721,0.17216849373748763,30,0.057823343546436486,0.11851657755328222
100,8-15-30,3,0.15385462663205335,30x212,0.043304999999236315,8,0.0717834014325594,0.3521375941533403,15,0.05399227233295706,0.1681765233830945,30,0.051911419225183074,0.11068369131944766
101,8-15-30,3,0.16077194073613466,30x212,0.04650349999428727,8,0.05174320287157482,0.35933956938180434,15,0.06651377859717919,0.14921154912578527,30,0.05626924485799498,0.0952527013998107
102,8-15-30,3,0.1477031048686844,30x212,0.04876259999582544,8,0.06984466193904385,0.39127250935690394,15,0.047050030228698046,0.16295220628420287,30,0.050463895419372864,0.11657810830766903
103,8-15-30,3,0.15659630691086038,30x212,0.041417600004933774,8,0.07466838742057286,0.35588756128860727,15,0.06053017837325619,0.15732611013177553,30,0.054139071879424606,0.09466395701293867
104,8-15-30,3,0.14290809545429412,30x212,0.035353299987036735,8,0.06811845886562831,0.3428761787208113,15,0.06308003771139857,0.19968081380641936,30,0.06580717389615873,0.11274769150817568
105,8-15-30,3,0.14632803274183287,30x212,0.036391999979969114,8,0.055891301544717616,0.34303782533680444,15,0.05997458156026527,0.13640706929839685,30,0.06287886288327045,0.1039488368678287
106,8-15-30,3,0.1550443360545478,30x212,0.036549200012814254,8,0.0702110979760554,0.3545830164367788,15,0.0717997736588322,0.1510604162805486,30,0.0491378736609746,0.09537841309674552
107,8-15-30,3,0.14454591540486636,30x212,0.042216300003929064,8,0.07008200993686249,0.4484362349925555,15,0.0669459438633351,0.1683211509632678,30,0.047549465703144354,0.11056785872270739
108,8-15-30,3,0.14452642810299543,30x212,0.03879150000284426,8,0.05745392915675225,0.3979098804199036,15,0.06668334365592282,0.16268873049111188,30,0.05766371470716979,0.08070257551217357
109,8-15-30,3,0.14505327308787286,30x212,0.03563249998842366,8,0.06485378405468413,0.35493534852748493,15,0.07116851263269493,0.147080376703308,30,0.05039931580007641,0.10389710790436027
110,8-15-30,3,0.1413130803862433,30x212,0.04093220000504516,8,0.060644916340145114,0.4658590667366377,15,0.06994752815897626,0.14763095219326877,30,0.04987328215291597,0.09281156770204621
111,8-15-30,3,0.14898601852280838,30x212,0.0362582000088878,8,0.07256944482759174,0.3602877190908518,15,0.0637558489826719,0.15619163696775215,30,0.05459279109532207,0.14292534892655417
112,8-15-30,3,0.13572815403804037,30x212,0.051797799998894334,8,0.061368390439694075,0.29722231129208077,15,0.05599591939692382,0.17843015663306552,30,0.05093071498962174,0.10523578038120865
113,8-15-30,3,0.1471560189192322,30x212,0.0438317000225652,8,0.07029741671152347,0.3394191587393805,15,0.054237862755873736,0.1318031666675665,30,0.05190084915730964,0.091714249601372
114,8-15-30,3,0.14665931047559008,30x212,0.039967199991224334,8,0.05967722396797363,0.3338803378360596,15,0.07422186320216599,0.1548847720658688,30,0.050951228364700264,0.09261194076081482
115,8-15-30,3,0.14043965677898207,30x212,0.032463999988976866,8,0.055072103224958015,0.369544837660474,15,0.0641107746884545,0.12317673603798837,30,0.04647440311242167,0.08658869349703067
116,8-15-30,3,0.14998897145735957,30x212,0.04215059999842197,8,0.07173669397338324,0.3343512571912393,15,0.05852891294631445,0.1567599361077165,30,0.04881305878127644,0.08846712166453463
117,8-15-30,3,0.15565253341988017,30x212,0.04024609999032691,8,0.06727836625956352,0.39854822774367177,15,0.06892227304732809,0.1611709065738373,30,0.048578900795828765,0.09584805183216923
118,8-15-30,3,0.1437006043824348,30x212,0.0441811999771744,8,0.05329508453929072,0.3348729953184174,15,0.06227757705794873,0.14584932066147874,30,0.04716251853329645,0.09862849402506432
119,8-15-30,3,0.14733363778073713,30x212,0.04564520000712946,8,0.06079274446833832,0.36619115556312026,15,0.05481188324630913,0.1693984266569128,30,0.05037404251061563,0.10106516455972307
120,8-15-30,3,0.14857270522455546,30x212,0.03666870002052747,8,0.07483276354611172,0.3288516008587309,15,0.05378630351476369,0.18616614721994174,30,0.05118389927538068,0.09910698901702683
121,8-15-30,3,0.1427622697026069,30x212,0.032991499989293516,8,0.05941723856121444,0.38861482725710833,15,0.06526240553269189,0.15929247823866474,30,0.04834717277083118,0.10925419864297817
122,8-15-30,3,0.14793690091257036,30x212,0.043999899993650615,8,0.06730507340186503,0.4461099506510856,15,0.08643149994708087,0.14817806250823362,30,0.05768211959116204,0.08323597117482998
123,8-15-30,3,0.1462409767510813,30x212,0.035989099997095764,8,0.07384734437504299,0.281606606392175,15,0.044652305771627675,0.23401809458080775,30,0.05139945336628172,0.1346677343134691
124,8-15-30,3,0.15023093735179152,30x212,0.05333510000491515,8,0.07453240821427205,0.323681398343765,15,0.05814142181334637,0.1429549766465979,30,0.05116003851841924,0.10597736546227492
125,8-15-30,3,0.15396730135626327,30x212,0.03912620001938194,8,0.06353038779642906,0.36854022699308503,15,0.049049664672993945,0.21777229997956402,30,0.06364083231106124,0.0907937038475937
126,8-15-30,3,0.14950770572376165,30x212,0.03535900000133552,8,0.06373791140078033,0.3297176274187337,15,0.0700134815688357,0.13433392260966703,30,0.05463169116199283,0.09250604511231893
127,8-15-30,3,0.1497640268218936,30x212,0.042602700006682426,8,0.07061874107395363,0.3940489564096614,15,0.06831748723024392,0.19078030674362872,30,0.0511388727336705,0.13590619608802934
128,8-15-30,3,0.14495844242924202,30x212,0.04761930002132431,8,0.05432414943056708,0.3418942390992032,15,0.0868651731725105,0.151474041526605,30,0.051889431564837066,0.10845274120028767
129,8-15-30,3,0.14737450908560415,30x212,0.034619899990502745,8,0.06974203186420351,0.41946557044351657,15,0.055045765453764155,0.21364342154022103,30,0.055296521933181894,0.12953105319916977
130,8-15-30,3,0.15153779151978083,30x212,0.05804299999726936,8,0.06541659094428139,0.3608715120017076,15,0.06440729660387108,0.1942954032656945,30,0.07816947601772845,0.08993438600456634
131,8-15-30,3,0.14777619755862056,30x212,0.05249790000380017,8,0.061668054158684184,0.3997339072350705,15,0.058254805508622894,0.17296536315252836,30,0.06500847584091919,0.1149844315471831
132,8-15-30,3,0.1420924024857674,30x212,0.04545279999729246,8,0.06048690484325647,0.3321173523885876,15,0.07709264568169827,0.11898167212739481,30,0.0445856872218789,0.11112813064922247
133,8-15-30,3,0.13362798661416822,30x212,0.04054069999256171,8,0.06450077281184813,0.4338711358908842,15,0.05619896384017851,0.15925136189364475,30,0.047324926638982655,0.11915797913791108
134,8-15-30,3,0.1425508836474816,30x212,0.04913589998614043,8,0.06819981154302157,0.40325199838602516,15,0.06908318193859886,0.2019176722458129,30,0.050846082867502945,0.1088239874736621
135,8-15-30,3,0.13744978772748231,30x212,0.03888749997713603,8,0.07126391473459917,0.3955054794000237,15,0.06209961049600418,0.18281545739653254,30,0.04772842634564944,0.10483106010324204
136,8-15-30,3,0.13678075216761149,30x212,0.03722140000900254,8,0.05702195375643152,0.42583710255465956,15,0.051492919839416014,0.18900529269204874,30,0.05574347804010838,0.10702078241149407
137,8-15-30,3,0.1506057383929056,30x212,0.047069699998246506,8,0.06661222374543452,0.3757285412058348,15,0.08260955628862396,0.15371149866028247,30,0.05439051874089757,0.10246852766943346
138,8-15-30,3,0.15516107570444018,30x212,0.04295460000867024,8,0.06925919204846295,0.37923698291472885,15,0.049443403219104565,0.18081226020760566,30,0.06377852144651087,0.11937642003576174
139,8-15-30,3,0.14937506189265462,30x212,0.03501200000755489,8,0.07577524510796817,0.332460517117556,15,0.047143623223754524,0.1565701796477226,30,0.0482943267277085,0.10696338706330394
140,8-15-30,3,0.13231925943377107,30x212,0.06300679998821579,8,0.055885282733415476,0.3838414130191613,15,0.053309064655856934,0.1742652851168313,30,0.04950332914236459,0.09410532018177924
141,8-15-30,3,0.13446646482440164,30x212,0.04289979999884963,8,0.06377590772801013,0.35643755896176266,15,0.04844098980603259,0.15884203482967274,30,0.04558399592116626,0.10518998514777915
142,8-15-30,3,0.1370151144443023,30x212,0.04276780001237057,8,0.052623919451109925,0.3648266087467916,15,0.054791293587194,0.21726393369845962,30,0.04752860325237762,0.09933753092380296
143,8-15-30,3,0.15378866247204223,30x212,0.04432479999377392,8,0.07295012412911951,0.354337655719029,15,0.07363480386101257,0.22106967737029767,30,0.055649495386856276,0.1300738152255452
144,8-15-30,3,0.1470648410334723,30x212,0.048468599998159334,8,0.06447435798141661,0.3834741781836483,15,0.06298912649365083,0.1599882502564622,30,0.04485660099951565,0.122509764452471
145,8-15-30,3,0.14455662174443848,30x212,0.051793099992210045,8,0.05443406424601223,0.4159902706377853,15,0.04945938673660434,0.2202946296354739,30,0.06673367636745031,0.09950030389909628
146,8-15-30,3,0.1468884962038636,30x212,0.04915040000923909,8,0.06007289190945456,0.416258164470839,15,0.08991211478804344,0.14038773015826203,30,0.05200259029968648,0.08590640396795442
147,8-15-30,3,0.15505807294407964,30x212,0.040383499988820404,8,0.06731791581845126,0.35863975976229173,15,0.05439094652461448,0.17869036902529312,30,0.07626706834076279,0.09799348460936383
148,8-15-30,3,0.14681028301906074,30x212,0.04466580000007525,8,0.06886983320457839,0.3149349545704678,15,0.059267005097183204,0.23653583271942336,30,0.06393532406376574,0.1553190341198367
149,8-15-30,3,0.13610814339783991,30x212,0.041038299998035654,8,0.06362318931558114,0.3345579085158296,15,0.07714843795538029,0.20479792676174322,30,0.044193460033808266,0.0948141644299155
150,8-15-30,3,0.13631553428552387,30x212,0.04565269997692667,8,0.05579663983622508,0.3623133469702268,15,0.05540414082759122,0.21514580898235208,30,0.04836941857450605,0.12971074494091028
151,8-15-30,3,0.15053681665380478,30x212,0.04483470000559464,8,0.0634820946983136,0.37014856624108183,15,0.06070513708475897,0.1942828885940739,30,0.056606351275732825,0.11628679757862534
152,8-15-30,3,0.14186143080126995,30x212,0.033939699991606176,8,0.07088392058471524,0.4225799467100932,15,0.058790628450251535,0.17726373241106522,30,0.05151012507744469,0.11286763034610268
153,8-15-30,3,0.15230625900878997,30x212,0.03465889999642968,8,0.06408231573426623,0.3568020293423175,15,0.05927845946316384,0.18671242866057178,30,0.0669114451797106,0.10405425452998183
154,8-15-30,3,0.15770970017718702,30x212,0.04341199999907985,8,0.060694136565134206,0.3230664161229782,15,0.058203856562898476,0.14595041057389913,30,0.061272748081222884,0.1007061911497371
155,8-15-30,3,0.14507471995222498,30x212,0.03640020001330413,8,0.060674813272310356,0.4266168011035823,15,0.07210500802252721,0.1405510336413097,30,0.052468892767215614,0.07727498925932286
156,8-15-30,3,0.1452492214609626,30x212,0.035402300010900944,8,0.05971120182728401,0.32088360392431287,15,0.05935985190738887,0.17209814795389403,30,0.06575517977944209,0.09560920775272232
157,8-15-30,3,0.14839163404322328,30x212,0.034970899985637516,8,0.06543052443047283,0.34492305306711174,15,0.06831229781352086,0.1708810541831833,30,0.0524871591930247,0.08774390406597442
158,8-15-30,3,0.15788692082881967,30x212,0.036260200024116784,8,0.07445944976454186,0.33465197047834405,15,0.06069470773428422,0.1485342295810153,30,0.053024443711792574,0.08424767016485786
159,8-15-30,3,0.15769477036692214,30x212,0.041431100020417944,8,0.07010797360163958,0.3341497247454174,15,0.078018552815397,0.21466193374783543,30,0.06313467755485305,0.13603162115510914
160,8-15-30,3,0.15388428298642096,30x212,0.041947899997467175,8,0.07527527184117902,0.28179298093155364,15,0.05031591745196432,0.15265683796130627,30,0.05226446724063493,0.11068292412629498
161,8-15-30,3,0.15480244563396678,30x212,0.04139639998902567,8,0.07019513403146313,0.33787406468380665,15,0.06091164147653614,0.18905428993717563,30,0.050555951486357546,0.11503253379704806
162,8-15-30,3,0.1540323598818911,30x212,0.04668979998677969,8,0.07343708231944646,0.3677781107354536,15,0.0549337460317842,0.19469541090822837,30,0.055334348848711905,0.14549271000509678
163,8-15-30,3,0.15665480994209427,30x212,0.04112519999034703,8,0.07455956992505103,0.32333879074174116,15,0.06035896876485116,0.1287957132659726,30,0.057127732031406704,0.10293584104886658
164,8-15-30,3,0.14746192212789286,30x212,0.04053570001269691,8,0.06936601045405356,0.33439721321510635,15,0.10524355159932755,0.17174676850947748,30,0.05295558610171352,0.11575334976381248
165,8-15-30,3,0.16866867426209908,30x212,0.03729940002085641,8,0.08253724179931976,0.3524021672735755,15,0.08990879998872836,0.1533673202807099,30,0.056154854719741965,0.09047340581516602
166,8-15-30,3,0.15404302562818534,30x212,0.044328799995128065,8,0.07692033265345899,0.32693944368236766,15,0.05294556155703523,0.17745219899771442,30,0.05617014112372245,0.10548486974251838
167,8-15-30,3,0.1576872511317627,30x212,0.03590789998997934,8,0.07756827242204456,0.32438388255457934,15,0.056086544407099474,0.18118093982939212,30,0.05948587290580778,0.09546442460048286
168,8-15-30,3,0.17165973758974598,30x212,0.04181719999178313,8,0.08042718005130295,0.3602956958287387,15,0.11209765043223355,0.14576595199614545,30,0.06914975311484252,0.0826817148170431
169,8-15-30,3,0.15910217459762918,30x212,0.0347862999769859,8,0.0690836045926694,0.3599816001647222,15,0.05019735220402265,0.16856564211665095,30,0.06355909740381123,0.12646418748940613
170,8-15-30,3,0.1615300081002544,30x212,0.044497700000647455,8,0.08362788863470345,0.3318474647762627,15,0.06686943322933722,0.14899973567186703,30,0.05957768958771804,0.1015188579722031
171,8-15-30,3,0.146649249159001,30x212,0.039084100018953905,8,0.07055849931789332,0.32994106287864294,15,0.04743806705559071,0.16758880387585387,30,0.052624790064815456,0.07873962014273214
172,8-15-30,3,0.15816753382799278,30x212,0.03661189999547787,8,0.07977151887669487,0.3665446570575866,15,0.057632790456165914,0.18039927842089426,30,0.05405017372666837,0.10696836404109776
173,8-15-30,3,0.14359563702321737,30x212,0.03854400001000613,8,0.06889123519770166,0.31027862787958327,15,0.04892062284493991,0.16782291342915956,30,0.05126020913842893,0.11221749086618582
174,8-15-30,3,0.1632479751889659,30x212,0.04491669998969883,8,0.07438890234416826,0.3454253414525986,15,0.06262078378495184,0.13472907867939807,30,0.052853313764618,0.08346158229212437
175,8-15-30,3,0.15302145687387944,30x212,0.043506800022441894,8,0.07079543957703616,0.35085476247520003,15,0.061287665704887945,0.14213747433976198,30,0.04806035087424045,0.10277764587295282
176,8-15-30,3,0.15815498405305753,30x212,0.04486850000103004,8,0.07958649215948992,0.2970141200766472,15,0.05466330124454807,0.18668996146250097,30,0.05319692742605728,0.09573258776055686
177,8-15-30,3,0.15373503353827037,30x212,0.040943500003777444,8,0.0660665156999764,0.3258828324305035,15,0.061473387699183826,0.17804951742233302,30,0.05558426223471225,0.1678016186931845
178,8-15-30,3,0.1588877751104499,30x212,0.043170299992198125,8,0.08110251058610268,0.3236146853381801,15,0.05876427184677386,0.1478392116461737,30,0.05212738266178433,0.1015618744536856
179,8-15-30,3,0.15877488995202993,30x212,0.04556389999925159,8,0.06860780191774275,0.378467632462276,15,0.08014194359881417,0.21110003750115697,30,0.06058446920009719,0.1341075016121372
180,8-15-30,3,0.15252180059461207,30x212,0.05091380001977086,8,0.07954405491801883,0.3051490742808797,15,0.0836841239052472,0.13669603452482398,30,0.051537014549506294,0.10136784616801808
181,8-15-30,3,0.1585913057149352,30x212,0.04629820000263862,8,0.06941249529608874,0.3441164308721012,15,0.055880077940480756,0.20024739637973074,30,0.08081708066619604,0.10918937364052556
182,8-15-30,3,0.1583867137442045,30x212,0.03912899998249486,8,0.09222946014508103,0.279472048889184,15,0.059002810544231045,0.14135593649214165,30,0.04751310481671583,0.09515943318024266
183,8-15-30,3,0.14111915165453823,30x212,0.03638989999308251,8,0.06694328145867141,0.32085747947228294,15,0.05172445845175036,0.17975012806491544,30,0.05060605728423679,0.09910622649955851
184,8-15-30,3,0.15789447983660487,30x212,0.032292499992763624,8,0.07737188180641719,0.3142183028804327,15,0.06662943172683428,0.1561260426139799,30,0.05041908205438482,0.08410244898753327
185,8-15-30,3,0.15746171386899765,30x212,0.0516621999850031,8,0.07623809105375096,0.31453339179491063,15,0.06497539809774881,0.1182350070217842,30,0.05401337445711003,0.08163729401151874
186,8-15-30,3,0.14978153265782576,30x212,0.03864579999935813,8,0.0765278863057319,0.3597414800564472,15,0.06826487812068921,0.15523599476535385,30,0.052034064074697614,0.088313399637287
187,8-15-30,3,0.16493864281024542,30x212,0.04371430000173859,8,0.08028461915182146,0.3245845140650612,15,0.07277269305139196,0.16539515125793217,30,0.052035418014814636,0.09823786087452611
188,8-15-30,3,0.16329527820575712,30x212,0.051209400000516325,8,0.08752083178621585,0.3286971336381179,15,0.05447138834559181,0.15775471022846776,30,0.056276534185650116,0.10780428264982994
189,8-15-30,3,0.1605379152982421,30x212,0.03634190000593662,8,0.07165037590464911,0.2992444244242603,15,0.06920250403320725,0.15074862088199031,30,0.049883365659148825,0.10670731966350669
190,8-15-30,3,0.16757992590257587,30x212,0.0402872999839019,8,0.10062156902323535,0.3568117728435051,15,0.04906796778204527,0.18356401412766288,30,0.05670045298089558,0.09468740109295178
191,8-15-30,3,0.1685276779405215,30x212,0.04355000000214204,8,0.07083656551482034,0.3663501756173873,15,0.10911878891044158,0.19533144830139326,30,0.06724560638014918,0.11132229724786505
192,8-15-30,3,0.15584431247729252,30x212,0.04543379999813624,8,0.08035920134176727,0.3335841119165536,15,0.049764286428097576,0.1878266365346612,30,0.06149988526986729,0.10140597355643184
193,8-15-30,3,0.16006817924112327,30x212,0.04306700002052821,8,0.08088429722976143,0.20649743941915708,15,0.051675613309395456,0.12399654590200153,30,0.052474753394411704,0.0825423868667813
194,8-15-30,3,0.15685080710418273,30x212,0.040740399999776855,8,0.06954239253300289,0.25259764264990003,15,0.052614635155971215,0.14243773866356937,30,0.05394712275694216,0.11916776708512569
195,8-15-30,3,0.15736961251293857,30x212,0.039529799978481606,8,0.07848751877755811,0.3018616392884708,15,0.05296660451507633,0.13118109698455666,30,0.049156477512187456,0.08773703097811905
196,8-15-30,3,0.1579401169125604,30x212,0.042119899997487664,8,0.08189688153842602,0.3135426296428154,15,0.05055480873110558,0.14049375803392167,30,0.053239439413854256,0.1442417443478769
197,8-15-30,3,0.16382730514759192,30x212,0.047954399982700124,8,0.09227259741073571,0.2786851503355847,15,0.05018010037062716,0.16743092868729312,30,0.05211205160490966,0.10816900411360057
198,8-15-30,3,0.1712522934093404,30x212,0.061040000000502914,8,0.09972665651835735,0.1928136719481082,15,0.047297824540740566,0.14474841006968936,30,0.05801154646662748,0.10453553522811693
199,8-15-30,3,0.15161737166307146,30x212,0.05819760001031682,8,0.08066892352273401,0.2864499412142535,15,0.0540574282306349,0.14502301468410267,30,0.05834427675878794,0.09884916771031232
200,8-15-30,3,0.1802063073225478,30x212,0.059411800000816584,8,0.11752462364493396,0.28359969781369937,15,0.05285954441718803,0.14438818441484283,30,0.05082673784074042,0.09398880193410322
201,8-15-30,3,0.18494640743873905,30x212,0.038969800021732226,8,0.12503579835050166,0.2871539540414768,15,0.054206851929763336,0.16734258738525495,30,0.04971395425063042,0.08914603493386808
202,8-15-30,3,0.18733390216700688,30x212,0.03752650000387803,8,0.1178541966688738,0.2755892406603918,15,0.056637642119340546,0.13969050926889942,30,0.05197443051580037,0.0791981939966148
203,8-15-30,3,0.178274643116039,30x212,0.03837240001303144,8,0.11280098444394056,0.2603502387165649,15,0.04975872100541884,0.14889393590812994,30,0.04837975314228056,0.09100289038199329
204,8-15-30,3,0.1836014181351415,30x212,0.03962820000015199,8,0.1172909980392037,0.2851338236696263,15,0.05404075287225771,0.14773437499720088,30,0.05084118624484552,0.09116017976049592
205,8-15-30,3,0.18160444621464922,30x212,0.03597520000766963,8,0.11700145167447304,0.2830395626439689,15,0.051772340438590296,0.1391096229560559,30,0.05236911477959055,0.09454816126277536
206,8-15-30,3,0.17260148538931427,30x212,0.03849070001160726,8,0.10610440754150155,0.2588807070108276,15,0.05202422129048686,0.1351663531252022,30,0.05133528836105335,0.0863087732417988
207,8-15-30,3,0.1770382688143104,30x212,0.04352529998868704,8,0.11347298394893182,0.3032428025143304,15,0.051838938553301885,0.17371973732685114,30,0.050160648122308214,0.10674653241656387
208,8-15-30,3,0.1849584218006504,30x212,0.035845300008077174,8,0.12218459198073378,0.2710166667333017,15,0.049989846383747455,0.14946427406223847,30,0.047947474547261865,0.10947151586517907
209,8-15-30,3,0.171763095887145,30x212,0.061256099987076595,8,0.10198090576534748,0.2991485026778865,15,0.05089846567935981,0.16731548893269008,30,0.054004558007806125,0.09560630476148414
