indice_interno,base,clase,archivo,distribucion,representacion,numero_capas,inicializacion_onmf,error_final,forma_h_final,segundos_extraccion_deep,capa_1_rango,capa_1_error,capa_1_ortogonalidad_h,capa_1_segundos,capa_2_rango,capa_2_error,capa_2_ortogonalidad_h,capa_2_segundos,capa_3_rango,capa_3_error,capa_3_ortogonalidad_h,capa_3_segundos,capa_4_rango,capa_4_error,capa_4_ortogonalidad_h,capa_4_segundos
0,SNR_0db,N,New_N_001.wav,22-16-11-8,DeepONMF_H4,4,nndsvd,0.3901758780485483,8x212,0.035901700030080974,22,0.25263824233077364,0.2922666493049764,0.02294379996601492,16,0.15547796451231527,0.2832347148045884,0.005001000012271106,11,0.15452300850119843,0.28562439757851193,0.003820299985818565,8,0.13306643434834164,0.2899687174577849,0.0031992000294849277
1,SNR_0db,N,New_N_002.wav,22-16-11-8,DeepONMF_H4,4,nndsvd,0.3828177520594468,8x212,0.03617589990608394,22,0.2507617647701938,0.30968647029596197,0.022562999976798892,16,0.14598907102643405,0.3125860135767781,0.004965899977833033,11,0.14083806037932484,0.31777919771498575,0.004694200004450977,8,0.12838874071257686,0.3129724363417311,0.0030870999908074737
2,SNR_0db,N,New_N_003.wav,22-16-11-8,DeepONMF_H4,4,nndsvd,0.3886912054109843,8x212,0.03560899989679456,22,0.25549438456217055,0.3014726100463527,0.022790399962104857,16,0.14542065947173827,0.31092236815088686,0.005059899995103478,11,0.14468102567438546,0.31149790142328637,0.00395579996984452,8,0.12928694640896485,0.3099125854898751,0.0028718000976368785
3,SNR_0db,N,New_N_004.wav,22-16-11-8,DeepONMF_H4,4,nndsvd,0.3878809511207713,8x212,0.03552929998841137,22,0.2556462602945261,0.30718806718634867,0.021783700096420944,16,0.1493547299783537,0.31346491378055014,0.005255299969576299,11,0.15112983438131275,0.31515072957557544,0.003948300029151142,8,0.13205578743273158,0.32174824791904794,0.002867399947717786
4,SNR_0db,N,New_N_005.wav,22-16-11-8,DeepONMF_H4,4,nndsvd,0.3846034597446851,8x212,0.03394260001368821,22,0.25258744654451476,0.3016424225784472,0.020732900011353195,16,0.15161190974544866,0.2994535410470908,0.005155500024557114,11,0.14152114351365944,0.30053101101601876,0.003919699927791953,8,0.13057702974507476,0.3061643589380006,0.0029293999541550875
5,SNR_0db,N,New_N_006.wav,22-16-11-8,DeepONMF_H4,4,nndsvd,0.3901401118270846,8x212,0.034726499929092824,22,0.2536618113457055,0.3036357725168397,0.021761200041510165,16,0.1517321504021485,0.30283440037895,0.004943299922160804,11,0.1525118127962908,0.3134251562449969,0.003926399978809059,8,0.13401698622376504,0.3150079916070814,0.002813300001434982
6,SNR_0db,N,New_N_007.wav,22-16-11-8,DeepONMF_H4,4,nndsvd,0.3906149716357599,8x212,0.03841619996819645,22,0.25394794491234124,0.30599522555379605,0.025848399964161217,16,0.1506919775311157,0.3070611920085824,0.004699000041000545,11,0.14481699446695603,0.3053997631433773,0.003773899981752038,8,0.13377560547848044,0.30142282517097524,0.003015300026163459
7,SNR_0db,N,New_N_008.wav,22-16-11-8,DeepONMF_H4,4,nndsvd,0.3870495835298616,8x212,0.034162200056016445,22,0.24939915149968328,0.30084587969038706,0.02138270006980747,16,0.155937321658836,0.30041988470577935,0.004723899997770786,11,0.1473128536082761,0.30129624791163745,0.003767699934542179,8,0.13153760319699476,0.29338339550314957,0.0032497000647708774
8,SNR_0db,N,New_N_009.wav,22-16-11-8,DeepONMF_H4,4,nndsvd,0.3857725738918979,8x212,0.03609439998399466,22,0.25192257488126985,0.30020475153934134,0.02317800000309944,16,0.14423718743519584,0.3084865818082785,0.004739500000141561,11,0.15063439536638024,0.315336519272057,0.00409970001783222,8,0.13276843029357674,0.3005598073169435,0.0030894000083208084
9,SNR_0db,N,New_N_010.wav,22-16-11-8,DeepONMF_H4,4,nndsvd,0.3884873148545242,8x212,0.03452440002001822,22,0.25315283678182643,0.3010048699811866,0.02127719996497035,16,0.14921764954481895,0.30170018217697897,0.004736999981105328,11,0.15164060917120312,0.31508795719310234,0.004702199948951602,8,0.13254994084587735,0.3222346004579785,0.002992599969729781
10,SNR_0db,N,New_N_011.wav,22-16-11-8,DeepONMF_H4,4,nndsvd,0.3907179930494691,8x212,0.03666940005496144,22,0.2528663580088993,0.30695929525524823,0.022230300004594028,16,0.15667159828510804,0.29877107406811365,0.006425200030207634,11,0.14503100102821742,0.3020603211212374,0.004076299956068397,8,0.13043064212941524,0.3019114529268637,0.0029477999778464437
11,SNR_0db,N,New_N_012.wav,22-16-11-8,DeepONMF_H4,4,nndsvd,0.38824116000231695,8x212,0.03503160004038364,22,0.25508544364546,0.29836378754673787,0.021641600062139332,16,0.14732657380892394,0.2938856227435631,0.005264700041152537,11,0.15232946948526482,0.2996347844595243,0.0038698000134900212,8,0.13218841702569656,0.3003638882379148,0.002860700013116002
12,SNR_0db,N,New_N_013.wav,22-16-11-8,DeepONMF_H4,4,nndsvd,0.3875223268287158,8x212,0.0346323000267148,22,0.2508400217658826,0.30965730497524013,0.02127259992994368,16,0.15160900807671254,0.3056065917936667,0.005536700016818941,11,0.14745710747648316,0.3205186776672871,0.003903100034222007,8,0.13003903025527241,0.3240390627131662,0.0028147000120952725
13,SNR_0db,N,New_N_014.wav,22-16-11-8,DeepONMF_H4,4,nndsvd,0.3840801577438782,8x212,0.03702499996870756,22,0.24930752124380873,0.30310079426259573,0.02470109995920211,16,0.14934572534727625,0.3185130659507737,0.004681499907746911,11,0.1485062128053223,0.30440145811469593,0.0037357000401243567,8,0.13047345315110526,0.3103048460317773,0.0030389000894501805
14,SNR_0db,N,New_N_015.wav,22-16-11-8,DeepONMF_H4,4,nndsvd,0.39491502303108217,8x212,0.036329900030978024,22,0.2592768852152813,0.2991464440643978,0.02303879999089986,16,0.15561287691894923,0.29985301314124,0.004754599998705089,11,0.15052432704754867,0.3085571102650976,0.003771000076085329,8,0.13173726162870456,0.32064033486209526,0.0038092000177130103
15,SNR_0db,N,New_N_016.wav,22-16-11-8,DeepONMF_H4,4,nndsvd,0.39142740009103827,8x212,0.03589329996611923,22,0.2575627306698234,0.2969566237755425,0.022930099978111684,16,0.14807970739141477,0.3006596534558577,0.004894700017757714,11,0.15067458515723367,0.29601289392284547,0.004238200024701655,8,0.13206120090998535,0.2897089925219983,0.003007399966008961
16,SNR_0db,N,New_N_017.wav,22-16-11-8,DeepONMF_H4,4,nndsvd,0.39220498515317403,8x212,0.03611990006174892,22,0.25823245451634835,0.3045643096495685,0.022976999985985458,16,0.15501561929094126,0.3146708640345514,0.0048331000143662095,11,0.15389312854230286,0.3130945413154695,0.004469900042749941,8,0.13531032793371164,0.30209645954177233,0.002930199960246682
17,SNR_0db,N,New_N_018.wav,22-16-11-8,DeepONMF_H4,4,nndsvd,0.3895424552155106,8x212,0.03749969997443259,22,0.2558695881006244,0.3020305908115446,0.024340100004337728,16,0.14960271649391718,0.3013850773626474,0.005344500066712499,11,0.14848376606433739,0.2925302030980415,0.0039027000311762094,8,0.13022303499300067,0.2945495660902531,0.002821700065396726
18,SNR_0db,N,New_N_019.wav,22-16-11-8,DeepONMF_H4,4,nndsvd,0.3883793390542208,8x212,0.036573799909092486,22,0.254164475852854,0.3009408871989694,0.023392600007355213,16,0.14542889974764506,0.30336923436239316,0.004800099995918572,11,0.15395101559219315,0.31091654336650104,0.003809099900536239,8,0.1266303960087939,0.3111628654843068,0.00341070001013577
19,SNR_0db,N,New_N_020.wav,22-16-11-8,DeepONMF_H4,4,nndsvd,0.3874987378332263,8x212,0.04142849997151643,22,0.2556608940859069,0.30341205295322726,0.02731759997550398,16,0.1455196190450334,0.2991860158255959,0.005120100104250014,11,0.14757543220648747,0.3025449488212285,0.004940200014971197,8,0.1321619627673288,0.2959386757938655,0.0031985000241547823
20,SNR_0db,N,New_N_021.wav,22-16-11-8,DeepONMF_H4,4,nndsvd,0.3865708175712795,8x212,0.035024499986320734,22,0.25056060219238163,0.306365641895614,0.021672600065357983,16,0.14822858898304414,0.3069655451975715,0.0052195999305695295,11,0.1508311974721372,0.3041082221197857,0.004114100011065602,8,0.13201057011491615,0.3095915072571671,0.003064500051550567
21,SNR_0db,N,New_N_022.wav,22-16-11-8,DeepONMF_H4,4,nndsvd,0.3919537880615946,8x212,0.03958660003263503,22,0.2556707161504516,0.309280718017042,0.025181000004522502,16,0.14657248998157701,0.3114548507832768,0.005707700038328767,11,0.1519021229697333,0.30845149710050274,0.004464700003154576,8,0.13475347679239888,0.31913564795179017,0.0032267000060528517
22,SNR_0db,N,New_N_023.wav,22-16-11-8,DeepONMF_H4,4,nndsvd,0.38648072960037066,8x212,0.0387825999641791,22,0.24972745985888734,0.3054808051143043,0.023944900021888316,16,0.14173794742820245,0.30550925108877486,0.005173600045964122,11,0.15034439352167595,0.3117717659315147,0.0041955000488087535,8,0.1297354943934056,0.30747519658700134,0.004087400040589273
23,SNR_0db,N,New_N_024.wav,22-16-11-8,DeepONMF_H4,4,nndsvd,0.3900517064355275,8x212,0.07649740006309003,22,0.2562963482452494,0.3043606895915605,0.051378300064243376,16,0.14980835461418576,0.3084826303224002,0.010422299965284765,11,0.1467717786333267,0.3031469701191338,0.00829999998677522,8,0.1304094246910138,0.30056575769103444,0.005157700041308999
24,SNR_0db,N,New_N_025.wav,22-16-11-8,DeepONMF_H4,4,nndsvd,0.3884161714693019,8x212,0.055937199969775975,22,0.2549089870547942,0.3058274112463329,0.03989050001837313,16,0.15330222960106826,0.30308219705630474,0.006090899929404259,11,0.15355911989819707,0.3026224966287637,0.004739800002425909,8,0.1330928683068552,0.308985787825311,0.004200399969704449
25,SNR_0db,N,New_N_026.wav,22-16-11-8,DeepONMF_H4,4,nndsvd,0.3881622188267835,8x212,0.04094550001900643,22,0.25321718549127215,0.31881027939890333,0.026587700005620718,16,0.15505890978314552,0.3174521202184579,0.0056717999977990985,11,0.14837087599522852,0.3191122174376531,0.004419499891810119,8,0.13288160644942348,0.31872633963761554,0.003232399933040142
26,SNR_0db,N,New_N_027.wav,22-16-11-8,DeepONMF_H4,4,nndsvd,0.38381194474759556,8x212,0.03911389992572367,22,0.25271004607876785,0.2999068182422972,0.025633899960666895,16,0.1497238312765856,0.30530355170800827,0.0051559999119490385,11,0.1415833840750709,0.2949351581744702,0.004087400040589273,8,0.13111996229996858,0.30384250514331324,0.0030866999877616763
27,SNR_0db,N,New_N_028.wav,22-16-11-8,DeepONMF_H4,4,nndsvd,0.38812229808442444,8x212,0.04200529993977398,22,0.2541355997580539,0.3065602462143814,0.026883099926635623,16,0.14986995486616986,0.30762463785446503,0.00571030005812645,11,0.1522592670219853,0.32078043650525573,0.005087499972432852,8,0.1262514515065907,0.3153544161903306,0.0031660000095143914
28,SNR_0db,N,New_N_029.wav,22-16-11-8,DeepONMF_H4,4,nndsvd,0.39283077132252686,8x212,0.03661210008431226,22,0.25911472805389035,0.29143403431670845,0.023150999913923442,16,0.15692883468193466,0.3007136529283748,0.005519699887372553,11,0.1561469218413209,0.3128354298001341,0.004118899931199849,8,0.13037241252000956,0.31827874160365793,0.0029503999976441264
29,SNR_0db,N,New_N_030.wav,22-16-11-8,DeepONMF_H4,4,nndsvd,0.3834152900801618,8x212,0.03653929999563843,22,0.251789042513723,0.3032372726029133,0.02241229999344796,16,0.1463179654093793,0.30828209445589216,0.005820499965921044,11,0.15018042960187072,0.3111706487380176,0.004091499955393374,8,0.13414581474181556,0.31663037856674375,0.0030704999808222055
30,SNR_0db,N,New_N_031.wav,22-16-11-8,DeepONMF_H4,4,nndsvd,0.39270125085288754,8x212,0.0386457999702543,22,0.2547849318565051,0.3019088239293652,0.025118399993516505,16,0.15371924727453257,0.30243507483289644,0.004711999907158315,11,0.14616487214427376,0.2985185567437276,0.003978400025516748,8,0.13145110344437375,0.28330330269557996,0.003810899914242327
31,SNR_0db,N,New_N_032.wav,22-16-11-8,DeepONMF_H4,4,nndsvd,0.38526519999593556,8x212,0.04538709996268153,22,0.25287485451923986,0.3093855984829538,0.029124199994839728,16,0.15148325197990772,0.31179224210508344,0.006795199937187135,11,0.1475437478681658,0.31082692525478384,0.004835200030356646,8,0.1326198544536277,0.3158980030071034,0.003567699925042689
32,SNR_0db,N,New_N_033.wav,22-16-11-8,DeepONMF_H4,4,nndsvd,0.3888916069147776,8x212,0.04703899996820837,22,0.2530908317945261,0.3068731514222734,0.029398799990303814,16,0.1518760506588785,0.3005247473512577,0.007331799948588014,11,0.1531036755399203,0.2950902462381222,0.005411699996329844,8,0.13192609472646527,0.301635098748848,0.003885099897161126
33,SNR_0db,N,New_N_034.wav,22-16-11-8,DeepONMF_H4,4,nndsvd,0.3866017365180523,8x212,0.04757450008764863,22,0.25256469467894116,0.3070508771350657,0.03268390009179711,16,0.1512218654100763,0.3087443521887663,0.006024000002071261,11,0.14838433650593574,0.314811657826266,0.004592499928548932,8,0.13126394960772714,0.3116086778555661,0.0033363999100401998
34,SNR_0db,N,New_N_035.wav,22-16-11-8,DeepONMF_H4,4,nndsvd,0.3862560601068157,8x212,0.042568599921651185,22,0.2536752756862952,0.30066233845965357,0.027159000048413873,16,0.14682268911753107,0.2996353105918767,0.005716099985875189,11,0.15017575207271616,0.3021459464899322,0.004495100001804531,8,0.1308008318022385,0.3028915682542387,0.004237600020132959
35,SNR_0db,N,New_N_036.wav,22-16-11-8,DeepONMF_H4,4,nndsvd,0.38625323138716455,8x212,0.04198649991303682,22,0.25243584970892136,0.30533098882882154,0.02700360002927482,16,0.14938676088964628,0.3127936554581215,0.0064131999388337135,11,0.15321997604915807,0.3160365561307819,0.004374499898403883,8,0.1284131261229156,0.3248704010531533,0.0032470000442117453
36,SNR_0db,N,New_N_037.wav,22-16-11-8,DeepONMF_H4,4,nndsvd,0.3279682192918373,8x212,0.04130689997691661,22,0.18749668249798038,0.2985157986386294,0.026342600001953542,16,0.1063936888345987,0.302130474126722,0.005896899965591729,11,0.10706235571015202,0.29686126972883653,0.0042972000082954764,8,0.0961340625107163,0.28764368711503707,0.0037800000282004476
37,SNR_0db,N,New_N_038.wav,22-16-11-8,DeepONMF_H4,4,nndsvd,0.3876810179978378,8x212,0.04168080003000796,22,0.25112126619543135,0.30212214590750136,0.026731799938715994,16,0.14856546463910733,0.30714707867898494,0.0062411000253632665,11,0.15145447318646668,0.30047777670467074,0.0044636999955400825,8,0.1280113247794126,0.286027549820421,0.0032328000525012612
38,SNR_0db,N,New_N_039.wav,22-16-11-8,DeepONMF_H4,4,nndsvd,0.3909720680622209,8x212,0.040315199992619455,22,0.25594134472044033,0.29717044615976007,0.025870600016787648,16,0.15364367192560455,0.3031043161843785,0.00537819997407496,11,0.15380812757569828,0.313698510382447,0.00433499994687736,8,0.13793609029739348,0.2955976884739325,0.0037411999655887485
39,SNR_0db,N,New_N_040.wav,22-16-11-8,DeepONMF_H4,4,nndsvd,0.38657601230616767,8x212,0.04029839998111129,22,0.2544030538933587,0.2986731928775532,0.025548300007358193,16,0.14744609475920759,0.3068776315179903,0.0053527000127360225,11,0.15035949317511627,0.3051763718811308,0.005157700041308999,8,0.1318452493824427,0.2924546835971098,0.003249499946832657
40,SNR_0db,N,New_N_041.wav,22-16-11-8,DeepONMF_H4,4,nndsvd,0.38404651136062773,8x212,0.039574400056153536,22,0.2514208527241462,0.3102232434546066,0.02510289999190718,16,0.14851479481463514,0.3129892670341625,0.005834299954585731,11,0.14537189370904338,0.3299288057825234,0.004367000074125826,8,0.12201191766724256,0.33439537097069394,0.0033156999852508307
41,SNR_0db,N,New_N_042.wav,22-16-11-8,DeepONMF_H4,4,nndsvd,0.396896958517198,8x212,0.04069329996127635,22,0.2553342744608782,0.30274258194943976,0.02562580001540482,16,0.14960579905211918,0.3080069919676261,0.005707599921151996,11,0.14838128911684842,0.30843711635865,0.004752499982714653,8,0.12817688858710227,0.2993159662210356,0.0035749999806284904
42,SNR_0db,N,New_N_043.wav,22-16-11-8,DeepONMF_H4,4,nndsvd,0.3836945058745067,8x212,0.04323319997638464,22,0.2471104706896669,0.30720743299716835,0.028302500024437904,16,0.14245085929295606,0.312943190572819,0.006006499985232949,11,0.14876688623861906,0.3196613788591473,0.004567999974824488,8,0.12387153277085446,0.3193091964922243,0.0033570999512448907
43,SNR_0db,N,New_N_044.wav,22-16-11-8,DeepONMF_H4,4,nndsvd,0.3876681163658379,8x212,0.041665200027637184,22,0.2516228291281535,0.3174785084552827,0.026940799900330603,16,0.14557479719031813,0.322793743737133,0.0054675000719726086,11,0.14056350782415983,0.3262397766754716,0.005084700067527592,8,0.12247757557957853,0.32378058128519605,0.003271800000220537
44,SNR_0db,N,New_N_045.wav,22-16-11-8,DeepONMF_H4,4,nndsvd,0.3833511531398929,8x212,0.04202900000382215,22,0.24940823874137724,0.31360269819565345,0.02701279998291284,16,0.14280991642257138,0.3158659275126497,0.0064400999108329415,11,0.14620101482571798,0.3234314470538184,0.004384599975310266,8,0.128097497603216,0.33015370136406486,0.0031693000346422195
45,SNR_0db,N,New_N_046.wav,22-16-11-8,DeepONMF_H4,4,nndsvd,0.38470009291346347,8x212,0.037053999956697226,22,0.2455023401922343,0.30446277085885165,0.022575399954803288,16,0.14245051307028062,0.30038672097500385,0.005124600022099912,11,0.1439467086875306,0.30619045610851914,0.004100600024685264,8,0.12610750690962988,0.3222741612700214,0.00415429996792227
46,SNR_0db,N,New_N_047.wav,22-16-11-8,DeepONMF_H4,4,nndsvd,0.3812898156547124,8x212,0.041103700059466064,22,0.2477207163717519,0.3099005934056175,0.025740799959748983,16,0.14658121053941303,0.30902626748082074,0.006290900055319071,11,0.14556636126962302,0.31087724208065437,0.004696900025010109,8,0.12130270171721949,0.32542077228797883,0.0034479000605642796
47,SNR_0db,N,New_N_048.wav,22-16-11-8,DeepONMF_H4,4,nndsvd,0.3825168440102802,8x212,0.042066500056535006,22,0.24765374188223818,0.30642786157450663,0.027231100015342236,16,0.1424562629552653,0.3162870358901972,0.005522600025869906,11,0.14421638327552783,0.32295616161311475,0.004435000009834766,8,0.11944443930936077,0.3250843024375545,0.003876499948091805
48,SNR_0db,N,New_N_049.wav,22-16-11-8,DeepONMF_H4,4,nndsvd,0.38668196409419453,8x212,0.04134240001440048,22,0.25074058025343804,0.3039616486376746,0.026261799968779087,16,0.14555770481434374,0.30836137036429145,0.00625229999423027,11,0.14873409170080157,0.33489354052688386,0.0045961999567225575,8,0.12594311613719272,0.32868699038826643,0.0033019999973475933
49,SNR_0db,N,New_N_050.wav,22-16-11-8,DeepONMF_H4,4,nndsvd,0.3874355882314853,8x212,0.044370300020091236,22,0.2504405306148553,0.2993426776096858,0.028084399993531406,16,0.1438916968171019,0.29935254753960433,0.005885599995963275,11,0.14726539584956308,0.31007949830735515,0.005196700105443597,8,0.13050038310204953,0.3178922141114399,0.004300700034946203
50,SNR_0db,N,New_N_051.wav,22-16-11-8,DeepONMF_H4,4,nndsvd,0.38002825372267274,8x212,0.04843069997150451,22,0.24727281878302615,0.29668021554185675,0.028719100053422153,16,0.14234870255923854,0.3085900551288206,0.006899999920278788,11,0.13998794570147996,0.3101560997578678,0.005645499913953245,8,0.1257122267661303,0.3151589869281518,0.006097500096075237
51,SNR_0db,N,New_N_052.wav,22-16-11-8,DeepONMF_H4,4,nndsvd,0.3842440531218367,8x212,0.04649440001230687,22,0.25089800422313424,0.3091291990442583,0.030532000004313886,16,0.14819351215002471,0.3128824756169514,0.006328499992378056,11,0.1433171193699185,0.3268386116179407,0.004934599972330034,8,0.12500935691596365,0.3204759772256809,0.003576099989004433
52,SNR_0db,N,New_N_053.wav,22-16-11-8,DeepONMF_H4,4,nndsvd,0.39003673648018533,8x212,0.048640400054864585,22,0.25347563256553063,0.2928237603605248,0.03075080004055053,16,0.14695143716551895,0.30605018358266617,0.007650099927559495,11,0.14586126333749366,0.3178735956525508,0.005299300071783364,8,0.12425500725323756,0.32367093531097996,0.003756199963390827
53,SNR_0db,N,New_N_054.wav,22-16-11-8,DeepONMF_H4,4,nndsvd,0.39157469502238995,8x212,0.04245499998796731,22,0.2511395270728197,0.29837779474585485,0.026805399917066097,16,0.1429397698375069,0.3122163301690713,0.0054281000047922134,11,0.14698318915415923,0.31430879880931456,0.0051663999911397696,8,0.12818310860375143,0.32103943749742514,0.004044500063173473
54,SNR_0db,N,New_N_055.wav,22-16-11-8,DeepONMF_H4,4,nndsvd,0.39256802379277483,8x212,0.04601000004913658,22,0.25258220774267937,0.29834920449720315,0.029229899984784424,16,0.14945773228160142,0.3020254342904225,0.005721400026232004,11,0.14256187461854297,0.31173852479120856,0.0045143000315874815,8,0.12333074009677505,0.3127162300850862,0.005370300030335784
55,SNR_0db,N,New_N_056.wav,22-16-11-8,DeepONMF_H4,4,nndsvd,0.3840568487151758,8x212,0.04014970001298934,22,0.24863217905431342,0.304659429136562,0.02560209995135665,16,0.1405124369477586,0.3037847541853399,0.005850000074133277,11,0.14223573408328313,0.3063860560692337,0.004466500016860664,8,0.13408011113081372,0.3111753918824289,0.0033097000559791923
56,SNR_0db,N,New_N_057.wav,22-16-11-8,DeepONMF_H4,4,nndsvd,0.38203160316757556,8x212,0.04028779990039766,22,0.24730435303921006,0.3044010527469869,0.025058800005353987,16,0.14014642527760568,0.3073246652309734,0.006228899932466447,11,0.14487959215880797,0.31734971311548876,0.004463199991732836,8,0.12163577669119532,0.3213084521806658,0.003336500027216971
57,SNR_0db,N,New_N_058.wav,22-16-11-8,DeepONMF_H4,4,nndsvd,0.3885560823552417,8x212,0.0417561000213027,22,0.25144763254081054,0.3014315355597323,0.02627459994982928,16,0.13992322204248442,0.3001049503157719,0.006519600050523877,11,0.14207799846274785,0.315507567694266,0.004823399940505624,8,0.12323533702299258,0.3108552365235129,0.0032418000046163797
58,SNR_0db,N,New_N_059.wav,22-16-11-8,DeepONMF_H4,4,nndsvd,0.3845360318264147,8x212,0.04074020008556545,22,0.24838001319128256,0.3004454163182302,0.026524199987761676,16,0.14661704099137646,0.30707253149565117,0.005553599912673235,11,0.14580540156877342,0.3148110045599607,0.004249699995853007,8,0.13274123884813935,0.3253692999588531,0.0031318000983446836
59,SNR_0db,N,New_N_060.wav,22-16-11-8,DeepONMF_H4,4,nndsvd,0.3824903126666164,8x212,0.04109389998484403,22,0.24926674304822416,0.2993149692363353,0.02659939997829497,16,0.14817822035963804,0.29741501661064085,0.005270999972708523,11,0.14323945942308605,0.3060993879567045,0.004988799919374287,8,0.1233105559932199,0.31162714766988137,0.003276399918831885
60,SNR_0db,N,New_N_061.wav,22-16-11-8,DeepONMF_H4,4,nndsvd,0.3867597406172073,8x212,0.03952059999573976,22,0.24920582563656532,0.29999974153377473,0.024736499995924532,16,0.14676196119565882,0.3049301216112083,0.005765100009739399,11,0.1434205882323315,0.29359288918040116,0.004342500003986061,8,0.13021807425969514,0.31088140231864536,0.003133399994112551
61,SNR_0db,N,New_N_062.wav,22-16-11-8,DeepONMF_H4,4,nndsvd,0.38452517146879744,8x212,0.04250250000040978,22,0.24970219862571305,0.30253287097928705,0.027605800074525177,16,0.14350294538959968,0.3098712218151697,0.005512699950486422,11,0.14644522264402848,0.3135988789456505,0.00507719989400357,8,0.12942266276236042,0.3241431960874691,0.003402999951504171
62,SNR_0db,N,New_N_063.wav,22-16-11-8,DeepONMF_H4,4,nndsvd,0.38285476609165586,8x212,0.04275060002692044,22,0.2483575273669612,0.30450567642540655,0.028065199963748455,16,0.14567099570845765,0.30431700768503317,0.0057255999417975545,11,0.14161994610278414,0.3067315019313698,0.004420200013555586,8,0.12265583580752008,0.3030838748406356,0.003537100041285157
63,SNR_0db,N,New_N_064.wav,22-16-11-8,DeepONMF_H4,4,nndsvd,0.38791230349962275,8x212,0.039841099991463125,22,0.24717569103324716,0.3039498461483877,0.025887400028295815,16,0.14153635918398821,0.30162110581683865,0.005250300047919154,11,0.14683704866135025,0.3074277464204501,0.004532700055278838,8,0.12710457730901453,0.3087670595894941,0.0031633999897167087
64,SNR_0db,N,New_N_065.wav,22-16-11-8,DeepONMF_H4,4,nndsvd,0.38712979651785767,8x212,0.03892900003120303,22,0.24586515876190454,0.30635542883054767,0.02471459994558245,16,0.1403610135579746,0.30650920136804305,0.005764000001363456,11,0.14331886708747466,0.3138964028168409,0.004205500008538365,8,0.12205131287136094,0.3235496421145978,0.003295699949376285
65,SNR_0db,N,New_N_066.wav,22-16-11-8,DeepONMF_H4,4,nndsvd,0.38637855670857424,8x212,0.04198159999214113,22,0.24699177528103675,0.31143735785317467,0.026594000053592026,16,0.14676358871250483,0.3103672549672941,0.005494300043210387,11,0.14412209422555838,0.31528596693033845,0.005058399983681738,8,0.12397439754071876,0.3029691427522088,0.00391740002669394
66,SNR_0db,N,New_N_067.wav,22-16-11-8,DeepONMF_H4,4,nndsvd,0.38359203607559894,8x212,0.042875500046648085,22,0.24862055913085732,0.3061237360365278,0.027566100005060434,16,0.14468377813992275,0.30240547980601296,0.006449499982409179,11,0.14091125961320256,0.3170313950662054,0.004469400038942695,8,0.12568600085661055,0.3115994733049682,0.003350999904796481
67,SNR_0db,N,New_N_068.wav,22-16-11-8,DeepONMF_H4,4,nndsvd,0.38894500998884957,8x212,0.04311450000386685,22,0.25300235579955815,0.3065350841991087,0.028322999947704375,16,0.1508720854553033,0.3141722581094786,0.00547309999819845,11,0.14961547262753383,0.33385302511039194,0.004878000007010996,8,0.1252812705373011,0.3475200872166305,0.0035309999948367476
68,SNR_0db,N,New_N_069.wav,22-16-11-8,DeepONMF_H4,4,nndsvd,0.38411022086877267,8x212,0.042250200058333576,22,0.2520319609103462,0.30438473232003466,0.02797249995637685,16,0.1424954349446797,0.3084984758412434,0.005599900032393634,11,0.14426140391274056,0.3128153033114382,0.00441509997472167,8,0.12963632075166223,0.32087214392390606,0.003198100021108985
69,SNR_0db,N,New_N_070.wav,22-16-11-8,DeepONMF_H4,4,nndsvd,0.3869281711088351,8x212,0.04575180006213486,22,0.25081155006747485,0.31726709781226764,0.02970869990531355,16,0.15576595076209376,0.3079675570083063,0.0066720000468194485,11,0.1493985991622693,0.31495354058057845,0.004868100048042834,8,0.12644599393159,0.3311260217363299,0.003552700043655932
70,SNR_0db,N,New_N_071.wav,22-16-11-8,DeepONMF_H4,4,nndsvd,0.38828824195286576,8x212,0.04295449994970113,22,0.2503428462508993,0.3148304047436271,0.028172099962830544,16,0.14772777333490697,0.31840595005020567,0.005424699978902936,11,0.14205396597325246,0.3248984379359153,0.0043648999417200685,8,0.12623417155901182,0.3293592254060612,0.003799899946898222
71,SNR_0db,N,New_N_072.wav,22-16-11-8,DeepONMF_H4,4,nndsvd,0.38968653629023886,8x212,0.03971629997249693,22,0.25301291924542196,0.30198006736901845,0.02504649991169572,16,0.1459973835364415,0.30775474825666005,0.005886900005862117,11,0.15113413899530073,0.32502877991526974,0.004517099936492741,8,0.130640173476804,0.33632576718958557,0.00323150004260242
72,SNR_0db,N,New_N_073.wav,22-16-11-8,DeepONMF_H4,4,nndsvd,0.3888752890115952,8x212,0.04006069991737604,22,0.2513380863253843,0.30961517273048933,0.026327300001867115,16,0.15059203373706848,0.31952291407503,0.005232300027273595,11,0.14941184549065628,0.3188901391348188,0.004220800008624792,8,0.1313159617320498,0.326899028859306,0.0031133999582380056
73,SNR_0db,N,New_N_074.wav,22-16-11-8,DeepONMF_H4,4,nndsvd,0.38461910120214554,8x212,0.03795250004623085,22,0.25317431438642607,0.30599990414339256,0.023621600004844368,16,0.14882638196919978,0.3111522749786666,0.004978700075298548,11,0.1400422254577153,0.3171586632684348,0.004753999994136393,8,0.1254315108727214,0.3217127648040813,0.003716500010341406
74,SNR_0db,N,New_N_075.wav,22-16-11-8,DeepONMF_H4,4,nndsvd,0.386734344835424,8x212,0.039879800053313375,22,0.25054626067859187,0.3040184524874847,0.024642599979415536,16,0.1467954612771728,0.30744596417481407,0.006323100067675114,11,0.1489588676423836,0.31457702385112113,0.004507699981331825,8,0.1326994250465763,0.3104255251703769,0.0033499000128358603
75,SNR_0db,N,New_N_076.wav,22-16-11-8,DeepONMF_H4,4,nndsvd,0.38592094282900336,8x212,0.041925399913452566,22,0.25140384448482345,0.2980846792345124,0.02692380000371486,16,0.1457275231249262,0.3104804162750058,0.00549959996715188,11,0.14441474574522414,0.3121871255836251,0.004342200001701713,8,0.12782590172178998,0.31335360931666817,0.004251300008036196
76,SNR_0db,N,New_N_077.wav,22-16-11-8,DeepONMF_H4,4,nndsvd,0.38825448152589653,8x212,0.043491499964147806,22,0.25226500944673247,0.3105716637860822,0.027558700065128505,16,0.14531200817474663,0.3142773644316697,0.006756599992513657,11,0.15152952028679856,0.31750954035586826,0.004760900046676397,8,0.12629826246431092,0.32140666529404843,0.0035354000283405185
77,SNR_0db,N,New_N_078.wav,22-16-11-8,DeepONMF_H4,4,nndsvd,0.3893130188204373,8x212,0.03978610003832728,22,0.2552883292377169,0.3011122438776657,0.02505840000230819,16,0.1422336070103927,0.29891538560475595,0.005717799998819828,11,0.14501379789078542,0.31075684573639367,0.004219700000248849,8,0.12999836208943524,0.3021486231318203,0.003597100032493472
78,SNR_0db,N,New_N_079.wav,22-16-11-8,DeepONMF_H4,4,nndsvd,0.3893480193297407,8x212,0.040516800014302135,22,0.24835755845915916,0.30703219840094376,0.02431780006736517,16,0.14479688744688457,0.307825121356122,0.007198299979791045,11,0.14714089782781375,0.3070152277935155,0.004651200026273727,8,0.1318865496876151,0.32401082549026644,0.0033020999981090426
79,SNR_0db,N,New_N_080.wav,22-16-11-8,DeepONMF_H4,4,nndsvd,0.38842135479813344,8x212,0.04043940000701696,22,0.25304541233036365,0.2911034505880229,0.026408500038087368,16,0.15249378599930874,0.30455302052181493,0.005311400047503412,11,0.1461736246339234,0.3006458725766355,0.004245400079526007,8,0.12617547594166795,0.31233598581254507,0.003402800066396594
80,SNR_0db,N,New_N_081.wav,22-16-11-8,DeepONMF_H4,4,nndsvd,0.3860528099459915,8x212,0.03841350006405264,22,0.2509210297841602,0.3109877580480653,0.023940599989145994,16,0.15163910330478012,0.30704787555733987,0.005223799962550402,11,0.1438682793097192,0.314925470588901,0.00503150001168251,8,0.1287090000177021,0.3243090676592243,0.003293899935670197
81,SNR_0db,N,New_N_082.wav,22-16-11-8,DeepONMF_H4,4,nndsvd,0.38591134860367693,8x212,0.039937300025485456,22,0.24922297889481562,0.3125803968009232,0.024967300007119775,16,0.1449768124011222,0.3133830730077676,0.006436499999836087,11,0.14805907135178684,0.3247215595668017,0.004279599990695715,8,0.12607705523962323,0.32914777386463484,0.003096899949014187
82,SNR_0db,N,New_N_083.wav,22-16-11-8,DeepONMF_H4,4,nndsvd,0.38405690253699354,8x212,0.03814379998948425,22,0.2509203708612618,0.2997472327399651,0.024382199975661933,16,0.14637616025964395,0.3070591421776158,0.005170400021597743,11,0.1494375232580567,0.3076555030423862,0.004170299973338842,8,0.12816164349278647,0.30792186240149927,0.0032119000097736716
83,SNR_0db,N,New_N_084.wav,22-16-11-8,DeepONMF_H4,4,nndsvd,0.3883358686579072,8x212,0.03909479989670217,22,0.25354914010445156,0.30748671388113713,0.024843899998813868,16,0.1487420724804817,0.3102570325351834,0.005131399957463145,11,0.14659567180518382,0.3182117846191109,0.004633500007912517,8,0.12625543727087687,0.3144863052877314,0.0032384999794885516
84,SNR_0db,N,New_N_085.wav,22-16-11-8,DeepONMF_H4,4,nndsvd,0.3851069935051216,8x212,0.03821550006978214,22,0.24913069303959126,0.2950130188617138,0.023595700040459633,16,0.1493767805702011,0.3056718923592621,0.005742699955590069,11,0.14731197403454502,0.3223613870550028,0.004315099911764264,8,0.12724212529562237,0.3327828571979383,0.0031627999851480126
85,SNR_0db,N,New_N_086.wav,22-16-11-8,DeepONMF_H4,4,nndsvd,0.38346705167016215,8x212,0.03878380008973181,22,0.2501786455450873,0.3073632419257584,0.025129999965429306,16,0.14333684162261565,0.30981136089381056,0.005156400031410158,11,0.14325310077997025,0.30401874232982407,0.004164200043305755,8,0.13051118263845707,0.3134818733657074,0.003025400103069842
86,SNR_0db,N,New_N_087.wav,22-16-11-8,DeepONMF_H4,4,nndsvd,0.38842803812953225,8x212,0.04074090009089559,22,0.25313459842146946,0.3069684534928249,0.02658589999191463,16,0.14929486718311097,0.3048630086781777,0.005221500061452389,11,0.14550918741189048,0.3053093243163186,0.004673899966292083,8,0.1252746958880427,0.3129788067419394,0.0032145000295713544
87,SNR_0db,N,New_N_088.wav,22-16-11-8,DeepONMF_H4,4,nndsvd,0.3866709811735116,8x212,0.03816579992417246,22,0.25251194411894895,0.29905279211975927,0.023741599987260997,16,0.15386003455543917,0.30249096045631063,0.005687500000931323,11,0.14140654647696613,0.3156321345875852,0.004293899983167648,8,0.12684583677706235,0.3117330867249433,0.0031325999880209565
88,SNR_0db,N,New_N_089.wav,22-16-11-8,DeepONMF_H4,4,nndsvd,0.38139244922935306,8x212,0.04087330005131662,22,0.25048896580862196,0.3034240354403979,0.02693750010803342,16,0.1443143887064937,0.31226626126409024,0.005368799902498722,11,0.1465821439223274,0.311334106736562,0.0042016999796032906,8,0.1260776379451458,0.31884710688607065,0.003381699905730784
89,SNR_0db,N,New_N_090.wav,22-16-11-8,DeepONMF_H4,4,nndsvd,0.3845103244992135,8x212,0.03406199999153614,22,0.25161951753111667,0.30590754204233844,0.021081399987451732,16,0.1453812690806842,0.30419333347961036,0.004724400001578033,11,0.1479127846191491,0.31241187823520716,0.004148000036366284,8,0.13023971287967004,0.3073550375501514,0.003168900031596422
90,SNR_0db,N,New_N_091.wav,22-16-11-8,DeepONMF_H4,4,nndsvd,0.38363658876666656,8x212,0.03497140004765242,22,0.24866886359947976,0.298714737609581,0.021458999952301383,16,0.14678788559712963,0.30492365152764217,0.0046397000551223755,11,0.1490982948631721,0.31460487457510045,0.0048871999606490135,8,0.12985321896152288,0.3258758190877821,0.003149600001052022
91,SNR_0db,N,New_N_092.wav,22-16-11-8,DeepONMF_H4,4,nndsvd,0.38483920488956347,8x212,0.036557900020852685,22,0.25272488569399143,0.3048638110028636,0.022077000001445413,16,0.14481172346124568,0.3071737303111439,0.006428999942727387,11,0.14788747385870213,0.310966474372019,0.004243799950927496,8,0.12625640861560858,0.3118402069603352,0.002972999936901033
92,SNR_0db,N,New_N_093.wav,22-16-11-8,DeepONMF_H4,4,nndsvd,0.3841181634827921,8x212,0.03442629997152835,22,0.24900158262536196,0.30537699607004637,0.020357700064778328,16,0.142645628883957,0.31038918424802736,0.0061682999366894364,11,0.14910069819330865,0.31084143157175353,0.0040926000801846385,8,0.1326627708938763,0.3274640451314497,0.0029724000487476587
93,SNR_0db,N,New_N_094.wav,22-16-11-8,DeepONMF_H4,4,nndsvd,0.38326980285418155,8x212,0.03650130005553365,22,0.25246086214338265,0.30637659589241417,0.021854700054973364,16,0.15089624977679658,0.3147249834785393,0.006313499994575977,11,0.1477844751207177,0.32159392780634727,0.004320200067013502,8,0.13036075478015455,0.3396978752086294,0.0031232000328600407
94,SNR_0db,N,New_N_095.wav,22-16-11-8,DeepONMF_H4,4,nndsvd,0.39374996810417817,8x212,0.04210409999359399,22,0.25333664305698717,0.29983355754563945,0.026604299899190664,16,0.14906207330389804,0.30114420475601084,0.005399100016802549,11,0.1498672664994727,0.2983144768656017,0.00568520009983331,8,0.12973427283494599,0.31634967989798746,0.003582300036214292
95,SNR_0db,N,New_N_096.wav,22-16-11-8,DeepONMF_H4,4,nndsvd,0.38203680882152885,8x212,0.04091410001274198,22,0.2508882266216922,0.3084290433121108,0.025586700066924095,16,0.14986346667040426,0.3039872452257402,0.00624329992569983,11,0.14297789746182377,0.3085668095858122,0.0046082999324426055,8,0.12750078933137854,0.30347852743545883,0.003458700026385486
96,SNR_0db,N,New_N_097.wav,22-16-11-8,DeepONMF_H4,4,nndsvd,0.38484854469894897,8x212,0.0405649000313133,22,0.24903160062208088,0.30891306775801625,0.02602130000013858,16,0.1448758061219223,0.31865815830444516,0.005410999990999699,11,0.13954986602190447,0.3177652169022787,0.004359800019301474,8,0.12354914769524399,0.3027572998319846,0.0037821000441908836
97,SNR_0db,N,New_N_098.wav,22-16-11-8,DeepONMF_H4,4,nndsvd,0.3854683596553016,8x212,0.037396600004285574,22,0.2540096448556176,0.31009628784743576,0.02321789995767176,16,0.14917847420710525,0.30808948653057094,0.005414600018411875,11,0.14784444383324738,0.3251923802080412,0.004642700077965856,8,0.13122430534885773,0.31903774925507594,0.003226800006814301
98,SNR_0db,N,New_N_099.wav,22-16-11-8,DeepONMF_H4,4,nndsvd,0.3830510310546948,8x212,0.04049120005220175,22,0.24833151806500267,0.30706164128870467,0.026225700043141842,16,0.13904515817766608,0.30842283694160694,0.005612600012682378,11,0.1445198893783119,0.32595251217786514,0.00426560000050813,8,0.12884790718486336,0.32914684825731805,0.003106100019067526
99,SNR_0db,N,New_N_100.wav,22-16-11-8,DeepONMF_H4,4,nndsvd,0.3917435664122875,8x212,0.039716799976304173,22,0.25537476450602153,0.3018393895556287,0.024900499964132905,16,0.14752753875079436,0.2867878471476152,0.005189300049096346,11,0.1461484657349317,0.27854710459896087,0.004619800020009279,8,0.13350809746993964,0.2906675396032193,0.003925699973478913
100,SNR_0db,N,New_N_101.wav,22-16-11-8,DeepONMF_H4,4,nndsvd,0.3810432592058051,8x212,0.03842050000093877,22,0.24733679895536567,0.3070387259481348,0.02320070005953312,16,0.13850293725406984,0.3088304463399697,0.006500000017695129,11,0.14449933864513806,0.31398462442248104,0.004418700002133846,8,0.12826570912221155,0.31923489585791387,0.0032238999847322702
101,SNR_0db,N,New_N_102.wav,22-16-11-8,DeepONMF_H4,4,nndsvd,0.38510702608524117,8x212,0.04151470004580915,22,0.24938366425980069,0.3032264422984651,0.026972300023771822,16,0.1416071567905328,0.31393570737981746,0.00525240006390959,11,0.15029090214053137,0.32132460658965817,0.004281700006686151,8,0.12820889465283145,0.32436375557819286,0.0038078000070527196
102,SNR_0db,N,New_N_103.wav,22-16-11-8,DeepONMF_H4,4,nndsvd,0.3833348362358441,8x212,0.04328079998958856,22,0.2454325915982737,0.30719759208453107,0.02692500001285225,16,0.14564351489977012,0.3087789824572333,0.007213199976831675,11,0.14395036057581206,0.31984714314933677,0.004740599892102182,8,0.12462254483624961,0.3261415194679512,0.0034643999533727765
103,SNR_0db,N,New_N_104.wav,22-16-11-8,DeepONMF_H4,4,nndsvd,0.38543407205946867,8x212,0.04329679999500513,22,0.24837011801695447,0.30092750250102046,0.027693300042301416,16,0.14539000246234152,0.30580461124346486,0.006203699973411858,11,0.14839209726424557,0.3274298166589497,0.004791200044564903,8,0.12569824109443714,0.32464126062167914,0.0036327000707387924
104,SNR_0db,N,New_N_105.wav,22-16-11-8,DeepONMF_H4,4,nndsvd,0.3869920233873708,8x212,0.038903500069864094,22,0.25188779355554025,0.302107270057352,0.024251500028185546,16,0.14882508175798226,0.3138261615728041,0.0060053999768570065,11,0.14362977724531198,0.31227530418530025,0.004448699997738004,8,0.1319473800169097,0.3126766052609759,0.003161999979056418
105,SNR_0db,N,New_N_106.wav,22-16-11-8,DeepONMF_H4,4,nndsvd,0.39147809320316934,8x212,0.04263009992428124,22,0.25021380379225633,0.2950828718805404,0.028212400036863983,16,0.1452959279930089,0.2990521196204178,0.005174199934117496,11,0.1469867372190772,0.3053013087756196,0.0042224000208079815,8,0.12724705846022735,0.32047205489099173,0.0038421000353991985
106,SNR_0db,N,New_N_107.wav,22-16-11-8,DeepONMF_H4,4,nndsvd,0.3893470485444489,8x212,0.04102170001715422,22,0.2511964935947693,0.3025818394991645,0.023867700016126037,16,0.14943734228258815,0.3036309069598423,0.006314099999144673,11,0.15090201964992825,0.2992811727327135,0.0064199999906122684,8,0.13040089249225217,0.30968716301167437,0.0033690999262034893
107,SNR_0db,N,New_N_108.wav,22-16-11-8,DeepONMF_H4,4,nndsvd,0.3915159308790801,8x212,0.04387870000209659,22,0.25397894508736774,0.30453814517675304,0.026260499958880246,16,0.1471102524751705,0.30338839789684563,0.005908200051635504,11,0.14630394118633228,0.3054140821112787,0.004836500040255487,8,0.12941208154331593,0.3098694771548262,0.00579309999011457
108,SNR_0db,N,New_N_109.wav,22-16-11-8,DeepONMF_H4,4,nndsvd,0.38736250052712123,8x212,0.04855059995315969,22,0.24483598315081775,0.3010277412608649,0.028896099887788296,16,0.14105607913231286,0.3072703768023065,0.009093899978324771,11,0.14222972992714494,0.30613243406591417,0.004968199995346367,8,0.12662056019082885,0.3230651225430708,0.004560900037176907
109,SNR_0db,N,New_N_110.wav,22-16-11-8,DeepONMF_H4,4,nndsvd,0.3867821299184289,8x212,0.05319789994973689,22,0.2522412544533659,0.3087714266838465,0.030887500033713877,16,0.14496655010515497,0.31942210215087335,0.01146050007082522,11,0.1436903840992719,0.3188153501205143,0.0058009999338537455,8,0.12775296973487066,0.3183036665497662,0.0039591999957337976
