indice_interno,distribucion,numero_capas,error_final,forma_h_final,segundos_extraccion,capa_1_rango,capa_1_error,capa_1_ortogonalidad_h,capa_2_rango,capa_2_error,capa_2_ortogonalidad_h,capa_3_rango,capa_3_error,capa_3_ortogonalidad_h,capa_4_rango,capa_4_error,capa_4_ortogonalidad_h
0,4-7-14-26,4,0.23140052900908956,26x212,0.03941110000596382,4,0.11632745336027525,0.2718301472900866,7,0.05088803539125233,0.145817192319931,14,0.04975016121181142,0.10980432381901521,26,0.058483809137734266,0.09166632102546808
1,4-7-14-26,4,0.22010151550956772,26x212,0.034536799998022616,4,0.10475134547990392,0.2231259548157908,7,0.05263013989814234,0.13854238428408103,14,0.04747096287392664,0.09126913991497045,26,0.04548014694689482,0.08347508479464257
2,4-7-14-26,4,0.25298658171274446,26x212,0.05071800001314841,4,0.0957282533764329,0.29659169468368635,7,0.15836833748440832,0.15994417694402172,14,0.113976390724711,0.13134129481578466,26,0.05436437678737534,0.07316062736606446
3,4-7-14-26,4,0.2221282866419191,26x212,0.038558100000955164,4,0.10063212879703116,0.24486828709531552,7,0.05331500799255743,0.10212188489057607,14,0.049735827272837006,0.07682327173900565,26,0.0469227418968663,0.07694857337833706
4,4-7-14-26,4,0.23533029427811736,26x212,0.035122000001138076,4,0.12365951253280622,0.18003884274268347,7,0.04888167534625882,0.18562919078126147,14,0.049015776932807904,0.12878326862384173,26,0.04602950797326474,0.0971192671987997
5,4-7-14-26,4,0.23267961520338568,26x212,0.034716399997705594,4,0.10991041309103927,0.2626956342661927,7,0.04738586162971428,0.1793478928606906,14,0.05733758575548304,0.09580113394772594,26,0.047839814310044484,0.0861872621009321
6,4-7-14-26,4,0.23514196266828857,26x212,0.044757199997548014,4,0.11396052746884378,0.24481083748569699,7,0.05296685639503721,0.14006083542735764,14,0.050411142282607777,0.11887555156661786,26,0.05628854365150014,0.10485957393362343
7,4-7-14-26,4,0.23465779636821688,26x212,0.045643200021004304,4,0.08804318409102173,0.3038121706168827,7,0.1522275868249953,0.16138183065646286,14,0.04710412418754273,0.10538469748348185,26,0.052881803184656226,0.09020187866736802
8,4-7-14-26,4,0.23560621973579135,26x212,0.03502320000552572,4,0.11211878754965794,0.17873454285256,7,0.050461640541832706,0.12678130317351177,14,0.06958432804355978,0.09162259046154357,26,0.0507277682581429,0.07160195941028816
9,4-7-14-26,4,0.22553110075359203,26x212,0.04297270000097342,4,0.11083457905883723,0.2522422508074353,7,0.05126437901547967,0.15584773265257676,14,0.04955619897865529,0.07953249074770072,26,0.04407146319513196,0.08950957992025703
10,4-7-14-26,4,0.24412080521620483,26x212,0.038966899999650195,4,0.10646516980911759,0.2179272282241694,7,0.04842932817786067,0.1430467156933766,14,0.04584274142145022,0.13699811866758868,26,0.10592480253658385,0.08808132380452506
11,4-7-14-26,4,0.23927609333801508,26x212,0.03489470001659356,4,0.11456018773906215,0.30983826208498044,7,0.04852032261198055,0.16730723851765167,14,0.07260972282516882,0.11673459159291746,26,0.05720661083023367,0.07050529451389217
12,4-7-14-26,4,0.22643603135239718,26x212,0.041469499992672354,4,0.10536931236741667,0.26273584740240535,7,0.05135332001216174,0.16859371342662335,14,0.05812359968441206,0.14690282137873323,26,0.04959233320873834,0.13014698726172055
13,4-7-14-26,4,0.2449674998965206,26x212,0.04508970002643764,4,0.1398486697708098,0.15814484663222908,7,0.052161447703544875,0.076481899100207,14,0.043680702059663894,0.09896462733350851,26,0.05316562892587054,0.08676852114601903
14,4-7-14-26,4,0.2507746295072051,26x212,0.03880910002044402,4,0.10363499391125273,0.36578572474192056,7,0.12482589307363492,0.12114007570449764,14,0.049294619298517375,0.10398922443948767,26,0.058051963500695254,0.0861753091596489
15,4-7-14-26,4,0.24344185164980547,26x212,0.03788569997414015,4,0.10466373474395155,0.3725785563439234,7,0.1026549463325273,0.1573014940130425,14,0.053341830476235884,0.10915936780471465,26,0.047952339697576986,0.07412503467685708
16,4-7-14-26,4,0.22851362930834765,26x212,0.034364899998763576,4,0.11264981728484419,0.2926337225948707,7,0.051341574867178316,0.1689093822986798,14,0.05313205387308239,0.10538025903776552,26,0.047229144453073815,0.07815705633058773
17,4-7-14-26,4,0.2320211383303064,26x212,0.03134339998359792,4,0.09559147848476165,0.3686391226024568,7,0.15007243991394725,0.14362073380252682,14,0.05503093515263065,0.1430816054681156,26,0.05617049735404384,0.08120132924766398
18,4-7-14-26,4,0.22960318454462614,26x212,0.030652100016595796,4,0.10729207485450486,0.3130998467938924,7,0.05745054822083175,0.16630388463946766,14,0.05837164811419327,0.10528147311120564,26,0.047031662349001496,0.09399068377939182
19,4-7-14-26,4,0.22120386933969544,26x212,0.03305210001417436,4,0.11017875193576714,0.30031533142482275,7,0.05133875772341085,0.13613771882940964,14,0.048408370891623885,0.10115783704222646,26,0.05063000656890313,0.07093349704748715
20,4-7-14-26,4,0.24420697331950025,26x212,0.036689700005808845,4,0.10866081437552881,0.29361674336929267,7,0.10427983440965925,0.11852014806369789,14,0.047238667381576706,0.09355010399953247,26,0.0516670387333091,0.07229873712512946
21,4-7-14-26,4,0.22131251236799618,26x212,0.030784200003836304,4,0.09831055196599185,0.2465045794689278,7,0.04848403039452474,0.1596807168453615,14,0.04887980723139218,0.10527724469301798,26,0.04906252239388962,0.09358382523402833
22,4-7-14-26,4,0.23298392216748537,26x212,0.034384500002488494,4,0.10902007426255614,0.23274202005908132,7,0.052221919595158914,0.19165755358250366,14,0.052038047185329096,0.11251007332943917,26,0.05249727222075254,0.08114700456377383
23,4-7-14-26,4,0.21594213503384585,26x212,0.03527289998601191,4,0.1025068925700098,0.24319088379476905,7,0.04912622977803081,0.1698686597783442,14,0.0464525450168993,0.12104884610430633,26,0.05330102543558448,0.09961113934942692
24,4-7-14-26,4,0.22890973541008974,26x212,0.041144799994071946,4,0.1017181624587129,0.3632686123985212,7,0.07192389412605218,0.16394042682826382,14,0.05310282690667638,0.11861825810805744,26,0.05089683311390461,0.10949827933477475
25,4-7-14-26,4,0.23129723947064063,26x212,0.03314360001240857,4,0.11994883434839158,0.28980242302712744,7,0.05174218713075129,0.16904086576770777,14,0.04669240576009663,0.13665749755079937,26,0.04809777972649609,0.0833100513079419
26,4-7-14-26,4,0.24232114750391456,26x212,0.033806299994466826,4,0.10610838000473156,0.21488530287174626,7,0.04643556691124962,0.11293578600712986,14,0.0537908482504996,0.08094104555985127,26,0.06474405909119993,0.08038872635231378
27,4-7-14-26,4,0.23672790393542684,26x212,0.038672199996653944,4,0.12115633355178818,0.22680693687766362,7,0.047535348038668795,0.14581507638885818,14,0.05149222513747112,0.0865705780277932,26,0.05224008153613478,0.06755196054368164
28,4-7-14-26,4,0.2278708618474121,26x212,0.031200699973851442,4,0.11051312935453268,0.2762597883228795,7,0.05107472838598146,0.1791677437188893,14,0.050120624820066545,0.10182518550323853,26,0.048569075947343505,0.09704486089796854
29,4-7-14-26,4,0.23382946914210137,26x212,0.03676909999921918,4,0.10272961622530814,0.3529699618776266,7,0.05473184399595271,0.210767379325779,14,0.044993128078644015,0.15794142482734583,26,0.06364661277431458,0.08059620874989618
30,4-7-14-26,4,0.23804920464696652,26x212,0.04843639998580329,4,0.11348679922293602,0.26987710031909673,7,0.050731806683320675,0.14189054487196692,14,0.05058109416437983,0.08631721677218514,26,0.06382196378477811,0.08428944087542758
31,4-7-14-26,4,0.22845367258119822,26x212,0.03234000000520609,4,0.11331076901314657,0.19165985703575447,7,0.0521903707135686,0.1521182532042507,14,0.043188840631504744,0.14228967037129261,26,0.051919318077006414,0.08722769211745657
32,4-7-14-26,4,0.2510597937011808,26x212,0.03285499999765307,4,0.1235488693067382,0.16926507140836378,7,0.050098893084340304,0.10310908707192666,14,0.04968225666452373,0.13243600001958314,26,0.0794724146472384,0.11564564419446037
33,4-7-14-26,4,0.23066674157963998,26x212,0.03517670001019724,4,0.11059565488975623,0.25758790329246467,7,0.0434234726658548,0.16947000582068045,14,0.047190256710462175,0.11609868059025562,26,0.05424380191796639,0.06731993337070664
34,4-7-14-26,4,0.23257439799412458,26x212,0.04058380000060424,4,0.11374420126569643,0.2617988794411132,7,0.0518818117110491,0.16410110882461368,14,0.04916947773221128,0.13399341456244618,26,0.04733241020253313,0.0971854589515054
35,4-7-14-26,4,0.2387799061200966,26x212,0.03595819999463856,4,0.11819726114556843,0.2374760402802419,7,0.050519244291202504,0.15190936436903452,14,0.05148451169916095,0.1094539459803332,26,0.05407922137839042,0.10239871241080087
36,4-7-14-26,4,0.21086291978413363,26x212,0.03465869999490678,4,0.07393921577523249,0.16416805169368853,7,0.048107853311800605,0.11162364559578512,14,0.047157461682330294,0.09782401135700759,26,0.04948199368653988,0.08502697717907234
37,4-7-14-26,4,0.21813940260283315,26x212,0.04573899999377318,4,0.08344257292956488,0.3986979877585288,7,0.10527052114288327,0.13789538137521157,14,0.04936261377748376,0.10144308924205299,26,0.04630358953044096,0.09576016572728045
38,4-7-14-26,4,0.20914865211578765,26x212,0.04547230000025593,4,0.07123215967251337,0.16829445543742783,7,0.048741973653694814,0.1027131034071481,14,0.04693788946636799,0.10661599101383007,26,0.050379495440972595,0.11273077742486116
39,4-7-14-26,4,0.2117308923019869,26x212,0.035034600005019456,4,0.07494676672796478,0.23374451091045345,7,0.04375291568882197,0.21564935124376425,14,0.047993790984620525,0.1362409018535206,26,0.0503143141551857,0.10416527540231471
40,4-7-14-26,4,0.21012436161867576,26x212,0.03745360000175424,4,0.0903026086795818,0.39971915082886933,7,0.05040665381159925,0.18491137170624647,14,0.0478331463171126,0.13737841346170074,26,0.04812997523591271,0.10385978220334594
41,4-7-14-26,4,0.23154943733501612,26x212,0.03462649998255074,4,0.10337252463564305,0.25787079941602437,7,0.06427260362850835,0.21360785612427488,14,0.04359926520843297,0.14258568841210192,26,0.05606005272102666,0.075959618332937
42,4-7-14-26,4,0.22100548009730375,26x212,0.04226280000875704,4,0.09474883252238937,0.21334918612757578,7,0.046487735654118664,0.13210876871512528,14,0.05017991731747068,0.10934406216245299,26,0.05880031777505262,0.10000209439360634
43,4-7-14-26,4,0.22326515434165328,26x212,0.03333760000532493,4,0.08842411314020088,0.3510317006606734,7,0.07403140557541169,0.14208317350423075,14,0.047257788387801127,0.10684751574647709,26,0.050690546527799925,0.07640015446604821
44,4-7-14-26,4,0.219160952729463,26x212,0.03365279998979531,4,0.09366179280599408,0.3244608593103765,7,0.080479676731801,0.17764146844024986,14,0.04588805954180772,0.12355570365749077,26,0.05322938800112626,0.09628187093063527
45,4-7-14-26,4,0.23607778141326552,26x212,0.033449399983510375,4,0.11557995008152472,0.21120017278323674,7,0.06172414668503552,0.13538167010349259,14,0.04751008932779035,0.0805564459519917,26,0.05300882089411732,0.0916920975082526
46,4-7-14-26,4,0.2186951112337484,26x212,0.03397859999677166,4,0.10153213679722285,0.26392343802247464,7,0.046777736394739186,0.15055693182085186,14,0.04826039590614331,0.0781492216467842,26,0.046484566790914957,0.07319017244551256
47,4-7-14-26,4,0.21709797463601688,26x212,0.03427489998284727,4,0.09605484799374915,0.2153256069103914,7,0.05528080506582749,0.1034734883307318,14,0.047569060374408396,0.09756045505696348,26,0.05128198329502904,0.07002959463400979
48,4-7-14-26,4,0.22916295013781793,26x212,0.03859589999774471,4,0.08984443796621991,0.2564327790974454,7,0.051452668380666644,0.1621427010516653,14,0.055815007159661784,0.13391719482563902,26,0.049168988409122705,0.10007644135181142
49,4-7-14-26,4,0.22100258930774902,26x212,0.031336799991549924,4,0.08860315926642577,0.2737904242350433,7,0.05591266529576441,0.14137253583133774,14,0.0688397136725867,0.09603778101402802,26,0.041202177414870075,0.08842475308549727
50,4-7-14-26,4,0.22522704303482552,26x212,0.03282339998986572,4,0.09556755706527105,0.1753823419107163,7,0.05023675742036275,0.14945049205624644,14,0.046799281063578356,0.11006501252499547,26,0.057895606937447774,0.10484419256041747
51,4-7-14-26,4,0.21698688562808666,26x212,0.032028599991463125,4,0.09534941545123489,0.20299789463958415,7,0.0528569026449061,0.08568597505651475,14,0.04774378270949206,0.13574978745575847,26,0.04550047772308258,0.09795842639300271
52,4-7-14-26,4,0.22488289873635448,26x212,0.03903879999415949,4,0.08613066329809638,0.31920074386113845,7,0.06080304277792878,0.18629338978821458,14,0.05041535147441805,0.12641002417796068,26,0.051113301387337814,0.09244791395223066
53,4-7-14-26,4,0.21432117166140147,26x212,0.031124800007091835,4,0.09492303984504742,0.3204769745904252,7,0.04605494186390964,0.1949213020844462,14,0.048974737662664185,0.13330332633105044,26,0.053770081541532566,0.13568221436845798
54,4-7-14-26,4,0.2308253812441972,26x212,0.03592099997331388,4,0.09891624264418873,0.1534552763476768,7,0.051894614188814435,0.12172402049182067,14,0.06703512809237465,0.09415850158636355,26,0.04926352357205959,0.10708688164994029
55,4-7-14-26,4,0.21746028604871812,26x212,0.03326320002088323,4,0.08400729745886196,0.3980760115997595,7,0.05153106851313227,0.20490099775597076,14,0.05681804223509065,0.1680416810274699,26,0.05617780073241622,0.10198967401799498
56,4-7-14-26,4,0.2260588960803747,26x212,0.03438370002550073,4,0.08772079259979598,0.2275759514110843,7,0.053402386451508445,0.11854847025369919,14,0.08731786646654167,0.127366249155285,26,0.051132824014110144,0.06740787698342375
57,4-7-14-26,4,0.2249422457846646,26x212,0.05086519999895245,4,0.08281938298864013,0.332274026839541,7,0.06790724853768429,0.12548275036715165,14,0.04732037569717139,0.13977107856333762,26,0.07373777134607115,0.09962845002797886
58,4-7-14-26,4,0.22713056464868278,26x212,0.05378049999126233,4,0.0871336550190583,0.3030053701410755,7,0.07196795227065152,0.10165623425374576,14,0.04842273712901674,0.13466370469633354,26,0.055193702977344716,0.0722311227123459
59,4-7-14-26,4,0.22066117464202936,26x212,0.049395899986848235,4,0.10186054230652003,0.16689465572746734,7,0.04582851622274301,0.15310003288267732,14,0.049586177287684684,0.13224895760174457,26,0.049134843865428164,0.0922370665450684
60,4-7-14-26,4,0.21886408866576565,26x212,0.035526500025298446,4,0.0921844066215684,0.2857471502228079,7,0.05554186871636825,0.15085361896307797,14,0.052829580256560586,0.10026430490147306,26,0.05112515509604537,0.09941304303309892
61,4-7-14-26,4,0.21530473191019375,26x212,0.03522979997796938,4,0.08637328145578828,0.35345863549946294,7,0.0693024086449916,0.12180481111755093,14,0.04640891505140838,0.08983774216268786,26,0.046926361794525605,0.08445753991256143
62,4-7-14-26,4,0.21772154466773513,26x212,0.04248380000353791,4,0.09594518873031553,0.35353037596924103,7,0.05361231383502472,0.1671741857997898,14,0.04881967471743805,0.12237007801509174,26,0.048737132602325206,0.07414767697429471
63,4-7-14-26,4,0.21822035788987376,26x212,0.029040399997029454,4,0.09530978104379663,0.2449059689820585,7,0.05136042625878784,0.12098293012441368,14,0.04935653233580204,0.10329362083588978,26,0.04756967625985255,0.0752072373299119
64,4-7-14-26,4,0.21011594331517097,26x212,0.029804599995259196,4,0.09145008126515014,0.3462738851464932,7,0.04776043555838949,0.19395737660786297,14,0.04895864519948686,0.12434318806575681,26,0.04432411858788036,0.093531296974682
65,4-7-14-26,4,0.22027063132097946,26x212,0.03464999998686835,4,0.09645923062951126,0.15103701769760103,7,0.049129710254984846,0.09536975618016778,14,0.051270514773925434,0.09229673670855616,26,0.05180341356202504,0.08650202711782887
66,4-7-14-26,4,0.2324611324599385,26x212,0.039165299996966496,4,0.09322614680831012,0.21015877939334718,7,0.051452268738814866,0.1269239483502792,14,0.048566717975312174,0.104673940424051,26,0.05435893307725114,0.08347591833917675
67,4-7-14-26,4,0.2249215301509714,26x212,0.04280550000839867,4,0.10287664654810327,0.318382331104507,7,0.04857199143068634,0.14882490393094694,14,0.04992328638583716,0.1013262566639517,26,0.0551759554392841,0.07952300712488734
68,4-7-14-26,4,0.22532882899670933,26x212,0.030677200003992766,4,0.09798883298796836,0.2532011430511336,7,0.046967379326814086,0.1400675899960457,14,0.04992064589891607,0.09263181617552763,26,0.06261387405481314,0.08672455609613011
69,4-7-14-26,4,0.2557026387302844,26x212,0.03220000001601875,4,0.10642543681995545,0.32215030667667716,7,0.12918906520133117,0.1864121530430253,14,0.0780398730736884,0.12864942424553263,26,0.06091072501706808,0.07714922609128726
70,4-7-14-26,4,0.22384946937644404,26x212,0.031610499980160967,4,0.10115800298645808,0.2438038028503664,7,0.05220207688489829,0.13008446199300952,14,0.0463313467171737,0.09058302376631605,26,0.05286633434438008,0.08400305566624135
71,4-7-14-26,4,0.22968149912793492,26x212,0.03304969999589957,4,0.10017640422831003,0.21729172375186767,7,0.04852346575749864,0.1805109581932632,14,0.04715673350055059,0.11014720419848557,26,0.06340505495269487,0.09587190330680435
72,4-7-14-26,4,0.21857385675975002,26x212,0.030108299979474396,4,0.0938947009292077,0.22170809371734101,7,0.05339907137385817,0.14239055404656442,14,0.04200246667904664,0.09739625913980163,26,0.055091200200069156,0.06960087275333386
73,4-7-14-26,4,0.2272626044056956,26x212,0.03304019998176955,4,0.10726169195406864,0.15293780173857066,7,0.047640608606641675,0.13268018143950794,14,0.04899435302389122,0.09968776438680696,26,0.04821454730222728,0.0777777493134164
74,4-7-14-26,4,0.23071251956589725,26x212,0.02971060000709258,4,0.09481040843466944,0.17759919702109664,7,0.05277638250153533,0.10951338442301123,14,0.06415527233979593,0.0804342741049092,26,0.053972610089697705,0.07974881982627996
75,4-7-14-26,4,0.2341893204229642,26x212,0.03401960001792759,4,0.1105195813197893,0.2847355204635258,7,0.1084761234263584,0.13257939329326027,14,0.04609062423063626,0.10846361972539527,26,0.07711933569393233,0.09023679537174727
76,4-7-14-26,4,0.21909188303888644,26x212,0.033723599975928664,4,0.08390802889807332,0.35350127158409766,7,0.05797665052674633,0.15825825556850986,14,0.048255584447697245,0.09987435865041487,26,0.05437888492454151,0.09880804022134616
77,4-7-14-26,4,0.22330047613533158,26x212,0.03039509998052381,4,0.10093004067769956,0.4360661969708737,7,0.06037428780084108,0.1361518620419408,14,0.0489553256786681,0.10109368980338272,26,0.04788613572597309,0.08706011865638699
78,4-7-14-26,4,0.22457504322063318,26x212,0.032287899986840785,4,0.11382999757284935,0.4155549821172424,7,0.05822332704529879,0.17129568594217598,14,0.050176769855349315,0.0970381911323792,26,0.04950102982759789,0.07922749589261824
79,4-7-14-26,4,0.2201001037320423,26x212,0.0316502999921795,4,0.08098039488054128,0.47423946121689325,7,0.11147493580503352,0.20011219549077308,14,0.05453895240980244,0.12062106575198457,26,0.050563022859606954,0.07623015170437421
80,4-7-14-26,4,0.21384857568558088,26x212,0.031052700011059642,4,0.09301099844316092,0.2032557832986478,7,0.05158772708741354,0.18298784967424758,14,0.044361752576717914,0.11151890144610685,26,0.04661451842809681,0.09123182462791143
81,4-7-14-26,4,0.23037148261168036,26x212,0.033769600006053224,4,0.10687770181092779,0.37347532156652147,7,0.07587373542913436,0.1293345435225903,14,0.0471067318329118,0.09803856829000439,26,0.08826441485690052,0.12491987735661492
82,4-7-14-26,4,0.2282024372137017,26x212,0.03158159999293275,4,0.10493454252363635,0.1899146351432569,7,0.04918695329962128,0.10516834165645819,14,0.05048450339096183,0.08785709645053771,26,0.05192807595072624,0.09402536572869236
83,4-7-14-26,4,0.23273485072404765,26x212,0.03517040002043359,4,0.09245914893848217,0.22127866179599165,7,0.10743387050985169,0.13227791588919477,14,0.04306734098022806,0.09121367402944003,26,0.08408979288493856,0.1072651096303095
84,4-7-14-26,4,0.21354151313657724,26x212,0.033917399996425956,4,0.07722645288689314,0.359254877504267,7,0.05013973913285531,0.1798216535380572,14,0.04612062308519307,0.1002100887066731,26,0.053397466847253196,0.08651132871014941
85,4-7-14-26,4,0.2268100201583146,26x212,0.03485359999467619,4,0.10076243726589709,0.19843764405749267,7,0.05293720464197425,0.10624447079791774,14,0.04576817313097533,0.1480729549977113,26,0.0484163145871505,0.08762574598017946
86,4-7-14-26,4,0.22335440946287985,26x212,0.03290820002439432,4,0.09140736183784631,0.3348081440779003,7,0.050450040350167834,0.1628945718244347,14,0.049282359339111806,0.12451314345970108,26,0.0533867612724753,0.07547816042100201
87,4-7-14-26,4,0.22046691791452735,26x212,0.041940299997804686,4,0.0950887261856386,0.18408251425496772,7,0.050602513506295556,0.12411992221628473,14,0.04715972410191579,0.11625550696821543,26,0.04901169945994292,0.10180941367858115
88,4-7-14-26,4,0.23016417828354685,26x212,0.034735599998384714,4,0.08760301726995379,0.271997345072058,7,0.08580376404908467,0.1030193962521434,14,0.0479900527532243,0.12380899766429118,26,0.0560129464263771,0.0719904530195337
89,4-7-14-26,4,0.2377543249471019,26x212,0.03496410002117045,4,0.09347242715089216,0.24315027471094064,7,0.09311599332413664,0.13210060835408666,14,0.04870610848267123,0.10043517472206652,26,0.07150495478262735,0.07995348000098444
90,4-7-14-26,4,0.2253573437726215,26x212,0.035538600001018494,4,0.0927534500621177,0.35144037370507375,7,0.052636563044507416,0.2163562450631352,14,0.06565018471140079,0.15581066640881677,26,0.046001283824084825,0.09373014752490688
91,4-7-14-26,4,0.2183370206158205,26x212,0.04190760001074523,4,0.086699835559801,0.47566447715941806,7,0.06880247059489678,0.2200744994741142,14,0.046599327825702,0.1371521386831204,26,0.04928615457331037,0.08599136793764481
92,4-7-14-26,4,0.22779643592307974,26x212,0.0334529000101611,4,0.09736696987913582,0.25367713775978645,7,0.11741453760655397,0.12011398944847285,14,0.04600168744355779,0.10151756054661674,26,0.047433063251675095,0.07606165391387137
93,4-7-14-26,4,0.2363758392948386,26x212,0.043819299986353144,4,0.10565131473351266,0.31647547124430203,7,0.04721685937901903,0.19156129635993355,14,0.04619018967182566,0.14806530083617325,26,0.06558275781956004,0.0777476804840527
94,4-7-14-26,4,0.23081134441121226,26x212,0.03799549999530427,4,0.11380907529948145,0.237476323690736,7,0.046093549077386047,0.176875013537564,14,0.05034410092268822,0.10536614732746129,26,0.05253076203316483,0.08388138264961299
95,4-7-14-26,4,0.23221456917342204,26x212,0.033628800010774285,4,0.1004808481807823,0.2434399802564715,7,0.0481594005091853,0.1518835893085755,14,0.08247242163140132,0.08657528312561975,26,0.04539536643028225,0.08152129946220267
96,4-7-14-26,4,0.23914939322526715,26x212,0.03518350000376813,4,0.09347190874253093,0.36563406726157166,7,0.058723961279567444,0.18911082237434193,14,0.08673089763175554,0.11307270213985425,26,0.05304167090734086,0.08503319500582046
97,4-7-14-26,4,0.2212278847248119,26x212,0.03502860001754016,4,0.1008687618165375,0.32006085786624605,7,0.04849175408515244,0.2292783100274926,14,0.05836030963256265,0.13339859715147662,26,0.05379628728682329,0.09533101760829128
98,4-7-14-26,4,0.22607725087551006,26x212,0.04118810000363737,4,0.09574612073638356,0.2525598259828618,7,0.05361191281869786,0.14808851964057576,14,0.06791056903278675,0.11754220202470464,26,0.05850651025530984,0.08414385863712137
99,4-7-14-26,4,0.2226701948809313,26x212,0.02883809999912046,4,0.08168331734454948,0.3312709665602456,7,0.059587530307469744,0.16982194987365887,14,0.0496768228717445,0.11884689629730733,26,0.04861993612960906,0.07854492016776783
100,4-7-14-26,4,0.21495369039146128,26x212,0.03336239999043755,4,0.08051892020794678,0.3115971928698444,7,0.06802711303164037,0.12123277748741541,14,0.0502688699212776,0.11276397950635317,26,0.047493538633443126,0.11578810836582482
101,4-7-14-26,4,0.2216445428929374,26x212,0.03633599999011494,4,0.09174393893955546,0.18723505991771314,7,0.05255196995207408,0.0797362159393871,14,0.048022995283352805,0.1038067185929007,26,0.04994716176950729,0.08360103290341628
102,4-7-14-26,4,0.22508880026660572,26x212,0.03326769999694079,4,0.09452461232746764,0.3666129152050943,7,0.06594052607389099,0.12647526758589192,14,0.06006193226604735,0.08978914465418886,26,0.05109849515464442,0.09719152163230874
103,4-7-14-26,4,0.22124996181344458,26x212,0.03394779999507591,4,0.08410337035837347,0.3262370353033471,7,0.06661557186842453,0.10795231443833464,14,0.04890823470980489,0.11358093949290346,26,0.04684848241496089,0.08323093023492524
104,4-7-14-26,4,0.22145362496009635,26x212,0.03239129998837598,4,0.08607574281321254,0.3126344566221051,7,0.1137823816816218,0.13434322720804012,14,0.05553976906620374,0.13792164376538144,26,0.04631494800086833,0.12488245007317075
105,4-7-14-26,4,0.21450244842371086,26x212,0.02977880000253208,4,0.08998219635166797,0.3674538849241295,7,0.058781573505808635,0.14249873770820876,14,0.05167742688178253,0.11139957520720259,26,0.04529566011660909,0.09897356334945269
106,4-7-14-26,4,0.2187433615437103,26x212,0.0350070999993477,4,0.09186792346421402,0.2939749042566981,7,0.04734888348646976,0.16964901595198464,14,0.049297875475011015,0.13749987016169482,26,0.05005427596160356,0.11937178201851956
107,4-7-14-26,4,0.21999162226322586,26x212,0.034960499993758276,4,0.08603918173987435,0.3552548179735832,7,0.07266888088620858,0.14359090972453772,14,0.04630622862313458,0.11765095878123692,26,0.053153519566211054,0.09453303609668275
108,4-7-14-26,4,0.20939389039977063,26x212,0.03136379999341443,4,0.0822634448032183,0.42064502582680335,7,0.05285694400351425,0.19558501576207504,14,0.06837649777148012,0.1330132617484093,26,0.06257475889774831,0.09656123321436696
109,4-7-14-26,4,0.2280783537019413,26x212,0.03090780001366511,4,0.10460360510549792,0.21216665672068266,7,0.047005787199773365,0.1391091050048392,14,0.046522168038295265,0.12453441210712572,26,0.04772812136964749,0.07996724473652733
110,4-7-14-26,4,0.22019470801932803,26x212,0.030797000013990328,4,0.09016371836176511,0.3824041043933553,7,0.06552826712926531,0.11708831580995101,14,0.04479035277798689,0.12741955505708671,26,0.05406952563227401,0.08790266210880256
111,4-7-14-26,4,0.21957616390279458,26x212,0.04597729997476563,4,0.08816030433123685,0.2620355845929315,7,0.05123831739606566,0.11339308555795784,14,0.05279080061364245,0.08189674809807278,26,0.04700320163577823,0.10219797088400685
112,4-7-14-26,4,0.22005826873069823,26x212,0.04645850000088103,4,0.09398239341821386,0.2929656735338858,7,0.05066537774946012,0.1566228274809807,14,0.05002074821367937,0.12471356058621232,26,0.05358750647339295,0.07928101258110534
113,4-7-14-26,4,0.23364207285709687,26x212,0.034748900012345985,4,0.09251609963555624,0.36093987147762263,7,0.0696514064039528,0.17973947427697146,14,0.08092729796596236,0.15396144778515114,26,0.05719145839910458,0.1090301539116458
114,4-7-14-26,4,0.2294219504944894,26x212,0.032682099990779534,4,0.09951460443277006,0.2696870741524882,7,0.09882825129597433,0.15321976377325794,14,0.048031709276067175,0.135742321675029,26,0.058167553376748636,0.08758222966619912
115,4-7-14-26,4,0.23381061742128526,26x212,0.03376980000757612,4,0.099147871194217,0.17677785323342818,7,0.04858436220276316,0.1330491105496121,14,0.04905659886936322,0.10223932979845546,26,0.06571078262292852,0.08814692068046229
116,4-7-14-26,4,0.21796712216058847,26x212,0.03361009998479858,4,0.09308779668338357,0.2703708989783058,7,0.04943939545965642,0.15632681081916666,14,0.04842362774841429,0.09992038015031691,26,0.047943545906359186,0.10874677143792778
117,4-7-14-26,4,0.21464686484096782,26x212,0.03785500000230968,4,0.09281537477343123,0.28297121552371124,7,0.050008551058941766,0.17773830748351832,14,0.04828803104768956,0.10302286533288342,26,0.04878731880859626,0.08811501398145041
118,4-7-14-26,4,0.21535334891717348,26x212,0.04137340001761913,4,0.08301084370298205,0.5018384967993302,7,0.04965618737216068,0.2305492292404473,14,0.04967208493235527,0.17951686247252513,26,0.04898275141565805,0.11382878411196434
119,4-7-14-26,4,0.2155795265428137,26x212,0.03683719999389723,4,0.08851899519578457,0.34010107597079103,7,0.049811084884008705,0.18620413649209944,14,0.04533247953129318,0.12243636880261775,26,0.056358858693140626,0.07324060806823404
120,4-7-14-26,4,0.22055684883016619,26x212,0.03427689999807626,4,0.09530037085191774,0.3878630762538527,7,0.054874505796768905,0.17639270130846935,14,0.05120238369847281,0.13025594659151357,26,0.052719268819529805,0.08875877824732475
121,4-7-14-26,4,0.22423964578251995,26x212,0.04870590000064112,4,0.08456320791336337,0.2818672947009386,7,0.05171745919962088,0.22657898508564966,14,0.06274448903191657,0.1137222331342666,26,0.055186614654690797,0.1074266530609147
122,4-7-14-26,4,0.23197645160260086,26x212,0.05015389999607578,4,0.08675377484960875,0.32702360031047945,7,0.10614961538840553,0.16243089216270676,14,0.043540902332655534,0.10988731622912125,26,0.053591923242600766,0.10654039859021448
123,4-7-14-26,4,0.216755203299955,26x212,0.05072590001509525,4,0.08726584429491298,0.22329612370048135,7,0.0574853242970919,0.09844969804361314,14,0.04892360116674534,0.10959522266094393,26,0.0439349110881229,0.09159819996159255
124,4-7-14-26,4,0.22542694090312343,26x212,0.052379700005985796,4,0.09072998836805649,0.26876542591226776,7,0.04785430705369034,0.2088486124214931,14,0.06887757457914509,0.11960223656722674,26,0.04862141611345446,0.08229913716696491
125,4-7-14-26,4,0.22416930509755914,26x212,0.04810340001131408,4,0.09081932815364448,0.18772764489812344,7,0.10911889593004583,0.15942519808809774,14,0.047453207153228455,0.13590214003190895,26,0.04897031974956695,0.09729472364151652
126,4-7-14-26,4,0.2162579247697343,26x212,0.05625500000314787,4,0.089607991603844,0.40999798639396484,7,0.05746369844167158,0.14272388718795545,14,0.08189569292508449,0.12419790818212581,26,0.04901114095948126,0.10081827964167409
127,4-7-14-26,4,0.22945257600512406,26x212,0.03636550001101568,4,0.10366341126914944,0.3591186314050549,7,0.045034209128009,0.19823666707178897,14,0.055109156103538455,0.10961501792482307,26,0.07040825690556081,0.087909195776119
128,4-7-14-26,4,0.21617710632659304,26x212,0.038000800006557256,4,0.10041706806008308,0.1586505714872447,7,0.04770921713172126,0.07705832351347656,14,0.05025336589702149,0.07563059813045017,26,0.04533725812682048,0.08293813582634244
129,4-7-14-26,4,0.21689727104420467,26x212,0.03920920001110062,4,0.09843271828019558,0.4080375358695636,7,0.057982469716547455,0.15554832445190042,14,0.05184076994000106,0.13676669373778125,26,0.04644921369752317,0.09757369485650819
130,4-7-14-26,4,0.21294855547784747,26x212,0.0491244999866467,4,0.09843863702547047,0.35716584803207274,7,0.04795695217954498,0.19772947262562782,14,0.04887082951870358,0.15707166220473892,26,0.05307402346791822,0.10371085352060139
131,4-7-14-26,4,0.2174475333667061,26x212,0.046290600002976134,4,0.09295950954620548,0.2687419383147199,7,0.05592147499179523,0.070666754754926,14,0.04993802671752064,0.0949488476424822,26,0.04400580242701662,0.09438510099737826
132,4-7-14-26,4,0.2284749735161921,26x212,0.035859900002833456,4,0.10627175032248176,0.333315053874999,7,0.05139440589205544,0.1963593065109615,14,0.056891038189554266,0.15242460739331015,26,0.04900774179186409,0.07980626312530976
133,4-7-14-26,4,0.2251625518492957,26x212,0.041023500001756474,4,0.09911129891067033,0.37560912615005765,7,0.060046347900997735,0.23008773464328133,14,0.05442902493459309,0.14464005034311628,26,0.06796499171488998,0.09848857156907634
134,4-7-14-26,4,0.2196299551258549,26x212,0.04265960000338964,4,0.10158969808716259,0.21055897375987123,7,0.05401229684024503,0.146094438219365,14,0.04821800639705995,0.1427266883586081,26,0.04416991749912085,0.08993478804420789
135,4-7-14-26,4,0.23354538704619857,26x212,0.03375539998523891,4,0.12293332274063577,0.23889696801853696,7,0.046601410210466966,0.12681766420622828,14,0.05082804044692744,0.09334264671663979,26,0.05209758580368522,0.07439271623668053
136,4-7-14-26,4,0.22413369647472528,26x212,0.033547099999850616,4,0.09413930471936705,0.27491388470563416,7,0.06960964832958584,0.15680665178303857,14,0.05085655612523905,0.1783968541414946,26,0.048762595465443245,0.09771737315970638
137,4-7-14-26,4,0.2040928163106458,26x212,0.03822129999753088,4,0.09207387792871057,0.37675538265884095,7,0.10848390523460537,0.2095274031060539,14,0.053457842452348095,0.16615412227838347,26,0.047701547670674804,0.10275815880047057
138,4-7-14-26,4,0.22572153490449895,26x212,0.03636549998191185,4,0.09042322791807321,0.35806845839348717,7,0.06516392104230848,0.15485487815956836,14,0.04859896529218975,0.08519520495370435,26,0.059582551589339686,0.09224467588779571
139,4-7-14-26,4,0.21356790299362355,26x212,0.03398470001411624,4,0.09777598276144164,0.21442773590764008,7,0.043250909620471054,0.19763610517832828,14,0.04929305654098558,0.11195405930947404,26,0.05155490763481577,0.09015944363123131
140,4-7-14-26,4,0.2166272359337854,26x212,0.03999719998682849,4,0.10657726891858778,0.41214455413118173,7,0.05209422567925259,0.16966328459486638,14,0.04866975366457536,0.1524996367750629,26,0.05311934261253206,0.12180369380223095
141,4-7-14-26,4,0.21801172030475513,26x212,0.043602999998256564,4,0.1033680197047853,0.17417139437185766,7,0.0459969211394558,0.12821196086009073,14,0.045336864029709406,0.12039434748212995,26,0.04925009879572278,0.08044299577811673
142,4-7-14-26,4,0.2243266304343979,26x212,0.04638050001813099,4,0.09119586182031578,0.2558023827118297,7,0.05006228057126914,0.17995697831748556,14,0.05778070728816507,0.09913224462496804,26,0.05017221104377066,0.08983898228947029
143,4-7-14-26,4,0.21043030871094753,26x212,0.05044369999086484,4,0.10007776374763647,0.17791122458928263,7,0.06404801469575484,0.09247829791766328,14,0.04205222804186,0.11752967966202482,26,0.050666203428645015,0.09068838825515568
144,4-7-14-26,4,0.21465461404083439,26x212,0.04083739998168312,4,0.09779527185588052,0.2782258012433694,7,0.06301962617631023,0.22938453894273692,14,0.05284329848982464,0.10810733322406332,26,0.047739765452969325,0.10801542641617896
145,4-7-14-26,4,0.2242138910986661,26x212,0.05360590000054799,4,0.0931360006842995,0.3168851149649654,7,0.07257083025756199,0.09665497878414898,14,0.051113257547500006,0.11211741258909012,26,0.05217353546533391,0.062492372597734124
146,4-7-14-26,4,0.21730374076625816,26x212,0.05682689999230206,4,0.08378759796504777,0.3119936765447558,7,0.050619184244432,0.20918388776864377,14,0.05582447232812427,0.13518062818620946,26,0.04458531658814353,0.09836467004062638
147,4-7-14-26,4,0.22324792118324432,26x212,0.047367699997266755,4,0.08446038234818802,0.34561244285647624,7,0.09596488154138066,0.15032304357138876,14,0.04481740394008292,0.12399174510764356,26,0.048185183619116466,0.08536647079990482
148,4-7-14-26,4,0.2407222757244405,26x212,0.049170899990713224,4,0.10309598257686056,0.25810781924996207,7,0.07725535341651205,0.12837023873113917,14,0.049496134416770275,0.15051488918218384,26,0.0546064822699164,0.08210293467710532
149,4-7-14-26,4,0.23341814686209741,26x212,0.05569809998269193,4,0.11968173818009577,0.11923296028085723,7,0.04959525880414498,0.06642664654598121,14,0.049555206324294866,0.09331355991763453,26,0.044960342653412186,0.08847903349550766
150,4-7-14-26,4,0.2345652034825481,26x212,0.03696769999805838,4,0.10521532914546433,0.21240344949860138,7,0.1009873044722787,0.12829176217195196,14,0.058197191587606514,0.1038046688254643,26,0.04524513374136027,0.07777478830342523
151,4-7-14-26,4,0.22864416029451184,26x212,0.039730100019369274,4,0.10677705243154427,0.23692071703618825,7,0.049665753550162076,0.15580084401021202,14,0.050958436845447465,0.13090679528804164,26,0.04830440338048501,0.09746298235081928
152,4-7-14-26,4,0.22930312228857871,26x212,0.05268169997725636,4,0.09658517400029511,0.2844027509810092,7,0.08379405135325574,0.13529470673011482,14,0.04779943177672093,0.12352777524001905,26,0.043734217734744014,0.08690644067491266
153,4-7-14-26,4,0.22155675638828498,26x212,0.052041999995708466,4,0.08837492980284703,0.29738529004990705,7,0.05427753626753714,0.13141413490562043,14,0.05078344620590073,0.11609305638016978,26,0.04811773308439853,0.08532980587793777
154,4-7-14-26,4,0.21903677210269742,26x212,0.04209079997963272,4,0.09742480841505309,0.264997154647685,7,0.0509322216743341,0.15936501197714506,14,0.05524320884982119,0.1331217866115963,26,0.04255048174614746,0.09754445393240753
155,4-7-14-26,4,0.21928872867608415,26x212,0.033997399994404987,4,0.09778107979131449,0.39329413829012766,7,0.06354859879256779,0.11086513282358695,14,0.04834596122004313,0.08867655773567379,26,0.07006736137484591,0.099248629590302
156,4-7-14-26,4,0.22048651262502023,26x212,0.041635100002167746,4,0.084367153471535,0.33299463582318184,7,0.07551771079962286,0.16394062741026738,14,0.0419313806755502,0.14236550333091486,26,0.05046753745702853,0.07651779873284102
157,4-7-14-26,4,0.23649858743112873,26x212,0.04583769998862408,4,0.10310138639805201,0.28558742611776605,7,0.0522811028184601,0.18192697610634662,14,0.05099250215689328,0.1159343513658188,26,0.06671575794630602,0.09130110096683051
158,4-7-14-26,4,0.22097393303454077,26x212,0.051705799996852875,4,0.0906819848425265,0.3285624493128044,7,0.06672067008300074,0.14486247529843901,14,0.04819421737558217,0.11791538360023279,26,0.04670451416840063,0.10780987649996776
159,4-7-14-26,4,0.2273449657644522,26x212,0.04028909999760799,4,0.09634334881020304,0.2359631565430194,7,0.04606215820426684,0.1512022742518054,14,0.05085634694245316,0.10662907633268326,26,0.0598628357728224,0.06053959520409018
160,4-7-14-26,4,0.2357327623084513,26x212,0.03347659998689778,4,0.1093712341676689,0.3317006055636267,7,0.06181452066966566,0.16194188952843877,14,0.047058810616552885,0.12450999733064834,26,0.06680537153489986,0.075482094247737
161,4-7-14-26,4,0.2372442113200249,26x212,0.037467700021807104,4,0.12018856538411818,0.25262899163173486,7,0.05731105915343609,0.10907523108417842,14,0.05059652806198314,0.10028988847132982,26,0.0532687711631612,0.10033482459712498
162,4-7-14-26,4,0.22304581255611677,26x212,0.0372159999969881,4,0.1048908682489526,0.24977312799501064,7,0.04406499845048865,0.18079855477451648,14,0.04919109139086751,0.14863083372253458,26,0.04934970009240799,0.09435499812638541
163,4-7-14-26,4,0.23329755489149553,26x212,0.04236690001562238,4,0.10875321268236987,0.22048581123567665,7,0.049642039132238476,0.1613972734494856,14,0.049597107129017375,0.09542267525632879,26,0.05786335385109176,0.09051013802921622
164,4-7-14-26,4,0.22254117078260263,26x212,0.05052859999705106,4,0.09627002729836899,0.3130650651197348,7,0.04739440808293481,0.2590141058424047,14,0.049344249922602064,0.12347679239749615,26,0.05274525673982817,0.0824552043980623
165,4-7-14-26,4,0.21137023533057656,26x212,0.04393079999135807,4,0.10276452962043364,0.31270963049957656,7,0.0465541315610534,0.17423176460298584,14,0.049344630607753966,0.10542534023775693,26,0.04729727396339429,0.08116465578522762
166,4-7-14-26,4,0.22382386976462815,26x212,0.03925909998361021,4,0.10786957359534974,0.22453105270798823,7,0.04713975732905776,0.18651332232454204,14,0.04797775892037085,0.086819550175346,26,0.04765180999663925,0.08201978028077067
167,4-7-14-26,4,0.2619059950187318,26x212,0.05142469998099841,4,0.13467465786169763,0.23094055641283043,7,0.05288962345744539,0.12097588973569855,14,0.13253939526564087,0.1274686161870856,26,0.05301153781501688,0.08078976745488432
168,4-7-14-26,4,0.24298543303364614,26x212,0.0498807999829296,4,0.11690305416686649,0.18769429994190004,7,0.049443770303922156,0.13352882680626718,14,0.045915388590050336,0.10384758451077221,26,0.07863602038322572,0.07156855134717227
169,4-7-14-26,4,0.23381594314133086,26x212,0.04064089999883436,4,0.11654864040848213,0.27227843353082964,7,0.05141815239813605,0.1809172273131428,14,0.04811800032071832,0.1442329506448795,26,0.050567419802403715,0.07872705016408055
