indice_interno,clase,archivo,distribucion,numero_capas,error_final,forma_w_final,forma_h_final,capa_1_rango,capa_1_error,capa_1_ortogonalidad_h,capa_1_segundos,capa_2_rango,capa_2_error,capa_2_ortogonalidad_h,capa_2_segundos,capa_3_rango,capa_3_error,capa_3_ortogonalidad_h,capa_3_segundos,capa_4_rango,capa_4_error,capa_4_ortogonalidad_h,capa_4_segundos
0,N,New_N_001.wav,15-14-13-12,4,0.28696945204714064,126x12,12x212,15,0.04900094876104395,0.3513777566963183,0.02341369999339804,14,0.15864968433087479,0.14363197466845057,0.009323999984189868,13,0.1627384126193109,0.11353405783747417,0.010679800005163997,12,0.1943961814430516,0.11453200369047672,0.009644400008255616
1,N,New_N_002.wav,15-14-13-12,4,0.29671931571078153,126x12,12x212,15,0.045986141736207096,0.40617578703250834,0.02321549999760464,14,0.17929311895350897,0.19210246370249992,0.01094469998497516,13,0.20797281257828754,0.13794623613108664,0.010907699994277209,12,0.1688022134483374,0.12118110835733374,0.009609899978386238
2,N,New_N_003.wav,15-14-13-12,4,0.29179548568466834,126x12,12x212,15,0.055292670624620704,0.3294350727924591,0.02199290000135079,14,0.14082116771046052,0.19042272070655283,0.006472900015069172,13,0.1660065503692047,0.1557894360774848,0.007703999988734722,12,0.17440511504778838,0.15267624359818155,0.00754140000208281
3,N,New_N_004.wav,15-14-13-12,4,0.2967261909332741,126x12,12x212,15,0.050177233191800764,0.36136230383500084,0.01823260000674054,14,0.17832302585053314,0.19600288662112952,0.007694900006754324,13,0.22408423723872134,0.15425372457616915,0.006870500015793368,12,0.09441984642470971,0.14976909851720943,0.006278599990764633
4,N,New_N_005.wav,15-14-13-12,4,0.287140742081983,126x12,12x212,15,0.041373815745830975,0.39182941769613344,0.023470600019209087,14,0.13076772093635003,0.20230713362443567,0.006795499997679144,13,0.20414622031741872,0.14419593547657455,0.006389899994246662,12,0.18023177249951694,0.1183910382630738,0.005580299999564886
5,N,New_N_006.wav,15-14-13-12,4,0.3198086349239158,126x12,12x212,15,0.05174391196391788,0.3580237950143327,0.02284650001092814,14,0.1701089608272132,0.13762860548716663,0.008136600023135543,13,0.1833117075674689,0.10657563359355145,0.0065642000117804855,12,0.2592921793412442,0.08387278874460093,0.005881799996132031
6,N,New_N_007.wav,15-14-13-12,4,0.28261538530957125,126x12,12x212,15,0.0508503478327872,0.364474964260919,0.01696740000625141,14,0.16059512444515078,0.1551821728115836,0.008984799991594627,13,0.1329097626232638,0.09589209729144876,0.00939789999392815,12,0.19542561568603511,0.07737782739389609,0.009386099991388619
7,N,New_N_008.wav,15-14-13-12,4,0.30376872239647,126x12,12x212,15,0.050242453152402194,0.4096689454470073,0.01549750001868233,14,0.17168162645466833,0.186777045905624,0.010833800013642758,13,0.21926434751852864,0.13425379590579362,0.006723699974827468,12,0.20861556143687662,0.1268623209989188,0.005687400000169873
8,N,New_N_009.wav,15-14-13-12,4,0.2845165869596809,126x12,12x212,15,0.046710109199033484,0.36298670825615503,0.021759200026281178,14,0.15262856192975327,0.15724029512483995,0.012086199974874035,13,0.1615440359164504,0.11931198645001,0.009988700010580942,12,0.1952664988092241,0.10193230543492761,0.008984099986264482
9,N,New_N_010.wav,15-14-13-12,4,0.33183493512005907,126x12,12x212,15,0.06108575871936813,0.3313077548246302,0.016486199980136007,14,0.1769905394496432,0.14283453822657205,0.00683470000512898,13,0.17584247911159248,0.11632964972437544,0.009855900018010288,12,0.2159953469009656,0.10959591235257128,0.008112499985145405
10,N,New_N_011.wav,15-14-13-12,4,0.28322667117066863,126x12,12x212,15,0.058791334160147084,0.381620167282214,0.02237250001053326,14,0.182683111457368,0.16813396019380888,0.011733599996659905,13,0.1541239306977196,0.11736449450534887,0.00618130000657402,12,0.21582553949408018,0.10888587749142582,0.009058400028152391
11,N,New_N_012.wav,15-14-13-12,4,0.3184673603887229,126x12,12x212,15,0.049079736820639805,0.39408573270621994,0.020378900022478774,14,0.1710703541501136,0.1748639270386714,0.008550600003218278,13,0.24221992858911498,0.13641923841621992,0.006478799972683191,12,0.18171400070768964,0.1265076710345605,0.0055440999858547
12,N,New_N_013.wav,15-14-13-12,4,0.2932535333761128,126x12,12x212,15,0.0560056342902573,0.36844679490549903,0.020953799976268783,14,0.12634480010449153,0.18518711267779425,0.011917700001504272,13,0.13692020333715257,0.14151612128702445,0.006501900003058836,12,0.12730175574844665,0.10622914816340522,0.005799199978355318
13,N,New_N_014.wav,15-14-13-12,4,0.29972258289840836,126x12,12x212,15,0.051055102047454844,0.3921626426743887,0.020421399996848777,14,0.16928574677343322,0.16223905658760066,0.012266900012036785,13,0.1918093757897927,0.13258064206963696,0.006388000008882955,12,0.2079634859943238,0.10457366032697761,0.005632100015645847
14,N,New_N_015.wav,15-14-13-12,4,0.3008962741084559,126x12,12x212,15,0.05091052254566851,0.3839382867716273,0.019170200015651062,14,0.1519852970860556,0.18421083091378773,0.01143059998867102,13,0.16765500554684737,0.13966420145638045,0.011369000014383346,12,0.23802398643531586,0.11937655649601908,0.008290700003271922
15,N,New_N_016.wav,15-14-13-12,4,0.29309782748368685,126x12,12x212,15,0.049267744763729075,0.3486178056700832,0.020690200006356463,14,0.15136826655307575,0.17525132224203294,0.011433099978603423,13,0.14104591486432078,0.13809144593170267,0.006303000001935288,12,0.15967859467865128,0.10467173744672964,0.006156300019938499
16,N,New_N_017.wav,15-14-13-12,4,0.27460974634486185,126x12,12x212,15,0.05197202291856423,0.37423699443969904,0.017521200003102422,14,0.14479061059377724,0.18769162237295908,0.010944299981929362,13,0.16375271996492308,0.1325208046969347,0.00885710000875406,12,0.12362068005439457,0.13097710593261327,0.008204900019336492
17,N,New_N_018.wav,15-14-13-12,4,0.29941884902076316,126x12,12x212,15,0.05384541564914542,0.4143278642575169,0.016622499999357387,14,0.1740429549458267,0.1861527760306568,0.0067405999870970845,13,0.2201215566804355,0.1419479683443784,0.008103100000880659,12,0.26804872260460283,0.11691623539341846,0.0096956999914255
18,N,New_N_019.wav,15-14-13-12,4,0.30400041588584575,126x12,12x212,15,0.05558708852037991,0.3700230737678014,0.01903880000463687,14,0.19087946625142782,0.15164594544690577,0.007808900001691654,13,0.18391154777099053,0.11011490012809788,0.0090687999909278,12,0.21797977848958047,0.0961371419426726,0.006069800001569092
19,N,New_N_020.wav,15-14-13-12,4,0.27661753559320784,126x12,12x212,15,0.06204681793473868,0.3598189241577182,0.022205799992661923,14,0.14931105726236382,0.14054190244016218,0.011770800017984584,13,0.1389118003124407,0.1135221933706226,0.01185740000801161,12,0.1481025861783742,0.09564498899310313,0.009216600010404363
20,N,New_N_021.wav,15-14-13-12,4,0.331946663559948,126x12,12x212,15,0.05217519816904183,0.3518926755422626,0.016816600022139028,14,0.14863932523021342,0.16031405615179137,0.011759899993194267,13,0.27265244081697093,0.13266285831286057,0.009257700003217906,12,0.2003754580877111,0.11863846350817518,0.005790399998659268
21,N,New_N_022.wav,15-14-13-12,4,0.28961189764338113,126x12,12x212,15,0.054037603842934906,0.33368592024169974,0.02256339997984469,14,0.16828558534797716,0.1284929387628642,0.0079486999893561,13,0.17958249049854944,0.10039190726687686,0.006245800002943724,12,0.1722700097461493,0.08341984986052269,0.007041600008960813
22,N,New_N_023.wav,15-14-13-12,4,0.26789920936057615,126x12,12x212,15,0.051025422718322264,0.34534772374207134,0.020158300001639873,14,0.16312636440389927,0.16611728945630388,0.011048699991079047,13,0.19355117010912085,0.11254428187289807,0.006667799985734746,12,0.1525646379526879,0.11034057431445651,0.006246700009796768
23,N,New_N_024.wav,15-14-13-12,4,0.2924577637170098,126x12,12x212,15,0.04609926047971037,0.3804082560298812,0.019757500005653128,14,0.1661664577975554,0.16158042720048538,0.007271400012541562,13,0.17283975774456503,0.10749395563145338,0.006418600009055808,12,0.17754677245754455,0.08316650158776394,0.005888899991987273
24,N,New_N_025.wav,15-14-13-12,4,0.2821281351802454,126x12,12x212,15,0.06063769249649529,0.3752935609025028,0.02112049999414012,14,0.1988787252453465,0.16447536851094366,0.010899199987761676,13,0.18502438915115965,0.11078392763780971,0.009664000011980534,12,0.17702668988185513,0.09853866068172352,0.010794800007715821
25,N,New_N_026.wav,15-14-13-12,4,0.29702945476784803,126x12,12x212,15,0.056228690220945794,0.31453226502148374,0.017339999991236255,14,0.15855625241083765,0.12224425822743214,0.007878399977926165,13,0.1414591494086661,0.10227417968738732,0.009904800012009218,12,0.21809901484243924,0.09444786495689843,0.009904999984428287
26,N,New_N_027.wav,15-14-13-12,4,0.31829406861289744,126x12,12x212,15,0.053509241334785636,0.33191496981794216,0.017600799998035654,14,0.15232866998742683,0.12748587967674677,0.009349800006020814,13,0.18975791903976905,0.10623105196070234,0.00640800001565367,12,0.1818408187342808,0.08470821751559976,0.005980900023132563
27,N,New_N_028.wav,15-14-13-12,4,0.3026262316606257,126x12,12x212,15,0.05014900234024734,0.3825923419212287,0.02281670001684688,14,0.17218186132437377,0.15426416053706252,0.007738899992546067,13,0.1971320865201166,0.11016862485115866,0.006025899987434968,12,0.1984662759650353,0.10167007017619444,0.009420899994438514
28,N,New_N_029.wav,15-14-13-12,4,0.31312938044770994,126x12,12x212,15,0.059844130646833825,0.3490272611904364,0.01988879998680204,14,0.17130702582142593,0.1806331696293866,0.011273300013272092,13,0.18425638038676723,0.12441058418081063,0.009204100002534688,12,0.23051444168670143,0.09923447996128304,0.005844200000865385
29,N,New_N_030.wav,15-14-13-12,4,0.29678768101122793,126x12,12x212,15,0.054877291113479686,0.363491807305958,0.01822079997509718,14,0.1682851015347176,0.17463071643788852,0.011626500025158748,13,0.2028911466936695,0.15194778361321526,0.011246499983826652,12,0.2173909170509427,0.11118480321970341,0.005848100001458079
30,N,New_N_031.wav,15-14-13-12,4,0.32616690662629266,126x12,12x212,15,0.04963258753381368,0.367796128668278,0.019270200020400807,14,0.15653383440520857,0.18818233579470173,0.011726299999281764,13,0.18751301442226984,0.1375522227159283,0.010830299986992031,12,0.2065299680305001,0.12101500301095464,0.008478200004901737
31,N,New_N_032.wav,15-14-13-12,4,0.2928701242955244,126x12,12x212,15,0.0526850676337852,0.34361465632873844,0.018891599989729002,14,0.1420289543701322,0.1681878051266931,0.008047400013310835,13,0.13622278107762537,0.1369334052038222,0.010352999990573153,12,0.19546645800504783,0.11327303666372888,0.00942739998572506
32,N,New_N_033.wav,15-14-13-12,4,0.3299205217738335,126x12,12x212,15,0.05104260756126132,0.3680545609471016,0.02447299999766983,14,0.17013826576387822,0.15788485269072677,0.008786399994278327,13,0.24180037375555705,0.14587455205205657,0.008094799995888025,12,0.2518170444267789,0.12277077327113102,0.007489800016628578
33,N,New_N_034.wav,15-14-13-12,4,0.3099509078937246,126x12,12x212,15,0.05130482060001829,0.3258933603642114,0.01623690000269562,14,0.1272148875244915,0.15534775334279974,0.006941499974345788,13,0.19550917592178543,0.12746697004441493,0.006540799979120493,12,0.168692199299767,0.1022413482000991,0.007926799997221678
34,N,New_N_035.wav,15-14-13-12,4,0.29706181668515974,126x12,12x212,15,0.046242860686207796,0.4046253253330587,0.01966689998516813,14,0.12619641471391832,0.1943844475757895,0.007769000018015504,13,0.2073003327553548,0.11386821900831834,0.006491800013463944,12,0.19761160491407412,0.09033728133668799,0.0057400000223424286
35,N,New_N_036.wav,15-14-13-12,4,0.3236944980044567,126x12,12x212,15,0.04626999705373715,0.3692178873823035,0.02016169999842532,14,0.11250285996565047,0.20249673205640975,0.011913900001673028,13,0.2739224048433831,0.15030785784908915,0.010193800000706688,12,0.23888630476187134,0.12013748233649342,0.010364099987782538
36,N,New_N_037.wav,15-14-13-12,4,0.26690033303076577,126x12,12x212,15,0.03210055744289945,0.3667279684561737,0.015875899989623576,14,0.15960783543705187,0.09491328838262533,0.010143199993763119,13,0.13819543535002835,0.056497243632694844,0.010585800016997382,12,0.15128051831011433,0.04560163820384595,0.009762800007592887
37,N,New_N_038.wav,15-14-13-12,4,0.2701788791260871,126x12,12x212,15,0.029715257086256556,0.3973895284983834,0.01708130000042729,14,0.12868509895517083,0.11701045174620861,0.010567000019364059,13,0.12670094090948067,0.08174326694356661,0.010532999993301928,12,0.15846217119949252,0.061218089905666996,0.007357800001045689
38,N,New_N_039.wav,15-14-13-12,4,0.297586845317109,126x12,12x212,15,0.04135994098534059,0.39757462250102094,0.02414130000397563,14,0.13926906342042777,0.1470581406209421,0.01080819999333471,13,0.13459805741583983,0.08960741533502728,0.006579100008821115,12,0.15915776945637164,0.08422191380258771,0.007404200005112216
39,N,New_N_040.wav,15-14-13-12,4,0.3160912212470722,126x12,12x212,15,0.045210047118875704,0.37085478468848504,0.023327600007178262,14,0.09718903072962212,0.10535266507907155,0.011251800024183467,13,0.22454207318976568,0.06928346901009814,0.008980199985671788,12,0.18444726010229529,0.059064695311067936,0.009096699999645352
40,N,New_N_041.wav,15-14-13-12,4,0.2905287934784227,126x12,12x212,15,0.04324960854054078,0.4404861332949993,0.019399799988605082,14,0.15804487305758333,0.14027068607576357,0.007775199977913871,13,0.1502810933595108,0.11046543364766016,0.006660199986072257,12,0.15933646602976897,0.10200714063746873,0.006713300012052059
41,N,New_N_042.wav,15-14-13-12,4,0.266726286253236,126x12,12x212,15,0.044252487988842806,0.402194041964661,0.023097400000551715,14,0.1363759304548066,0.11659129326444014,0.007400899979984388,13,0.1000227548510875,0.07960594709585352,0.009888500004308298,12,0.22707237982611744,0.07614690296717808,0.009715799998957664
42,N,New_N_043.wav,15-14-13-12,4,0.3131152615515125,126x12,12x212,15,0.0390259951815984,0.4044485705722562,0.021934599993983284,14,0.13427758328994727,0.17582814913704875,0.010515800007851794,13,0.10178797677748326,0.13252380134620337,0.009192199999233708,12,0.2092606529412425,0.0927962851660198,0.008171199995558709
43,N,New_N_044.wav,15-14-13-12,4,0.3010923245215316,126x12,12x212,15,0.042914706886478894,0.4292901134129034,0.01815389998955652,14,0.15328944816260584,0.14508135803098188,0.012315400002989918,13,0.14653183271145823,0.11974579280001958,0.008879800006980076,12,0.18458577901783124,0.08391061562909369,0.008839899994200096
44,N,New_N_045.wav,15-14-13-12,4,0.2858665342941201,126x12,12x212,15,0.041341713422354105,0.4284821785141242,0.022950799990212545,14,0.151287784379378,0.15145115174114443,0.012143700005253777,13,0.24328516262630404,0.07867469384221468,0.008112899988191202,12,0.1896540717886683,0.0682804183190904,0.0056665000156499445
45,N,New_N_046.wav,15-14-13-12,4,0.2896364103568328,126x12,12x212,15,0.045695777907705924,0.4243385627147189,0.024060700001427904,14,0.146562542878211,0.20452244296095842,0.007157799991546199,13,0.1785698114644026,0.09678907594305641,0.007332899986067787,12,0.1526489913516058,0.07625505887060957,0.008572399994591251
46,N,New_N_047.wav,15-14-13-12,4,0.28805543434624065,126x12,12x212,15,0.03745251902139392,0.37898855046928703,0.02337229999830015,14,0.15094734019099812,0.14333719491499122,0.011497600004076958,13,0.13832932204893036,0.09561005273558201,0.010810400010086596,12,0.2362926873253883,0.0735371254270702,0.009640000003855675
47,N,New_N_048.wav,15-14-13-12,4,0.2972483860429496,126x12,12x212,15,0.04388528458617894,0.4085015871599379,0.021055899997008964,14,0.13589029507658085,0.13606812406925464,0.011075299989897758,13,0.20433707880397475,0.08308411043843347,0.00697539999964647,12,0.23472313876867115,0.05063562747525352,0.005710600002203137
48,N,New_N_049.wav,15-14-13-12,4,0.25949294191653055,126x12,12x212,15,0.04211909301495509,0.36018733323853314,0.023523800016846508,14,0.12779649479487437,0.13373565710094953,0.01095339999301359,13,0.1540577995003256,0.09705244257891138,0.008889399992767721,12,0.09239486384010984,0.07615341770214548,0.010141999984625727
49,N,New_N_050.wav,15-14-13-12,4,0.28872777436709784,126x12,12x212,15,0.040816497517039925,0.44695526750851955,0.03255089998128824,14,0.16138429710234148,0.17088943316748428,0.012710499984677881,13,0.16789564924417938,0.09663161049852044,0.009700599999632686,12,0.23270540368515008,0.07441212266666453,0.008576200023526326
50,N,New_N_051.wav,15-14-13-12,4,0.2970574159873082,126x12,12x212,15,0.036231815188940246,0.39514729677260607,0.015121700009331107,14,0.13913011344348805,0.13593520420117988,0.006626399990636855,13,0.22333282284650421,0.12383123264508332,0.00625090001267381,12,0.18727831542872395,0.10835206184310194,0.007302299985894933
51,N,New_N_052.wav,15-14-13-12,4,0.34312490066216106,126x12,12x212,15,0.04350484080102584,0.4423231743405687,0.0223827000008896,14,0.1435736444311241,0.21182071880868436,0.006812300009187311,13,0.21624271852330215,0.13761829561451075,0.006059099978301674,12,0.22495892519359284,0.09697451648993805,0.009988100006012246
52,N,New_N_053.wav,15-14-13-12,4,0.29572179025067563,126x12,12x212,15,0.040055439703135756,0.39765840848889544,0.02108619999489747,14,0.2052806262382712,0.1410384255281632,0.008604300004662946,13,0.15548006529058556,0.1149288008219812,0.006106199987698346,12,0.15442477123526868,0.09280626408655954,0.005717100022593513
53,N,New_N_054.wav,15-14-13-12,4,0.2501566882394303,126x12,12x212,15,0.039881825343359774,0.4124716636414787,0.019959800003562123,14,0.10811565105469566,0.14037676044101477,0.010905300005106255,13,0.14866927282182965,0.11332697520143566,0.010569400008535013,12,0.18116089232870775,0.10071241909184091,0.008790499996393919
54,N,New_N_055.wav,15-14-13-12,4,0.3222627733606144,126x12,12x212,15,0.03388739400323218,0.4270210374294636,0.022803700005169958,14,0.12699924804791463,0.1410009290964248,0.008470699976896867,13,0.1680425412107484,0.0934519577990176,0.011795200000051409,12,0.27519201478163635,0.08560847251925126,0.007952500018291175
55,N,New_N_056.wav,15-14-13-12,4,0.2871554481273775,126x12,12x212,15,0.04352599603066868,0.37539402539019534,0.020543100021313876,14,0.15392433397155714,0.1597349431938643,0.011636799987172708,13,0.11294873674321194,0.14672483183106078,0.011190699995495379,12,0.17348538414716094,0.11600733346431995,0.01021859998581931
56,N,New_N_057.wav,15-14-13-12,4,0.2976441691001596,126x12,12x212,15,0.0429789935739972,0.4109981811783242,0.021487400023033842,14,0.14943986228483394,0.17835808868961095,0.01183649999438785,13,0.1602833653103712,0.0928294945918595,0.0083030000096187,12,0.19863259973817393,0.07356177055402659,0.010701399995014071
57,N,New_N_058.wav,15-14-13-12,4,0.2547266584723337,126x12,12x212,15,0.03696929311264613,0.3780471895993187,0.022324500023387372,14,0.10512420725307516,0.10815046466009764,0.010540400020545349,13,0.15493232751916441,0.07464790001045267,0.011602099984884262,12,0.13126545632888123,0.05820941123773758,0.00815319997491315
58,N,New_N_059.wav,15-14-13-12,4,0.26693621629601777,126x12,12x212,15,0.05226805990698686,0.4389629849195383,0.017579900013515726,14,0.12828070458318022,0.18203848233010966,0.010952400014502928,13,0.15057338058183836,0.12056553507503828,0.009713600011309609,12,0.1277439996675711,0.09850948029307885,0.00795320002362132
59,N,New_N_060.wav,15-14-13-12,4,0.30420800830365585,126x12,12x212,15,0.03722027858700301,0.42051272098859754,0.024315499991644174,14,0.1334332094424008,0.19754222684320347,0.011251599993556738,13,0.17893712837560852,0.10040433460695368,0.008442699996521696,12,0.23396022174187436,0.0871361450762001,0.008259800000814721
60,N,New_N_061.wav,15-14-13-12,4,0.3048205855042668,126x12,12x212,15,0.03949768545087668,0.37899766128838025,0.017999100004089996,14,0.14250701122766432,0.11791893656104271,0.010907299991231412,13,0.18711677331912452,0.10740045156348318,0.011565900000277907,12,0.1639173752837343,0.08836713723699904,0.009629399981349707
61,N,New_N_062.wav,15-14-13-12,4,0.28323803253134094,126x12,12x212,15,0.03864341213334709,0.4014420482025245,0.019251199992140755,14,0.14817852086970199,0.12107820166729663,0.01196539998636581,13,0.2187452014718712,0.07177470171767958,0.010579499998129904,12,0.16701114166070657,0.052125029249698834,0.008839699992677197
62,N,New_N_063.wav,15-14-13-12,4,0.2705754815422338,126x12,12x212,15,0.038345072265292865,0.4426740231261944,0.017090799985453486,14,0.1326701335501871,0.15803907346661963,0.008740199991734698,13,0.16690266704883358,0.13393285388698004,0.008635499980300665,12,0.17116349019496838,0.10130581367716524,0.009748799988301471
63,N,New_N_064.wav,15-14-13-12,4,0.31789888383008585,126x12,12x212,15,0.042729078065675836,0.41854259593461635,0.02020289999200031,14,0.12196976854197213,0.180154750470194,0.010651599994162098,13,0.16028392656600485,0.14679791885314883,0.011244799999985844,12,0.20313468452546618,0.10561943010298659,0.010160000005271286
64,N,New_N_065.wav,15-14-13-12,4,0.271528624421669,126x12,12x212,15,0.04715349205992227,0.4332623674935088,0.02185070002451539,14,0.15480222655574458,0.1699883685123642,0.007433599996147677,13,0.1958603215159751,0.10214389420284506,0.007264900021255016,12,0.16316147280545415,0.0886454461118237,0.0058558999735396355
65,N,New_N_066.wav,15-14-13-12,4,0.31045189777433296,126x12,12x212,15,0.038766152563396696,0.42118310156622557,0.01867279998259619,14,0.1031454763447641,0.1587318917085933,0.010756200004834682,13,0.17093608444289282,0.05924731071977938,0.010535199980949983,12,0.20082912919288098,0.059039666734436884,0.010489100008271635
66,N,New_N_067.wav,15-14-13-12,4,0.3287977072684683,126x12,12x212,15,0.048191870864034904,0.4089871017449383,0.02397959999507293,14,0.13758498057749735,0.16268984566235437,0.011715400003595278,13,0.18480652322146732,0.09206178134663102,0.009630800021113828,12,0.23973126864858507,0.08246420579217578,0.009033900016220286
67,N,New_N_068.wav,15-14-13-12,4,0.2950265961405078,126x12,12x212,15,0.04003477612276818,0.4327282658508405,0.02437369999825023,14,0.13882982064792815,0.15639841135002283,0.010641500004567206,13,0.1623459472778725,0.10699427989318508,0.011923199985176325,12,0.1674792820075669,0.0739461167959529,0.007469799980754033
68,N,New_N_069.wav,15-14-13-12,4,0.28977380336278535,126x12,12x212,15,0.04593666249888678,0.3714384475988518,0.01793190001626499,14,0.14875328187237036,0.16146654054757886,0.007127600023522973,13,0.17577794867563484,0.11540952256150629,0.0074031999974977225,12,0.1563786103420064,0.08797023171940035,0.009688899997854605
69,N,New_N_070.wav,15-14-13-12,4,0.29328932218414794,126x12,12x212,15,0.04771621437451132,0.4319573810386441,0.02327740000328049,14,0.15676009393873533,0.13107979517428425,0.01204840000718832,13,0.16948666432907372,0.11241864046043946,0.010327399999368936,12,0.1635123840373966,0.09731931398305423,0.0064805000147316605
70,N,New_N_071.wav,15-14-13-12,4,0.3112455387050804,126x12,12x212,15,0.0516577435102335,0.4020146442672186,0.01930530002573505,14,0.15771104139293593,0.20815344879968017,0.009127599972998723,13,0.1772487858704349,0.14780902791369852,0.00730430000112392,12,0.21866535027532397,0.11782761125945568,0.007499200000893325
71,N,New_N_072.wav,15-14-13-12,4,0.29827523160854547,126x12,12x212,15,0.05050424297701995,0.4144357785538727,0.022027500002877787,14,0.17729175927693397,0.17230269035303547,0.0070238999905996025,13,0.16804612995873616,0.14210068726516115,0.006228300015209243,12,0.2047990420087273,0.13108752054322198,0.007407400000374764
72,N,New_N_073.wav,15-14-13-12,4,0.2980739511101424,126x12,12x212,15,0.04967832541593053,0.3831876899454825,0.02108639999642037,14,0.13861509092811397,0.12880255290917592,0.01127049999195151,13,0.15246637140096017,0.07807235254845492,0.009208999981638044,12,0.19969246766874038,0.07313240683637794,0.0056130999873857945
73,N,New_N_074.wav,15-14-13-12,4,0.28512253368539275,126x12,12x212,15,0.0506240480964122,0.3706020625848145,0.016250799992121756,14,0.14794129260238878,0.13521430695263914,0.010294999985489994,13,0.16884178172955164,0.09683241704261668,0.010498299991013482,12,0.1469780319579994,0.06931584817425589,0.006582700007129461
74,N,New_N_075.wav,15-14-13-12,4,0.29408533350931776,126x12,12x212,15,0.0490038654578631,0.4196512183647474,0.023509199992986396,14,0.16474618041814593,0.16113978137955828,0.009325499995611608,13,0.12029674857282092,0.12056047331146257,0.009890700021060184,12,0.1841590744693677,0.09901177399001161,0.007061999989673495
75,N,New_N_076.wav,15-14-13-12,4,0.30849207306648174,126x12,12x212,15,0.04813859744308052,0.3807551935847641,0.02321240000310354,14,0.16918453962843308,0.14699157846996602,0.008383599983062595,13,0.22796471247809189,0.10597106854320328,0.00899339999887161,12,0.15981947811246797,0.09135136605579597,0.007432599988533184
76,N,New_N_077.wav,15-14-13-12,4,0.3153915373102266,126x12,12x212,15,0.048264979495145605,0.39312900534605405,0.022381599992513657,14,0.19949164624834156,0.156409107240673,0.009908299980452284,13,0.13430278038254842,0.1183135683938706,0.011338500014971942,12,0.2939590405099636,0.09314041289399118,0.007751999975880608
77,N,New_N_078.wav,15-14-13-12,4,0.29364206601649406,126x12,12x212,15,0.05009686792508023,0.3898966897178949,0.017658799974014983,14,0.134190248519076,0.18673886091147626,0.010524999990593642,13,0.1707446727729266,0.15672692730458238,0.009394299995619804,12,0.21581202289441354,0.1194228505578038,0.007295799994608387
78,N,New_N_079.wav,15-14-13-12,4,0.2718575205382643,126x12,12x212,15,0.04903353341085937,0.3802089472082609,0.017577299993718043,14,0.17814160544982,0.15371176577791712,0.013769100012723356,13,0.1685916898170313,0.07563897069913338,0.007143700000597164,12,0.12604216264371668,0.05409197739254002,0.005888899991987273
79,N,New_N_080.wav,15-14-13-12,4,0.2918747625623533,126x12,12x212,15,0.058339394993982184,0.3453189824634199,0.017821899993577972,14,0.12403644393816818,0.18557727552662576,0.012311500002397224,13,0.11946484226388594,0.13967856177565383,0.009975799999665469,12,0.17137069698390173,0.1286289396668404,0.006208700011484325
80,N,New_N_081.wav,15-14-13-12,4,0.27431848027924766,126x12,12x212,15,0.048749051213924546,0.35775663322638734,0.018589000013889745,14,0.13380117995619442,0.14029907107055403,0.009944199991878122,13,0.1811197001095753,0.1022081590718161,0.010287500015692785,12,0.12179414281661888,0.08638024272471194,0.007468199997674674
81,N,New_N_082.wav,15-14-13-12,4,0.33254208718615086,126x12,12x212,15,0.05136510157918297,0.37393241051399273,0.01632749999407679,14,0.1311351947526973,0.15998867249078164,0.007726700016064569,13,0.2735725355897588,0.11482969932078778,0.010915299993939698,12,0.1878062666814668,0.1102917148698855,0.007282599981408566
82,N,New_N_083.wav,15-14-13-12,4,0.29232766655200926,126x12,12x212,15,0.04377936431325409,0.37516457369369544,0.019650800008093938,14,0.16972693159683885,0.16637620788134122,0.009298299992224202,13,0.16958296907940554,0.10667516405695142,0.009387300000526011,12,0.16116746766530157,0.09096176075768359,0.00934150000102818
83,N,New_N_084.wav,15-14-13-12,4,0.29777936019285484,126x12,12x212,15,0.05097068950153658,0.4206027792996433,0.021257200016407296,14,0.15630848564935795,0.14362802673204017,0.010969099996145815,13,0.21593056333813782,0.10382085308030004,0.007579099998110905,12,0.16937999687425698,0.07806090355921451,0.005679699999745935
84,N,New_N_085.wav,15-14-13-12,4,0.3116014679967881,126x12,12x212,15,0.048015892625037124,0.37662029269552505,0.020089600002393126,14,0.1838208493520927,0.151507352438308,0.01169119999394752,13,0.21689362731994416,0.0845045662259325,0.010692499985452741,12,0.1357547700569587,0.07489749908030613,0.008166299987351522
85,N,New_N_086.wav,15-14-13-12,4,0.3125790234193029,126x12,12x212,15,0.05240250706871546,0.39949554787598807,0.020557999989250675,14,0.12492870658206202,0.17368141683395372,0.006511199986562133,13,0.19396291488084283,0.12020168588211756,0.0061230999999679625,12,0.1429699336608482,0.10564405437617619,0.008121999999275431
86,N,New_N_087.wav,15-14-13-12,4,0.3023312768312394,126x12,12x212,15,0.04473570824491333,0.3598385650360997,0.02272779998020269,14,0.16276552410385706,0.1356784545144912,0.007349199993768707,13,0.1855026839042519,0.09858983912710037,0.006266799988225102,12,0.20661237531868418,0.09234531274622795,0.006270999991102144
87,N,New_N_088.wav,15-14-13-12,4,0.2659068099099347,126x12,12x212,15,0.04616625507063314,0.3817880870086823,0.02185230000759475,14,0.14925143531874605,0.15286308444980748,0.010019900015322492,13,0.09400264749319158,0.12129801313669596,0.010693199990782887,12,0.20527971084109375,0.10141361882820127,0.009079999988898635
88,N,New_N_089.wav,15-14-13-12,4,0.3216118998893786,126x12,12x212,15,0.05089339618767601,0.3924755954285193,0.015807499992661178,14,0.14844553954159845,0.16858297246520407,0.011911099980352446,13,0.1407822906588937,0.10622298713253289,0.011571000010007992,12,0.2500124105902216,0.10561408944305188,0.012282799987588078
89,N,New_N_090.wav,15-14-13-12,4,0.3238041755619323,126x12,12x212,15,0.054966676411719685,0.33987024193569637,0.023028200026601553,14,0.1296556261309931,0.12308974965327393,0.013201800000388175,13,0.17118959399143086,0.10475295056461811,0.010495299997273833,12,0.20518409384169825,0.10350011088043076,0.00858600001083687
90,N,New_N_091.wav,15-14-13-12,4,0.33364897629890244,126x12,12x212,15,0.04934489552896514,0.38160610594626776,0.0193174000014551,14,0.16177497023047688,0.17402411406321536,0.011345400009304285,13,0.23767442942183986,0.12166699068736289,0.009967699996195734,12,0.19843339819187727,0.11294393014056175,0.008061900007305667
91,N,New_N_092.wav,15-14-13-12,4,0.2776835396006274,126x12,12x212,15,0.05074348414996325,0.38357458729044847,0.017793500010157004,14,0.15071797295239978,0.17716387351728005,0.012250100000528619,13,0.1376560949591644,0.10719058201951406,0.009590800007572398,12,0.16190879818536896,0.08480206219193608,0.009929099993314594
92,N,New_N_093.wav,15-14-13-12,4,0.29068642415226104,126x12,12x212,15,0.05170377079315745,0.35568734743401864,0.020153399993432686,14,0.16744115754254565,0.16994292070134526,0.007842499995604157,13,0.10548958919641345,0.13383844740564776,0.011190699995495379,12,0.21058387780702426,0.10006381173169845,0.010001199989346787
93,N,New_N_094.wav,15-14-13-12,4,0.3117223060888348,126x12,12x212,15,0.05037255741012022,0.3789227107316258,0.020245499996235594,14,0.15890028812024265,0.15495892299700592,0.006878799991682172,13,0.2378377831715354,0.11588023251745269,0.0074133999878540635,12,0.1423181342032113,0.10032364543783313,0.01006609998876229
94,N,New_N_095.wav,15-14-13-12,4,0.32109840787559796,126x12,12x212,15,0.05200268311193634,0.40923719335403225,0.018679500004509464,14,0.18060895589606965,0.11942248815455354,0.012904300005175173,13,0.21543487763388836,0.10239232517640118,0.009022699989145622,12,0.21997497226785076,0.09009861326732814,0.00831180001841858
95,N,New_N_096.wav,15-14-13-12,4,0.3129902871265576,126x12,12x212,15,0.046890583360958644,0.40403986826349614,0.019962199992733076,14,0.1381241489944829,0.16814948144069827,0.0111046000092756,13,0.22926231121324314,0.09480358339853374,0.011305699998047203,12,0.1972795753763203,0.08365979428778575,0.010142400016775355
96,N,New_N_097.wav,15-14-13-12,4,0.29403996991076176,126x12,12x212,15,0.04338640501991336,0.3957714333289727,0.02442860000883229,14,0.14108189258640758,0.1872478931780769,0.006619099993258715,13,0.17611903776122595,0.09708121500419396,0.00619159999769181,12,0.2215344228462081,0.08471748467876532,0.006284400005824864
97,N,New_N_098.wav,15-14-13-12,4,0.34466743098281755,126x12,12x212,15,0.05436978001357056,0.3474933014788791,0.023260400019353256,14,0.13264457298123256,0.15246844807157875,0.010533299995586276,13,0.1753746144311861,0.08959656508061067,0.010069999989354983,12,0.22047578973880555,0.07457142205604386,0.005610399995930493
98,N,New_N_099.wav,15-14-13-12,4,0.30324466786716264,126x12,12x212,15,0.05558331992987782,0.40799674962364124,0.019968699984019622,14,0.18112867378506212,0.19585470862672616,0.009839700011070818,13,0.17791766219339572,0.13934805134071368,0.00647599998046644,12,0.12751461134573272,0.11605923976236603,0.006015599996317178
99,N,New_N_100.wav,15-14-13-12,4,0.2612419123334758,126x12,12x212,15,0.04991764637283888,0.4085823161669006,0.02344319998519495,14,0.11983498682250733,0.10334122746630472,0.011762700014514849,13,0.17583759190029669,0.08247769564396219,0.010789799998747185,12,0.18008664051643788,0.044711254370478515,0.007821000006515533
100,N,New_N_101.wav,15-14-13-12,4,0.3313893594285392,126x12,12x212,15,0.03622422652041066,0.452231800817622,0.019935299991630018,14,0.12888520659816996,0.19616570010082776,0.009086300007766113,13,0.22805986277657123,0.12057255441989749,0.007890300010330975,12,0.22810470444309552,0.08771516540758066,0.011062300007324666
101,N,New_N_102.wav,15-14-13-12,4,0.2837948577488622,126x12,12x212,15,0.0378850213425377,0.39836564014215126,0.01896769998711534,14,0.13525327361291886,0.1459853447626242,0.010544400021899492,13,0.16942507977922064,0.09473673020745274,0.011025400017388165,12,0.1625540282713918,0.08537343935019003,0.009202899993397295
102,N,New_N_103.wav,15-14-13-12,4,0.3066516213218862,126x12,12x212,15,0.03960571799000862,0.3992316597692694,0.020426200004294515,14,0.1374177335725457,0.18108601612196573,0.01058910001302138,13,0.12354049501123304,0.15253023023347503,0.008734800008824095,12,0.20747247108764472,0.1265366597225742,0.009563300001900643
103,N,New_N_104.wav,15-14-13-12,4,0.2584828918224447,126x12,12x212,15,0.04775294185328972,0.41673631998803484,0.020690900011686608,14,0.12984003055132415,0.16057488834721237,0.00854289997369051,13,0.18777244804116394,0.11588419200877531,0.006567400007043034,12,0.06603630783573924,0.0982584509800238,0.009134699997957796
104,N,New_N_105.wav,15-14-13-12,4,0.2672534441331074,126x12,12x212,15,0.044254750698818734,0.41130359663086363,0.02275579998968169,14,0.1325354590819881,0.12212995808233693,0.011749800003599375,13,0.20758558378810962,0.09901303717768348,0.01085290001356043,12,0.11565067792612051,0.06745864959908014,0.010173500020755455
105,N,New_N_106.wav,15-14-13-12,4,0.2794378807009893,126x12,12x212,15,0.033632774342639726,0.4113821153719579,0.024745100003201514,14,0.16564707673788343,0.19010902680756633,0.012619600020116195,13,0.1366198356562152,0.1376705323466178,0.01024380000308156,12,0.20751651969627263,0.1210290388624676,0.009758300002431497
106,N,New_N_107.wav,15-14-13-12,4,0.2896380315784439,126x12,12x212,15,0.040582397741608364,0.39772260833639367,0.02373220000299625,14,0.12448288485607799,0.1896017743529002,0.006860099994810298,13,0.18073251115290917,0.10245950865601723,0.0067276000045239925,12,0.1398577382209187,0.08321301987272657,0.005816200020490214
107,N,New_N_108.wav,15-14-13-12,4,0.31988880719134,126x12,12x212,15,0.04121320235929546,0.43655357128522604,0.02160340000409633,14,0.11736795005002033,0.16306723199449513,0.011221799999475479,13,0.14623411323229743,0.11168233313213245,0.011356100003467873,12,0.26339083612352143,0.09185600425280699,0.010270800004946068
108,N,New_N_109.wav,15-14-13-12,4,0.2982426184852896,126x12,12x212,15,0.036656937883598806,0.41006432914955965,0.01948329998413101,14,0.14449335612327827,0.1654470014279368,0.011260899977060035,13,0.18290480246499688,0.1103006281762195,0.01185579999582842,12,0.14446691213675442,0.1040401709420606,0.010430400026962161
109,N,New_N_110.wav,15-14-13-12,4,0.2942892287981039,126x12,12x212,15,0.03955178325120446,0.40165529698398067,0.017803299997467548,14,0.12385849377634273,0.18668007506861395,0.011305199994239956,13,0.14223803306702723,0.14553626894084754,0.011285700020380318,12,0.1779531866044186,0.12731483094973864,0.010381799977039918
110,N,New_N_111.wav,15-14-13-12,4,0.2855423666169549,126x12,12x212,15,0.04452413067931984,0.4106666590248425,0.023088399990228936,14,0.1506825121115891,0.1570254252026269,0.009924099984345958,13,0.130814001942822,0.10870858867659464,0.01040540001122281,12,0.14874385920760205,0.09474581331586444,0.010512099979678169
111,N,New_N_112.wav,15-14-13-12,4,0.3169471467727867,126x12,12x212,15,0.04079717552892708,0.42947007117224456,0.02331320001394488,14,0.16123280904842274,0.15792759021087946,0.011044399987440556,13,0.2207505812469064,0.12191542067576573,0.007670599996345118,12,0.2877925415762659,0.10863992844599676,0.007097599998814985
112,N,New_N_113.wav,15-14-13-12,4,0.3013198811651994,126x12,12x212,15,0.049028180472174006,0.4320054183901764,0.02340320000075735,14,0.15922063849638837,0.15344280580937705,0.011456300009740517,13,0.14913558620108452,0.11063955520417255,0.00821850000647828,12,0.173021711506801,0.1032115115755696,0.009995700005674735
113,N,New_N_114.wav,15-14-13-12,4,0.29177210902132716,126x12,12x212,15,0.038865844085596034,0.4164200918594582,0.02441969999927096,14,0.15729898031844947,0.12618537638342028,0.011088600003859028,13,0.19016064906709765,0.09345621018256058,0.01181880000513047,12,0.10633459602113728,0.08411819560868858,0.010213100002147257
114,N,New_N_115.wav,15-14-13-12,4,0.3127523570979183,126x12,12x212,15,0.03776274671150748,0.3476698295470347,0.021284999995259568,14,0.14668394251124103,0.1145332752261857,0.011930999986361712,13,0.19701709278792637,0.07864252831582032,0.00903039998956956,12,0.18926012010435975,0.060459336287288556,0.011831499985419214
115,N,New_N_116.wav,15-14-13-12,4,0.2837286152105234,126x12,12x212,15,0.03812367082134421,0.44642909579178647,0.020747300004586577,14,0.17637701496711344,0.18897951344844646,0.009530599985737354,13,0.18775344802939656,0.0992339556862295,0.011502700013807043,12,0.19588534675390737,0.09022862245046047,0.01035779999801889
116,N,New_N_117.wav,15-14-13-12,4,0.2843531185321435,126x12,12x212,15,0.04040413393230949,0.4401887476183375,0.022558500000741333,14,0.15267267560247963,0.1669366246649893,0.00699309998890385,13,0.12599145084963737,0.12864903921580048,0.011828199989395216,12,0.15007236880680208,0.1119036385160799,0.00968519999878481
117,N,New_N_118.wav,15-14-13-12,4,0.29094843358170414,126x12,12x212,15,0.047475565758823106,0.44149214068707965,0.022830900008557364,14,0.15617353785650134,0.17287222718657647,0.007273399998666719,13,0.1713089361248472,0.1345494023464705,0.00942599997506477,12,0.1334689170685699,0.11264473980715375,0.007001399993896484
118,N,New_N_119.wav,15-14-13-12,4,0.2891141368915099,126x12,12x212,15,0.04779480662993173,0.4407913776349591,0.02046529998187907,14,0.1308052199505537,0.1481099554415509,0.009378200018545613,13,0.14952270097152998,0.11345837892257138,0.0063652999815531075,12,0.1787073047891207,0.10076012622757922,0.005743699992308393
119,N,New_N_120.wav,15-14-13-12,4,0.27556165139547556,126x12,12x212,15,0.03291146973493771,0.392409330543065,0.0234375,14,0.11205972000830217,0.19173994783392603,0.010769499989692122,13,0.15844549044900202,0.1467015304371106,0.01243939998676069,12,0.1164935081565992,0.11914871969564304,0.010862099996302277
120,N,New_N_121.wav,15-14-13-12,4,0.2741391920488746,126x12,12x212,15,0.04904106366858358,0.4211528269990128,0.02130389999365434,14,0.1433671035405664,0.15898345455374538,0.012363399990135804,13,0.2041106872850649,0.11178900576284491,0.011222500004805624,12,0.13421950154507414,0.09827302132245053,0.010281800001394004
121,N,New_N_122.wav,15-14-13-12,4,0.28805915442214275,126x12,12x212,15,0.041669313753115444,0.40152489853179074,0.02156789999571629,14,0.12221104250492489,0.13666586430763253,0.0106542999856174,13,0.1407431358636601,0.10717720231800926,0.01143800001591444,12,0.2859649689643753,0.08739139144875051,0.010173199989367276
122,N,New_N_123.wav,15-14-13-12,4,0.3038843082509053,126x12,12x212,15,0.04850041184191564,0.44419626184883326,0.019455300003755838,14,0.13279328337788426,0.15375908679011105,0.010339700005715713,13,0.20869546535189668,0.10242777147786614,0.01003350000246428,12,0.18915052185819448,0.09258669923204363,0.010552399995503947
