indice_interno,base,clase,archivo,distribucion,representacion,numero_capas,error_final,forma_h_final,segundos_extraccion_deep,capa_1_rango,capa_1_error,capa_1_ortogonalidad_h,capa_1_segundos,capa_2_rango,capa_2_error,capa_2_ortogonalidad_h,capa_2_segundos,capa_3_rango,capa_3_error,capa_3_ortogonalidad_h,capa_3_segundos
0,SNR_0db,N,New_N_001.wav,30-13-6,DeepONMF_H3,3,0.40000212133951596,6x212,0.0260884000454098,30,0.26554324869288126,0.2572744087293749,0.017323200008831918,13,0.4337700696924574,0.14824101017446112,0.004800800001248717,6,0.49218560551024587,0.13184170121518815,0.0028312000213190913
1,SNR_0db,N,New_N_002.wav,30-13-6,DeepONMF_H3,3,0.3903922147700342,6x212,0.028128599980846047,30,0.25461027181681567,0.24367850143450298,0.019861499895341694,13,0.4627681791489486,0.16900937206024697,0.004624199937097728,6,0.5337220774170086,0.1954352885924189,0.0027876999229192734
2,SNR_0db,N,New_N_003.wav,30-13-6,DeepONMF_H3,3,0.38766647817092575,6x212,0.025491500040516257,30,0.25241099885153956,0.2464338112590246,0.0168708999408409,13,0.4454880560207954,0.14577089803622734,0.0049845000030472875,6,0.527098759398228,0.11496513693038568,0.0028617000207304955
3,SNR_0db,N,New_N_004.wav,30-13-6,DeepONMF_H3,3,0.4067264663921799,6x212,0.024657699977979064,30,0.26431950350678735,0.24548887038189063,0.0167848999844864,13,0.4252619037239478,0.15339941067691037,0.004327700007706881,6,0.5007539757828604,0.13107397716509128,0.002643299987539649
4,SNR_0db,N,New_N_005.wav,30-13-6,DeepONMF_H3,3,0.3894435530910396,6x212,0.02448380005080253,30,0.25214495064287745,0.252384896932891,0.01603130006697029,13,0.45137022597464876,0.1601552836191741,0.004231699975207448,6,0.5606157144765095,0.16575773885140635,0.0028449000092223287
5,SNR_0db,N,New_N_006.wav,30-13-6,DeepONMF_H3,3,0.40004818735609865,6x212,0.02396070002578199,30,0.2609380777506974,0.2449649424121838,0.015923800063319504,13,0.43398927892003597,0.1552932601239687,0.004487399943172932,6,0.5696236465653655,0.1414472749344688,0.002669599954970181
6,SNR_0db,N,New_N_007.wav,30-13-6,DeepONMF_H3,3,0.41045822931335363,6x212,0.025342000066302717,30,0.26195692975190427,0.2557708783074581,0.01734929997473955,13,0.3975287518601054,0.1566737027064834,0.004203999997116625,6,0.5125110589466607,0.1402198977246318,0.0025120999198406935
7,SNR_0db,N,New_N_008.wav,30-13-6,DeepONMF_H3,3,0.42842360559560716,6x212,0.02382880006916821,30,0.26203449497711,0.26006681434437184,0.015552000026218593,13,0.40186622158944024,0.15355180613800984,0.004762799944728613,6,0.5002699552610526,0.12285724042823777,0.002628799993544817
8,SNR_0db,N,New_N_009.wav,30-13-6,DeepONMF_H3,3,0.3883591569046804,6x212,0.024628299986943603,30,0.2611476036865868,0.2489281834849744,0.01664000004529953,13,0.43282003098359456,0.1658289368693197,0.004322200082242489,6,0.5407493654065912,0.15277425094500302,0.0026864000828936696
9,SNR_0db,N,New_N_010.wav,30-13-6,DeepONMF_H3,3,0.4208832691314617,6x212,0.023537800065241754,30,0.2625327878948266,0.2577650675868431,0.015130499959923327,13,0.4048477282310433,0.1504009700091949,0.004937399993650615,6,0.47716996025223546,0.11347226492102287,0.0026436999905854464
10,SNR_0db,N,New_N_011.wav,30-13-6,DeepONMF_H3,3,0.45129411335912223,6x212,0.02367010002490133,30,0.26124543411625206,0.23429551757004602,0.015900900005362928,13,0.4348009744224718,0.1653336911226665,0.0043005000334233046,6,0.529993262843319,0.14051374205000794,0.00260449992492795
11,SNR_0db,N,New_N_012.wav,30-13-6,DeepONMF_H3,3,0.4021497356328513,6x212,0.024033800000324845,30,0.25801960989712563,0.2433861974725231,0.01558779994957149,13,0.4333234448928856,0.16967729187684122,0.004572100006043911,6,0.5132784561150711,0.1514350496183217,0.0030647999374195933
12,SNR_0db,N,New_N_013.wav,30-13-6,DeepONMF_H3,3,0.37827268217375243,6x212,0.024831000017002225,30,0.26063290472785866,0.24681869302019566,0.016750499955378473,13,0.42398723489069046,0.1665405988622389,0.004561500041745603,6,0.5181484148269327,0.13996130995811606,0.0027019999688491225
13,SNR_0db,N,New_N_014.wav,30-13-6,DeepONMF_H3,3,0.39103071159563996,6x212,0.025252799969166517,30,0.2563215839975071,0.2474409393984419,0.016657300060614944,13,0.47639623019557953,0.16420375358194025,0.004722799989394844,6,0.5761268866901699,0.14443557837768195,0.0030813999474048615
14,SNR_0db,N,New_N_015.wav,30-13-6,DeepONMF_H3,3,0.397842448910999,6x212,0.024515099939890206,30,0.2626066316096976,0.252803977831285,0.016526899999007583,13,0.3982782881202032,0.15850439074082587,0.004421999910846353,6,0.561370591411149,0.13973212008612892,0.0026621000142768025
15,SNR_0db,N,New_N_016.wav,30-13-6,DeepONMF_H3,3,0.41632116998010515,6x212,0.026006900006905198,30,0.26058431309578783,0.25353616251488453,0.017236500047147274,13,0.3958334705322081,0.16314512431917363,0.004949099966324866,6,0.48109074900811233,0.13947334408101986,0.0028753000078722835
16,SNR_0db,N,New_N_017.wav,30-13-6,DeepONMF_H3,3,0.37892277718930373,6x212,0.025486900005489588,30,0.26569552365368104,0.2571621550733797,0.017285199952311814,13,0.4824755022699837,0.19847062333114712,0.004442299949005246,6,0.5345680473487223,0.1703265025710405,0.0028420999879017472
17,SNR_0db,N,New_N_018.wav,30-13-6,DeepONMF_H3,3,0.3982166076612743,6x212,0.024827499990351498,30,0.2605629144575404,0.2524680212104791,0.016520700068213046,13,0.39678671412066485,0.19059264941975756,0.004688899964094162,6,0.4389082828848117,0.1531952348314093,0.0028679000679403543
18,SNR_0db,N,New_N_019.wav,30-13-6,DeepONMF_H3,3,0.4018062446473355,6x212,0.0242434999672696,30,0.2593145969355782,0.244354555803143,0.016041799914091825,13,0.442016434541566,0.1859275468134438,0.004571400000713766,6,0.5019334436730468,0.1618805878090922,0.002754200017079711
19,SNR_0db,N,New_N_020.wav,30-13-6,DeepONMF_H3,3,0.394236941463732,6x212,0.025738899945281446,30,0.2608308065728886,0.2581165535462558,0.016738199978135526,13,0.4146624809542309,0.1599067085320587,0.004798399982973933,6,0.4758675972277242,0.1330344944863279,0.0032155000371858478
20,SNR_0db,N,New_N_021.wav,30-13-6,DeepONMF_H3,3,0.45393665759842955,6x212,0.024802899919450283,30,0.2507120444466618,0.25298263921893865,0.01690339995548129,13,0.4375249569015497,0.15404528629587871,0.004305600072257221,6,0.5406452979234374,0.1482811277819005,0.002643599989823997
21,SNR_0db,N,New_N_022.wav,30-13-6,DeepONMF_H3,3,0.39202183418364267,6x212,0.025109200039878488,30,0.2597526064506666,0.26028910464561755,0.01678220008034259,13,0.42479556412850883,0.1661961423065179,0.004673199960961938,6,0.5349580172604171,0.15367417541467412,0.002726999926380813
22,SNR_0db,N,New_N_023.wav,30-13-6,DeepONMF_H3,3,0.4254475529330026,6x212,0.02536229998804629,30,0.2553300130887675,0.23099800353182892,0.01720730005763471,13,0.42875631376913875,0.12722037517831292,0.0044238000409677625,6,0.530294782318896,0.13035220932706024,0.0026615000097081065
23,SNR_0db,N,New_N_024.wav,30-13-6,DeepONMF_H3,3,0.4003982692604524,6x212,0.02592509996611625,30,0.2582590855946726,0.246531560671394,0.017350399983115494,13,0.4358473915950137,0.15869063724309823,0.00489079998806119,6,0.5307920634018156,0.15855838983086198,0.0027655999874696136
24,SNR_0db,N,New_N_025.wav,30-13-6,DeepONMF_H3,3,0.37305452924222104,6x212,0.024922500015236437,30,0.2518428339246554,0.25621091901617704,0.016624499927274883,13,0.4225008825732303,0.19982930485224512,0.004737099981866777,6,0.48338814514642864,0.18478996408158813,0.002571699908003211
25,SNR_0db,N,New_N_026.wav,30-13-6,DeepONMF_H3,3,0.41138642231159206,6x212,0.02505120006389916,30,0.26069546031544927,0.2593059173004194,0.016600499977357686,13,0.44866773936628773,0.16510421277876633,0.004757600021548569,6,0.540365733413427,0.13467776570876389,0.002700399956665933
26,SNR_0db,N,New_N_027.wav,30-13-6,DeepONMF_H3,3,0.38766801515013505,6x212,0.02464630000758916,30,0.2560560252748088,0.25026034698479765,0.016709099989384413,13,0.4109013776040617,0.15708880934303562,0.004301300039514899,6,0.5623882504341801,0.1626803938012104,0.0026206999318674207
27,SNR_0db,N,New_N_028.wav,30-13-6,DeepONMF_H3,3,0.39028259061694187,6x212,0.02771469997242093,30,0.2571112253915997,0.2470624267296921,0.017791900085285306,13,0.4353543375443235,0.15882257302696937,0.006002599955536425,6,0.5570192510493973,0.14268056436665638,0.002969800028949976
28,SNR_0db,N,New_N_029.wav,30-13-6,DeepONMF_H3,3,0.4479567251489412,6x212,0.032093900023028255,30,0.2669804916244228,0.24072398831022104,0.020822999998927116,13,0.39488614310678055,0.13869541483058795,0.006995399948209524,6,0.46996242640772246,0.08711678415804387,0.0032890000147745013
29,SNR_0db,N,New_N_030.wav,30-13-6,DeepONMF_H3,3,0.4051685086544461,6x212,0.03196230006869882,30,0.25926594353911453,0.24070977104162797,0.02082959993276745,13,0.46950595251614097,0.18491452667114233,0.005962099996395409,6,0.5099545942505347,0.1554659015205969,0.0041850999696180224
30,SNR_0db,N,New_N_031.wav,30-13-6,DeepONMF_H3,3,0.4100928228506967,6x212,0.04212190001271665,30,0.2638788920838467,0.24280464754115255,0.030094900052063167,13,0.4522789205223675,0.1642501390467516,0.006467500003054738,6,0.5537150770421432,0.17978457938814418,0.004571500001475215
31,SNR_0db,N,New_N_032.wav,30-13-6,DeepONMF_H3,3,0.4063318510900382,6x212,0.03609489998780191,30,0.25623548881540675,0.23772193150145432,0.0252318000420928,13,0.4334765714336289,0.17361967750537147,0.006009300006553531,6,0.5159320957239298,0.141146354852586,0.0035247000632807612
32,SNR_0db,N,New_N_033.wav,30-13-6,DeepONMF_H3,3,0.3892005711473188,6x212,0.03222260007169098,30,0.2597159974402437,0.2401337273535316,0.02168749994598329,13,0.43186524222909856,0.14566619122314778,0.005907400045543909,6,0.5157781153416663,0.13642687229506525,0.0035831000423058867
33,SNR_0db,N,New_N_034.wav,30-13-6,DeepONMF_H3,3,0.41405587088074375,6x212,0.031552799977362156,30,0.26000239500968186,0.23956188483333582,0.021789400023408234,13,0.4415749484611107,0.138475661974619,0.005413600010797381,6,0.5461330784167279,0.121175825474269,0.003335300018079579
34,SNR_0db,N,New_N_035.wav,30-13-6,DeepONMF_H3,3,0.40080725609826123,6x212,0.03011060005519539,30,0.25753364898466036,0.2557146104633416,0.02010959992185235,13,0.4507961507146368,0.17227827867685747,0.0056833999697119,6,0.5444025590152758,0.17609652260595002,0.0033744999673217535
35,SNR_0db,N,New_N_036.wav,30-13-6,DeepONMF_H3,3,0.4042664812263753,6x212,0.04055289993993938,30,0.25546372261026207,0.24702390861799187,0.023440899909473956,13,0.43261156432989795,0.14575221818953615,0.009973500040359795,6,0.5008301740258719,0.12418237729300184,0.0060403000097721815
36,SNR_0db,N,New_N_037.wav,30-13-6,DeepONMF_H3,3,0.3654579488349986,6x212,0.030547100002877414,30,0.19422267524016049,0.26302201580505824,0.020886700018309057,13,0.33057290047568244,0.11882030962806198,0.005435600061900914,6,0.5175560513185485,0.10616769869829382,0.0032586000161245465
37,SNR_0db,N,New_N_038.wav,30-13-6,DeepONMF_H3,3,0.3882355484608195,6x212,0.03086609998717904,30,0.25351950322081174,0.24303047083803125,0.02120070008095354,13,0.41875912149511085,0.13002925741639204,0.005504600005224347,6,0.4995944872128994,0.10282354097028658,0.003249600064009428
38,SNR_0db,N,New_N_039.wav,30-13-6,DeepONMF_H3,3,0.4360173432541197,6x212,0.03145190002396703,30,0.26819015265227164,0.25145768153718884,0.022184700006619096,13,0.38827167666374696,0.17572524041195467,0.005197699996642768,6,0.5137402847010446,0.16299081638231205,0.003076799912378192
39,SNR_0db,N,New_N_040.wav,30-13-6,DeepONMF_H3,3,0.3808424379679051,6x212,0.029763800092041492,30,0.2522123028031367,0.22656811974355362,0.019988800049759448,13,0.3917313780994297,0.13592466617449345,0.005758699961006641,6,0.4754168845640554,0.10174663083788188,0.0030507000628858805
40,SNR_0db,N,New_N_041.wav,30-13-6,DeepONMF_H3,3,0.3999085973528198,6x212,0.028152099926955998,30,0.2610895548512661,0.24843143260992157,0.018910699989646673,13,0.41032178854909435,0.15074550238845083,0.004904800094664097,6,0.537376761117909,0.13001125991376222,0.0034774000523611903
41,SNR_0db,N,New_N_042.wav,30-13-6,DeepONMF_H3,3,0.4087189312487776,6x212,0.0270306000020355,30,0.26386798180387444,0.2458322697638157,0.01829180005006492,13,0.40436246265681924,0.1518114037166135,0.0048714999575167894,6,0.5121599908592921,0.13666282295844154,0.0028959999326616526
42,SNR_0db,N,New_N_043.wav,30-13-6,DeepONMF_H3,3,0.403137189217356,6x212,0.026635500020347536,30,0.2515545991882651,0.24622523678736954,0.01771419995930046,13,0.41964212505668674,0.13181698629162703,0.005154000013135374,6,0.5035765815286616,0.10966868674749215,0.0028782000299543142
43,SNR_0db,N,New_N_044.wav,30-13-6,DeepONMF_H3,3,0.3723406181861829,6x212,0.02610559994354844,30,0.2601527093136798,0.2619709752634354,0.017222799942828715,13,0.41987464251726225,0.14794133174827645,0.004755400004796684,6,0.5513467179851048,0.13138789628943,0.0031404999317601323
44,SNR_0db,N,New_N_045.wav,30-13-6,DeepONMF_H3,3,0.40479749219785555,6x212,0.02851749991532415,30,0.26324383437477106,0.25228726885947855,0.019588800030760467,13,0.4152090507203115,0.14035583847979025,0.005002099904231727,6,0.5591401075995411,0.11496287107079316,0.003011499997228384
45,SNR_0db,N,New_N_046.wav,30-13-6,DeepONMF_H3,3,0.40747486777822445,6x212,0.029967599897645414,30,0.2561574671089946,0.25716284459812555,0.020264399936422706,13,0.4202632430150525,0.1508330768997903,0.0056761999148875475,6,0.5405980157493541,0.12078130176373156,0.0031784999882802367
46,SNR_0db,N,New_N_047.wav,30-13-6,DeepONMF_H3,3,0.3883494687553208,6x212,0.031233099987730384,30,0.2550894255606207,0.24340766083389315,0.02053219999652356,13,0.4195121614834979,0.15762232873982576,0.005925799952819943,6,0.5172342050548525,0.12666849691720228,0.0037821000441908836
47,SNR_0db,N,New_N_048.wav,30-13-6,DeepONMF_H3,3,0.3867057608319534,6x212,0.030145799973979592,30,0.2513055393667677,0.24309214389554104,0.020483399974182248,13,0.41986485581844885,0.1464234870219093,0.0050134999910369515,6,0.4992281869292762,0.12623083886151354,0.0037134999874979258
48,SNR_0db,N,New_N_049.wav,30-13-6,DeepONMF_H3,3,0.36641540508611026,6x212,0.03445440006908029,30,0.25860302157139176,0.24696537942727464,0.02340790000744164,13,0.46553632843229364,0.19181282659780338,0.005656900000758469,6,0.5581297005874271,0.1635142299465701,0.004437999916262925
49,SNR_0db,N,New_N_050.wav,30-13-6,DeepONMF_H3,3,0.39850640052377184,6x212,0.03153389994986355,30,0.2545843011418287,0.2506442954828453,0.021710400003939867,13,0.4356919801018093,0.1640124283459892,0.005187299917452037,6,0.5253042199991497,0.1340339325468876,0.003615099936723709
50,SNR_0db,N,New_N_051.wav,30-13-6,DeepONMF_H3,3,0.37298189877620325,6x212,0.029288599966093898,30,0.2581607611824864,0.24330780683566564,0.019255800056271255,13,0.4278573707611541,0.15542373640544452,0.0059220000403001904,6,0.5310279857072147,0.14313552909902788,0.0032484999392181635
51,SNR_0db,N,New_N_052.wav,30-13-6,DeepONMF_H3,3,0.37730935280402655,6x212,0.029251100029796362,30,0.2529633687239943,0.250452056443209,0.020093800034374,13,0.43415565356134145,0.1758074852491115,0.0050759000005200505,6,0.5032710030052158,0.1662810395319256,0.0031493999995291233
52,SNR_0db,N,New_N_053.wav,30-13-6,DeepONMF_H3,3,0.404775692966034,6x212,0.028753899969160557,30,0.25857590515687595,0.2378395385001893,0.0188133999472484,13,0.4448438999147615,0.14257757316012432,0.006041600019671023,6,0.5355690504035927,0.10854155510388401,0.0030355999479070306
53,SNR_0db,N,New_N_054.wav,30-13-6,DeepONMF_H3,3,0.40021979085680287,6x212,0.02589069993700832,30,0.2560684980704873,0.2649148374212182,0.017104399972595274,13,0.36349081990223836,0.15168005513223826,0.00492640002630651,6,0.47851531499959893,0.10941105390600052,0.0028950999258086085
54,SNR_0db,N,New_N_055.wav,30-13-6,DeepONMF_H3,3,0.37774951438500703,6x212,0.027316799969412386,30,0.26163190450550994,0.24600669944836093,0.017963399994187057,13,0.4555516072056253,0.17724516630952294,0.005389200057834387,6,0.5471861201241497,0.1645858972084969,0.002958299941383302
55,SNR_0db,N,New_N_056.wav,30-13-6,DeepONMF_H3,3,0.41073094814618527,6x212,0.02979909989517182,30,0.2600699948422934,0.2533069996563561,0.02029949997086078,13,0.3920597826228816,0.14524705418877068,0.005509599926881492,6,0.5155892081472333,0.09200843608564092,0.003109399927780032
56,SNR_0db,N,New_N_057.wav,30-13-6,DeepONMF_H3,3,0.36270422990694884,6x212,0.029151699971407652,30,0.2554325027945474,0.24977747466987146,0.01998089998960495,13,0.41411495570501106,0.1688351651778593,0.005037399940192699,6,0.5215969324001107,0.13869555288001184,0.00314990000333637
57,SNR_0db,N,New_N_058.wav,30-13-6,DeepONMF_H3,3,0.4029874683737515,6x212,0.02812839997932315,30,0.2661551959586245,0.25928349754008706,0.019289600080810487,13,0.40487522829124384,0.1425440018708217,0.004993699956685305,6,0.5285114991574411,0.12612355473425782,0.0029775999719277024
58,SNR_0db,N,New_N_059.wav,30-13-6,DeepONMF_H3,3,0.4024412589314462,6x212,0.028961299918591976,30,0.25538126617017926,0.2401829207645205,0.01852579996921122,13,0.41732862101496293,0.1624230802429348,0.006436199997551739,6,0.4885457325765438,0.13564506844355553,0.003125599934719503
59,SNR_0db,N,New_N_060.wav,30-13-6,DeepONMF_H3,3,0.39397621530198906,6x212,0.028055400005541742,30,0.25331539952131,0.2501440462276136,0.01887719996739179,13,0.4620969353039462,0.12664978320576945,0.00496510008815676,6,0.5896395023755554,0.13133367715440666,0.003294799942523241
60,SNR_0db,N,New_N_061.wav,30-13-6,DeepONMF_H3,3,0.40556170697908506,6x212,0.026635900023393333,30,0.2609275714905666,0.2517791286531838,0.018370899953879416,13,0.4099326614161877,0.12031068836513693,0.00457380001898855,6,0.5189636835210565,0.10106253515543902,0.002886699978262186
61,SNR_0db,N,New_N_062.wav,30-13-6,DeepONMF_H3,3,0.37789549031428615,6x212,0.02573659992776811,30,0.2588594306595715,0.2527850386081904,0.016494999988935888,13,0.4042913143565749,0.18129470548377022,0.004994999966584146,6,0.4864847713217093,0.1496377505751929,0.0034764999290928245
62,SNR_0db,N,New_N_063.wav,30-13-6,DeepONMF_H3,3,0.40960536987000307,6x212,0.022854599985294044,30,0.25902133517645104,0.25133308086572176,0.015199799905531108,13,0.3949208852497587,0.15225637955086307,0.004324499983340502,6,0.5102627289865127,0.11886456498647248,0.0026190999196842313
63,SNR_0db,N,New_N_064.wav,30-13-6,DeepONMF_H3,3,0.3890165903931842,6x212,0.023724300088360906,30,0.2590932565891431,0.24664094729306735,0.01540150004439056,13,0.4137401833269067,0.15313868055013055,0.004348200047388673,6,0.530931055032376,0.1275062205918814,0.0028927000239491463
64,SNR_0db,N,New_N_065.wav,30-13-6,DeepONMF_H3,3,0.3735760333627478,6x212,0.022424899972975254,30,0.25106879998080983,0.25840996088037355,0.014012500061653554,13,0.4498931197804109,0.1543942704574832,0.004698600037954748,6,0.5364525998764014,0.11653301787003272,0.0026500000385567546
65,SNR_0db,N,New_N_066.wav,30-13-6,DeepONMF_H3,3,0.384892057449928,6x212,0.02420650003477931,30,0.2593146825834072,0.25644568988238786,0.01601050002500415,13,0.4588688343429662,0.17520119644323062,0.0043741000117734075,6,0.5310152380237688,0.15004440127654392,0.0026316000148653984
66,SNR_0db,N,New_N_067.wav,30-13-6,DeepONMF_H3,3,0.3844927358216862,6x212,0.026969200000166893,30,0.25830790918701363,0.26214537907272045,0.018162299995310605,13,0.4261281349084386,0.1563392112834657,0.005050399922765791,6,0.5386508609509777,0.14180403783514722,0.00292899995110929
67,SNR_0db,N,New_N_068.wav,30-13-6,DeepONMF_H3,3,0.40495622017444066,6x212,0.025487700011581182,30,0.2550301536444223,0.2542125963111734,0.017200600006617606,13,0.42172319786153833,0.16367205214562694,0.0044750000815838575,6,0.5126218755145556,0.13921689731769593,0.0029424000531435013
68,SNR_0db,N,New_N_069.wav,30-13-6,DeepONMF_H3,3,0.3935994800265094,6x212,0.024627000093460083,30,0.26047445114574086,0.2606150066430778,0.01566939998883754,13,0.4066681451405543,0.18247385221993215,0.005244800006039441,6,0.516209017111231,0.1661641217235713,0.002630600007250905
69,SNR_0db,N,New_N_070.wav,30-13-6,DeepONMF_H3,3,0.4063300717824771,6x212,0.0251887000631541,30,0.2619929129761649,0.2629615046101807,0.01706769992597401,13,0.4062019448077681,0.17782515292984008,0.004308299976401031,6,0.5022667272523585,0.1668709317193393,0.002822500071488321
70,SNR_0db,N,New_N_071.wav,30-13-6,DeepONMF_H3,3,0.41593288453914296,6x212,0.023398800054565072,30,0.25725580362138983,0.25638303635868487,0.014933800091966987,13,0.42633278289658355,0.17130604876570885,0.004896900034509599,6,0.5066074329515404,0.1498860352006754,0.002781399991363287
71,SNR_0db,N,New_N_072.wav,30-13-6,DeepONMF_H3,3,0.39605706805586355,6x212,0.024406000040471554,30,0.25928319374595626,0.255147735678497,0.016424600034952164,13,0.4098411971723937,0.18355142542351188,0.004325999994762242,6,0.4984222735705705,0.1381885440065224,0.0028080999618396163
72,SNR_0db,N,New_N_073.wav,30-13-6,DeepONMF_H3,3,0.438253562702962,6x212,0.025181100005283952,30,0.25924355973251284,0.2639442164942912,0.016098199994303286,13,0.3842552067395705,0.14047286910971962,0.0051033999770879745,6,0.4933659426000884,0.08897247862543393,0.002872199984267354
73,SNR_0db,N,New_N_074.wav,30-13-6,DeepONMF_H3,3,0.40426933614255056,6x212,0.026955700013786554,30,0.2598945301941768,0.253723713327805,0.01751250005327165,13,0.3937510163849006,0.14137786254332035,0.0049125999212265015,6,0.5326141629493412,0.10831438745154869,0.0032489000586792827
74,SNR_0db,N,New_N_075.wav,30-13-6,DeepONMF_H3,3,0.37117655849106723,6x212,0.02644509996753186,30,0.2563023576874741,0.2553304515742122,0.0179836000315845,13,0.39897485242491787,0.17394013122990137,0.0047085999976843596,6,0.4844756608692444,0.14624523723577493,0.0028104999801144004
75,SNR_0db,N,New_N_076.wav,30-13-6,DeepONMF_H3,3,0.4210029018299347,6x212,0.028294000076130033,30,0.2622101206451983,0.25168414879176815,0.01866560010239482,13,0.44016232116504833,0.15916321420416332,0.005694099934771657,6,0.5315138135352171,0.12650345056493423,0.003090699901804328
76,SNR_0db,N,New_N_077.wav,30-13-6,DeepONMF_H3,3,0.3754657811800227,6x212,0.0272094999672845,30,0.2558001646187661,0.24555446665872582,0.01816770003642887,13,0.4133605613591628,0.18213536810612505,0.0050200000405311584,6,0.4947905395424647,0.1661639438324239,0.0030531000811606646
77,SNR_0db,N,New_N_078.wav,30-13-6,DeepONMF_H3,3,0.38372497579310333,6x212,0.02889730001334101,30,0.257575361324794,0.24896264914346652,0.020111999940127134,13,0.3992562361553453,0.17684182974659896,0.004904999979771674,6,0.4763687323036041,0.16009946276199208,0.0029195999959483743
78,SNR_0db,N,New_N_079.wav,30-13-6,DeepONMF_H3,3,0.39163696495529504,6x212,0.02835789998061955,30,0.25514586039747245,0.2481134917676416,0.018757999991066754,13,0.4271885088874995,0.14328157621425403,0.005566900013945997,6,0.4978233815162537,0.0986102739926646,0.003032500040717423
79,SNR_0db,N,New_N_080.wav,30-13-6,DeepONMF_H3,3,0.41176664024842613,6x212,0.02625860006082803,30,0.25816525719811634,0.2596033822961787,0.017826099996455014,13,0.4053436116265373,0.17948660482513834,0.004694600007496774,6,0.44729007158801654,0.12015284121482336,0.002870399970561266
80,SNR_0db,N,New_N_081.wav,30-13-6,DeepONMF_H3,3,0.38376128794948,6x212,0.028059800039045513,30,0.26549822797569567,0.26245893447203195,0.019335699966177344,13,0.42753724388290715,0.1626397288206529,0.004849000019021332,6,0.5428925957682311,0.1485793655620556,0.002873700112104416
81,SNR_0db,N,New_N_082.wav,30-13-6,DeepONMF_H3,3,0.38302913795775306,6x212,0.027753999922424555,30,0.2563755804211977,0.25437827696416127,0.017800500034354627,13,0.42306144722407596,0.1908169422077359,0.0057345000095665455,6,0.5204793863636457,0.17470616953859508,0.003191400086507201
82,SNR_0db,N,New_N_083.wav,30-13-6,DeepONMF_H3,3,0.372085871745605,6x212,0.028362700017169118,30,0.25677946653768297,0.2609322929564623,0.019331000046804547,13,0.42111970842774055,0.18613356583698826,0.005149299977347255,6,0.5351490872380589,0.17274808733182193,0.002853600075468421
83,SNR_0db,N,New_N_084.wav,30-13-6,DeepONMF_H3,3,0.3863458462765526,6x212,0.02572969999164343,30,0.2544657895410332,0.24775953971458697,0.01751819998025894,13,0.46666116465667745,0.16507217452443806,0.004589600022882223,6,0.5403511792614791,0.1385852280597743,0.0026945999125018716
84,SNR_0db,N,New_N_085.wav,30-13-6,DeepONMF_H3,3,0.4164647708287314,6x212,0.025244100019335747,30,0.2583558463034156,0.255921683659075,0.016982599976472557,13,0.4393524994662808,0.18860856313581956,0.0043904000194743276,6,0.5712707187543633,0.21872467073239482,0.002979899989441037
85,SNR_0db,N,New_N_086.wav,30-13-6,DeepONMF_H3,3,0.42640714479644054,6x212,0.02458870003465563,30,0.2517913987507245,0.25045525362626253,0.016216499963775277,13,0.40859072627876747,0.14237029731371684,0.0047423000214621425,6,0.49438229017468616,0.09818264607198977,0.0026453000027686357
86,SNR_0db,N,New_N_087.wav,30-13-6,DeepONMF_H3,3,0.3965933145724336,6x212,0.02473229996394366,30,0.25326107562788747,0.2476001673053338,0.01656859996728599,13,0.4357321680558492,0.15132586961711156,0.004267600015737116,6,0.5829438993966009,0.14404973530244164,0.002794099971652031
87,SNR_0db,N,New_N_088.wav,30-13-6,DeepONMF_H3,3,0.38169377072927263,6x212,0.02327460004016757,30,0.2597125567959619,0.25722414175344166,0.014659999986179173,13,0.4332572770881876,0.1758578509472971,0.0048970000352710485,6,0.47205506586324375,0.1497850825605675,0.0026802999200299382
88,SNR_0db,N,New_N_089.wav,30-13-6,DeepONMF_H3,3,0.38121918582076725,6x212,0.024153499980457127,30,0.25802027618859347,0.2584879584903387,0.016272100037895143,13,0.4203252833437814,0.18148026437009007,0.004261299967765808,6,0.5166288013367957,0.17176331603168324,0.0026006000116467476
89,SNR_0db,N,New_N_090.wav,30-13-6,DeepONMF_H3,3,0.38609871891921055,6x212,0.024854399962350726,30,0.260418627900349,0.25449261428012315,0.016545499907806516,13,0.41370151413202816,0.16374378065350412,0.0047527001006528735,6,0.5394687908137646,0.17289813815708516,0.002682300051674247
90,SNR_0db,N,New_N_091.wav,30-13-6,DeepONMF_H3,3,0.41935110724240426,6x212,0.02517570008058101,30,0.25570926663715343,0.2523408067711088,0.016758899902924895,13,0.4226283421669486,0.14018834608854788,0.004748899955302477,6,0.5466591420963247,0.12851656987771773,0.0025730000343173742
91,SNR_0db,N,New_N_092.wav,30-13-6,DeepONMF_H3,3,0.42575862055165814,6x212,0.02594109997153282,30,0.26143485697433144,0.25862208968432665,0.01708140003029257,13,0.3850018270135186,0.15559218683855677,0.005131899961270392,6,0.47365445935048467,0.1203112294283886,0.0027796999784186482
92,SNR_0db,N,New_N_093.wav,30-13-6,DeepONMF_H3,3,0.38481324949551093,6x212,0.0239591000135988,30,0.2522222492413563,0.2518256912060576,0.015901400009170175,13,0.4545807384561609,0.16309654622340722,0.004418500000610948,6,0.5613739681982688,0.15552583946690424,0.002740899915806949
93,SNR_0db,N,New_N_094.wav,30-13-6,DeepONMF_H3,3,0.37629281167847656,6x212,0.02451650006696582,30,0.2630817289689823,0.2532531519779387,0.01626070006750524,13,0.42969150630539554,0.1745535895099871,0.004721499979496002,6,0.5555235280797766,0.16212398849834603,0.002724400022998452
94,SNR_0db,N,New_N_095.wav,30-13-6,DeepONMF_H3,3,0.38345653437673527,6x212,0.024606100050732493,30,0.2561180189365069,0.2681484167394917,0.016763699939474463,13,0.4346436892690906,0.1917252686780088,0.004254600033164024,6,0.5289743578370731,0.16750035762187912,0.002599500003270805
95,SNR_0db,N,New_N_096.wav,30-13-6,DeepONMF_H3,3,0.3921633671760185,6x212,0.025783700053580105,30,0.2519071588945521,0.24594770066225669,0.01750810001976788,13,0.44789465733248407,0.18624684503066133,0.004727500025182962,6,0.49412771547543605,0.1375996683080813,0.0026518000522628427
96,SNR_0db,N,New_N_097.wav,30-13-6,DeepONMF_H3,3,0.38163634555556536,6x212,0.024764399975538254,30,0.2585222723115174,0.251813621275899,0.01688010001089424,13,0.4136160606363291,0.1361230256027139,0.004230199963785708,6,0.5419316688282627,0.10564823005781802,0.0025749000487849116
97,SNR_0db,N,New_N_098.wav,30-13-6,DeepONMF_H3,3,0.389438407001545,6x212,0.025650499970652163,30,0.25592781018610616,0.2549523312089073,0.017204799922183156,13,0.41735971414488876,0.14948780998155614,0.004749300074763596,6,0.5092100236487958,0.12214557704693298,0.00271869997959584
98,SNR_0db,N,New_N_099.wav,30-13-6,DeepONMF_H3,3,0.4157710567270043,6x212,0.024465199909172952,30,0.2607562995411492,0.26170105594581766,0.016785799991339445,13,0.4229416140748489,0.15069638760314547,0.00429059995803982,6,0.5413623013144344,0.12865561943535977,0.0025937999598681927
99,SNR_0db,N,New_N_100.wav,30-13-6,DeepONMF_H3,3,0.38801661788896075,6x212,0.025067499955184758,30,0.2592038723577781,0.25916368594547706,0.016072000027634203,13,0.39892155578545957,0.13903275950436886,0.0052559999749064445,6,0.5633476238954777,0.13630938867862605,0.002803600043989718
100,SNR_0db,N,New_N_101.wav,30-13-6,DeepONMF_H3,3,0.4353770622935371,6x212,0.02436220005620271,30,0.2631480567567988,0.2494025905275008,0.016400700085796416,13,0.40240119428399934,0.14926388790958806,0.004423000034876168,6,0.5219452855013867,0.10816712847177394,0.0026674000546336174
101,SNR_0db,N,New_N_102.wav,30-13-6,DeepONMF_H3,3,0.39896975376191324,6x212,0.02472370001487434,30,0.2559451116908043,0.24310342987370204,0.016345600015483797,13,0.4535656423844017,0.1657317850930986,0.004842499969527125,6,0.5036286964099161,0.14913983510759926,0.00275129999499768
102,SNR_0db,N,New_N_103.wav,30-13-6,DeepONMF_H3,3,0.393966477990415,6x212,0.02450280007906258,30,0.2522096071244087,0.2577986455842091,0.01673289993777871,13,0.4610766972517004,0.1792010195416225,0.004272199934348464,6,0.5537073127703193,0.16666454003589873,0.0026178000262007117
103,SNR_0db,N,New_N_104.wav,30-13-6,DeepONMF_H3,3,0.39795554252344534,6x212,0.025386800058186054,30,0.2552604774433097,0.23880540247486512,0.01696749997790903,13,0.4145663333737365,0.15063902497231504,0.004758400027640164,6,0.5845235182495581,0.17013202780783018,0.002693799906410277
104,SNR_0db,N,New_N_105.wav,30-13-6,DeepONMF_H3,3,0.3784516462099807,6x212,0.023846699972636998,30,0.2540248994404782,0.24000612925228243,0.01620140008162707,13,0.4484762136477675,0.16333446990760372,0.004181999946013093,6,0.4659696443047768,0.11001768180315458,0.0025421000318601727
105,SNR_0db,N,New_N_106.wav,30-13-6,DeepONMF_H3,3,0.3952329434152558,6x212,0.024509300012141466,30,0.2560736844697119,0.2600878909063614,0.01625450002029538,13,0.408158893795114,0.14816650041359972,0.0045195999555289745,6,0.5362933352522461,0.1325311368397636,0.002840899978764355
106,SNR_0db,N,New_N_107.wav,30-13-6,DeepONMF_H3,3,0.38031785275652674,6x212,0.024620599928312004,30,0.25918984416874574,0.25533682142613134,0.01613739994354546,13,0.4274558186337135,0.1594105140465927,0.004706699983216822,6,0.5630614159372747,0.16175547212836044,0.0029356000013649464
107,SNR_0db,N,New_N_108.wav,30-13-6,DeepONMF_H3,3,0.3937331303449256,6x212,0.028411899926140904,30,0.2564937250001587,0.25635266992269645,0.019387800013646483,13,0.45061854273174606,0.14885120140829336,0.00515610002912581,6,0.5455038388417924,0.14076122760055457,0.0029331000987440348
108,SNR_0db,N,New_N_109.wav,30-13-6,DeepONMF_H3,3,0.4022927557435765,6x212,0.02560240007005632,30,0.25786442638132184,0.24940320570721047,0.017209299956448376,13,0.41342979533930546,0.15542249379696177,0.004463799996301532,6,0.5330270991865383,0.1577337095113576,0.0028385999612510204
109,SNR_0db,N,New_N_110.wav,30-13-6,DeepONMF_H3,3,0.3936135145364216,6x212,0.024946600082330406,30,0.2539982660640389,0.25838304767423786,0.016556499991565943,13,0.4030239344471524,0.15319907288384535,0.004798599984496832,6,0.4847330731980969,0.11464255265976366,0.002677899901755154
110,SNR_0db,N,New_N_111.wav,30-13-6,DeepONMF_H3,3,0.44420749098763224,6x212,0.02541530004236847,30,0.2618971073547509,0.25085003507296105,0.017514399951323867,13,0.4113006374040369,0.1259388240108995,0.004253600025549531,6,0.4849347928494703,0.08943153723230471,0.0026850999565795064
111,SNR_0db,N,New_N_112.wav,30-13-6,DeepONMF_H3,3,0.3817994120446984,6x212,0.024700799956917763,30,0.26046801067793723,0.24209458267166878,0.015669999993406236,13,0.3916997659287587,0.15774170410145105,0.005379199981689453,6,0.5140034319103579,0.13691115432968198,0.002646300010383129
112,SNR_0db,N,New_N_113.wav,30-13-6,DeepONMF_H3,3,0.3981214422881961,6x212,0.025004900060594082,30,0.2527363789349101,0.24556437034815973,0.01688620005734265,13,0.38876737195230704,0.16456601291688094,0.00435289996676147,6,0.4774449851135969,0.14589734701762222,0.0026097999652847648
113,SNR_0db,N,New_N_114.wav,30-13-6,DeepONMF_H3,3,0.3981494704742445,6x212,0.02698429999873042,30,0.2570637695081452,0.24490847919617725,0.01861210004426539,13,0.40559053122151706,0.16621664345092432,0.00458559999242425,6,0.5517821860943051,0.13881631236387854,0.002741999924182892
114,SNR_0db,N,New_N_115.wav,30-13-6,DeepONMF_H3,3,0.39500452552383736,6x212,0.024928599945269525,30,0.26570433497354046,0.26966259954514565,0.016808300046250224,13,0.43591187831453054,0.1718682145369161,0.004325999994762242,6,0.5447337376206273,0.15127030868531832,0.0029892000602558255
115,SNR_0db,N,New_N_116.wav,30-13-6,DeepONMF_H3,3,0.42373767668300677,6x212,0.025331499986350536,30,0.2552236641207598,0.23932323243328169,0.01682050002273172,13,0.37682585178343825,0.11917313138712032,0.0046938000014051795,6,0.5130321183614943,0.0883143255343121,0.0027149999514222145
116,SNR_0db,N,New_N_117.wav,30-13-6,DeepONMF_H3,3,0.3934295271164918,6x212,0.024835300049744546,30,0.2635703200318727,0.2640825245761248,0.016665400005877018,13,0.39931506555388996,0.16474625464065207,0.004283800022676587,6,0.5347753027186722,0.15176983616660927,0.002950599999167025
117,SNR_0db,N,New_N_118.wav,30-13-6,DeepONMF_H3,3,0.4106198870020199,6x212,0.025666499976068735,30,0.2536419572512294,0.24937837677986535,0.01735990005545318,13,0.4184484600494491,0.14274049893897292,0.0045115000102669,6,0.5686733439247603,0.12674578278856058,0.0027045001043006778
118,SNR_0db,N,New_N_119.wav,30-13-6,DeepONMF_H3,3,0.3868779146148774,6x212,0.025626800023019314,30,0.2592225245706578,0.25208800732277215,0.017594599979929626,13,0.4236986330095375,0.14569482045630228,0.004199799965135753,6,0.5006334354065467,0.10414234637009347,0.003006800077855587
119,SNR_0db,N,New_N_120.wav,30-13-6,DeepONMF_H3,3,0.3924942273514326,6x212,0.024691900005564094,30,0.2542211071606221,0.25096140697925085,0.016600999981164932,13,0.44339953710425384,0.1579890069586743,0.004450299893505871,6,0.5660773626118412,0.14372077175978998,0.0026775000151246786
120,SNR_0db,N,New_N_121.wav,30-13-6,DeepONMF_H3,3,0.4167740035627688,6x212,0.025934899924322963,30,0.2604623715385035,0.2579210603855429,0.017462500021792948,13,0.41346356836758325,0.1830099883632347,0.004516999935731292,6,0.4779461880308198,0.17265530346098518,0.0031263999408110976
121,SNR_0db,N,New_N_122.wav,30-13-6,DeepONMF_H3,3,0.39106668470333505,6x212,0.02483429992571473,30,0.25623075419861585,0.2508461795349525,0.0167541999835521,13,0.44915240962645175,0.18903903643337333,0.004444500082172453,6,0.5608966669467074,0.17095062980884204,0.002655400079675019
122,SNR_0db,N,New_N_123.wav,30-13-6,DeepONMF_H3,3,0.38969830541026546,6x212,0.025557899964042008,30,0.259795948247425,0.26160138254573223,0.01735570002347231,13,0.41416379908241135,0.12799997805074492,0.004627399961464107,6,0.5376392614387712,0.10969465920501881,0.002738300012424588
123,SNR_0db,N,New_N_124.wav,30-13-6,DeepONMF_H3,3,0.38748566373914417,6x212,0.02399439993314445,30,0.2536435014403106,0.2548955361311967,0.01604719995521009,13,0.41101279288893333,0.17284349704658636,0.004352000076323748,6,0.45414082121815547,0.13233763910899565,0.0026196000399068
124,SNR_0db,N,New_N_125.wav,30-13-6,DeepONMF_H3,3,0.380944651280897,6x212,0.027044400107115507,30,0.2571988411063468,0.2480409488926717,0.018396399915218353,13,0.4141839590334416,0.1405700370360617,0.004855599952861667,6,0.5379186824283463,0.13834516925127335,0.0029634000966325402
125,SNR_0db,N,New_N_126.wav,30-13-6,DeepONMF_H3,3,0.37767059238128364,6x212,0.02414280001539737,30,0.24864950772252573,0.24564147234789727,0.01633010001387447,13,0.4393694375250941,0.1634530120469129,0.004369000089354813,6,0.5249757902127447,0.12012908196577193,0.002645100001245737
126,SNR_0db,N,New_N_127.wav,30-13-6,DeepONMF_H3,3,0.3984683042616384,6x212,0.02431470004376024,30,0.24807279547169986,0.24602681473279844,0.016067599994130433,13,0.40994544414256234,0.1435414423856069,0.004515899927355349,6,0.5439019089636946,0.12406042087521424,0.0028490000404417515
127,SNR_0db,N,New_N_128.wav,30-13-6,DeepONMF_H3,3,0.3877850777891694,6x212,0.023046499933116138,30,0.2527425741108122,0.2572536298604214,0.014744099928066134,13,0.39914097329599735,0.13970853498658642,0.004501800052821636,6,0.5100273385459829,0.13443384083957957,0.002694800030440092
128,SNR_0db,N,New_N_129.wav,30-13-6,DeepONMF_H3,3,0.3941546936231349,6x212,0.02351749991066754,30,0.24741960410290958,0.2479301359110036,0.01555969996843487,13,0.40860588623567534,0.14343993124520105,0.004281700006686151,6,0.5755289562613849,0.1294967879145744,0.0026834000600501895
129,SNR_0db,N,New_N_130.wav,30-13-6,DeepONMF_H3,3,0.38088886766796687,6x212,0.023891500080935657,30,0.24580044467856974,0.24781687003061043,0.0150916000129655,13,0.3632474758164351,0.14865078629262213,0.005256600095890462,6,0.4613656104445253,0.11201606664254779,0.0026738999877125025
130,SNR_0db,N,New_N_131.wav,30-13-6,DeepONMF_H3,3,0.3839362738024242,6x212,0.02521690004505217,30,0.2522939699847426,0.2500071490115307,0.017226099967956543,13,0.39297172361085503,0.13606945925736996,0.004593300051055849,6,0.5164990464155702,0.10441120768235876,0.002678200020454824
131,SNR_0db,N,New_N_132.wav,30-13-6,DeepONMF_H3,3,0.42300999232220743,6x212,0.025026299990713596,30,0.2510628629186145,0.25635961256783535,0.01644879998639226,13,0.43339672507122495,0.14472425442653034,0.0049838999984785914,6,0.55297477022958,0.12711201818245435,0.0027253999141976237
132,SNR_0db,N,New_N_133.wav,30-13-6,DeepONMF_H3,3,0.3866010818523403,6x212,0.025619700085371733,30,0.2509759217998826,0.24238461655580718,0.017458899994380772,13,0.4112162572165085,0.15615712465533502,0.004324599984101951,6,0.4847308113368534,0.13870602142995675,0.002609600080177188
133,SNR_0db,N,New_N_134.wav,30-13-6,DeepONMF_H3,3,0.38532549153524864,6x212,0.02332189993467182,30,0.2514790739606933,0.2700832021395112,0.014887999976053834,13,0.3875630200181361,0.1764391287801196,0.0047076999908313155,6,0.5213017194136318,0.13951424356417372,0.00268759997561574
134,SNR_0db,N,New_N_135.wav,30-13-6,DeepONMF_H3,3,0.4020153011275799,6x212,0.023288099910132587,30,0.25567427219652894,0.26347138877409815,0.015418599941767752,13,0.40322201424464343,0.17799609676276582,0.004397700075060129,6,0.5097259794180221,0.16476439359447254,0.0026554999640211463
135,SNR_0db,N,New_N_136.wav,30-13-6,DeepONMF_H3,3,0.38832157055154404,6x212,0.025923999957740307,30,0.2515637685658651,0.2497257942400506,0.01738659990951419,13,0.42960660344144097,0.14130802791346214,0.004854699946008623,6,0.5690257694913532,0.133968586994422,0.0027242000214755535
136,SNR_0db,N,New_N_137.wav,30-13-6,DeepONMF_H3,3,0.3957797929921425,6x212,0.023925299989059567,30,0.2548028284885263,0.26265574512354,0.01540269993711263,13,0.3945237651037994,0.15823534394617408,0.004804600030183792,6,0.5334846274214387,0.14123556737784385,0.0026509000454097986
137,SNR_0db,N,New_N_138.wav,30-13-6,DeepONMF_H3,3,0.39125217094546655,6x212,0.025351099902763963,30,0.2514673634127734,0.2452580996441036,0.01684109994675964,13,0.4205166025332639,0.14848344984792292,0.004837400047108531,6,0.5579627316809943,0.13936715936600283,0.0027907000621780753
138,SNR_0db,N,New_N_139.wav,30-13-6,DeepONMF_H3,3,0.4573202750787484,6x212,0.02450709999538958,30,0.24867300791044902,0.24434304797906006,0.01660149998497218,13,0.4027980200580838,0.115135954489714,0.004330799914896488,6,0.5620640386389166,0.12313188267651644,0.0027042999863624573
