indice_interno,base,clase,archivo,distribucion,representacion,numero_capas,error_final,forma_h_final,segundos_extraccion_deep,capa_1_rango,capa_1_error,capa_1_ortogonalidad_h,capa_1_segundos,capa_2_rango,capa_2_error,capa_2_ortogonalidad_h,capa_2_segundos,capa_3_rango,capa_3_error,capa_3_ortogonalidad_h,capa_3_segundos
0,SNR_-5db,N,New_N_001.wav,30-13-6,DeepONMF_H3,3,0.44089236871415716,6x212,0.02858200005721301,30,0.2964338138193302,0.2501983861542591,0.018787700100801885,13,0.4978221524807158,0.18121127945321006,0.005615799920633435,6,0.5169513605565452,0.1734562870204592,0.00306229991838336
1,SNR_-5db,N,New_N_002.wav,30-13-6,DeepONMF_H3,3,0.4320108757318759,6x212,0.026257499936036766,30,0.2952026631073555,0.25470180348792487,0.017454199958592653,13,0.5113296513006396,0.2133515295655146,0.00471300003118813,6,0.49084590619271756,0.184797960329486,0.0031703999266028404
2,SNR_-5db,N,New_N_003.wav,30-13-6,DeepONMF_H3,3,0.43591601644142425,6x212,0.024785500019788742,30,0.29478151825734095,0.25877365442774636,0.01609739998821169,13,0.5017581138337188,0.17912517095452848,0.004936799989081919,6,0.5084868796206394,0.1678353582454298,0.002879599924199283
3,SNR_-5db,N,New_N_004.wav,30-13-6,DeepONMF_H3,3,0.4416087413366325,6x212,0.02654140000231564,30,0.299229432461722,0.2653681841475003,0.017195799970068038,13,0.5071688509369383,0.16474977235571148,0.004706900101155043,6,0.5243466057065038,0.12544538555044113,0.0036084000021219254
4,SNR_-5db,N,New_N_005.wav,30-13-6,DeepONMF_H3,3,0.4379041665410406,6x212,0.027870999998413026,30,0.29475910494039326,0.25608109093216813,0.019263499998487532,13,0.5124111291456629,0.1758071151872062,0.004787600017152727,6,0.5396959141670452,0.17291345286708928,0.002970699919387698
5,SNR_-5db,N,New_N_006.wav,30-13-6,DeepONMF_H3,3,0.43564905735626913,6x212,0.026606200030073524,30,0.2933864079631945,0.26697677262433367,0.017476700013503432,13,0.48393549918542633,0.1969947240734336,0.005271299974992871,6,0.48675943508557273,0.18769646421790492,0.0029334001010283828
6,SNR_-5db,N,New_N_007.wav,30-13-6,DeepONMF_H3,3,0.4385975070069768,6x212,0.02535469993017614,30,0.296747988023155,0.25653880667926643,0.017075799987651408,13,0.5103152710805825,0.179121049723534,0.004441399942152202,6,0.531024805142474,0.15390194893115133,0.0028499000472947955
7,SNR_-5db,N,New_N_008.wav,30-13-6,DeepONMF_H3,3,0.4462850417159038,6x212,0.030488799908198416,30,0.2941833683052363,0.26116102264638336,0.018442300031892955,13,0.4973556904078671,0.20043163996536334,0.006636700010858476,6,0.48616876282924165,0.16108882947328831,0.00404769997112453
8,SNR_-5db,N,New_N_009.wav,30-13-6,DeepONMF_H3,3,0.43724373177312453,6x212,0.027202700031921268,30,0.2972487924314504,0.26041954876568285,0.017969799926504493,13,0.5118140436887312,0.2147746490120822,0.005445300019346178,6,0.5280045666981333,0.1962824221013082,0.002620499930344522
9,SNR_-5db,N,New_N_010.wav,30-13-6,DeepONMF_H3,3,0.4447760439611467,6x212,0.02385540003888309,30,0.2932292313100747,0.26583747302234284,0.01569889998063445,13,0.5061360485223986,0.18273190728177788,0.0042591000674292445,6,0.5261922943257721,0.14918593188413873,0.0029648999916389585
10,SNR_-5db,N,New_N_011.wav,30-13-6,DeepONMF_H3,3,0.43511386204961033,6x212,0.02395900001283735,30,0.3016296365500199,0.2427589211711141,0.015846700058318675,13,0.4948894941027005,0.1928028690580358,0.004513300023972988,6,0.5319023522544372,0.1890782663460236,0.002764499979093671
11,SNR_-5db,N,New_N_012.wav,30-13-6,DeepONMF_H3,3,0.44479403372900256,6x212,0.025587200070731342,30,0.29597677310843623,0.2532656499386211,0.01710369996726513,13,0.5116739833402313,0.18408572272393134,0.004771500010974705,6,0.538568703760351,0.17745084844410963,0.002962699974887073
12,SNR_-5db,N,New_N_013.wav,30-13-6,DeepONMF_H3,3,0.443780859343734,6x212,0.027296600048430264,30,0.3000085019496737,0.25638626346239113,0.018431399948894978,13,0.5028302436393333,0.1998268060750708,0.005049800034612417,6,0.5197130610064536,0.18199876682609392,0.0028661000542342663
13,SNR_-5db,N,New_N_014.wav,30-13-6,DeepONMF_H3,3,0.43058609038058415,6x212,0.0265905000269413,30,0.29775559674997787,0.24877542141010622,0.017982600023970008,13,0.5294930964219073,0.199701216105657,0.0044531000312417746,6,0.5595162474380808,0.18978249011792397,0.003091700025834143
14,SNR_-5db,N,New_N_015.wav,30-13-6,DeepONMF_H3,3,0.4328388495071925,6x212,0.02543599996715784,30,0.29774260538028335,0.26404916688455204,0.017426199978217483,13,0.5020619493374663,0.20129194788676863,0.004426300060003996,6,0.5315635909835982,0.17582673620341088,0.002684700069949031
15,SNR_-5db,N,New_N_016.wav,30-13-6,DeepONMF_H3,3,0.42817012763203743,6x212,0.02622620004694909,30,0.29482145278024374,0.26480057792604383,0.01747089996933937,13,0.4876338799057026,0.20574978433647445,0.004731700057163835,6,0.4788747502034737,0.18200785301877745,0.003153700032271445
16,SNR_-5db,N,New_N_017.wav,30-13-6,DeepONMF_H3,3,0.44320607432738635,6x212,0.0246793000260368,30,0.30122201234697993,0.24983475159098872,0.01668600004632026,13,0.5053026641293222,0.20354661058577064,0.004386199987493455,6,0.4966749125297552,0.14615769311720184,0.0026874999748542905
17,SNR_-5db,N,New_N_018.wav,30-13-6,DeepONMF_H3,3,0.422102319877833,6x212,0.02500350004993379,30,0.29201299802496644,0.27372874298006594,0.01661910000257194,13,0.4653391416528966,0.223260048900818,0.004430199973285198,6,0.4448656639687321,0.20274759398823727,0.0031127999536693096
18,SNR_-5db,N,New_N_019.wav,30-13-6,DeepONMF_H3,3,0.4356323229688013,6x212,0.023209000006318092,30,0.29765098231759746,0.24517035675133628,0.015209699980914593,13,0.5059289685793874,0.18230779603649583,0.0045282000210136175,6,0.5089369381710404,0.1626430609979789,0.0026742999907583
19,SNR_-5db,N,New_N_020.wav,30-13-6,DeepONMF_H3,3,0.44216394659750197,6x212,0.02394860005006194,30,0.29431857272676615,0.2667261419894153,0.015947000007145107,13,0.5058943968926423,0.19052026906336175,0.004305200069211423,6,0.5257267166315721,0.11524418325235873,0.0025875999126583338
20,SNR_-5db,N,New_N_021.wav,30-13-6,DeepONMF_H3,3,0.4502453148593805,6x212,0.02584070002194494,30,0.29442693506328915,0.25856641302175515,0.017721200012601912,13,0.5189812027027811,0.19074232559935597,0.004513399908319116,6,0.5100679366398929,0.18511424719563774,0.002673799986951053
21,SNR_-5db,N,New_N_022.wav,30-13-6,DeepONMF_H3,3,0.43741737389555413,6x212,0.0243056999752298,30,0.298111825945506,0.27101218847385095,0.01636439992580563,13,0.4888906253844244,0.2072630735806475,0.004247499979101121,6,0.5250024627840338,0.20914492662721304,0.0027192000998184085
22,SNR_-5db,N,New_N_023.wav,30-13-6,DeepONMF_H3,3,0.44421187517309046,6x212,0.0285679999506101,30,0.2926039514077201,0.2582494159715549,0.02010840002913028,13,0.5085980226093821,0.1775418383318467,0.004713499918580055,6,0.5025093081787133,0.14521629950516163,0.0028382999589666724
23,SNR_-5db,N,New_N_024.wav,30-13-6,DeepONMF_H3,3,0.4417401922532431,6x212,0.026990999933332205,30,0.2980288731945089,0.25437915344306156,0.017662899917922914,13,0.5241690887193473,0.19076880351035547,0.005211999989114702,6,0.5327515384414687,0.17947965143378466,0.003159999963827431
24,SNR_-5db,N,New_N_025.wav,30-13-6,DeepONMF_H3,3,0.4321171043362652,6x212,0.025526200071908534,30,0.2952540271220581,0.26285133822956935,0.016903999960049987,13,0.48903747855464685,0.19895990310128392,0.004820199916139245,6,0.5049904786310294,0.18373932517764563,0.0029296999564394355
25,SNR_-5db,N,New_N_026.wav,30-13-6,DeepONMF_H3,3,0.4286015254195772,6x212,0.025929199997335672,30,0.29485883573646465,0.2596891265546986,0.016889399965293705,13,0.5079198841795933,0.18974554492919,0.005223900079727173,6,0.5226000793390765,0.1756761553791825,0.0029012999730184674
26,SNR_-5db,N,New_N_027.wav,30-13-6,DeepONMF_H3,3,0.4355680275551855,6x212,0.024062099982984364,30,0.29767455809528154,0.26075641393646426,0.01639699994120747,13,0.5013515747836321,0.21485932192319196,0.0043064000783488154,6,0.5100174327308655,0.20761219991112603,0.002594200079329312
27,SNR_-5db,N,New_N_028.wav,30-13-6,DeepONMF_H3,3,0.4478964727888615,6x212,0.02600519999396056,30,0.2996262559525045,0.24910905515087606,0.01763240003492683,13,0.5275137070444693,0.18582545041773726,0.004837899934500456,6,0.5232033040738465,0.1822488604406132,0.002672899980098009
28,SNR_-5db,N,New_N_029.wav,30-13-6,DeepONMF_H3,3,0.45107653259075575,6x212,0.023119300021789968,30,0.2957468103126549,0.26881770329625265,0.0148856999585405,13,0.4865120958390933,0.1506957945582524,0.0043406999902799726,6,0.49517188249381316,0.08765003974580377,0.002660800004377961
29,SNR_-5db,N,New_N_030.wav,30-13-6,DeepONMF_H3,3,0.43859044553244975,6x212,0.023978899931535125,30,0.29914769935195823,0.24036749907081265,0.01568859990220517,13,0.5214260123337082,0.2019308562181845,0.004454099922440946,6,0.5016829086980711,0.18365885845367244,0.0029986000154167414
30,SNR_-5db,N,New_N_031.wav,30-13-6,DeepONMF_H3,3,0.43559444774632083,6x212,0.0247842000098899,30,0.3012618742179499,0.2517906610953502,0.016466900007799268,13,0.5028307580116359,0.2017804189134351,0.004479299997910857,6,0.5222918335175636,0.18018595053020767,0.002710200031287968
31,SNR_-5db,N,New_N_032.wav,30-13-6,DeepONMF_H3,3,0.43670557989387904,6x212,0.025043000001460314,30,0.30156628186235596,0.25047895813297555,0.016616699984297156,13,0.503645856428618,0.20282492703419785,0.004420500015839934,6,0.49425871929432735,0.19148741280845022,0.0030797000508755445
32,SNR_-5db,N,New_N_033.wav,30-13-6,DeepONMF_H3,3,0.43575813386755274,6x212,0.023368899943307042,30,0.29449804199193436,0.2507634989081645,0.015454000094905496,13,0.5061166581418161,0.15855363811391351,0.00432780000846833,6,0.5478505927634995,0.1443648415950876,0.002646300010383129
33,SNR_-5db,N,New_N_034.wav,30-13-6,DeepONMF_H3,3,0.44051547558789617,6x212,0.024802400032058358,30,0.2992061293032681,0.2609706865107489,0.01660460000857711,13,0.4987093348093595,0.19909918605613555,0.004191400017589331,6,0.45758261024287417,0.14911825856122202,0.0028343000449240208
34,SNR_-5db,N,New_N_035.wav,30-13-6,DeepONMF_H3,3,0.428813483972274,6x212,0.02393250004388392,30,0.2956361314063855,0.2549005861045784,0.014323599985800683,13,0.4874038447658703,0.20468257130641002,0.006011799909174442,6,0.47969299098432144,0.17406596337830332,0.0027843000134453177
35,SNR_-5db,N,New_N_036.wav,30-13-6,DeepONMF_H3,3,0.43684003823011314,6x212,0.024201099993661046,30,0.29198826123976734,0.26156256332220645,0.016141099971719086,13,0.4890953273123244,0.19797476289129498,0.004359599901363254,6,0.44828737594567386,0.14775283578206488,0.0027048999909311533
36,SNR_-5db,N,New_N_037.wav,30-13-6,DeepONMF_H3,3,0.35791971857699384,6x212,0.025155600043945014,30,0.22616763188389064,0.2808604354853644,0.01696580008137971,13,0.4255678982092619,0.16190348448881947,0.004449900006875396,6,0.44514371453043544,0.11411489678722846,0.0026979000540450215
37,SNR_-5db,N,New_N_038.wav,30-13-6,DeepONMF_H3,3,0.48421504781973845,6x212,0.023915399913676083,30,0.29434618223691705,0.25808501758272784,0.015614100033417344,13,0.4716710999791848,0.15216130019061003,0.0047085999976843596,6,0.515015157920292,0.10651121880703794,0.0026106000877916813
38,SNR_-5db,N,New_N_039.wav,30-13-6,DeepONMF_H3,3,0.4398996904489286,6x212,0.02318280003964901,30,0.29416881200004635,0.25503073510320323,0.015046900021843612,13,0.4788444620821643,0.1577058625891126,0.004582900088280439,6,0.49528399959349234,0.1349111755480838,0.0026727999793365598
39,SNR_-5db,N,New_N_040.wav,30-13-6,DeepONMF_H3,3,0.44835654489880145,6x212,0.024080000002868474,30,0.2942272037876337,0.2451905179591141,0.016169599955901504,13,0.503479653366047,0.15819033435307558,0.004218799993395805,6,0.47491199026421954,0.11180916453805614,0.002707500010728836
40,SNR_-5db,N,New_N_041.wav,30-13-6,DeepONMF_H3,3,0.4241213045693775,6x212,0.02360630000475794,30,0.29522155288493873,0.25883851373049943,0.015687999897636473,13,0.46178615424587244,0.1802970950709709,0.004240900045260787,6,0.46108783731731545,0.1270130664570399,0.002966900006867945
41,SNR_-5db,N,New_N_042.wav,30-13-6,DeepONMF_H3,3,0.43954058455536876,6x212,0.023753399960696697,30,0.29567611295869844,0.2640234396544666,0.015962200006470084,13,0.49591159615871416,0.17279959881302268,0.004239800036884844,6,0.506299189045017,0.13714555713002136,0.0026557999663054943
42,SNR_-5db,N,New_N_043.wav,30-13-6,DeepONMF_H3,3,0.4405524705564472,6x212,0.024537500110454857,30,0.2913616795557656,0.2665508069552597,0.01646680000703782,13,0.49391362130801436,0.17389441232189543,0.0042554999236017466,6,0.4874776006202609,0.10925384843385029,0.002898600068874657
43,SNR_-5db,N,New_N_044.wav,30-13-6,DeepONMF_H3,3,0.4447120202096178,6x212,0.024771300028078258,30,0.2975725557537314,0.26679252961333144,0.016090999939478934,13,0.49840770148472424,0.182747461450344,0.004363100044429302,6,0.47602894101208715,0.13046628178871908,0.0026779999025166035
44,SNR_-5db,N,New_N_045.wav,30-13-6,DeepONMF_H3,3,0.43558787630338147,6x212,0.025436899974010885,30,0.2961498225727472,0.24845367799184984,0.016708399984054267,13,0.5031240806447671,0.1969157228298635,0.004279999993741512,6,0.494931841561352,0.16048813854310617,0.0035493000177666545
45,SNR_-5db,N,New_N_046.wav,30-13-6,DeepONMF_H3,3,0.42876261793621917,6x212,0.024411400081589818,30,0.29212291184901634,0.25679401808626345,0.016063300077803433,13,0.46448626445602226,0.18698003231843216,0.004815299995243549,6,0.450672394355182,0.12547644502043595,0.0026138999965041876
46,SNR_-5db,N,New_N_047.wav,30-13-6,DeepONMF_H3,3,0.4336445205621892,6x212,0.02611599990632385,30,0.29549151804286644,0.2493433992360248,0.017677699914202094,13,0.5023961736414592,0.17709082061660025,0.0042839000234380364,6,0.5306987334849654,0.15418641938790648,0.0031374000245705247
47,SNR_-5db,N,New_N_048.wav,30-13-6,DeepONMF_H3,3,0.4354160141439125,6x212,0.025072099990211427,30,0.2903689439493113,0.25979077237129505,0.017278000013902783,13,0.472434420990891,0.16350966700361594,0.004341899999417365,6,0.5203944421137767,0.1258930517257533,0.002648100024089217
48,SNR_-5db,N,New_N_049.wav,30-13-6,DeepONMF_H3,3,0.4311589869178971,6x212,0.024384999996982515,30,0.299211184844183,0.2363169709845221,0.016407799907028675,13,0.4973299814361866,0.17298064047637834,0.0042351000010967255,6,0.5199842682906102,0.14687713290566115,0.0029582000570371747
49,SNR_-5db,N,New_N_050.wav,30-13-6,DeepONMF_H3,3,0.4352097172625261,6x212,0.023505500052124262,30,0.29642909774645193,0.26584434321124484,0.014628299977630377,13,0.4741568244045578,0.18121367334995597,0.005375300068408251,6,0.4907046806934628,0.13393939424016993,0.0026713000843301415
50,SNR_-5db,N,New_N_051.wav,30-13-6,DeepONMF_H3,3,0.43182902116916394,6x212,0.02391460002399981,30,0.29903094272468317,0.2472850763257557,0.01567069999873638,13,0.5058477850718581,0.18500538654610937,0.004606100032106042,6,0.4884646037747272,0.17870738863870123,0.0025791999651119113
51,SNR_-5db,N,New_N_052.wav,30-13-6,DeepONMF_H3,3,0.43240125276945385,6x212,0.023639400023967028,30,0.29382702555230367,0.26043371024305273,0.01515219989232719,13,0.4966622687419062,0.18325563885641477,0.004822599934414029,6,0.5089347682595484,0.14856226882789356,0.0026688999496400356
52,SNR_-5db,N,New_N_053.wav,30-13-6,DeepONMF_H3,3,0.4304335057923481,6x212,0.023048700066283345,30,0.30069631254814233,0.25109111606133927,0.015353600028902292,13,0.4905940955043374,0.18218343815068858,0.004221600014716387,6,0.4829809939201756,0.12537190141598936,0.0026091999607160687
53,SNR_-5db,N,New_N_054.wav,30-13-6,DeepONMF_H3,3,0.4370260323744676,6x212,0.02588650002144277,30,0.29053278428138035,0.2716188790443244,0.016584099968895316,13,0.43308266266938855,0.19841630471917762,0.0053403000347316265,6,0.3964442687620021,0.140699218386516,0.0030191000550985336
54,SNR_-5db,N,New_N_055.wav,30-13-6,DeepONMF_H3,3,0.4334198533884119,6x212,0.027293700026348233,30,0.299190316714424,0.2568824302184466,0.018878999981097877,13,0.4875646092302014,0.19339596535371256,0.004605599911883473,6,0.5065370655607979,0.1425328389067424,0.0028026000363752246
55,SNR_-5db,N,New_N_056.wav,30-13-6,DeepONMF_H3,3,0.452375513876851,6x212,0.02489120000973344,30,0.29723513370036814,0.25630023411936664,0.016036599990911782,13,0.4796308232843226,0.18692841782907094,0.004982299986295402,6,0.49773171798921945,0.17059119924718705,0.0027528000064194202
56,SNR_-5db,N,New_N_057.wav,30-13-6,DeepONMF_H3,3,0.42527578860919296,6x212,0.02419139991980046,30,0.29135292199369006,0.26381718270951354,0.01628460001666099,13,0.49200065394004905,0.17744254863795952,0.004413200076669455,6,0.516476009577025,0.15745433972566092,0.002648100024089217
57,SNR_-5db,N,New_N_058.wav,30-13-6,DeepONMF_H3,3,0.43501214204516037,6x212,0.024944000062532723,30,0.2943819058107105,0.2549251052445461,0.01647400006186217,13,0.4959205704090337,0.18695229864383153,0.004869999946095049,6,0.485675671883828,0.1406064366974023,0.0027045999886468053
58,SNR_-5db,N,New_N_059.wav,30-13-6,DeepONMF_H3,3,0.4294367595728578,6x212,0.023586199968121946,30,0.29421407763624985,0.2530224666764458,0.015611300012096763,13,0.49596596570763907,0.17269413015008797,0.004346200032159686,6,0.5316165026201236,0.16405017455614748,0.0026626000180840492
59,SNR_-5db,N,New_N_060.wav,30-13-6,DeepONMF_H3,3,0.42697123320462377,6x212,0.025641000014729798,30,0.2948772950158338,0.2563156652013645,0.017222600057721138,13,0.4861799141001618,0.1801572399084366,0.004897100036032498,6,0.4914422114507431,0.131196517220493,0.0027212999993935227
60,SNR_-5db,N,New_N_061.wav,30-13-6,DeepONMF_H3,3,0.4292032006417185,6x212,0.023861899971961975,30,0.2962972053516436,0.24658085917397787,0.015861900057643652,13,0.5164084338174963,0.1772251348448986,0.00433690007776022,6,0.5722893697976226,0.1779489355409423,0.0027147000655531883
61,SNR_-5db,N,New_N_062.wav,30-13-6,DeepONMF_H3,3,0.43794434952428085,6x212,0.024567299988120794,30,0.2968703316599245,0.265987272738458,0.016393300029449165,13,0.5005496747138072,0.18680710694213878,0.004646599991247058,6,0.5095479063070574,0.15049058221719636,0.0027004999574273825
62,SNR_-5db,N,New_N_063.wav,30-13-6,DeepONMF_H3,3,0.42619549729648815,6x212,0.023960100021213293,30,0.291323624207533,0.26035305564643124,0.015952200046740472,13,0.46853449608908065,0.2053649981026203,0.004463299992494285,6,0.45837332989497614,0.15844914482732225,0.00263859995175153
63,SNR_-5db,N,New_N_064.wav,30-13-6,DeepONMF_H3,3,0.4305177237250473,6x212,0.025870700017549098,30,0.29496312879786585,0.25806052420958225,0.017803299939259887,13,0.4977456480555909,0.1668630106495526,0.004526500008068979,6,0.4906316915587942,0.12025892959905213,0.0027408000314608216
64,SNR_-5db,N,New_N_065.wav,30-13-6,DeepONMF_H3,3,0.426379357342765,6x212,0.02409680001437664,30,0.2938249794733712,0.25577158021934,0.01626039994880557,13,0.5013437766338045,0.18647347600613598,0.00443289999384433,6,0.5044686325194963,0.11500698404581096,0.002669100067578256
65,SNR_-5db,N,New_N_066.wav,30-13-6,DeepONMF_H3,3,0.4310121635002442,6x212,0.0236241000238806,30,0.29799039889705403,0.25223791889354363,0.015473400009796023,13,0.49769830329187265,0.21795543006780727,0.004251299891620874,6,0.48814307725971307,0.17548996922811158,0.0030724999960511923
66,SNR_-5db,N,New_N_067.wav,30-13-6,DeepONMF_H3,3,0.42908084752293846,6x212,0.022335699992254376,30,0.29624991761896596,0.25511829576906664,0.014048799988813698,13,0.5222021601179071,0.17641111689234437,0.004615499987266958,6,0.5357488144717135,0.17117196329853204,0.0026774000143632293
67,SNR_-5db,N,New_N_068.wav,30-13-6,DeepONMF_H3,3,0.43898697342656456,6x212,0.023562300018966198,30,0.2984572193228618,0.25009371612152287,0.015888000023551285,13,0.531714189409723,0.18865327450294314,0.004200899973511696,6,0.5296088982893371,0.16983697968123818,0.0025945999659597874
68,SNR_-5db,N,New_N_069.wav,30-13-6,DeepONMF_H3,3,0.4525155843615036,6x212,0.023624800029210746,30,0.2987528497552761,0.25874711494592,0.014702899963594973,13,0.49954872600782657,0.16454640093118328,0.005078400019556284,6,0.5322193537668155,0.12809922683134362,0.0027669999981299043
69,SNR_-5db,N,New_N_070.wav,30-13-6,DeepONMF_H3,3,0.4720164930769621,6x212,0.023470700019970536,30,0.29257687286833695,0.2666650708445186,0.015686300001107156,13,0.48240771627705725,0.18070433249843854,0.004282900015823543,6,0.5121138770320801,0.1323309037717562,0.002620499930344522
70,SNR_-5db,N,New_N_071.wav,30-13-6,DeepONMF_H3,3,0.4292508703853271,6x212,0.02470430009998381,30,0.29916513125633365,0.26304840493518356,0.016403999994508922,13,0.4803334660251937,0.21085927578911287,0.0046675000339746475,6,0.4817548878070263,0.13457146812563264,0.0028707999736070633
71,SNR_-5db,N,New_N_072.wav,30-13-6,DeepONMF_H3,3,0.4309092793886755,6x212,0.022837999975308776,30,0.3011929241076489,0.25745702979001656,0.014510700013488531,13,0.5171560870019776,0.18122982195367135,0.004434900009073317,6,0.5234370972552347,0.16711749099674017,0.002700100070796907
72,SNR_-5db,N,New_N_073.wav,30-13-6,DeepONMF_H3,3,0.428940247847512,6x212,0.023564700037240982,30,0.2920545130539961,0.2758504937898339,0.01579710002988577,13,0.4644161807006306,0.17788919932580471,0.004228699952363968,6,0.47517966820607055,0.11620433131984739,0.0028117999900132418
73,SNR_-5db,N,New_N_074.wav,30-13-6,DeepONMF_H3,3,0.43301330314082,6x212,0.023275400046259165,30,0.294577743013473,0.25869375632406766,0.01477320003323257,13,0.46456444888570353,0.15611463362787098,0.00503460003528744,6,0.4600680430475083,0.10840481210778603,0.002698600059375167
74,SNR_-5db,N,New_N_075.wav,30-13-6,DeepONMF_H3,3,0.45327840265076375,6x212,0.023979500052519143,30,0.2948769598882175,0.26246403972999666,0.015631899936124682,13,0.46619391764546936,0.16881936710046894,0.004322299966588616,6,0.4918037825107265,0.14424740246441808,0.0026279999874532223
75,SNR_-5db,N,New_N_076.wav,30-13-6,DeepONMF_H3,3,0.4315592621141346,6x212,0.023951999959535897,30,0.29281288935187366,0.254812629608172,0.015601899940520525,13,0.5105886921425609,0.18106260251528214,0.004634799901396036,6,0.4877625613643819,0.16076679833138482,0.0028102999785915017
76,SNR_-5db,N,New_N_077.wav,30-13-6,DeepONMF_H3,3,0.4290669370350832,6x212,0.02311750000808388,30,0.293610460240841,0.257767632754567,0.015423000091686845,13,0.5166787641858879,0.19271501652329381,0.00429970002733171,6,0.5521319071006545,0.18102806593651563,0.0026103000855073333
77,SNR_-5db,N,New_N_078.wav,30-13-6,DeepONMF_H3,3,0.43830061656448277,6x212,0.02562269999179989,30,0.2958828521346791,0.26335500316328164,0.01696299994364381,13,0.4918431607802262,0.18283443780487968,0.004745699930936098,6,0.45938874677920655,0.13613514109654948,0.0030181999318301678
78,SNR_-5db,N,New_N_079.wav,30-13-6,DeepONMF_H3,3,0.4443571490341923,6x212,0.023392700008116663,30,0.2928341105990509,0.257984183224534,0.015353800030425191,13,0.5021969156496955,0.17166634240137305,0.004425400053150952,6,0.4888531321022815,0.12591599113586083,0.0026783000212162733
79,SNR_-5db,N,New_N_080.wav,30-13-6,DeepONMF_H3,3,0.4362471322386612,6x212,0.024986400036141276,30,0.2964855597193386,0.25494000411078926,0.016789999906904995,13,0.5038681718326751,0.2118229788028814,0.0044027999974787235,6,0.5000541129559578,0.17405318315000337,0.002956799929961562
80,SNR_-5db,N,New_N_081.wav,30-13-6,DeepONMF_H3,3,0.4352294937206434,6x212,0.02474310004618019,30,0.29675769577180977,0.2569276098272848,0.016762000042945147,13,0.4963501023494693,0.2192979113685248,0.004364400054328144,6,0.4688585218169986,0.1949847602024251,0.0026706999633461237
81,SNR_-5db,N,New_N_082.wav,30-13-6,DeepONMF_H3,3,0.4243230785719712,6x212,0.024890400003641844,30,0.2994200678056411,0.2632898574032415,0.016347200027666986,13,0.4849932155670298,0.20751452287214528,0.0047747999196872115,6,0.48167136425662443,0.1594652350142252,0.0026832999428734183
82,SNR_-5db,N,New_N_083.wav,30-13-6,DeepONMF_H3,3,0.43554993922676,6x212,0.022995100007392466,30,0.29756064370873797,0.26203871517698946,0.014653700054623187,13,0.5257909248157938,0.20620688749416027,0.004695100011304021,6,0.5200209109417305,0.19272735009333727,0.002633799915201962
83,SNR_-5db,N,New_N_084.wav,30-13-6,DeepONMF_H3,3,0.42586831017051785,6x212,0.02367030002642423,30,0.29404414430911807,0.2593227907855009,0.01590190001297742,13,0.4628955488352452,0.20209596940044916,0.004261800087988377,6,0.44809133802850376,0.15201152486217842,0.0026074000634253025
84,SNR_-5db,N,New_N_085.wav,30-13-6,DeepONMF_H3,3,0.43926440983681847,6x212,0.024906900012865663,30,0.29392247613194605,0.2520975773358685,0.016507699969224632,13,0.5233372969175268,0.19102913849047368,0.004848400014452636,6,0.5645798735845404,0.19860881007174547,0.0026900999946519732
85,SNR_-5db,N,New_N_086.wav,30-13-6,DeepONMF_H3,3,0.45772799187231056,6x212,0.025275400024838746,30,0.28797262506396076,0.2733562550632512,0.017179100075736642,13,0.49074382498677277,0.1915247506624381,0.00434560002759099,6,0.5054554366233043,0.14222925935168992,0.0026622998993843794
86,SNR_-5db,N,New_N_087.wav,30-13-6,DeepONMF_H3,3,0.4345159768104811,6x212,0.02550150000024587,30,0.29446720383499386,0.2646432269974753,0.016858699964359403,13,0.4731648185433387,0.1863474297183734,0.005079400027170777,6,0.4707967315368901,0.11418646116850205,0.0026812999276444316
87,SNR_-5db,N,New_N_088.wav,30-13-6,DeepONMF_H3,3,0.444298372278266,6x212,0.024046999984420836,30,0.2965159334176656,0.25462075933438605,0.016149900038726628,13,0.5261984766071224,0.20692238562765417,0.0042239000322297215,6,0.5189263409289577,0.18003591217468257,0.0026889999862760305
88,SNR_-5db,N,New_N_089.wav,30-13-6,DeepONMF_H3,3,0.4451420929781348,6x212,0.02586300007533282,30,0.30166982712366036,0.2491316842134843,0.017529599950648844,13,0.5284377689820648,0.17702912816913327,0.004701600060798228,6,0.5446025772129609,0.17426152750112514,0.002732400083914399
89,SNR_-5db,N,New_N_090.wav,30-13-6,DeepONMF_H3,3,0.4340677688172323,6x212,0.023245499935001135,30,0.29307357724059585,0.25912837239954517,0.015440999995917082,13,0.5147762323099823,0.20139068422826492,0.004233499988913536,6,0.5351558060462205,0.18928054034199343,0.0026096999645233154
90,SNR_-5db,N,New_N_091.wav,30-13-6,DeepONMF_H3,3,0.4416076213630978,6x212,0.0250643000472337,30,0.2973603224836202,0.2642078460176258,0.01655850000679493,13,0.48867937048865984,0.19229929841306556,0.004777099937200546,6,0.45249988534779256,0.16745196258511358,0.0027818999951705337
91,SNR_-5db,N,New_N_092.wav,30-13-6,DeepONMF_H3,3,0.4357118653403369,6x212,0.023776400019414723,30,0.29174783207259,0.2681043347839254,0.015809100004844368,13,0.4504593994489209,0.1961758071648921,0.00429970002733171,6,0.46634372785559647,0.12840658913941047,0.0026271999813616276
92,SNR_-5db,N,New_N_093.wav,30-13-6,DeepONMF_H3,3,0.4449137138166646,6x212,0.023884200025349855,30,0.29418121777679734,0.26872560535692996,0.015494100051000714,13,0.5122688764236281,0.18680675916209244,0.004284400027245283,6,0.5144430355038848,0.1588069302046874,0.003280900069512427
93,SNR_-5db,N,New_N_094.wav,30-13-6,DeepONMF_H3,3,0.4318401166022418,6x212,0.02342420001514256,30,0.29635818096013605,0.2543109303825207,0.015644900035113096,13,0.49590740548171497,0.2000600421441798,0.004351999959908426,6,0.527913610210445,0.1686470194524211,0.002637299941852689
94,SNR_-5db,N,New_N_095.wav,30-13-6,DeepONMF_H3,3,0.4248553310953256,6x212,0.02385700005106628,30,0.2933145289452819,0.2611203685655273,0.015640600002370775,13,0.5063343054707699,0.20766643141075322,0.004686999949626625,6,0.5008591509133906,0.17888182026514163,0.002638899954035878
95,SNR_-5db,N,New_N_096.wav,30-13-6,DeepONMF_H3,3,0.4430624498536893,6x212,0.02380820002872497,30,0.2923864264702979,0.25337822622831235,0.014944499940611422,13,0.502700398733773,0.1899982710585189,0.005018399911932647,6,0.48406868762421257,0.1518647393297977,0.0028249999741092324
96,SNR_-5db,N,New_N_097.wav,30-13-6,DeepONMF_H3,3,0.42913657761572266,6x212,0.02741890004836023,30,0.29671726729065,0.24557328968421996,0.018055799999274313,13,0.5014413850777736,0.17990432844095736,0.005352300009690225,6,0.5366877182205566,0.15391364802220237,0.0030385999707505107
97,SNR_-5db,N,New_N_098.wav,30-13-6,DeepONMF_H3,3,0.43095441276522306,6x212,0.024561299942433834,30,0.2921075443983879,0.26839252983786793,0.016480799997225404,13,0.48057453828003716,0.17499973708139502,0.004421999910846353,6,0.45374784389496603,0.13645609476181406,0.0026920000091195107
98,SNR_-5db,N,New_N_099.wav,30-13-6,DeepONMF_H3,3,0.4248178527140604,6x212,0.026167099946178496,30,0.29791092931964663,0.24091912454189385,0.01796600001398474,13,0.5101295926163703,0.19821898449041753,0.004108299966901541,6,0.5178061167703982,0.167802443104129,0.0030312000308185816
99,SNR_-5db,N,New_N_100.wav,30-13-6,DeepONMF_H3,3,0.4372286987716241,6x212,0.023009900003671646,30,0.28903564484675653,0.26932783872322386,0.01433020003605634,13,0.47010796318852877,0.18326247468779824,0.004986200015991926,6,0.4530351971108892,0.14027188140014193,0.0027005000738427043
100,SNR_-5db,N,New_N_101.wav,30-13-6,DeepONMF_H3,3,0.4219796122465537,6x212,0.024864999926649034,30,0.2979646833161659,0.24279219816597794,0.016735700075514615,13,0.4792779811730154,0.1750746479976159,0.004393699928186834,6,0.4915467587710738,0.12684451919835726,0.002692700014449656
101,SNR_-5db,N,New_N_102.wav,30-13-6,DeepONMF_H3,3,0.42888980531964793,6x212,0.025464200065471232,30,0.2956166843784185,0.2696341491298238,0.017181399976834655,13,0.4620891648478242,0.19593162843719603,0.0045359000796452165,6,0.4365462091487346,0.14666671131874223,0.0026892999885603786
102,SNR_-5db,N,New_N_103.wav,30-13-6,DeepONMF_H3,3,0.41754805192239863,6x212,0.026033699978142977,30,0.29481031702607136,0.25627532733287794,0.017876500030979514,13,0.5072805630881387,0.20349622713167564,0.004260799963958561,6,0.5186978872344018,0.20391955090706357,0.0028516000602394342
103,SNR_-5db,N,New_N_104.wav,30-13-6,DeepONMF_H3,3,0.42572198790885635,6x212,0.024861699901521206,30,0.2972978056994472,0.24891383566192882,0.016357999993488193,13,0.5086289078603404,0.18304694466856752,0.0045937999384477735,6,0.5155225889269494,0.1543925361534872,0.0026815999299287796
104,SNR_-5db,N,New_N_105.wav,30-13-6,DeepONMF_H3,3,0.43344388087130864,6x212,0.024443000089377165,30,0.2959940638476311,0.25564722590087224,0.01655089994892478,13,0.48275026804430765,0.1837459422499914,0.004212200059555471,6,0.49679081326557817,0.12071557133431869,0.002682400052435696
105,SNR_-5db,N,New_N_106.wav,30-13-6,DeepONMF_H3,3,0.42826239898573815,6x212,0.023576400009915233,30,0.29094011249570356,0.26208877017587384,0.01522230007685721,13,0.501779382356191,0.2012517424376931,0.004692099988460541,6,0.5028352797215188,0.2033894175377588,0.0026530000614002347
106,SNR_-5db,N,New_N_107.wav,30-13-6,DeepONMF_H3,3,0.4291436988856901,6x212,0.02328780002426356,30,0.2961778895978479,0.2507264643423358,0.015420999960042536,13,0.4856200101414668,0.20208762031324945,0.004256399930454791,6,0.5463727717481978,0.16803600286851067,0.002574399928562343
107,SNR_-5db,N,New_N_108.wav,30-13-6,DeepONMF_H3,3,0.43386554845790265,6x212,0.024961099959909916,30,0.29991576066218395,0.243548468187262,0.016781399957835674,13,0.5049742694216943,0.18617476284695358,0.004620500025339425,6,0.5326108217643623,0.16684730015805443,0.0026705999625846744
108,SNR_-5db,N,New_N_109.wav,30-13-6,DeepONMF_H3,3,0.425060331347614,6x212,0.023014200036413968,30,0.29275500858065323,0.25595879295197843,0.015091900015249848,13,0.4804314124088437,0.18170172216533495,0.004363299929536879,6,0.5179043600805369,0.10009100405520588,0.0026651000371202826
109,SNR_-5db,N,New_N_110.wav,30-13-6,DeepONMF_H3,3,0.44348254053674496,6x212,0.024427100084722042,30,0.294856662912308,0.2670030815236325,0.016175500000827014,13,0.47633927461614206,0.16652653659379218,0.004386799992062151,6,0.4619466350517999,0.11127896481688054,0.0030224000802263618
110,SNR_-5db,N,New_N_111.wav,30-13-6,DeepONMF_H3,3,0.44357546491934435,6x212,0.02478699991479516,30,0.2925532472453684,0.26343673607528934,0.01698820001911372,13,0.46917313962153373,0.1874388971446717,0.004251400008797646,6,0.46170956033184063,0.13398379484737405,0.0025955999735742807
111,SNR_-5db,N,New_N_112.wav,30-13-6,DeepONMF_H3,3,0.433900056145041,6x212,0.024887100094929338,30,0.2936199371160392,0.25320882719467197,0.0164425999391824,13,0.5075284347383718,0.16514399409282027,0.0043342000572010875,6,0.5496260488052701,0.15526642036181076,0.003279500058852136
112,SNR_-5db,N,New_N_113.wav,30-13-6,DeepONMF_H3,3,0.42259629439771923,6x212,0.023897100007161498,30,0.2921048137173326,0.269096465134444,0.01592439995147288,13,0.4713491968668197,0.20506532388403587,0.0043110999977216125,6,0.4315196407678393,0.17983563632857574,0.0026609000051394105
113,SNR_-5db,N,New_N_114.wav,30-13-6,DeepONMF_H3,3,0.42256755286031206,6x212,0.025266799959354103,30,0.2893529015702089,0.26536918520186226,0.01725919998716563,13,0.4905138594025605,0.18482221191776071,0.004213500069454312,6,0.4641306448436339,0.14350109395205476,0.002985200029797852
114,SNR_-5db,N,New_N_115.wav,30-13-6,DeepONMF_H3,3,0.43161040675710244,6x212,0.0241068999748677,30,0.30105768281752204,0.25946651559815165,0.016117300023324788,13,0.5239319394928081,0.19710518656716122,0.0043200000654906034,6,0.5635354850701112,0.17854738137535126,0.0026545999571681023
115,SNR_-5db,N,New_N_116.wav,30-13-6,DeepONMF_H3,3,0.4310730849785152,6x212,0.02518280001822859,30,0.2901317472025132,0.25998752063410296,0.017117500072345138,13,0.47624070819806535,0.14448259108213135,0.004230499966070056,6,0.4753544355547949,0.09574753110121094,0.0029969000024721026
116,SNR_-5db,N,New_N_117.wav,30-13-6,DeepONMF_H3,3,0.43323937945011926,6x212,0.023983199964277446,30,0.29228582789106283,0.2651418818546663,0.016022800002247095,13,0.495079150564786,0.16573757320750312,0.004358500009402633,6,0.518026362024777,0.15890663041890954,0.0026332999113947153
117,SNR_-5db,N,New_N_118.wav,30-13-6,DeepONMF_H3,3,0.43124009869625246,6x212,0.024309200001880527,30,0.2893111628585788,0.26274181908169414,0.016379599925130606,13,0.4749543566909983,0.19001941583315485,0.004286700044758618,6,0.43409706295519485,0.14871954516678484,0.0027222000062465668
118,SNR_-5db,N,New_N_119.wav,30-13-6,DeepONMF_H3,3,0.4338752951219315,6x212,0.024057800066657364,30,0.2947766105070452,0.27006469036713954,0.015742799965664744,13,0.4753277062085539,0.19709038518332206,0.004691699985414743,6,0.42764798184353725,0.14025943211959208,0.0026621000142768025
119,SNR_-5db,N,New_N_120.wav,30-13-6,DeepONMF_H3,3,0.4475654648616289,6x212,0.02523919998202473,30,0.29485514885365,0.27018590920780133,0.016743300016969442,13,0.5270134773770927,0.19803443509785393,0.004974199924618006,6,0.5436225354564478,0.17142875763513404,0.0026790000265464187
120,SNR_-5db,N,New_N_121.wav,30-13-6,DeepONMF_H3,3,0.4356758044544352,6x212,0.02425980009138584,30,0.2954947753191363,0.27144694896940813,0.015871500014327466,13,0.47862173340302755,0.19657659686468887,0.004818699904717505,6,0.4885748424699471,0.1521882292519493,0.002675199997611344
121,SNR_-5db,N,New_N_122.wav,30-13-6,DeepONMF_H3,3,0.4320186415489962,6x212,0.02524520002771169,30,0.29506011489936346,0.26051411710694616,0.017131399945355952,13,0.5124043213007587,0.1912276389648322,0.004606000031344593,6,0.5117705155390688,0.17244634585669769,0.0025843000039458275
122,SNR_-5db,N,New_N_123.wav,30-13-6,DeepONMF_H3,3,0.4322841364894598,6x212,0.026812799973413348,30,0.29223250348830493,0.2645248429293959,0.018755299970507622,13,0.4921337522764227,0.17631092936080792,0.00453230005223304,6,0.4861750070503387,0.14003785482771836,0.0026520000537857413
123,SNR_-5db,N,New_N_124.wav,30-13-6,DeepONMF_H3,3,0.43791612364425436,6x212,0.02363930002320558,30,0.2950200796403531,0.2672935523302003,0.015874899923801422,13,0.4862633270388943,0.19972331481452563,0.0043290999019518495,6,0.48470547129062813,0.19088284823610538,0.0026907999999821186
124,SNR_-5db,N,New_N_125.wav,30-13-6,DeepONMF_H3,3,0.43782594217595117,6x212,0.025105500011704862,30,0.2967604176097432,0.2704789900905868,0.01716879999730736,13,0.4624693781531253,0.19505365882113634,0.004530399921350181,6,0.4414503870314706,0.1383083537075694,0.0027033999795094132
125,SNR_-5db,N,New_N_126.wav,30-13-6,DeepONMF_H3,3,0.43365613921448637,6x212,0.024692900013178587,30,0.29239241199321814,0.24857877473318596,0.016942600021138787,13,0.48534328113107567,0.20241377668997568,0.004344400018453598,6,0.505658595217597,0.1447951399108541,0.0025862999027594924
126,SNR_-5db,N,New_N_127.wav,30-13-6,DeepONMF_H3,3,0.45207761951691566,6x212,0.025388500071130693,30,0.2883935951680915,0.25869005035167464,0.01670779997948557,13,0.47845163710214555,0.1651296805824573,0.005098699941299856,6,0.5249009225025307,0.1268543507783933,0.002757999929599464
127,SNR_-5db,N,New_N_128.wav,30-13-6,DeepONMF_H3,3,0.4222517376118222,6x212,0.02442549995612353,30,0.2895384950650242,0.2701203138538956,0.01660119998268783,13,0.4755343858493578,0.20353036225123233,0.004240900045260787,6,0.4460439917635806,0.13429982679340566,0.0025752000510692596
128,SNR_-5db,N,New_N_129.wav,30-13-6,DeepONMF_H3,3,0.42779344109340545,6x212,0.02501680003479123,30,0.28971985883280665,0.2602845154223292,0.016350199934095144,13,0.460505316682951,0.1820440537023727,0.004989999928511679,6,0.455883834586157,0.1402323425354188,0.0026658999267965555
129,SNR_-5db,N,New_N_130.wav,30-13-6,DeepONMF_H3,3,0.4152230340940192,6x212,0.023698000004515052,30,0.28868342246028905,0.2666000916533907,0.01571379997767508,13,0.44549333308568406,0.16479878909613044,0.004388700006529689,6,0.40891386583378386,0.0946242292807919,0.002673099981620908
130,SNR_-5db,N,New_N_131.wav,30-13-6,DeepONMF_H3,3,0.44323586924388175,6x212,0.02479749999474734,30,0.2872944685216193,0.26776423952244977,0.016214000061154366,13,0.4874317078769601,0.16790012566339263,0.004740500007756054,6,0.5144200182587522,0.12003164831765188,0.002722199889831245
131,SNR_-5db,N,New_N_132.wav,30-13-6,DeepONMF_H3,3,0.4408769395041267,6x212,0.02439889998640865,30,0.29202975853689866,0.2578079491231017,0.0163525000680238,13,0.4643052207960976,0.1765739027888554,0.004363599931821227,6,0.4775771678122004,0.15112921864172185,0.002650400041602552
132,SNR_-5db,N,New_N_133.wav,30-13-6,DeepONMF_H3,3,0.42716186362977887,6x212,0.02482129994314164,30,0.2918067726745916,0.2662867685938548,0.016459599952213466,13,0.44155726845486276,0.2138270774286916,0.004705399973317981,6,0.41913100730616404,0.15730233142052696,0.0027269000420346856
133,SNR_-5db,N,New_N_134.wav,30-13-6,DeepONMF_H3,3,0.43348471606061995,6x212,0.02445420005824417,30,0.29522220376890657,0.26052951337028585,0.016455900040455163,13,0.4660788935278646,0.17949544413009805,0.0042579000582918525,6,0.49899234083481575,0.11923336813169699,0.0026223999448120594
134,SNR_-5db,N,New_N_135.wav,30-13-6,DeepONMF_H3,3,0.42274504367122295,6x212,0.024780099978670478,30,0.28959018894310834,0.27069651946777906,0.01660999993328005,13,0.48589249277941365,0.17766762015454696,0.004541300004348159,6,0.5095219500300356,0.14950172959199412,0.0027288999408483505
135,SNR_-5db,N,New_N_136.wav,30-13-6,DeepONMF_H3,3,0.4432190423210138,6x212,0.023587999981828034,30,0.29691705080240516,0.2535445204033777,0.015738300047814846,13,0.5132483403460056,0.17251615880153315,0.00424500007648021,6,0.5178445794442014,0.14682033058348526,0.0026015000184997916
136,SNR_-5db,N,New_N_137.wav,30-13-6,DeepONMF_H3,3,0.43765364030850246,6x212,0.025701700011268258,30,0.2916608495712483,0.24547847986556817,0.017479299916885793,13,0.47991573088699824,0.19039727492493433,0.00436619995161891,6,0.49431697442679967,0.1504499079152185,0.0030755000188946724
137,SNR_-5db,N,New_N_138.wav,30-13-6,DeepONMF_H3,3,0.42107072555061864,6x212,0.02345360000617802,30,0.2877511094940855,0.25743444476856236,0.015462799929082394,13,0.5043602762022804,0.20392570909058078,0.004515400039963424,6,0.5200654327775975,0.17807478670269689,0.0027682000072672963
138,SNR_-5db,N,New_N_139.wav,30-13-6,DeepONMF_H3,3,0.4320323690207085,6x212,0.027134499978274107,30,0.28827464758546245,0.26337320224770144,0.01835239992942661,13,0.4684228508713222,0.16784893151826002,0.004966300097294152,6,0.48066858851794736,0.11782471358312738,0.002992199966683984
