indice_interno,base,clase,archivo,distribucion,representacion,numero_capas,inicializacion_onmf,error_final,forma_h_final,segundos_extraccion_deep,capa_1_rango,capa_1_error,capa_1_ortogonalidad_h,capa_1_segundos,capa_2_rango,capa_2_error,capa_2_ortogonalidad_h,capa_2_segundos,capa_3_rango,capa_3_error,capa_3_ortogonalidad_h,capa_3_segundos,capa_4_rango,capa_4_error,capa_4_ortogonalidad_h,capa_4_segundos
0,original,N,New_N_001.wav,28-20-14-10,DeepONMF_H4,4,nndsvd,0.247825067120284,10x212,0.0807560000102967,28,0.07934679966172968,0.1890257438215147,0.05091119999997318,20,0.05568896651879888,0.13468966795946305,0.014282500022090971,14,0.056355407173692904,0.17074828408469941,0.0074674999341368675,10,0.05661543152837735,0.18412655683933388,0.006873899954371154
1,original,N,New_N_002.wav,28-20-14-10,DeepONMF_H4,4,nndsvd,0.24672554323886942,10x212,0.07158890005666763,28,0.07030626299160583,0.1942820643778101,0.043287500040605664,20,0.05617427695223792,0.14430958315497297,0.010202699922956526,14,0.05659097201923496,0.14959142330205405,0.010454899980686605,10,0.05867226674217718,0.14619904134010422,0.006467500003054738
2,original,N,New_N_003.wav,28-20-14-10,DeepONMF_H4,4,nndsvd,0.2472276014879731,10x212,0.07341219997033477,28,0.0767362796978627,0.15494421417623477,0.047308500041253865,20,0.0557006739429191,0.124571087966848,0.010870400001294911,14,0.05648278811993205,0.15320085015974275,0.007462100009433925,10,0.05727688150519536,0.20083169141761567,0.006298599997535348
3,original,N,New_N_004.wav,28-20-14-10,DeepONMF_H4,4,nndsvd,0.24811419970000714,10x212,0.07130579999648035,28,0.0750511222141747,0.1765333925661368,0.0445472999708727,20,0.05600494836622204,0.1332751743366529,0.010837400099262595,14,0.05706851853787961,0.15124199496649188,0.007496600039303303,10,0.05853913474889887,0.1724179726939628,0.007225400069728494
4,original,N,New_N_005.wav,28-20-14-10,DeepONMF_H4,4,nndsvd,0.24739528557422638,10x212,0.08104329998604953,28,0.0743441878544264,0.17374161173981817,0.0498294000281021,20,0.05580845717937386,0.1526911199382038,0.01516269997227937,14,0.05692013341915025,0.1770423823887715,0.007487500086426735,10,0.05721524536382741,0.22898541550146057,0.007471999968402088
5,original,N,New_N_006.wav,28-20-14-10,DeepONMF_H4,4,nndsvd,0.2476795405988683,10x212,0.07608829997479916,28,0.07916292911747025,0.18236401956218817,0.045794100034981966,20,0.056263162249248475,0.15588471674969565,0.012361299945041537,14,0.05629265676734616,0.15083559758911688,0.010274500004015863,10,0.057276977666253344,0.15548861143695192,0.0062954999739304185
6,original,N,New_N_007.wav,28-20-14-10,DeepONMF_H4,4,nndsvd,0.2496917249509864,10x212,0.08277470001485199,28,0.07131746275005078,0.1743486461379259,0.047438699984923005,20,0.05618034409441386,0.16060889551193458,0.013341299956664443,14,0.05749192213574075,0.1650702157459677,0.014649000018835068,10,0.059569158815963016,0.18743977266883804,0.006194200017489493
7,original,N,New_N_008.wav,28-20-14-10,DeepONMF_H4,4,nndsvd,0.2474892128601783,10x212,0.06993769994005561,28,0.0691919106357144,0.16363291303608557,0.045223699999041855,20,0.056145542500419615,0.1427360358417864,0.009449100005440414,14,0.056313079638961774,0.17164787189838743,0.008353800047188997,10,0.06008635837134286,0.1756453080049757,0.005752900033257902
8,original,N,New_N_009.wav,28-20-14-10,DeepONMF_H4,4,nndsvd,0.24972303378179503,10x212,0.0716215999564156,28,0.07297062885841119,0.16804103114284227,0.046200099983252585,20,0.05691063842049816,0.11919818622622835,0.009939700015820563,14,0.05704262590195475,0.11502358025689148,0.0072530999314039946,10,0.05878832313713745,0.13518742097696695,0.0069540999829769135
9,original,N,New_N_010.wav,28-20-14-10,DeepONMF_H4,4,nndsvd,0.249954907081832,10x212,0.06846069998573512,28,0.08073850609876626,0.16405587898063895,0.042879799962975085,20,0.0560653379911852,0.1557787536189525,0.009860999998636544,14,0.05659746092272291,0.17051119491855476,0.007209999952465296,10,0.059104338229657376,0.18086178250462231,0.007427399978041649
10,original,N,New_N_011.wav,28-20-14-10,DeepONMF_H4,4,nndsvd,0.24746227222671516,10x212,0.07063380000181496,28,0.07178864113502496,0.17820504528577533,0.043672800064086914,20,0.05574721502155134,0.14960373683209688,0.010709399939514697,14,0.056226755452404756,0.1809858921122881,0.008566500036977232,10,0.05915043707838712,0.2082256323223451,0.0063720999751240015
11,original,N,New_N_012.wav,28-20-14-10,DeepONMF_H4,4,nndsvd,0.24878941651116332,10x212,0.08582599996589124,28,0.07067829468870317,0.18519120030849126,0.050067500094883144,20,0.057019145249818506,0.1501495178019684,0.011941900011152029,14,0.056715210616085227,0.15595166718699474,0.011769599979743361,10,0.0587542466213343,0.20943596422359553,0.01030149997677654
12,original,N,New_N_013.wav,28-20-14-10,DeepONMF_H4,4,nndsvd,0.251887801778313,10x212,0.08288389991503209,28,0.07853448306688848,0.16590518148239958,0.04688069992698729,20,0.05579913753082302,0.14379065323283316,0.016281599993817508,14,0.05823654136688609,0.1714153608715373,0.012183799990452826,10,0.058286768080023775,0.1821586420387096,0.006142099970020354
13,original,N,New_N_014.wav,28-20-14-10,DeepONMF_H4,4,nndsvd,0.24772465782331646,10x212,0.08035120007116348,28,0.07490493929855399,0.1939368246049844,0.04656400007661432,20,0.055730135786082914,0.16940891827427754,0.011567999958060682,14,0.05630816203397124,0.18570432459903058,0.012803700054064393,10,0.05759308343677895,0.24449189243224748,0.007949399994686246
14,original,N,New_N_015.wav,28-20-14-10,DeepONMF_H4,4,nndsvd,0.2503836759879793,10x212,0.0739478999748826,28,0.07534015953949608,0.18165237782997137,0.04576100001577288,20,0.05594389992265316,0.14789788646961044,0.010080500040203333,14,0.05737449654099473,0.14892215669484887,0.010242099990136921,10,0.0596623275100224,0.1613885154428084,0.006174500100314617
15,original,N,New_N_016.wav,28-20-14-10,DeepONMF_H4,4,nndsvd,0.2470967539979206,10x212,0.07542769995052367,28,0.07363561453695902,0.15584704456446982,0.047981200041249394,20,0.0559587027805334,0.11978082969463227,0.011206600000150502,14,0.057123890413001914,0.14478884814082565,0.0077939999755471945,10,0.05953659493316896,0.1965157252246642,0.00683319999370724
16,original,N,New_N_017.wav,28-20-14-10,DeepONMF_H4,4,nndsvd,0.24974090068697324,10x212,0.07677970000077039,28,0.07696830729040724,0.1695372856173795,0.04516690003219992,20,0.05657102651975467,0.10654499954355748,0.016203700099140406,14,0.05668310679085996,0.11773492786791365,0.007755499915219843,10,0.058557816826288696,0.11820434044028032,0.006174599984660745
17,original,N,New_N_018.wav,28-20-14-10,DeepONMF_H4,4,nndsvd,0.24988285135273167,10x212,0.07547629997134209,28,0.07728609538224186,0.1843961814442141,0.047166000003926456,20,0.05611231511689524,0.1254471192205328,0.010705400025472045,14,0.05682826962055197,0.14825637899746674,0.009651100030168891,10,0.05818710251279928,0.18299134993201313,0.006307000061497092
18,original,N,New_N_019.wav,28-20-14-10,DeepONMF_H4,4,nndsvd,0.2479540869635034,10x212,0.0750529000069946,28,0.0795465832292623,0.175047475280643,0.04918670002371073,20,0.055764276281061176,0.1724965915835004,0.010677299927920103,14,0.056112207747822045,0.1967964121911203,0.00737560004927218,10,0.05821873672013731,0.207195297728114,0.006176099996082485
19,original,N,New_N_020.wav,28-20-14-10,DeepONMF_H4,4,nndsvd,0.24758216587954335,10x212,0.07145789999049157,28,0.0786211533849742,0.18327662065586645,0.043653500033542514,20,0.05582682792958967,0.1660776211475268,0.01119919994380325,14,0.056427125395909286,0.16123568288909712,0.008078199927695096,10,0.05725299282752289,0.17143170878193928,0.007341900025494397
20,original,N,New_N_021.wav,28-20-14-10,DeepONMF_H4,4,nndsvd,0.2470565779125912,10x212,0.0790362999541685,28,0.07155743793722918,0.1847477458638009,0.049209600081667304,20,0.056259681893317925,0.14547721362864605,0.014373900019563735,14,0.056569509341247395,0.14388063923092898,0.007876800023950636,10,0.05764919357313717,0.18446890065548402,0.0064965999918058515
21,original,N,New_N_022.wav,28-20-14-10,DeepONMF_H4,4,nndsvd,0.24653229522634365,10x212,0.07282390003092587,28,0.07406009369023127,0.17570528306312033,0.04584469995461404,20,0.056226815586726375,0.13398565035661833,0.011249400093220174,14,0.056302263124402445,0.13141987837808866,0.008103700005449355,10,0.05694261293882235,0.13551520404635065,0.006265000090934336
22,original,N,New_N_023.wav,28-20-14-10,DeepONMF_H4,4,nndsvd,0.24938731272299866,10x212,0.06806199997663498,28,0.0703562746051312,0.14671106001265122,0.04317980003543198,20,0.05640945635824518,0.11576940872463073,0.009386099991388619,14,0.05842726661717155,0.1220139719950707,0.008308899938128889,10,0.061004084991050436,0.14575854396090773,0.005979000008665025
23,original,N,New_N_024.wav,28-20-14-10,DeepONMF_H4,4,nndsvd,0.24826839092087427,10x212,0.07238050003070384,28,0.07311710878378759,0.1729229030366156,0.04617890005465597,20,0.05639224457714197,0.12934189322791642,0.009969900012947619,14,0.05800480878172159,0.12457449024502659,0.008543099975213408,10,0.05941461384725453,0.13370190976472932,0.006389199988916516
24,original,N,New_N_025.wav,28-20-14-10,DeepONMF_H4,4,nndsvd,0.2504915795648155,10x212,0.07705249998252839,28,0.07676659303735428,0.15697261146198124,0.04525239998474717,20,0.05642496266654592,0.11225955411600093,0.011633699992671609,14,0.058897444216413464,0.12390710777341188,0.012797900009900331,10,0.06327690404747988,0.17358290259419315,0.006273700040765107
25,original,N,New_N_026.wav,28-20-14-10,DeepONMF_H4,4,nndsvd,0.2506166859700824,10x212,0.07043089997023344,28,0.07555432841135115,0.17229547121643324,0.0446409999858588,20,0.05610733845714095,0.1359159562439547,0.009558699908666313,14,0.05692594470656552,0.1400142531946621,0.008942199987359345,10,0.06120069460663986,0.16272648707724244,0.006103700026869774
26,original,N,New_N_027.wav,28-20-14-10,DeepONMF_H4,4,nndsvd,0.24771271243881418,10x212,0.07039250002708286,28,0.07381476759533416,0.16033277236008062,0.045638600015081465,20,0.056055071016560244,0.1364205726543456,0.010179100092500448,14,0.057019105408807995,0.16005144893534787,0.007464199909009039,10,0.05823749353010732,0.198886840605601,0.005665299948304892
27,original,N,New_N_028.wav,28-20-14-10,DeepONMF_H4,4,nndsvd,0.2477733952891367,10x212,0.07219919993076473,28,0.07392218033653282,0.16838221007630363,0.04540210007689893,20,0.05573543492017597,0.1187163024331958,0.01073999993968755,14,0.05619156673858877,0.11410580657046362,0.0072503999108448625,10,0.05922748395373775,0.14433970015497577,0.007262400002218783
28,original,N,New_N_029.wav,28-20-14-10,DeepONMF_H4,4,nndsvd,0.24788341777887188,10x212,0.07559559994842857,28,0.07245478374426838,0.1681159964345488,0.045106600038707256,20,0.05591371200954699,0.13763938871017098,0.013742499984800816,14,0.05761950884196883,0.14614187694967382,0.009236800018697977,10,0.06018238484434452,0.18084955404115333,0.005738500040024519
29,original,N,New_N_030.wav,28-20-14-10,DeepONMF_H4,4,nndsvd,0.2510018493541392,10x212,0.07292149995919317,28,0.07647706221552922,0.1838863325960056,0.04672350001055747,20,0.05906376218600375,0.13152661995893947,0.010582000017166138,14,0.05752436742275929,0.1358935324388459,0.0075576999224722385,10,0.05841727061292632,0.15717152940011503,0.006930999923497438
30,original,N,New_N_031.wav,28-20-14-10,DeepONMF_H4,4,nndsvd,0.25072118973337437,10x212,0.06990970007609576,28,0.07665069147447101,0.1750068748847941,0.04383750003762543,20,0.05631558240609001,0.1283584437939993,0.010950400028377771,14,0.05716645145256073,0.1575630303281276,0.007396899978630245,10,0.06050321966770508,0.21061615364313255,0.006114700110629201
31,original,N,New_N_032.wav,28-20-14-10,DeepONMF_H4,4,nndsvd,0.2489404083495299,10x212,0.06945149996317923,28,0.07493598722988626,0.16609679900101135,0.04462469997815788,20,0.05683107053807124,0.10044707066119404,0.009340699994936585,14,0.05803929313348736,0.0967495213198304,0.008238099981099367,10,0.058615786813753415,0.11309580371603797,0.005842500017024577
32,original,N,New_N_033.wav,28-20-14-10,DeepONMF_H4,4,nndsvd,0.24993370777499885,10x212,0.06959959992673248,28,0.07237994342897587,0.1765432947348515,0.044748199987225235,20,0.05626841055527339,0.1408421418489804,0.009243899956345558,14,0.05867869736731502,0.165279243132996,0.008569600060582161,10,0.0587283354352602,0.2159435350062285,0.005730999982915819
33,original,N,New_N_034.wav,28-20-14-10,DeepONMF_H4,4,nndsvd,0.2475479478337088,10x212,0.06898889993317425,28,0.07526198554729531,0.17522989078708068,0.04435450001619756,20,0.05585588820251999,0.13089180948273607,0.009684600052423775,14,0.05650044831069742,0.1356086223211754,0.00758740003220737,10,0.05887604460462822,0.11515971662207251,0.006057500024326146
34,original,N,New_N_035.wav,28-20-14-10,DeepONMF_H4,4,nndsvd,0.24998584746786187,10x212,0.07075700000859797,28,0.07477640366349438,0.1728763933864132,0.04661319998558611,20,0.05594859696888674,0.14695599654168856,0.009943899931386113,14,0.05811298144489357,0.13690305075669468,0.007236199919134378,10,0.05799386548434808,0.18054747062776388,0.005949100013822317
35,original,N,New_N_036.wav,28-20-14-10,DeepONMF_H4,4,nndsvd,0.2509829027953293,10x212,0.06918380002025515,28,0.07411691774258024,0.16398850239219245,0.04366089997347444,20,0.05632193527388632,0.14104025040213705,0.010189400054514408,14,0.056104883851916885,0.1755691530451078,0.007310600019991398,10,0.059130299763717885,0.20790388895758266,0.0067882000003010035
36,original,N,New_N_037.wav,28-20-14-10,DeepONMF_H4,4,nndsvd,0.24321097126369912,10x212,0.0717220000224188,28,0.06743245818638213,0.14878521105988596,0.04737409995868802,20,0.05532306303203238,0.14752267204794453,0.00937829993199557,14,0.055463363016329086,0.15577621037486045,0.008090400020591915,10,0.05650991769203035,0.13864804619281806,0.005699799978174269
37,original,N,New_N_038.wav,28-20-14-10,DeepONMF_H4,4,nndsvd,0.24235899743692182,10x212,0.08158809994347394,28,0.06821203119153116,0.148893463661182,0.044128800043836236,20,0.0553276662927922,0.12701384696482276,0.011587199987843633,14,0.055578558081239314,0.1649910084378394,0.012407300062477589,10,0.0558184426092182,0.20060448109342252,0.012048800010234118
38,original,N,New_N_039.wav,28-20-14-10,DeepONMF_H4,4,nndsvd,0.24234634129847224,10x212,0.0725509999319911,28,0.06744177308402854,0.1419960655345497,0.0471908999606967,20,0.055479796916709206,0.1284093115217059,0.009377499925903976,14,0.05544043589804852,0.11764369550971146,0.009008799912407994,10,0.05614297235764076,0.13045760573097354,0.005810000002384186
39,original,N,New_N_040.wav,28-20-14-10,DeepONMF_H4,4,nndsvd,0.24205245493779518,10x212,0.07259520003572106,28,0.06701043551177159,0.15174595102050956,0.0457888999953866,20,0.05533226479321602,0.13764470475258261,0.011389799998141825,14,0.05541910177527094,0.15979263271727057,0.007352799992077053,10,0.05570856841461085,0.20148508023764047,0.007007900043390691
40,original,N,New_N_041.wav,28-20-14-10,DeepONMF_H4,4,nndsvd,0.2428834250045687,10x212,0.07037750002928078,28,0.06440634191542463,0.16626967902298934,0.04442619998008013,20,0.055532330552757955,0.12642178372892823,0.01053279999177903,14,0.05569048534151088,0.151089930682018,0.007440999965183437,10,0.056153432498954076,0.19053916816233935,0.006918199942447245
41,original,N,New_N_042.wav,28-20-14-10,DeepONMF_H4,4,nndsvd,0.24383880817270784,10x212,0.0708331000059843,28,0.06469143146956188,0.17914921586117744,0.046001599985174835,20,0.05551958263192929,0.10071895261345208,0.009502099943347275,14,0.05584480603741288,0.10832033798677299,0.00832489994354546,10,0.05740657141364978,0.1292358354810122,0.005765100009739399
42,original,N,New_N_043.wav,28-20-14-10,DeepONMF_H4,4,nndsvd,0.2431937355245115,10x212,0.07153469999320805,28,0.06512696698751011,0.18554373792561682,0.0446168000344187,20,0.055498557850243393,0.13558306893155836,0.010878399945795536,14,0.055562863097687966,0.13969693366726504,0.007958400063216686,10,0.05586911415312297,0.17174711434062132,0.006613400066271424
43,original,N,New_N_044.wav,28-20-14-10,DeepONMF_H4,4,nndsvd,0.24268461060565635,10x212,0.07074720005039126,28,0.06288487996865423,0.19063242617241852,0.043514000019058585,20,0.05555729891522005,0.15531812449458135,0.010756899951957166,14,0.05563566076695008,0.15377065496309184,0.007252400042489171,10,0.05598663572147122,0.21661413053137427,0.007891300017945468
44,original,N,New_N_045.wav,28-20-14-10,DeepONMF_H4,4,nndsvd,0.2447607893970423,10x212,0.07078770000953227,28,0.06751039028649834,0.16639384725530124,0.04364630009513348,20,0.05566787869815142,0.13131183737172836,0.011590100009925663,14,0.055975918632183534,0.12755317778674585,0.007801599917002022,10,0.05734444331140881,0.13895204048647714,0.006402499973773956
45,original,N,New_N_046.wav,28-20-14-10,DeepONMF_H4,4,nndsvd,0.24332229393252733,10x212,0.07125590008217841,28,0.06474758383002872,0.18633206526743692,0.046056299936026335,20,0.05549237562396922,0.143250241479114,0.009371499996632338,14,0.05568680544614155,0.15591773180641164,0.008581099915318191,10,0.05658161141359834,0.2122600350893259,0.005896899965591729
46,original,N,New_N_047.wav,28-20-14-10,DeepONMF_H4,4,nndsvd,0.24323429773499097,10x212,0.07100689993239939,28,0.06423080342221889,0.16360734769280527,0.04582210001535714,20,0.05551734901249543,0.12010322831708352,0.010639599990099669,14,0.05584434343457293,0.1363767482392984,0.007541700033470988,10,0.05648266875929511,0.1616616376853166,0.005675099906511605
47,original,N,New_N_048.wav,28-20-14-10,DeepONMF_H4,4,nndsvd,0.24473563294961379,10x212,0.07069129997398704,28,0.07279163483757463,0.17504840212365258,0.04462559998501092,20,0.05546992988123897,0.13865412786806902,0.010716599994339049,14,0.05554547573553958,0.16524008456887943,0.007251400034874678,10,0.05563330979688844,0.1639787616905044,0.007006700034253299
48,original,N,New_N_049.wav,28-20-14-10,DeepONMF_H4,4,nndsvd,0.24262879718257832,10x212,0.06934499996714294,28,0.061148726716145796,0.2078683026237863,0.04343640001025051,20,0.055437879903047056,0.16143567450037694,0.010887300013564527,14,0.05584330398965913,0.15655407592684828,0.00751490006223321,10,0.05626004206843911,0.17185053078412035,0.006247499957680702
49,original,N,New_N_050.wav,28-20-14-10,DeepONMF_H4,4,nndsvd,0.24286338870285104,10x212,0.06965010007843375,28,0.06625785742811931,0.17985732354407874,0.04451129992958158,20,0.0554384331492266,0.13426540378892357,0.010148200090043247,14,0.05552243903534196,0.13162094234469446,0.00796509999781847,10,0.05575604525229534,0.15579688022769597,0.005821899976581335
50,original,N,New_N_051.wav,28-20-14-10,DeepONMF_H4,4,nndsvd,0.244188654645011,10x212,0.07507899997290224,28,0.06733936474156421,0.15525620989413502,0.042749099899083376,20,0.055782349422694895,0.14834334547663974,0.009807100053876638,14,0.05553199778451025,0.1815580845737916,0.009459800086915493,10,0.05636845442513967,0.21027056079409007,0.0115609000204131
51,original,N,New_N_052.wav,28-20-14-10,DeepONMF_H4,4,nndsvd,0.24338385711806745,10x212,0.07682000007480383,28,0.06406878479511362,0.1742110543492188,0.05113469995558262,20,0.055464296069575245,0.14002196924729055,0.009351900080218911,14,0.0556061252145316,0.140231930857993,0.009382499963976443,10,0.05643218790289802,0.16050321620510918,0.005744199967011809
52,original,N,New_N_053.wav,28-20-14-10,DeepONMF_H4,4,nndsvd,0.2431841189527021,10x212,0.07664979994297028,28,0.06560997014721223,0.17762866625977977,0.04765389999374747,20,0.055520409072483685,0.13194179074350856,0.01145699992775917,14,0.055581500383718875,0.1580066828514123,0.009012299939058721,10,0.056295541257515354,0.22851084197627658,0.007454000064171851
53,original,N,New_N_054.wav,28-20-14-10,DeepONMF_H4,4,nndsvd,0.24285185159136882,10x212,0.0748664999846369,28,0.06439128556423646,0.17067225234799702,0.047033999930135906,20,0.055608060375755296,0.13040796085979045,0.010373200057074428,14,0.05563507795637731,0.16141163858809857,0.009985700016841292,10,0.05581706391552836,0.21284238712916764,0.006114399991929531
54,original,N,New_N_055.wav,28-20-14-10,DeepONMF_H4,4,nndsvd,0.24219490364149338,10x212,0.17643689992837608,28,0.06288665131471818,0.17965254658403043,0.14014699996914715,20,0.05542543107999103,0.15567316425246955,0.011153599945828319,14,0.05548998719031768,0.2109339890213555,0.013176999986171722,10,0.05609890284119874,0.21031865195569022,0.010422799969092011
55,original,N,New_N_056.wav,28-20-14-10,DeepONMF_H4,4,nndsvd,0.243657131904859,10x212,0.07437039993237704,28,0.06438258287732924,0.19317727914434896,0.04730159998871386,20,0.055609543837241565,0.12657820371857703,0.012351699988357723,14,0.055808766979063125,0.12948067476976555,0.007499599945731461,10,0.05647822371418936,0.17683057150521142,0.005937999929301441
56,original,N,New_N_057.wav,28-20-14-10,DeepONMF_H4,4,nndsvd,0.24280082345447346,10x212,0.07218540005851537,28,0.06396469645064737,0.21022450292636602,0.046672799973748624,20,0.05549481664379318,0.15677388599793335,0.010076299891807139,14,0.05550850110978362,0.16742444209530796,0.008078399929217994,10,0.055829706200231866,0.17941819456488772,0.006098499987274408
57,original,N,New_N_058.wav,28-20-14-10,DeepONMF_H4,4,nndsvd,0.24256535717791644,10x212,0.06955400004517287,28,0.06254760005658536,0.19776017945632632,0.04456420009955764,20,0.055539581000310805,0.1388914017635316,0.009859499987214804,14,0.05572134471576288,0.16547189650981048,0.007726500043645501,10,0.056105651693039923,0.22543642719835108,0.005975000094622374
58,original,N,New_N_059.wav,28-20-14-10,DeepONMF_H4,4,nndsvd,0.24277904948030207,10x212,0.06942289997823536,28,0.06535188652341033,0.17473826791592473,0.04538450005929917,20,0.05546813422963251,0.15536134740111152,0.009278099983930588,14,0.05551120472035877,0.1832828285936418,0.007671100087463856,10,0.055998491657833584,0.2363069096261512,0.0057483999989926815
59,original,N,New_N_060.wav,28-20-14-10,DeepONMF_H4,4,nndsvd,0.2432866337497601,10x212,0.07166470005176961,28,0.06837171977274324,0.2017111284408011,0.046742400038056076,20,0.05544293884530199,0.13650817049694403,0.009430799982510507,14,0.05549137721802667,0.151071012460671,0.008183899917639792,10,0.05582906166572173,0.17850350912226728,0.005712799960747361
60,original,N,New_N_061.wav,28-20-14-10,DeepONMF_H4,4,nndsvd,0.24397121166847222,10x212,0.06763940001837909,28,0.06450474064717664,0.180283995087428,0.043696400010958314,20,0.05563218013223533,0.12909151635273447,0.009731499943882227,14,0.055928810717995436,0.1324267774258497,0.00727609999012202,10,0.05679975458468256,0.16063670335456356,0.005647000041790307
61,original,N,New_N_062.wav,28-20-14-10,DeepONMF_H4,4,nndsvd,0.2420536522849895,10x212,0.06807590008247644,28,0.06320780727954158,0.20321509588251221,0.04364399996120483,20,0.05540284989461296,0.20096241771729,0.010059099993668497,14,0.055525209875210584,0.24698682434270525,0.007204599911347032,10,0.0556448349455413,0.2892109695968246,0.005668899975717068
62,original,N,New_N_063.wav,28-20-14-10,DeepONMF_H4,4,nndsvd,0.24332548266908344,10x212,0.06989749998319894,28,0.06396678762093828,0.17093497427776638,0.04509250004775822,20,0.0556051494125759,0.15291158498336613,0.009846500004641712,14,0.056109937139212335,0.17060651865550286,0.007201700005680323,10,0.05604591866087504,0.2291685041185786,0.006555900094099343
63,original,N,New_N_064.wav,28-20-14-10,DeepONMF_H4,4,nndsvd,0.24224116330594547,10x212,0.06985740002710372,28,0.0621091708993286,0.18263942052323381,0.04373869998380542,20,0.05557894189249943,0.14770273715286233,0.010664000059477985,14,0.05571696942984769,0.1776458183989306,0.0075240000151097775,10,0.05607653722239378,0.21680653980961936,0.006639800034463406
64,original,N,New_N_065.wav,28-20-14-10,DeepONMF_H4,4,nndsvd,0.2433115596970814,10x212,0.07889849995262921,28,0.06429926997646536,0.1734340275903567,0.04969449993222952,20,0.05559620790719423,0.12429236818082065,0.009620699915103614,14,0.05593864830721381,0.13825428425936045,0.011238300008699298,10,0.05683693865464539,0.16486748626346187,0.006937699974514544
65,original,N,New_N_066.wav,28-20-14-10,DeepONMF_H4,4,nndsvd,0.24231617269779587,10x212,0.0692269999999553,28,0.062260719575684076,0.1762502868477297,0.043263399973511696,20,0.0554306467453552,0.14806787993632567,0.010628399904817343,14,0.05564560010067286,0.16049621095318192,0.007304099970497191,10,0.056545777372958156,0.1906939136317858,0.006910500000230968
66,original,N,New_N_067.wav,28-20-14-10,DeepONMF_H4,4,nndsvd,0.24252727251170544,10x212,0.06940409995149821,28,0.0613400661167961,0.19461990721589473,0.04437049990519881,20,0.05569452790215006,0.17131717421801673,0.010055099963210523,14,0.055471692055014184,0.19560433200322944,0.007311200024560094,10,0.05670112622000313,0.18459448461224764,0.006343099987134337
67,original,N,New_N_068.wav,28-20-14-10,DeepONMF_H4,4,nndsvd,0.24396754399682796,10x212,0.07140130002517253,28,0.06557549612448085,0.16530110617878602,0.0467390000121668,20,0.05573083354964855,0.13382393820699331,0.009521400090306997,14,0.0557646018028267,0.1588018941164479,0.0080968999536708,10,0.05719301399043275,0.18337300102650744,0.005817000055685639
68,original,N,New_N_069.wav,28-20-14-10,DeepONMF_H4,4,nndsvd,0.24505821310559234,10x212,0.07097259990405291,28,0.06959463840876684,0.17078860798335202,0.04555620008613914,20,0.05562388129178065,0.13814069756465439,0.010309299919754267,14,0.056167713636645925,0.15844431226850061,0.00761669990606606,10,0.056914174035052875,0.2027839945880699,0.006173999980092049
69,original,N,New_N_070.wav,28-20-14-10,DeepONMF_H4,4,nndsvd,0.24587657094679383,10x212,0.07285789994057268,28,0.06974047003309612,0.1585187262688904,0.04478610004298389,20,0.05575224111435887,0.15070285734481606,0.012280200025998056,14,0.056687397447727564,0.17118723452130513,0.007460199994966388,10,0.057898092718561,0.2043122729434998,0.007026500068604946
70,original,N,New_N_071.wav,28-20-14-10,DeepONMF_H4,4,nndsvd,0.24404378596089074,10x212,0.06968009995762259,28,0.06557451773036085,0.17473301299589544,0.043943600030615926,20,0.05561875175897894,0.15635797267351534,0.010391000076197088,14,0.055802714260715786,0.1749174979173399,0.008386299945414066,10,0.05701565357526959,0.17776534944439498,0.0058917999267578125
71,original,N,New_N_072.wav,28-20-14-10,DeepONMF_H4,4,nndsvd,0.245321700636282,10x212,0.07244809996336699,28,0.07024372027269092,0.16583494973580545,0.04574749991297722,20,0.055598303972005166,0.1464091562937222,0.010743499966338277,14,0.055957236444236925,0.14121893395085972,0.008632299955934286,10,0.05830953684419997,0.17920972330782028,0.006300100008957088
72,original,N,New_N_073.wav,28-20-14-10,DeepONMF_H4,4,nndsvd,0.2456935810286727,10x212,0.07139669999014586,28,0.06958904682497613,0.15729198150586626,0.04514140007086098,20,0.055874086754716445,0.14626682897402904,0.010690599912777543,14,0.0557742728197828,0.16321960055405357,0.007207299931906164,10,0.05752597680626304,0.18410220951575992,0.007160200038924813
73,original,N,New_N_074.wav,28-20-14-10,DeepONMF_H4,4,nndsvd,0.24459021057001945,10x212,0.06968490011058748,28,0.06616638611179392,0.17244670619161226,0.043447099975310266,20,0.05575578587484451,0.14397159951841407,0.010707899928092957,14,0.05593692182445978,0.14968250222677032,0.007342300028540194,10,0.0568282416671821,0.187025775003318,0.007086999947205186
74,original,N,New_N_075.wav,28-20-14-10,DeepONMF_H4,4,nndsvd,0.24449745259838299,10x212,0.07171699998434633,28,0.06895135721934309,0.17289639097692924,0.044703799998387694,20,0.055592315312488316,0.15820602087881144,0.011313700000755489,14,0.05627614142589198,0.19413615555553132,0.008489100029692054,10,0.05674797392374334,0.22356426589362483,0.00597079994622618
75,original,N,New_N_076.wav,28-20-14-10,DeepONMF_H4,4,nndsvd,0.24648964130069634,10x212,0.06751000008080155,28,0.0722228566368894,0.17994232242240865,0.04299119999632239,20,0.05567742526801559,0.14552348058759634,0.009336200077086687,14,0.056775781623877,0.16180453739806425,0.008023099973797798,10,0.0570502172660293,0.21419636493969388,0.005908699939027429
76,original,N,New_N_077.wav,28-20-14-10,DeepONMF_H4,4,nndsvd,0.24494457053524443,10x212,0.07019869994837791,28,0.06606864761252747,0.1853839503609313,0.045973400003276765,20,0.05561224029066375,0.12873837214460632,0.009960399940609932,14,0.055992200505914275,0.1252813969540914,0.007283299928531051,10,0.05665714013665958,0.15420565627774704,0.005922999931499362
77,original,N,New_N_078.wav,28-20-14-10,DeepONMF_H4,4,nndsvd,0.24405224713400925,10x212,0.06927089998498559,28,0.06485792416978235,0.18114446933115796,0.04320950002875179,20,0.05559801293191468,0.12404435132034008,0.011026900028809905,14,0.056202035366719055,0.14251310152668648,0.007691500009968877,10,0.056952572731489105,0.19326844152034994,0.00594409997574985
78,original,N,New_N_079.wav,28-20-14-10,DeepONMF_H4,4,nndsvd,0.24579800418508307,10x212,0.07557800004724413,28,0.07009551745981736,0.1814672790141985,0.0438772999914363,20,0.05576962652051957,0.14597271289765007,0.013689300045371056,14,0.0565854274017872,0.165577010768723,0.007590999943204224,10,0.05725282388961841,0.22963354988872758,0.009186499984934926
79,original,N,New_N_080.wav,28-20-14-10,DeepONMF_H4,4,nndsvd,0.2464252335978285,10x212,0.07450310001149774,28,0.07052613727091032,0.16311009239932922,0.04708219994790852,20,0.055774957244987954,0.11937792404321848,0.011040800018236041,14,0.05642534740143563,0.14924659329951026,0.008201299933716655,10,0.057626682449630845,0.19457491693760234,0.006742500001564622
80,original,N,New_N_081.wav,28-20-14-10,DeepONMF_H4,4,nndsvd,0.24614614516471442,10x212,0.07445970003027469,28,0.07266529333125996,0.18180497526968703,0.04874919995199889,20,0.055614653837085394,0.11940583657684578,0.010185700026340783,14,0.05590873281750616,0.14211826783194412,0.008499699993990362,10,0.056732764179272026,0.16861888774767328,0.005844599916599691
81,original,N,New_N_082.wav,28-20-14-10,DeepONMF_H4,4,nndsvd,0.2446744672615519,10x212,0.07212899997830391,28,0.0643547697268842,0.17926619587270567,0.04636509995907545,20,0.055799275615362645,0.1446042481282237,0.009575100033544004,14,0.05636121939592171,0.17364198392366872,0.008460800047032535,10,0.0572804165615825,0.18791842405655698,0.006615100079216063
82,original,N,New_N_083.wav,28-20-14-10,DeepONMF_H4,4,nndsvd,0.2462034260458572,10x212,0.07232180004939437,28,0.07136341110473572,0.17822345513306775,0.04533240001183003,20,0.05582417386680364,0.11412855637676153,0.011405099998228252,14,0.056542159248981344,0.11485357168570566,0.0073954000836238265,10,0.05721692514003212,0.11475472849164839,0.007118699955753982
83,original,N,New_N_084.wav,28-20-14-10,DeepONMF_H4,4,nndsvd,0.2442028924644886,10x212,0.07007280003745109,28,0.06689454295945922,0.17268727902421516,0.04399810009635985,20,0.0557464042462117,0.1319644313208109,0.010419599944725633,14,0.05609107279768897,0.15915914647321022,0.007549100089818239,10,0.05745695438123446,0.1818501184023691,0.006952599971555173
84,original,N,New_N_085.wav,28-20-14-10,DeepONMF_H4,4,nndsvd,0.24421878488743892,10x212,0.0715968000004068,28,0.0663038521037107,0.18257080177514412,0.04681379999965429,20,0.0556728232908863,0.15696644789472627,0.009475299972109497,14,0.055905502354162355,0.17340380027035068,0.008461000048555434,10,0.05728302008439006,0.18498970793903788,0.005829800036735833
85,original,N,New_N_086.wav,28-20-14-10,DeepONMF_H4,4,nndsvd,0.248391629810395,10x212,0.06935649993829429,28,0.07153073190444852,0.1802629170605411,0.04460640007164329,20,0.05577396724555979,0.14029723311941117,0.00959779997356236,14,0.056870037878294824,0.1549367695493748,0.008377899997867644,10,0.05765287326127619,0.17406842726986282,0.005718100001104176
86,original,N,New_N_087.wav,28-20-14-10,DeepONMF_H4,4,nndsvd,0.2467334349931857,10x212,0.07280960003845394,28,0.06919863088147622,0.1673613044569723,0.04578459996264428,20,0.055800091883236654,0.13042705487447265,0.011633999994955957,14,0.056022544732676205,0.10685767942111055,0.007234799908474088,10,0.058194552180704115,0.13039424226166726,0.007140100002288818
87,original,N,New_N_088.wav,28-20-14-10,DeepONMF_H4,4,nndsvd,0.24450366830215126,10x212,0.0712319000158459,28,0.06833499760038295,0.18099899844598133,0.04463049990590662,20,0.055705155692219704,0.14584104639030412,0.010925100068561733,14,0.0560743989162672,0.14766859981678201,0.008641200023703277,10,0.0572832549000697,0.19820383652188894,0.0059498000191524625
88,original,N,New_N_089.wav,28-20-14-10,DeepONMF_H4,4,nndsvd,0.2443280694755731,10x212,0.0702616999624297,28,0.066719546680549,0.16946499161027062,0.04631200002040714,20,0.05573165436808888,0.1476419563876033,0.00935639999806881,14,0.05596377161267319,0.14035286434185307,0.007834399933926761,10,0.05734227070960466,0.16437114010911708,0.005677199922502041
89,original,N,New_N_090.wav,28-20-14-10,DeepONMF_H4,4,nndsvd,0.245242613272121,10x212,0.0670663999626413,28,0.06987097458531902,0.16308703798272137,0.0433054999448359,20,0.0556464196202695,0.128261104725843,0.009388400008901954,14,0.05677702521312705,0.1326912175125225,0.0076188999228179455,10,0.05735740438024921,0.18236643550978332,0.005706799915060401
90,original,N,New_N_091.wav,28-20-14-10,DeepONMF_H4,4,nndsvd,0.24613916433911373,10x212,0.0693705000448972,28,0.06857470448036973,0.15310861072177892,0.044643100001849234,20,0.05658423119245068,0.11199451707147526,0.00983790005557239,14,0.05753550860934046,0.12405695676951346,0.0072061000391840935,10,0.059138602866955894,0.17482143354340282,0.006722299964167178
91,original,N,New_N_092.wav,28-20-14-10,DeepONMF_H4,4,nndsvd,0.24336569969684127,10x212,0.06853090005461127,28,0.06500820180694773,0.17218387979031732,0.04355479998048395,20,0.05560294032051511,0.14613340456319016,0.010475800023414195,14,0.056113032493149584,0.17676510224545142,0.007335099973715842,10,0.05656877322636643,0.19117580079153815,0.0057524999137967825
92,original,N,New_N_093.wav,28-20-14-10,DeepONMF_H4,4,nndsvd,0.2465988340540608,10x212,0.1119567999849096,28,0.06669407500118989,0.14053829481325725,0.08131219993811101,20,0.05587955639423996,0.11719795258727995,0.014131200034171343,14,0.05654846679980265,0.12669097604654989,0.009227799950167537,10,0.05921790414243616,0.1378222949685955,0.00589100003708154
93,original,N,New_N_094.wav,28-20-14-10,DeepONMF_H4,4,nndsvd,0.246342163626533,10x212,0.08325299993157387,28,0.06960345625955745,0.18152748709475153,0.052954899962060153,20,0.05578972561647866,0.14429915120063794,0.013708400074392557,14,0.05661583858892165,0.16356490209073868,0.008528199978172779,10,0.058964380220233606,0.19430688595891862,0.006001399946399033
94,original,N,New_N_095.wav,28-20-14-10,DeepONMF_H4,4,nndsvd,0.24400360065878085,10x212,0.09647440002299845,28,0.06759664563345012,0.18452284768834668,0.049179700086824596,20,0.05551333447199241,0.1595606495503058,0.017776499968022108,14,0.055718907848311086,0.17453020326194948,0.014781299978494644,10,0.05669205305056457,0.18505514030259068,0.013091599917970598
95,original,N,New_N_096.wav,28-20-14-10,DeepONMF_H4,4,nndsvd,0.24626623377261006,10x212,0.0765530999051407,28,0.0736167573787583,0.1829363853568557,0.050917199929244816,20,0.05589715205154798,0.17326640152848916,0.010505200014449656,14,0.055921736094468336,0.17346893596142132,0.0072475000051781535,10,0.05693280021170473,0.18372804216137972,0.006540500093251467
96,original,N,New_N_097.wav,28-20-14-10,DeepONMF_H4,4,nndsvd,0.2458731799536925,10x212,0.06882929999846965,28,0.07163330356866407,0.18583929662186374,0.04317079996690154,20,0.055881750077661344,0.13982855948351178,0.010318599990569055,14,0.05609756616275634,0.1482710935548608,0.0074983000522479415,10,0.057375076937152485,0.16131832832130077,0.0067414999939501286
97,original,N,New_N_098.wav,28-20-14-10,DeepONMF_H4,4,nndsvd,0.2451195167174897,10x212,0.07033799996133894,28,0.06943367883409311,0.1742107464598605,0.0447767999721691,20,0.05569396664274736,0.1578386102576096,0.010420800070278347,14,0.05604434334967479,0.15823263806899415,0.007794399978592992,10,0.05745460725897923,0.20702066308278633,0.006124500068835914
98,original,N,New_N_099.wav,28-20-14-10,DeepONMF_H4,4,nndsvd,0.2431184757027981,10x212,0.07270619994960725,28,0.06489979818438657,0.19302847434197543,0.04806810000445694,20,0.055552685766554845,0.17313545604191913,0.0094941999996081,14,0.05566314486147992,0.1665697725380442,0.008204199955798686,10,0.0560390888982179,0.20088206608362422,0.005704000010155141
99,original,N,New_N_100.wav,28-20-14-10,DeepONMF_H4,4,nndsvd,0.24243909008955425,10x212,0.0695805000141263,28,0.06264035814516619,0.19904433934591012,0.04415199998766184,20,0.0555651154328903,0.12581885434271883,0.010510100051760674,14,0.05551580684867194,0.11470290421283139,0.007417099899612367,10,0.055972261205423944,0.13736301271486945,0.005920900031924248
100,original,N,New_N_101.wav,28-20-14-10,DeepONMF_H4,4,nndsvd,0.24229118954996465,10x212,0.07280069997068495,28,0.062283018135889344,0.17981855553853593,0.04642409994266927,20,0.05559263226283119,0.12247937239147329,0.010600300040096045,14,0.0555982641506125,0.14213787177665654,0.007361700059846044,10,0.055888008652689926,0.18064329845477628,0.0071916000451892614
101,original,N,New_N_102.wav,28-20-14-10,DeepONMF_H4,4,nndsvd,0.2423296805168072,10x212,0.07427390001248568,28,0.06289425410228204,0.18798576578161938,0.04870070004835725,20,0.055382413765598895,0.1647964041958531,0.009462599991820753,14,0.05556923622943397,0.17402011003608753,0.0088244000216946,10,0.056114333488661045,0.19485963493905506,0.005905500031076372
102,original,N,New_N_103.wav,28-20-14-10,DeepONMF_H4,4,nndsvd,0.24236339390673672,10x212,0.07471209997311234,28,0.06339608129294239,0.18839555663290602,0.04647619999013841,20,0.0554453690350959,0.16820260359850042,0.01230760000180453,14,0.05550811288803971,0.20785174177557303,0.007522800005972385,10,0.0561116384812959,0.25443963760909943,0.007186900009401143
103,original,N,New_N_104.wav,28-20-14-10,DeepONMF_H4,4,nndsvd,0.24317562130464493,10x212,0.0711070999968797,28,0.06465772048332954,0.19944617335966794,0.04564619995653629,20,0.05560601266075355,0.14077781775893886,0.009393700049258769,14,0.05578201765693511,0.1476805409253456,0.009151900070719421,10,0.056041958804969726,0.17459991277937267,0.005736500024795532
104,original,N,New_N_105.wav,28-20-14-10,DeepONMF_H4,4,nndsvd,0.24192081746696611,10x212,0.07189540006220341,28,0.06198706433050007,0.20382949737049344,0.046401500003412366,20,0.055466913128371584,0.1433088239529342,0.009386599995195866,14,0.0554902539074415,0.17498816453414512,0.008452300098724663,10,0.05576551622789894,0.21868110013250733,0.006571799982339144
105,original,N,New_N_106.wav,28-20-14-10,DeepONMF_H4,4,nndsvd,0.24251289182969382,10x212,0.0734941998962313,28,0.06483297632471768,0.16366774352398908,0.04531820002011955,20,0.055430938102091626,0.1167850384514407,0.010922100045718253,14,0.05571191316042666,0.15168037740667048,0.007279300014488399,10,0.05598239508486497,0.19194778420484404,0.008796799927949905
106,original,N,New_N_107.wav,28-20-14-10,DeepONMF_H4,4,nndsvd,0.2423346814587696,10x212,0.07311270001810044,28,0.06256858696402315,0.19967454537881232,0.04731689998880029,20,0.055504899705278304,0.15941028926316902,0.009261400089599192,14,0.05557757423513147,0.18902389385750099,0.00950320006813854,10,0.055747914644232635,0.22447448044833412,0.005723200039938092
107,original,N,New_N_108.wav,28-20-14-10,DeepONMF_H4,4,nndsvd,0.2433015036761894,10x212,0.07398530002683401,28,0.06719829108183853,0.17739813178130984,0.04651919996831566,20,0.0554217720191007,0.13999067540290946,0.011204499984160066,14,0.05552853148912117,0.16002970409402623,0.00785529997665435,10,0.05582406685106446,0.20699567828080034,0.007108599995262921
108,original,N,New_N_109.wav,28-20-14-10,DeepONMF_H4,4,nndsvd,0.24245608402828603,10x212,0.07048959995154291,28,0.06049743596882309,0.17206975361419297,0.04336620005778968,20,0.05545264152625135,0.1276596989992791,0.011206199997104704,14,0.05578399748416623,0.14351859915063997,0.007357400027103722,10,0.0563030713661109,0.19915495684358742,0.007432399899698794
