indice_interno,base,clase,archivo,distribucion,representacion,numero_capas,inicializacion_onmf,error_final,forma_h_final,segundos_extraccion_deep,capa_1_rango,capa_1_error,capa_1_ortogonalidad_h,capa_1_segundos,capa_2_rango,capa_2_error,capa_2_ortogonalidad_h,capa_2_segundos,capa_3_rango,capa_3_error,capa_3_ortogonalidad_h,capa_3_segundos,capa_4_rango,capa_4_error,capa_4_ortogonalidad_h,capa_4_segundos
0,original,N,New_N_001.wav,30-18-10-6,DeepONMF_H4,4,nndsvd,0.2500525826208598,6x212,0.06677419994957745,30,0.07932943391112156,0.18492813471638295,0.04403759993147105,18,0.05583020745836543,0.14798383088538555,0.010205800062976778,10,0.057434470501016875,0.18821552219485563,0.006051499978639185,6,0.06333542029172647,0.2376088839275584,0.005012799985706806
1,original,N,New_N_002.wav,30-18-10-6,DeepONMF_H4,4,nndsvd,0.25384109015042955,6x212,0.06335860001854599,30,0.07028162134512486,0.185860581579184,0.04088190000038594,18,0.056731862813427285,0.14724798151953272,0.010396199999377131,10,0.05891221109536577,0.1545810605910263,0.0060541999991983175,6,0.06619466510276738,0.20991032421605785,0.004563799942843616
2,original,N,New_N_003.wav,30-18-10-6,DeepONMF_H4,4,nndsvd,0.2511496717005131,6x212,0.06218989996705204,30,0.0752735048598487,0.1471765235769885,0.04052150005009025,18,0.05588390677089373,0.13803395875763502,0.00974150002002716,10,0.05929198901218833,0.18984256004477543,0.006074500037357211,6,0.06300893862748609,0.29156357913089914,0.004560599918477237
3,original,N,New_N_004.wav,30-18-10-6,DeepONMF_H4,4,nndsvd,0.25076003677135383,6x212,0.06760030006989837,30,0.0749789332420399,0.17138792098019656,0.04273410001769662,18,0.05631468206780124,0.1350354126360122,0.009189600008539855,10,0.06006000420330825,0.18075224123306854,0.007353900000452995,6,0.06290040814190706,0.26988314773303285,0.006989000015892088
4,original,N,New_N_005.wav,30-18-10-6,DeepONMF_H4,4,nndsvd,0.2517294322200445,6x212,0.07495240005664527,30,0.0742384306703832,0.16287758106981515,0.04789699998218566,18,0.05600905635990671,0.1712837825138701,0.012056199950166047,10,0.05850758764806405,0.23329833914072182,0.00832220003940165,6,0.06384118218901669,0.27718153652712074,0.005420000059530139
5,original,N,New_N_006.wav,30-18-10-6,DeepONMF_H4,4,nndsvd,0.2544648476900249,6x212,0.07485279999673367,30,0.07914867610392894,0.17481041679085768,0.052853900007903576,18,0.05638585618982092,0.1513995182886495,0.009809699957259,10,0.05796565786421332,0.1649827167239246,0.006137700052931905,6,0.06442811261190272,0.1987345938225591,0.004666700027883053
6,original,N,New_N_007.wav,30-18-10-6,DeepONMF_H4,4,nndsvd,0.25412083060675633,6x212,0.07117769995238632,30,0.07102688606789193,0.1720643948028137,0.046561700059100986,18,0.05734949673749375,0.152163651876294,0.011676299967803061,10,0.06091298061251865,0.19356093282265924,0.006190899992361665,6,0.06762276390722509,0.23592907032493357,0.005537700024433434
7,original,N,New_N_008.wav,30-18-10-6,DeepONMF_H4,4,nndsvd,0.2573009424209548,6x212,0.08351690007839352,30,0.06915207178620054,0.15575828230449204,0.05456129997037351,18,0.05636812874347012,0.1542405104993704,0.015535400016233325,10,0.06105932836605992,0.17886958634807876,0.007169199991039932,6,0.07078584108212888,0.2249088499161916,0.00497080001514405
8,original,N,New_N_009.wav,30-18-10-6,DeepONMF_H4,4,nndsvd,0.2580508622840993,6x212,0.07307349995244294,30,0.07291922055733926,0.16453341206832686,0.05205749999731779,18,0.0569733041894905,0.1423800206457884,0.009148700046353042,10,0.06235893686637583,0.1369818247537043,0.006313899997621775,6,0.07198650530182546,0.15014085731561874,0.004489299957640469
9,original,N,New_N_010.wav,30-18-10-6,DeepONMF_H4,4,nndsvd,0.2553672412592535,6x212,0.06511159997899085,30,0.08008638380834689,0.1483558005576877,0.0433056999463588,18,0.05653426880976234,0.15574900051761217,0.009486100054346025,10,0.06022787057844706,0.18307936820642923,0.006545300013385713,6,0.07167586754766184,0.18229286049352636,0.0045261000050231814
10,original,N,New_N_011.wav,30-18-10-6,DeepONMF_H4,4,nndsvd,0.25302441607019366,6x212,0.0631494999397546,30,0.07174784294043801,0.1720233824043032,0.040796700050123036,18,0.05625702867205033,0.1539191402451715,0.010209000087343156,10,0.06023757248477872,0.22003300570611214,0.0061799000250175595,6,0.06454194884504771,0.27405093278940224,0.004903599969111383
11,original,N,New_N_012.wav,30-18-10-6,DeepONMF_H4,4,nndsvd,0.2516577053714558,6x212,0.06355779990553856,30,0.07057225986814492,0.18111011107003028,0.04099210002459586,18,0.05670052073172086,0.15554608715878865,0.010315999970771372,10,0.05977369167008692,0.21720630992017143,0.006043699919246137,6,0.06435713160258401,0.29246998369694877,0.004790699924342334
12,original,N,New_N_013.wav,30-18-10-6,DeepONMF_H4,4,nndsvd,0.2538157942891915,6x212,0.06201270001474768,30,0.07846037275235812,0.1635727661575393,0.040443799924105406,18,0.05601787389028029,0.15502286437467797,0.009775299928151071,10,0.06024102503007698,0.19516678404492194,0.00600029993802309,6,0.06309763563999786,0.31920803040245516,0.004449700005352497
13,original,N,New_N_014.wav,30-18-10-6,DeepONMF_H4,4,nndsvd,0.2517274746446617,6x212,0.06253799994010478,30,0.07480904056291159,0.18267623317913054,0.04115459998138249,18,0.05593304696011005,0.17601799724381462,0.009365299949422479,10,0.058545431301226136,0.24547986671007926,0.006325599970296025,6,0.06584202920034757,0.3165438292417953,0.004486699937842786
14,original,N,New_N_015.wav,30-18-10-6,DeepONMF_H4,4,nndsvd,0.2554405113292956,6x212,0.06250879995059222,30,0.07497259365951685,0.16742042366163612,0.04088930005673319,18,0.057122502533832116,0.145838242343795,0.009523399989120662,10,0.05972742091884766,0.19586703817738715,0.005985699943266809,6,0.0708027353262066,0.23795400339094946,0.00477959995623678
15,original,N,New_N_016.wav,30-18-10-6,DeepONMF_H4,4,nndsvd,0.2526067185868449,6x212,0.06778849998954684,30,0.07349422416855725,0.15280396787730896,0.04443050001282245,18,0.05611075871390751,0.14978530197555892,0.010170500027015805,10,0.0592548690864396,0.2029207123081813,0.006919800071045756,6,0.06825705114963947,0.29718941219814243,0.005029799998737872
16,original,N,New_N_017.wav,30-18-10-6,DeepONMF_H4,4,nndsvd,0.2561599335332514,6x212,0.06293820007704198,30,0.07692996901861748,0.16647824182515172,0.04112060007173568,18,0.05611688940014245,0.11230459970234812,0.00959479995071888,10,0.06072400063534286,0.1243953778052486,0.006199299939908087,6,0.07157224098394925,0.21413955298164256,0.0049628999549895525
17,original,N,New_N_018.wav,30-18-10-6,DeepONMF_H4,4,nndsvd,0.2522056796592804,6x212,0.06300409999676049,30,0.07725165536412332,0.17437812650445353,0.04131879995111376,18,0.05631876160073939,0.14282193023818593,0.009813899989239872,10,0.059069127985644454,0.17386586969299278,0.0061304999981075525,6,0.06398735307716587,0.23010724501849286,0.0044859000481665134
18,original,N,New_N_019.wav,30-18-10-6,DeepONMF_H4,4,nndsvd,0.2521046443695438,6x212,0.06572319997940212,30,0.07934361077226511,0.1678666341958317,0.04308039997704327,18,0.05590306250625151,0.16832251275285234,0.010358200059272349,10,0.0592670047053209,0.20987869144391508,0.006536600063554943,6,0.0628423659872008,0.2802632195129016,0.004507099976763129
19,original,N,New_N_020.wav,30-18-10-6,DeepONMF_H4,4,nndsvd,0.24996253115147482,6x212,0.06507890007924289,30,0.07812442254766948,0.17656163677584416,0.04319520003627986,18,0.05606700161089821,0.16169498733424886,0.009750400087796152,10,0.05894787926660229,0.16517141450558961,0.006258100038394332,6,0.06205917406248197,0.1975078813706926,0.0045013000490143895
20,original,N,New_N_021.wav,30-18-10-6,DeepONMF_H4,4,nndsvd,0.25028572198471344,6x212,0.06422369997017086,30,0.0714825337089937,0.17155453883410537,0.04250610002782196,18,0.05663517239169856,0.1614214867446267,0.00913730007596314,10,0.0575675955107206,0.20008787257257035,0.006828400073572993,6,0.0661157810832061,0.2560477584208225,0.0045171999372541904
21,original,N,New_N_022.wav,30-18-10-6,DeepONMF_H4,4,nndsvd,0.25172110490995214,6x212,0.071869199979119,30,0.07403654119015418,0.16939059846303062,0.04911959997843951,18,0.0562784247225806,0.14433776294557332,0.010427200002595782,10,0.057729043708847065,0.1547869565183344,0.0063458000076934695,6,0.06864551202428612,0.1728922813105588,0.004745699930936098
22,original,N,New_N_023.wav,30-18-10-6,DeepONMF_H4,4,nndsvd,0.2576061883215868,6x212,0.0664244000799954,30,0.07014614773473409,0.14136677803824685,0.044959999970160425,18,0.056678977452372624,0.1259767290296498,0.0096808000234887,10,0.06358172367528325,0.14646868123503115,0.006005300092510879,6,0.07256480050192754,0.19922365939396877,0.004468000028282404
23,original,N,New_N_024.wav,30-18-10-6,DeepONMF_H4,4,nndsvd,0.25402252086832156,6x212,0.06471189996227622,30,0.07311021070819389,0.16763882120501591,0.04344459995627403,18,0.05886033090766457,0.13371043850413772,0.009543800028041005,10,0.06108539279208963,0.15739479408849708,0.006063900073058903,6,0.06468107637978372,0.19257572441602042,0.00447739998344332
24,original,N,New_N_025.wav,30-18-10-6,DeepONMF_H4,4,nndsvd,0.25830772711582783,6x212,0.06277189997490495,30,0.07664703205790464,0.1550254110581212,0.04109229997266084,18,0.05685488388887932,0.13194862439855234,0.009323000092990696,10,0.06579967870688483,0.17600130189295904,0.006300600012764335,6,0.07150926437320797,0.24523489913006072,0.00449369999114424
25,original,N,New_N_026.wav,30-18-10-6,DeepONMF_H4,4,nndsvd,0.2565392649226677,6x212,0.06668530008755624,30,0.07549188198786543,0.17053485317672,0.04488529998343438,18,0.05643939558688538,0.13243546301601394,0.0094319999916479,10,0.0627040359040072,0.16313908424359164,0.006435200106352568,6,0.07273118690616204,0.2398602916227164,0.004804300027899444
26,original,N,New_N_027.wav,30-18-10-6,DeepONMF_H4,4,nndsvd,0.25098258802104806,6x212,0.06520469998940825,30,0.07385551536206582,0.16225461031575109,0.042103299987502396,18,0.05639037585880752,0.13815580770153274,0.009271800052374601,10,0.05943967343586008,0.20097697301812814,0.007245599990710616,6,0.06530767601021635,0.2665070794579571,0.005306599894538522
27,original,N,New_N_028.wav,30-18-10-6,DeepONMF_H4,4,nndsvd,0.2492852406609914,6x212,0.08131120004691184,30,0.07364737059807683,0.15449868774680325,0.04506409994792193,18,0.0559323220564449,0.12837128417424473,0.016152799944393337,10,0.05796096087401758,0.16524034678990654,0.011354199959896505,6,0.0615222583511145,0.23895306638017225,0.007607599953189492
28,original,N,New_N_029.wav,30-18-10-6,DeepONMF_H4,4,nndsvd,0.25274616806391037,6x212,0.07082110003102571,30,0.07241125867022696,0.16914306606295823,0.04733109998051077,18,0.05638355384025575,0.15495721317704023,0.009798199986107647,10,0.059562899918010934,0.18895615599085275,0.007905100006610155,6,0.07125034063706912,0.21566079395265902,0.00473960000090301
29,original,N,New_N_030.wav,30-18-10-6,DeepONMF_H4,4,nndsvd,0.25591154266729765,6x212,0.07160809997003525,30,0.07643553453155638,0.1744083537075602,0.04657509992830455,18,0.05930086756361266,0.13730346257349982,0.010209100088104606,10,0.06020194543926762,0.16024066811207383,0.008732200018130243,6,0.0668120754487599,0.2212878416597469,0.004541899892501533
30,original,N,New_N_031.wav,30-18-10-6,DeepONMF_H4,4,nndsvd,0.2555541987163206,6x212,0.08018799999263138,30,0.07659968079396968,0.16968123239316366,0.057443900033831596,18,0.05678716490251819,0.14968001764394234,0.00947789999190718,10,0.06032403074569851,0.22440682719269459,0.0073222999926656485,6,0.07020686552604107,0.24478377817644434,0.004658199963159859
31,original,N,New_N_032.wav,30-18-10-6,DeepONMF_H4,4,nndsvd,0.2538692272571349,6x212,0.07290289993397892,30,0.0748342600813593,0.16098689065950772,0.0478832001099363,18,0.05726990779836335,0.10263677137112448,0.011698799906298518,10,0.06062834492251339,0.11745899989420765,0.007310399902053177,6,0.07026125982805673,0.17769552830901877,0.004677199991419911
32,original,N,New_N_033.wav,30-18-10-6,DeepONMF_H4,4,nndsvd,0.2540162904154446,6x212,0.06939459999557585,30,0.07187080637820377,0.1667846139091209,0.044542199932038784,18,0.056812377701876256,0.1487940258765315,0.012011300073936582,10,0.06256476776084445,0.1957225225960357,0.006072200019843876,6,0.06372128375838133,0.2589158681601341,0.005675100022926927
33,original,N,New_N_034.wav,30-18-10-6,DeepONMF_H4,4,nndsvd,0.2533945484591613,6x212,0.07316550007089972,30,0.07449252478944249,0.16640693907387916,0.048348600044846535,18,0.05628578773147954,0.12999217871208898,0.009397499961778522,10,0.060324916477654124,0.11639252095732328,0.009554299991577864,6,0.066164340987711,0.18231676213469059,0.004610499949194491
34,original,N,New_N_035.wav,30-18-10-6,DeepONMF_H4,4,nndsvd,0.2524926169276533,6x212,0.0765138000715524,30,0.07474617287173373,0.17221516281714327,0.05271049996372312,18,0.056258563000536575,0.15295587489144102,0.01074320008046925,10,0.059238125956646015,0.20681654977618982,0.006283900002017617,6,0.06545510764280972,0.22433242305006873,0.005515599972568452
35,original,N,New_N_036.wav,30-18-10-6,DeepONMF_H4,4,nndsvd,0.2552351201480467,6x212,0.0691251999232918,30,0.07402996108067568,0.15863760898820534,0.04483789997175336,18,0.05648803455046437,0.15096003388313567,0.010659700026735663,10,0.05993101851367561,0.2055424406660215,0.006241200026124716,6,0.06427370595728851,0.2596978126634461,0.006262000068090856
36,original,N,New_N_037.wav,30-18-10-6,DeepONMF_H4,4,nndsvd,0.24531894199721713,6x212,0.07238120003603399,30,0.06742079846783941,0.1462375854795271,0.04952649993356317,18,0.05541414343452888,0.1543017346214182,0.009356700000353158,10,0.05617604984748893,0.20487389082699123,0.007711099926382303,6,0.06053140156339496,0.17626615764232428,0.004666199907660484
37,original,N,New_N_038.wav,30-18-10-6,DeepONMF_H4,4,nndsvd,0.24387915811193348,6x212,0.07052119995933026,30,0.06816493737113724,0.14207186138243785,0.046789900050498545,18,0.05545132687761774,0.14335371934114854,0.010178999975323677,10,0.056205148334488725,0.17557264983494386,0.006508100079372525,6,0.05901213656669764,0.28416200637305594,0.005597700015641749
38,original,N,New_N_039.wav,30-18-10-6,DeepONMF_H4,4,nndsvd,0.24401009132335524,6x212,0.06798149994574487,30,0.06739458149711813,0.1380918945847107,0.044231200008653104,18,0.055534940511104615,0.11905663181648593,0.011603499995544553,10,0.056451107947805924,0.14817863806401071,0.006058700033463538,6,0.05889037555217694,0.20609152511499768,0.004580099950544536
39,original,N,New_N_040.wav,30-18-10-6,DeepONMF_H4,4,nndsvd,0.2429956265888851,6x212,0.07170099997892976,30,0.06699498393769743,0.14608118488334268,0.0471978000132367,18,0.055383820066952395,0.14773682617316033,0.010892300051636994,10,0.05597077835086491,0.2042953098700746,0.006298499996773899,6,0.05791879722303015,0.21775592953261827,0.006167000043205917
40,original,N,New_N_041.wav,30-18-10-6,DeepONMF_H4,4,nndsvd,0.24447873482540158,6x212,0.07236320001538843,30,0.06440329349575091,0.1645402594870482,0.04853860009461641,18,0.05556586272542682,0.14375656670480325,0.009268500027246773,10,0.056431595692900106,0.1991540611635023,0.008598300046287477,6,0.059031655966470045,0.2997499256292688,0.004547499935142696
41,original,N,New_N_042.wav,30-18-10-6,DeepONMF_H4,4,nndsvd,0.24490021604339868,6x212,0.07084719999693334,30,0.06468324192503663,0.17664350418449845,0.04748209996614605,18,0.05556439453184448,0.11029139943078603,0.011288600042462349,10,0.057818423422733835,0.1308783585437852,0.006157300085760653,6,0.06001676738888167,0.16795527321964426,0.004521099966950715
42,original,N,New_N_043.wav,30-18-10-6,DeepONMF_H4,4,nndsvd,0.2449635636274638,6x212,0.07121229998301715,30,0.06476172205536244,0.17407828856912566,0.046918599982745945,18,0.05554792302783811,0.15244797656626902,0.01036379998549819,10,0.0560789595078663,0.17897586364319804,0.006910500000230968,6,0.058087392091603136,0.3199124053001521,0.005510699935257435
43,original,N,New_N_044.wav,30-18-10-6,DeepONMF_H4,4,nndsvd,0.2443519141408414,6x212,0.0732164999935776,30,0.0628829237746026,0.18065507215453414,0.046837200061418116,18,0.05566328040024676,0.15444798224131367,0.011199099943041801,10,0.056315028922576914,0.21943319738160846,0.008475500042550266,6,0.059329583976009966,0.29738413476417275,0.005303499987348914
44,original,N,New_N_045.wav,30-18-10-6,DeepONMF_H4,4,nndsvd,0.24638331288653467,6x212,0.07072670001070946,30,0.06626445438981997,0.16112874090985446,0.04744839994236827,18,0.05576408184131174,0.14181042422916393,0.00999500008765608,10,0.05877490387922983,0.15059442181426264,0.00712650001514703,6,0.06128175782107177,0.21170778838842028,0.004547399934381247
45,original,N,New_N_046.wav,30-18-10-6,DeepONMF_H4,4,nndsvd,0.244532874986112,6x212,0.0708269999595359,30,0.06471849227000674,0.18196634171686218,0.04675819992553443,18,0.055531502767413796,0.14866795317341364,0.011844599968753755,10,0.05698154319491268,0.21459488378668345,0.006087500019930303,6,0.058347897524375865,0.3507258206361855,0.004543400020338595
46,original,N,New_N_047.wav,30-18-10-6,DeepONMF_H4,4,nndsvd,0.24545893106764644,6x212,0.07053159992210567,30,0.06422537817107528,0.1600667413123504,0.04623039998114109,18,0.055657494793284634,0.13427621240899934,0.01084690005518496,10,0.05733929821117397,0.15944732600624176,0.006359299994073808,6,0.058697880892285795,0.22799350599316603,0.005962600000202656
47,original,N,New_N_048.wav,30-18-10-6,DeepONMF_H4,4,nndsvd,0.24643782343135487,6x212,0.06796010001562536,30,0.0727747089970537,0.1667247378863675,0.042987799970433116,18,0.055474112508007295,0.15652607492318085,0.010866999975405633,10,0.05584251292040972,0.1620255038919626,0.00627749995328486,6,0.05847034762789407,0.2919844087089381,0.006476800073869526
48,original,N,New_N_049.wav,30-18-10-6,DeepONMF_H4,4,nndsvd,0.24412429898961904,6x212,0.06964140001218766,30,0.061139654507174006,0.20123110872302666,0.04651969997212291,18,0.05562254116062343,0.15205133349417257,0.009609400061890483,10,0.05657048045636684,0.17736757350928153,0.007373000029474497,6,0.05827492215141771,0.23983135498475244,0.0047314000548794866
49,original,N,New_N_050.wav,30-18-10-6,DeepONMF_H4,4,nndsvd,0.24480668856505838,6x212,0.07045819994527847,30,0.06553205839635565,0.17332843801737796,0.047960299998521805,18,0.05555019966554958,0.12463964531532509,0.009528900031000376,10,0.05646087511074125,0.14507684430378603,0.007175600039772689,6,0.06002529226091629,0.19667765432369758,0.004566799965687096
50,original,N,New_N_051.wav,30-18-10-6,DeepONMF_H4,4,nndsvd,0.24676624638234063,6x212,0.07088170002680272,30,0.06510376635372583,0.1463032325107665,0.04705119994468987,18,0.056058704244273665,0.12799640075751634,0.011656900052912533,10,0.05704937415588524,0.1500859097892841,0.00617229996714741,6,0.061950796924949134,0.18900692121933893,0.004612699965946376
51,original,N,New_N_052.wav,30-18-10-6,DeepONMF_H4,4,nndsvd,0.2448613034791772,6x212,0.07609779993072152,30,0.06405154833070034,0.16911365347297633,0.04494900000281632,18,0.05548449476593902,0.14775061166063547,0.013251599972136319,10,0.056970761587969286,0.1810881983237935,0.006307299947366118,6,0.05868809279044664,0.2456228556909308,0.010005699936300516
52,original,N,New_N_053.wav,30-18-10-6,DeepONMF_H4,4,nndsvd,0.243952882335023,6x212,0.07339439995121211,30,0.06559043445044539,0.1718090375238657,0.048589699901640415,18,0.05553577800182306,0.14210022478847448,0.012538799899630249,10,0.05625468935371003,0.2765868109921074,0.006081299972720444,6,0.057221205425251026,0.34689943007257135,0.004596900078468025
53,original,N,New_N_054.wav,30-18-10-6,DeepONMF_H4,4,nndsvd,0.24353309170091825,6x212,0.0686742999823764,30,0.06438332985652764,0.169199161064654,0.04526149993762374,18,0.055574042293666415,0.13945655428902798,0.010594799998216331,10,0.05612101114954967,0.22027767396993364,0.006262099952436984,6,0.05782511510628938,0.3014730742338686,0.005259900004602969
54,original,N,New_N_055.wav,30-18-10-6,DeepONMF_H4,4,nndsvd,0.24414178977503734,6x212,0.0679845999693498,30,0.06262097350913447,0.16617223330381067,0.044625299982726574,18,0.05547928673980605,0.1774965523064991,0.0104597999015823,10,0.05693200402866891,0.18312721962996487,0.006100300000980496,6,0.0598664326447646,0.27539810216811755,0.005628500017337501
55,original,N,New_N_056.wav,30-18-10-6,DeepONMF_H4,4,nndsvd,0.2462388454243835,6x212,0.06787310005165637,30,0.06437328869407352,0.18967793200459188,0.04324479994829744,18,0.05564680050114551,0.13757619780408184,0.011482800007797778,10,0.05673994879464033,0.18328006982241096,0.006081000086851418,6,0.05961027955465652,0.3063249245138404,0.005908900056965649
56,original,N,New_N_057.wav,30-18-10-6,DeepONMF_H4,4,nndsvd,0.24372616446885853,6x212,0.06919760000891984,30,0.06393486895280381,0.20211283842142944,0.045280200080014765,18,0.0555211619016472,0.16542282840002023,0.010289300000295043,10,0.05608164152268203,0.18698804492644755,0.00672950001899153,6,0.057168007201027014,0.27222668520110754,0.005566800013184547
57,original,N,New_N_058.wav,30-18-10-6,DeepONMF_H4,4,nndsvd,0.24405056539907288,6x212,0.06970130000263453,30,0.06254425787957046,0.19724812063427524,0.04694789997301996,18,0.05564097949555158,0.15101055923167814,0.00932949990965426,10,0.05643553156837976,0.22935943507256498,0.007442699978128076,6,0.05816117750199722,0.33733118896625874,0.004559400025755167
58,original,N,New_N_059.wav,30-18-10-6,DeepONMF_H4,4,nndsvd,0.24351101515335755,6x212,0.07040379999671131,30,0.06535027861315941,0.1695071081371901,0.04734459996689111,18,0.0555427321036819,0.15782875384985043,0.010087300091981888,10,0.05619633129775446,0.23805475158597267,0.006767999962903559,6,0.05739559221281306,0.3405235979089883,0.004825200070627034
59,original,N,New_N_060.wav,30-18-10-6,DeepONMF_H4,4,nndsvd,0.24398866333839211,6x212,0.06750300002750009,30,0.0683490677479396,0.1990463104587372,0.0448702999856323,18,0.055455486025976435,0.16550488953730813,0.0105801000026986,10,0.055685074080218194,0.23188568678347118,0.006084399996325374,6,0.0570392771373193,0.30387897525952334,0.004667000030167401
60,original,N,New_N_061.wav,30-18-10-6,DeepONMF_H4,4,nndsvd,0.24536612348370038,6x212,0.07413910003378987,30,0.06446059468525148,0.17038690977633017,0.04764689994044602,18,0.055592899142984084,0.14776054314215467,0.01136229990515858,10,0.057504580021489594,0.17897243181254613,0.006568600074388087,6,0.05855545620504271,0.25725785954052066,0.007292599999345839
61,original,N,New_N_062.wav,30-18-10-6,DeepONMF_H4,4,nndsvd,0.24315569162525663,6x212,0.07039919996168464,30,0.06319432901477022,0.2036187554459612,0.046435399912297726,18,0.055441836462347516,0.22191223526565074,0.009416499990038574,10,0.05587100270428946,0.29555724517363263,0.008487200015224516,6,0.056946429308200215,0.3756802669709112,0.0048334000166505575
62,original,N,New_N_063.wav,30-18-10-6,DeepONMF_H4,4,nndsvd,0.24448750071580738,6x212,0.07130650000181049,30,0.06396170358344565,0.16424593608999463,0.04756560001987964,18,0.05574592672209938,0.15767236955925842,0.009842099971137941,10,0.05678241620663409,0.23387686540745412,0.008060600026510656,6,0.05904506421743386,0.2827770847431304,0.004607000038959086
63,original,N,New_N_064.wav,30-18-10-6,DeepONMF_H4,4,nndsvd,0.24386194902916747,6x212,0.0710245999507606,30,0.062106482278631414,0.16999425989417472,0.04729879996739328,18,0.05565141972734127,0.16317913425538413,0.010874700034037232,10,0.05646298686470656,0.2195492746396076,0.006124399951659143,6,0.05911713452957386,0.3449444067299445,0.0050493000308051705
64,original,N,New_N_065.wav,30-18-10-6,DeepONMF_H4,4,nndsvd,0.24514866199759922,6x212,0.06775950000155717,30,0.06427924925008512,0.1688950817820951,0.04396350006572902,18,0.05559935788696368,0.13560630385420938,0.010706699918955564,10,0.05736930331458105,0.182958843652806,0.0062102999072521925,6,0.06120365345582585,0.1907562492094376,0.005640199990011752
65,original,N,New_N_066.wav,30-18-10-6,DeepONMF_H4,4,nndsvd,0.24337757013772496,6x212,0.07238379993941635,30,0.06225476633355528,0.1733378205539585,0.0475323999999091,18,0.05549414917740068,0.15793766881435206,0.01054139994084835,10,0.05688377068083595,0.20200202529393188,0.007355300011113286,6,0.058452349205735166,0.2567825298713764,0.005927400081418455
66,original,N,New_N_067.wav,30-18-10-6,DeepONMF_H4,4,nndsvd,0.24401107875066338,6x212,0.07027080003172159,30,0.061331460577441,0.18886988784306874,0.04629450000356883,18,0.05571469941326125,0.17015690653326754,0.009508199989795685,10,0.05700821337590405,0.1951481188536883,0.00816810003016144,6,0.05872890560543968,0.23153058907851554,0.004605600028298795
67,original,N,New_N_068.wav,30-18-10-6,DeepONMF_H4,4,nndsvd,0.24544823743650507,6x212,0.07568250002805144,30,0.06517613728285573,0.16098985523328296,0.04964129999279976,18,0.05579553082022774,0.1456851561390398,0.012114000041037798,10,0.057756139820695336,0.20355466903653105,0.006203400087542832,6,0.05944103797809191,0.25955934264304875,0.006622500019147992
68,original,N,New_N_069.wav,30-18-10-6,DeepONMF_H4,4,nndsvd,0.24735956969922313,6x212,0.06947039999067783,30,0.06861392620129163,0.15748530395788937,0.0447296000784263,18,0.055832685721462175,0.1399154858844171,0.010142900049686432,10,0.05773140599779176,0.21084281523026852,0.006533200037665665,6,0.061850835428236474,0.2884798461726097,0.0066500999964773655
69,original,N,New_N_070.wav,30-18-10-6,DeepONMF_H4,4,nndsvd,0.24896049825193345,6x212,0.06924940005410463,30,0.0697054630099204,0.1466494290082405,0.04622140002902597,18,0.05611385051827228,0.13881180082738104,0.009305699961259961,10,0.05928968781880301,0.18494637489130447,0.007749599986709654,6,0.0633595514307965,0.2636286806444579,0.00457230000756681
70,original,N,New_N_071.wav,30-18-10-6,DeepONMF_H4,4,nndsvd,0.2497706297560636,6x212,0.0707725000102073,30,0.06556408030585269,0.17154786962129565,0.04785279999487102,18,0.055715104647761575,0.16611379113812616,0.010958799975924194,10,0.05734544740650579,0.1802888831449884,0.006161299999803305,6,0.06322544824061535,0.2720022812560196,0.004664600011892617
71,original,N,New_N_072.wav,30-18-10-6,DeepONMF_H4,4,nndsvd,0.24704226681657615,6x212,0.07020790001843125,30,0.07019830824065802,0.14904680712634502,0.046514200046658516,18,0.05563110456751007,0.1540818274555779,0.011153899948112667,10,0.057773365653127885,0.197679978554148,0.0060548000037670135,6,0.06139008046067179,0.35345195163933707,0.004753199988044798
72,original,N,New_N_073.wav,30-18-10-6,DeepONMF_H4,4,nndsvd,0.24775041971733236,6x212,0.06849860004149377,30,0.06955020407348907,0.15694702591582987,0.044537800014950335,18,0.05588947479509117,0.14153178693918533,0.010775799979455769,10,0.057997814698090046,0.18382900118141135,0.006259100046008825,6,0.06102346060446708,0.276174227556422,0.00560810009483248
73,original,N,New_N_074.wav,30-18-10-6,DeepONMF_H4,4,nndsvd,0.24765944624166417,6x212,0.06996860005892813,30,0.0661594045414723,0.16621859393816202,0.04488800000399351,18,0.05588496575832726,0.1404283101184881,0.010484799975529313,10,0.057400399097323626,0.1926748087807704,0.006975699914619327,6,0.06260533543952139,0.225433539034424,0.006455599912442267
74,original,N,New_N_075.wav,30-18-10-6,DeepONMF_H4,4,nndsvd,0.24671927006221014,6x212,0.07046279998030514,30,0.0687817653424423,0.16528663700095722,0.04449269990436733,18,0.055770385520479776,0.16126305048141518,0.009570399997755885,10,0.057527505266176344,0.2223185728284107,0.007168499985709786,6,0.06064508336254859,0.27442866243643327,0.00783459993544966
75,original,N,New_N_076.wav,30-18-10-6,DeepONMF_H4,4,nndsvd,0.2505238225553574,6x212,0.0812710999744013,30,0.07224423259051356,0.1725521946028249,0.05809039995074272,18,0.05579795868496696,0.14419407986321936,0.009608899941667914,10,0.058394989707478216,0.21243139063515162,0.0072694000555202365,6,0.06290400897772877,0.26769850252485183,0.004871900076977909
76,original,N,New_N_077.wav,30-18-10-6,DeepONMF_H4,4,nndsvd,0.2463029251370376,6x212,0.06384769990108907,30,0.06593758732408654,0.18020761894754364,0.04115780000574887,18,0.05565464358452051,0.15464124005064744,0.00993119995109737,10,0.056665026850322854,0.1661174450651327,0.0062942999647930264,6,0.062174594103558044,0.25129700205295136,0.0053273000521585345
77,original,N,New_N_078.wav,30-18-10-6,DeepONMF_H4,4,nndsvd,0.2456972361677522,6x212,0.06652150000445545,30,0.06484693212186038,0.17529471163627222,0.04480349994264543,18,0.05578278763490177,0.14649636417100043,0.009470800054259598,10,0.0573129589062892,0.19835807939366604,0.006314800004474819,6,0.05996070149998198,0.23062453718744658,0.004661999992094934
78,original,N,New_N_079.wav,30-18-10-6,DeepONMF_H4,4,nndsvd,0.24928413386113754,6x212,0.06364569999277592,30,0.07003641269263826,0.17051818269943878,0.04203300003428012,18,0.05611093571642486,0.14323174733189636,0.00959350005723536,10,0.05822768907271247,0.2329220405080496,0.006035499973222613,6,0.06227839993616315,0.31046647795204635,0.004719399963505566
79,original,N,New_N_080.wav,30-18-10-6,DeepONMF_H4,4,nndsvd,0.24815966512978208,6x212,0.06339480006136,30,0.07050854927607816,0.15788694205760342,0.04128340003080666,18,0.05589470105259996,0.12600369321544594,0.010247000027447939,10,0.058547945480266775,0.19725450080011062,0.006086200010031462,6,0.059867620766345435,0.27749664874723606,0.004590200027450919
80,original,N,New_N_081.wav,30-18-10-6,DeepONMF_H4,4,nndsvd,0.2474589025385831,6x212,0.06470750004518777,30,0.0725569371526199,0.17907025404261762,0.04262239998206496,18,0.05572033726205743,0.12326308218482941,0.010223299963399768,10,0.05699002513683407,0.18108995491838217,0.006009100005030632,6,0.05921588823807962,0.23191350043648326,0.004599600099027157
81,original,N,New_N_082.wav,30-18-10-6,DeepONMF_H4,4,nndsvd,0.24657287813227,6x212,0.06565839995164424,30,0.06430433524750107,0.17524498299456673,0.0433640000410378,18,0.05603474980753602,0.145547228550645,0.009475700091570616,10,0.05765184618465232,0.2030282639163029,0.007039099931716919,6,0.06044068875629226,0.2606563648294657,0.004618600010871887
82,original,N,New_N_083.wav,30-18-10-6,DeepONMF_H4,4,nndsvd,0.2488613473157362,6x212,0.06377209990750998,30,0.07097758299572413,0.16896538240342976,0.041783299995586276,18,0.056144345305330905,0.10877804430369002,0.009086999925784767,10,0.05836513406812576,0.14355448395886108,0.007181099965237081,6,0.06073351624539406,0.24838164207612676,0.004519199952483177
83,original,N,New_N_084.wav,30-18-10-6,DeepONMF_H4,4,nndsvd,0.2469866706641604,6x212,0.08376810001209378,30,0.06690488155339665,0.16852766863898203,0.04922639997676015,18,0.05582774898905239,0.14671605076135022,0.019340600003488362,10,0.05748707819185286,0.18255408796473196,0.009405000018887222,6,0.06319635742685323,0.25577302432686716,0.004547999938949943
84,original,N,New_N_085.wav,30-18-10-6,DeepONMF_H4,4,nndsvd,0.2478627486960695,6x212,0.06597919994965196,30,0.06595292697366409,0.16923645414617175,0.04415370000060648,18,0.055769717363679416,0.14950574955056734,0.00936799996998161,10,0.05742404393127845,0.1946274277179302,0.00664789997972548,6,0.061548000384576154,0.2631696150565266,0.004478399991057813
85,original,N,New_N_086.wav,30-18-10-6,DeepONMF_H4,4,nndsvd,0.25069537541382525,6x212,0.0658983999164775,30,0.07146232651852838,0.16895342474645472,0.044426599983125925,18,0.05598833050085767,0.14732061357843654,0.009384000091813505,10,0.058889377983367,0.1849806039176445,0.0063177000265568495,6,0.06164186208202379,0.23446369122636077,0.0044728999491781
86,original,N,New_N_087.wav,30-18-10-6,DeepONMF_H4,4,nndsvd,0.2482721114880116,6x212,0.06185020005796105,30,0.06916926171343768,0.1684604366581698,0.03964940004516393,18,0.05592162518294565,0.14473704794315237,0.009459200082346797,10,0.05784343841534141,0.15697287297099208,0.006211400032043457,6,0.0623727556577388,0.20949117962161318,0.0053038999903947115
87,original,N,New_N_088.wav,30-18-10-6,DeepONMF_H4,4,nndsvd,0.24747351885543473,6x212,0.06379409995861351,30,0.06829965941918122,0.17988555113813406,0.04181670001707971,18,0.05582278814134112,0.1527799739755518,0.009413100080564618,10,0.05783792449271941,0.20432525285330305,0.006010800017975271,6,0.06345545872245324,0.2605113836729882,0.005323700024746358
88,original,N,New_N_089.wav,30-18-10-6,DeepONMF_H4,4,nndsvd,0.24768244494906758,6x212,0.06358910002745688,30,0.06671300115896538,0.16747565350548563,0.04125529993325472,18,0.055805465880192556,0.15832033362285647,0.010354599915444851,10,0.05775525488367649,0.1831430533358358,0.006008299998939037,6,0.06456374260587636,0.23666664639154417,0.004718800075352192
89,original,N,New_N_090.wav,30-18-10-6,DeepONMF_H4,4,nndsvd,0.24967089852491173,6x212,0.06284060003235936,30,0.06972360629067981,0.16148413693967023,0.04103119997307658,18,0.05631176921227228,0.13443992784947403,0.009172999998554587,10,0.05788328001674182,0.19699855030687058,0.0069917000364512205,6,0.0631023833422738,0.33045566066943033,0.004690199973993003
90,original,N,New_N_091.wav,30-18-10-6,DeepONMF_H4,4,nndsvd,0.24903749051890872,6x212,0.06309089995920658,30,0.06853158255330191,0.1515316309631156,0.04122689994983375,18,0.056655859708638207,0.11954780803916276,0.009331099921837449,10,0.05998997455826399,0.16713148622645893,0.006914999918080866,6,0.06555685043087899,0.19462248972024065,0.004562099929898977
91,original,N,New_N_092.wav,30-18-10-6,DeepONMF_H4,4,nndsvd,0.2461428846187174,6x212,0.06443980010226369,30,0.06500260339774316,0.15675742106863869,0.041232399991713464,18,0.05571167657262079,0.1543459853914522,0.010253699962049723,10,0.05727499637214674,0.17569627259494042,0.0065756000112742186,6,0.06215038263260242,0.27823512795744504,0.005081099923700094
92,original,N,New_N_093.wav,30-18-10-6,DeepONMF_H4,4,nndsvd,0.24926969689474945,6x212,0.06469530006870627,30,0.06656126864651306,0.1350785934162696,0.04162990010809153,18,0.056051766113840676,0.1176243013781404,0.009956800029613078,10,0.06135052136528973,0.14363173088688366,0.006501500029116869,6,0.06239591142230746,0.2143569612157977,0.005402600043453276
93,original,N,New_N_094.wav,30-18-10-6,DeepONMF_H4,4,nndsvd,0.25055204081936466,6x212,0.0650506999809295,30,0.06952537533864922,0.17042994460049046,0.04239299998153001,18,0.05589916910916223,0.15815349428143302,0.010308599914424121,10,0.06000754215455166,0.1983949019357039,0.006041900021955371,6,0.06770008471094446,0.23167667945298717,0.005284199956804514
94,original,N,New_N_095.wav,30-18-10-6,DeepONMF_H4,4,nndsvd,0.24668405972564156,6x212,0.06341599998995662,30,0.06757504522329141,0.1766110075036029,0.041986099909991026,18,0.05556104924596938,0.16224044305811416,0.009679500013589859,10,0.05688980270001966,0.18801130498545018,0.006237099994905293,6,0.06278116831973016,0.19991243099643427,0.00446829991415143
95,original,N,New_N_096.wav,30-18-10-6,DeepONMF_H4,4,nndsvd,0.24996711880914715,6x212,0.06605809996835887,30,0.07327958784282027,0.18138957896077507,0.04385140002705157,18,0.05607667252596877,0.15956962355929974,0.010422699968330562,10,0.05754113034780118,0.1842796780968419,0.006061899941414595,6,0.06185484949427436,0.28484526058839277,0.0044781999895349145
96,original,N,New_N_097.wav,30-18-10-6,DeepONMF_H4,4,nndsvd,0.24907113447230958,6x212,0.06365080003160983,30,0.07143025287123761,0.18642238328562022,0.041900199954397976,18,0.05592104150449765,0.158491233899473,0.010061800014227629,10,0.05789616839040088,0.16748805139980077,0.006066999980248511,6,0.06310015022938588,0.25325475708961054,0.004466900019906461
97,original,N,New_N_098.wav,30-18-10-6,DeepONMF_H4,4,nndsvd,0.24649337543994723,6x212,0.06251109996810555,30,0.06901922760801327,0.16618283583130275,0.04109989991411567,18,0.05603130898786824,0.15395485425824076,0.009273799951188266,10,0.05801869034261318,0.2114865739467352,0.006318599916994572,6,0.06065870155734572,0.2902237513821483,0.0044921999797225
98,original,N,New_N_099.wav,30-18-10-6,DeepONMF_H4,4,nndsvd,0.24383871911670638,6x212,0.0653296000091359,30,0.06489533558005574,0.18659517770818984,0.040402499958872795,18,0.055626187482282353,0.18378630126517292,0.012382499990053475,10,0.05629405751640212,0.21455438273180774,0.006713500013574958,6,0.05777509947013505,0.2743435334488392,0.0045137000270187855
99,original,N,New_N_100.wav,30-18-10-6,DeepONMF_H4,4,nndsvd,0.2440312159067759,6x212,0.06418460002169013,30,0.06263719300448695,0.1931744629427368,0.04184680001344532,18,0.055640428259130084,0.1245811217200825,0.009334399946965277,10,0.05589806973028439,0.13940340062195644,0.006463099969550967,6,0.05961654487014367,0.1592143736425732,0.005494800047017634
100,original,N,New_N_101.wav,30-18-10-6,DeepONMF_H4,4,nndsvd,0.24333083227393945,6x212,0.08486130007077008,30,0.06227258167208493,0.1791829950284828,0.050542899989522994,18,0.05562888770162658,0.11538995980565248,0.016249699983745813,10,0.05621716583120012,0.17978822872406022,0.011875499971210957,6,0.05718443848291486,0.22558138515315873,0.004878400010056794
101,original,N,New_N_102.wav,30-18-10-6,DeepONMF_H4,4,nndsvd,0.24408629233050763,6x212,0.06322290003299713,30,0.06288239942794507,0.18211989616058982,0.03973389999009669,18,0.05541172716877799,0.17476070588502057,0.01055639993865043,10,0.05612287938815242,0.2273295253595745,0.006201700074598193,6,0.05968933371531686,0.3104524474939938,0.005359300062991679
102,original,N,New_N_103.wav,30-18-10-6,DeepONMF_H4,4,nndsvd,0.24362589563026166,6x212,0.07083590002730489,30,0.06337754485702099,0.18737973668762914,0.04379609995521605,18,0.05551346186046489,0.17672238253280131,0.011808700044639409,10,0.05626340380497265,0.25244820610629615,0.009055900038219988,6,0.058193743946223266,0.3758788805901549,0.004835600033402443
103,original,N,New_N_104.wav,30-18-10-6,DeepONMF_H4,4,nndsvd,0.24417349005842726,6x212,0.06823840003926307,30,0.06465026159075128,0.18775011873090106,0.045884800027124584,18,0.055648668457758725,0.15224931106650366,0.009325899998657405,10,0.05618932274637575,0.20277920596818313,0.007067200029268861,6,0.05776971913781641,0.3227998502153968,0.004823500057682395
104,original,N,New_N_105.wav,30-18-10-6,DeepONMF_H4,4,nndsvd,0.24264897315900977,6x212,0.06324769998900592,30,0.06198727836911297,0.1934413921658517,0.04180199990514666,18,0.0554925056391686,0.1641360016280981,0.009389600018039346,10,0.05598404117443509,0.2211839780803437,0.0059908999828621745,6,0.05739717191521669,0.25368076182776456,0.004817600012756884
105,original,N,New_N_106.wav,30-18-10-6,DeepONMF_H4,4,nndsvd,0.24340450203438177,6x212,0.0644183000549674,30,0.06478542158612044,0.15557017254223518,0.04206840007100254,18,0.055521239258910594,0.13977476811171302,0.009919999982230365,10,0.056330294715530464,0.1982587762556903,0.006015900056809187,6,0.05693481445916464,0.2925503147409097,0.0053656999953091145
106,original,N,New_N_107.wav,30-18-10-6,DeepONMF_H4,4,nndsvd,0.24329583180077352,6x212,0.07262939994689077,30,0.0625292648892674,0.19352606926856808,0.0468127999920398,18,0.055515092534839834,0.19108393902910145,0.010323100024834275,10,0.05599245012702044,0.2234960225889096,0.009815400000661612,6,0.057627438875906586,0.32988987938544173,0.004515299922786653
107,original,N,New_N_108.wav,30-18-10-6,DeepONMF_H4,4,nndsvd,0.24485337032295199,6x212,0.06488960003480315,30,0.06711599875446035,0.16479176264473946,0.043245800072327256,18,0.05549959092816096,0.1410450318893409,0.009484400041401386,10,0.056173921760323826,0.1920402328199447,0.0063464000122621655,6,0.05777219664681899,0.2940093542486434,0.004493799991905689
108,original,N,New_N_109.wav,30-18-10-6,DeepONMF_H4,4,nndsvd,0.24355042778006133,6x212,0.06450029998086393,30,0.06048946894943552,0.16563972385776818,0.04241500003263354,18,0.05549027709836558,0.12697954230403075,0.009365700068883598,10,0.0566019339812008,0.21400746361445502,0.005983900045976043,6,0.05736461754183925,0.36363831080485826,0.005434200051240623
109,original,N,New_N_110.wav,30-18-10-6,DeepONMF_H4,4,nndsvd,0.2446218542172042,6x212,0.06516720005311072,30,0.06455459393647406,0.1686987222920322,0.044062400003895164,18,0.05565895696891184,0.1533265800208893,0.009392800042405725,10,0.05653600706565051,0.23404099578409643,0.0059958999045193195,6,0.05800645300096316,0.3207291973486422,0.004553399980068207
