indice_interno,base,clase,archivo,distribucion,representacion,numero_capas,inicializacion_onmf,error_final,forma_h_final,segundos_extraccion_deep,capa_1_rango,capa_1_error,capa_1_ortogonalidad_h,capa_1_segundos,capa_2_rango,capa_2_error,capa_2_ortogonalidad_h,capa_2_segundos,capa_3_rango,capa_3_error,capa_3_ortogonalidad_h,capa_3_segundos
0,SNR_0db,N,New_N_001.wav,32-11-4,DeepONMF_H3,3,nndsvd,0.362749947707978,4x212,0.03611880005337298,32,0.2277245112947982,0.27366369615165487,0.02663760003633797,11,0.2591879127948166,0.2914116071294309,0.005565100000239909,4,0.20807244331258054,0.2786633848122319,0.0028925000224262476
1,SNR_0db,N,New_N_002.wav,32-11-4,DeepONMF_H3,3,nndsvd,0.358153285262361,4x212,0.03442769998218864,32,0.22725758398692109,0.2867277296563037,0.025594100006856024,11,0.24222723285669714,0.30337581110540446,0.005005500046536326,4,0.20236110587876768,0.2853598575141642,0.002912800060585141
2,SNR_0db,N,New_N_003.wav,32-11-4,DeepONMF_H3,3,nndsvd,0.362585631339972,4x212,0.03135770000517368,32,0.23115901899546504,0.2843797484617884,0.023214800050482154,11,0.24805045690163724,0.29026315271793474,0.004714599926955998,4,0.20620664453309057,0.2865788951282205,0.002630300004966557
3,SNR_0db,N,New_N_004.wav,32-11-4,DeepONMF_H3,3,nndsvd,0.3691415790737922,4x212,0.03338840010110289,32,0.22957970079760406,0.28576217530540615,0.02490870002657175,11,0.25689943900783047,0.3165620576832155,0.004728900035843253,4,0.2055879880687316,0.272002271915334,0.0025750999338924885
4,SNR_0db,N,New_N_005.wav,32-11-4,DeepONMF_H3,3,nndsvd,0.3604279595358918,4x212,0.03281459992285818,32,0.22852364695779662,0.28223949069246873,0.024313599918968976,11,0.24728996182723634,0.29676757265934717,0.004630400100722909,4,0.20502627306107518,0.3033600239755852,0.0023853000020608306
5,SNR_0db,N,New_N_006.wav,32-11-4,DeepONMF_H3,3,nndsvd,0.36846071589253077,4x212,0.03207209997344762,32,0.228791475704108,0.28072570057798857,0.023718400043435395,11,0.2568293911770856,0.3039314106039227,0.004697100026533008,4,0.20683958195593852,0.2660735971543367,0.002435100032016635
6,SNR_0db,N,New_N_007.wav,32-11-4,DeepONMF_H3,3,nndsvd,0.3693573243163248,4x212,0.0358546000206843,32,0.2296701873919034,0.28246237247141115,0.02719049993902445,11,0.24910055263370262,0.2856354802882468,0.004700700053945184,4,0.21517066892627912,0.27042088047005564,0.002768400008790195
7,SNR_0db,N,New_N_008.wav,32-11-4,DeepONMF_H3,3,nndsvd,0.36877341236741296,4x212,0.03333470004145056,32,0.22608467791761508,0.2806129942270701,0.025222199968993664,11,0.25235558199906793,0.299620384069796,0.004618000006303191,4,0.21364636123668818,0.2691079469856848,0.002673499984666705
8,SNR_0db,N,New_N_009.wav,32-11-4,DeepONMF_H3,3,nndsvd,0.3688891015142552,4x212,0.03671409992966801,32,0.22887544617559985,0.28058804834446954,0.02704800001811236,11,0.24993713911605384,0.29995274438685043,0.005858700023964047,4,0.2138669537565703,0.28270786837175027,0.0028017000295221806
9,SNR_0db,N,New_N_010.wav,32-11-4,DeepONMF_H3,3,nndsvd,0.3790163340425273,4x212,0.03899590007495135,32,0.2288581370404373,0.2820459922134249,0.02915349998511374,11,0.25252315813772386,0.30589284850880705,0.006019799970090389,4,0.21297582985651978,0.2927863384633963,0.002822300069965422
10,SNR_0db,N,New_N_011.wav,32-11-4,DeepONMF_H3,3,nndsvd,0.368894271088925,4x212,0.03736730001401156,32,0.2282326237460908,0.289918484647765,0.02793250000104308,11,0.24899720121959987,0.3001246366680632,0.0053050999995321035,4,0.21174023631578787,0.26635561103077626,0.0027215000009164214
11,SNR_0db,N,New_N_012.wav,32-11-4,DeepONMF_H3,3,nndsvd,0.36646295117515437,4x212,0.037421599961817265,32,0.231952271063255,0.2777125223211,0.028054599999450147,11,0.2540607495730172,0.2797794671889283,0.0055253999307751656,4,0.21028330689135802,0.29563481172335065,0.002991699962876737
12,SNR_0db,N,New_N_013.wav,32-11-4,DeepONMF_H3,3,nndsvd,0.3720842220782718,4x212,0.03798520006239414,32,0.22611464497847739,0.2880459217318477,0.028518600040115416,11,0.24977142125478613,0.30078932013610943,0.005801700055599213,4,0.21422037742623104,0.2793237649400416,0.0027182999765500426
13,SNR_0db,N,New_N_014.wav,32-11-4,DeepONMF_H3,3,nndsvd,0.3623162472237117,4x212,0.03707870002835989,32,0.22448124186893456,0.2822011843841511,0.028235800098627806,11,0.25712009491859045,0.2900722380997195,0.0051096000242978334,4,0.20857686148476634,0.29991871299476636,0.0026926000136882067
14,SNR_0db,N,New_N_015.wav,32-11-4,DeepONMF_H3,3,nndsvd,0.37836950244311307,4x212,0.03715430002193898,32,0.23399955442154605,0.2786737238506657,0.02811329998075962,11,0.26471002845559,0.2844370897687481,0.005390299949795008,4,0.20898189741178325,0.2287829570580153,0.0027003000723198056
15,SNR_0db,N,New_N_016.wav,32-11-4,DeepONMF_H3,3,nndsvd,0.3671321998861177,4x212,0.03642689995467663,32,0.23284284157379717,0.27938739587557787,0.027590900077484548,11,0.255270032084063,0.2977791010265064,0.004963599960319698,4,0.20204433420164247,0.2575324645560961,0.002848500036634505
16,SNR_0db,N,New_N_017.wav,32-11-4,DeepONMF_H3,3,nndsvd,0.37303615858765965,4x212,0.033615600084885955,32,0.23417163020515508,0.2756897886312279,0.024968300014734268,11,0.2607160180881564,0.297224210813288,0.004779500071890652,4,0.21577092178667767,0.2355909723942996,0.0027943000895902514
17,SNR_0db,N,New_N_018.wav,32-11-4,DeepONMF_H3,3,nndsvd,0.3680827159015339,4x212,0.03312550007831305,32,0.23148113151005803,0.27667448277257667,0.024239800055511296,11,0.2525721719906272,0.2811631691595269,0.004896900034509599,4,0.20999530035654748,0.2729720538757317,0.0030414999928325415
18,SNR_0db,N,New_N_019.wav,32-11-4,DeepONMF_H3,3,nndsvd,0.3663301435074388,4x212,0.03396420006174594,32,0.2298171356487386,0.28331272000004587,0.025536500033922493,11,0.25287468792447526,0.2956504671183988,0.004776600049808621,4,0.20752795357982745,0.2490850985440407,0.0027388999005779624
19,SNR_0db,N,New_N_020.wav,32-11-4,DeepONMF_H3,3,nndsvd,0.3650161834122451,4x212,0.032705900026485324,32,0.23186848438602392,0.2830471669648476,0.024345899932086468,11,0.24830020498411196,0.283743425704677,0.004651000024750829,4,0.2044376296005662,0.25756661273253784,0.0025928999530151486
20,SNR_0db,N,New_N_021.wav,32-11-4,DeepONMF_H3,3,nndsvd,0.36430835209532786,4x212,0.03370589995756745,32,0.22645077593142665,0.2835946695344974,0.025377799989655614,11,0.25544188003669005,0.2878583778676228,0.004659799975343049,4,0.20728151883543725,0.28165660125206715,0.0027837000088766217
21,SNR_0db,N,New_N_022.wav,32-11-4,DeepONMF_H3,3,nndsvd,0.3684571726357575,4x212,0.03389009996317327,32,0.23202525742216257,0.2860244644410386,0.02540799998678267,11,0.2519273583773568,0.29135135456961603,0.004838600056245923,4,0.20481085551579015,0.2860493825773447,0.0028372000670060515
22,SNR_0db,N,New_N_023.wav,32-11-4,DeepONMF_H3,3,nndsvd,0.3635895492607293,4x212,0.035199400037527084,32,0.22656478777083205,0.28217285899783,0.02591309999115765,11,0.24520609497108709,0.30220057067909106,0.005045500001870096,4,0.20599032019567737,0.2732512905508578,0.0033240000484511256
23,SNR_0db,N,New_N_024.wav,32-11-4,DeepONMF_H3,3,nndsvd,0.3668576420096058,4x212,0.03507710003759712,32,0.23201071293215503,0.2858113627084854,0.026153999962843955,11,0.24882041492657767,0.29692701258778625,0.005477099912241101,4,0.20617752661833433,0.2888866451575951,0.0026193999219685793
24,SNR_0db,N,New_N_025.wav,32-11-4,DeepONMF_H3,3,nndsvd,0.367126943070988,4x212,0.03355420008301735,32,0.23077015663845024,0.28328242054885344,0.024805899942293763,11,0.2555542807244056,0.2923289623210915,0.005274299997836351,4,0.22087272965556864,0.2558827570363718,0.0025745000457391143
25,SNR_0db,N,New_N_026.wav,32-11-4,DeepONMF_H3,3,nndsvd,0.3640756292476493,4x212,0.03722980001475662,32,0.229773969312268,0.2887764067726307,0.027509500039741397,11,0.2554312736004964,0.2951986160886881,0.006052199983969331,4,0.21408465282347022,0.2634439618554665,0.0028478000313043594
26,SNR_0db,N,New_N_027.wav,32-11-4,DeepONMF_H3,3,nndsvd,0.363507793248579,4x212,0.040014600032009184,32,0.22965523529362844,0.279474806733738,0.03086930001154542,11,0.2432936722536279,0.29691003026642493,0.005207499954849482,4,0.2110134911115299,0.2873464005224253,0.0027541000163182616
27,SNR_0db,N,New_N_028.wav,32-11-4,DeepONMF_H3,3,nndsvd,0.3671402112668807,4x212,0.03745209996122867,32,0.22970010225695317,0.29019173878764976,0.028358999988995492,11,0.25147289365455544,0.3031987818118628,0.00539299997035414,4,0.20226752142405338,0.2756707987971077,0.0027685000095516443
28,SNR_0db,N,New_N_029.wav,32-11-4,DeepONMF_H3,3,nndsvd,0.3737240685862032,4x212,0.03503080003429204,32,0.23395584573310033,0.27567369256205093,0.02634730003774166,11,0.26431616374283323,0.303050044291333,0.005142900045029819,4,0.20471021387203736,0.2774521355513741,0.0025665999855846167
29,SNR_0db,N,New_N_030.wav,32-11-4,DeepONMF_H3,3,nndsvd,0.36339616812110426,4x212,0.03501890006009489,32,0.22834318520995003,0.27987336692785364,0.024769000010564923,11,0.24968515961079496,0.30434026908101103,0.006791299907490611,4,0.205238800905753,0.2836349596443591,0.0024594999849796295
30,SNR_0db,N,New_N_031.wav,32-11-4,DeepONMF_H3,3,nndsvd,0.3680622631772564,4x212,0.034366299980320036,32,0.23051185317584477,0.2781140916010745,0.026050299988128245,11,0.2535593970737685,0.29226727057306096,0.004847200005315244,4,0.20956500163242928,0.2975173191144777,0.002499900059774518
31,SNR_0db,N,New_N_032.wav,32-11-4,DeepONMF_H3,3,nndsvd,0.3634179885848455,4x212,0.03681229997891933,32,0.22884468613703124,0.28263648174843875,0.02785429998766631,11,0.2511830255143964,0.29619934042652174,0.004858599975705147,4,0.20688877317742593,0.26719850951951124,0.002494600019417703
32,SNR_0db,N,New_N_033.wav,32-11-4,DeepONMF_H3,3,nndsvd,0.38056266853732745,4x212,0.03371200000401586,32,0.2275254074461978,0.28271501148850897,0.02539319999050349,11,0.25914346040785263,0.29963588440423644,0.004892400000244379,4,0.2081616589802441,0.29165522928416754,0.0024904999881982803
33,SNR_0db,N,New_N_034.wav,32-11-4,DeepONMF_H3,3,nndsvd,0.3856436007056304,4x212,0.034704399993643165,32,0.2285523170260688,0.2808600494218903,0.026256300043314695,11,0.25451000664931905,0.29555322936338313,0.004705099971033633,4,0.21047884906783365,0.2772209104690987,0.002427999977953732
34,SNR_0db,N,New_N_035.wav,32-11-4,DeepONMF_H3,3,nndsvd,0.3656830211707242,4x212,0.03529380005784333,32,0.22826959423939666,0.27737691370299716,0.02715350000653416,11,0.25154009230812413,0.2926606921518638,0.004734199959784746,4,0.21381471316476755,0.2804856711441288,0.0025587999261915684
35,SNR_0db,N,New_N_036.wav,32-11-4,DeepONMF_H3,3,nndsvd,0.36136856184986166,4x212,0.03593040001578629,32,0.22931341587983073,0.2741023132148706,0.027582800015807152,11,0.254149871233377,0.30572101963360654,0.004751099972054362,4,0.20442637495397206,0.3003433427020235,0.002686499967239797
36,SNR_0db,N,New_N_037.wav,32-11-4,DeepONMF_H3,3,nndsvd,0.29156420032735025,4x212,0.034700000076554716,32,0.1699198599491902,0.28635560875151733,0.025838500005193055,11,0.17785051305010854,0.28422267558812897,0.004660699982196093,4,0.15038435152011473,0.24426222491382368,0.0033426000736653805
37,SNR_0db,N,New_N_038.wav,32-11-4,DeepONMF_H3,3,nndsvd,0.3639522043106792,4x212,0.03300309996120632,32,0.22771507371933397,0.2808853168029338,0.02426139998715371,11,0.24936702290407783,0.2863837323431838,0.00466259999666363,4,0.20935799458932913,0.23877699061383384,0.0030977000715211034
38,SNR_0db,N,New_N_039.wav,32-11-4,DeepONMF_H3,3,nndsvd,0.36968264226141745,4x212,0.032842200016602874,32,0.23018714496464746,0.28018196206820783,0.024242599960416555,11,0.2644593662074643,0.2873222140307601,0.004762400058098137,4,0.22124745709573643,0.21535511980732946,0.0029956999933347106
39,SNR_0db,N,New_N_040.wav,32-11-4,DeepONMF_H3,3,nndsvd,0.3690734053841708,4x212,0.033282099990174174,32,0.22935163662510122,0.2784752057916333,0.024447300005704165,11,0.2538846801686905,0.28277075517861255,0.00522859999909997,4,0.20696304378938488,0.22124572462925288,0.0028071999549865723
40,SNR_0db,N,New_N_041.wav,32-11-4,DeepONMF_H3,3,nndsvd,0.3612844511980833,4x212,0.03238449990749359,32,0.2270399901326094,0.2852478146262722,0.024079299997538328,11,0.2456347062061012,0.3052326833204476,0.004819100024178624,4,0.19635138786019515,0.30794932503751077,0.002729299943894148
41,SNR_0db,N,New_N_042.wav,32-11-4,DeepONMF_H3,3,nndsvd,0.37124914763244843,4x212,0.03454379993490875,32,0.23031714231406886,0.28016097274047547,0.025819399976171553,11,0.25217782539269423,0.27542706755059626,0.0047836999874562025,4,0.2035735273571109,0.3077301324894995,0.0030245999805629253
42,SNR_0db,N,New_N_043.wav,32-11-4,DeepONMF_H3,3,nndsvd,0.3581405223982162,4x212,0.03326480009127408,32,0.22263043228937615,0.2760132715437637,0.02425829996354878,11,0.24461123151690117,0.3059463851537396,0.004772000014781952,4,0.19187499427758148,0.3023041530102117,0.003398600034415722
43,SNR_0db,N,New_N_044.wav,32-11-4,DeepONMF_H3,3,nndsvd,0.3669264770799332,4x212,0.03307659993879497,32,0.2281544067681328,0.29004168713372247,0.024378499947488308,11,0.24303730043416488,0.30289366976529675,0.004812200088053942,4,0.1920469434521914,0.28466997018566803,0.002924600034020841
44,SNR_0db,N,New_N_045.wav,32-11-4,DeepONMF_H3,3,nndsvd,0.36179934748599424,4x212,0.03290210000704974,32,0.22420902429989814,0.2875737489274104,0.024097600020468235,11,0.24664817970978536,0.3101251381744345,0.0048056000377982855,4,0.19461757278342715,0.29229603692773853,0.002924600034020841
45,SNR_0db,N,New_N_046.wav,32-11-4,DeepONMF_H3,3,nndsvd,0.35460339533903457,4x212,0.034037800040096045,32,0.22126764364202373,0.2819955827731622,0.025613300036638975,11,0.23960003920264702,0.3043685149102189,0.004715999937616289,4,0.1974636688924395,0.3060664534631149,0.0028057999443262815
46,SNR_0db,N,New_N_047.wav,32-11-4,DeepONMF_H3,3,nndsvd,0.35617808942295737,4x212,0.033667100011371076,32,0.22402082408945392,0.2890473856203995,0.025229300023056567,11,0.24020569523456797,0.31367092317990164,0.004860399989411235,4,0.20014431260614762,0.3238355886179611,0.002724400022998452
47,SNR_0db,N,New_N_048.wav,32-11-4,DeepONMF_H3,3,nndsvd,0.3647097694075074,4x212,0.03318510006647557,32,0.22390820664054917,0.28453577413381065,0.024660199997015297,11,0.23939378958172514,0.30941222639510557,0.004712700028903782,4,0.19882116364356556,0.29115884242408535,0.0028683000709861517
48,SNR_0db,N,New_N_049.wav,32-11-4,DeepONMF_H3,3,nndsvd,0.3662745455185113,4x212,0.03305600001476705,32,0.22638969162453498,0.2808911299960396,0.0247339999768883,11,0.24611904193083706,0.32038576339343144,0.004713999922387302,4,0.19984202183780336,0.30503355170194074,0.0028443000046536326
49,SNR_0db,N,New_N_050.wav,32-11-4,DeepONMF_H3,3,nndsvd,0.3623651126456457,4x212,0.032978500006720424,32,0.22515856573250692,0.280922910811234,0.02467600000090897,11,0.24449898576229417,0.3000579317711863,0.004689399967901409,4,0.20227259205221332,0.2842030651172112,0.0028500999324023724
50,SNR_0db,N,New_N_051.wav,32-11-4,DeepONMF_H3,3,nndsvd,0.36389723861787365,4x212,0.032955799950286746,32,0.22380328305012503,0.27785601280222977,0.024708000011742115,11,0.24061980378902925,0.2909194257888533,0.004729700041934848,4,0.1978549348240164,0.2984847052969933,0.002788800047710538
51,SNR_0db,N,New_N_052.wav,32-11-4,DeepONMF_H3,3,nndsvd,0.36431301007140465,4x212,0.03515100001823157,32,0.2253531632629471,0.2909485189418322,0.02598000003490597,11,0.246581377094768,0.3021032910182899,0.005409099976532161,4,0.19928256091737034,0.2948157142067997,0.002815700019709766
52,SNR_0db,N,New_N_053.wav,32-11-4,DeepONMF_H3,3,nndsvd,0.3697934486826704,4x212,0.03402969997841865,32,0.22837817307302186,0.280544592291029,0.02532090002205223,11,0.24920447233787876,0.30235271304288236,0.005295600043609738,4,0.19606465391581845,0.3024794686798852,0.002558200038038194
53,SNR_0db,N,New_N_054.wav,32-11-4,DeepONMF_H3,3,nndsvd,0.3662990268091495,4x212,0.03484490001574159,32,0.22645530786342102,0.28383533908819686,0.025373300071805716,11,0.2416622593234134,0.30607058503416484,0.006072000018320978,4,0.19814473836885751,0.32162476279670343,0.0025285000447183847
54,SNR_0db,N,New_N_055.wav,32-11-4,DeepONMF_H3,3,nndsvd,0.36652521155102585,4x212,0.03419429995119572,32,0.22839500579416352,0.2779618687044822,0.025239899987354875,11,0.24409460582532955,0.30109854096126637,0.005397400003857911,4,0.19515320060464456,0.31468987624145023,0.0025504999794065952
55,SNR_0db,N,New_N_056.wav,32-11-4,DeepONMF_H3,3,nndsvd,0.3612034082032075,4x212,0.03249610005877912,32,0.22528714701948807,0.2815264561855452,0.02401969989296049,11,0.2407681630386836,0.2926178317536398,0.00514549994841218,4,0.20483683977300712,0.3008961505608172,0.0024662999203428626
56,SNR_0db,N,New_N_057.wav,32-11-4,DeepONMF_H3,3,nndsvd,0.3592968190656272,4x212,0.03417970007285476,32,0.22362823772355964,0.2818111554675882,0.025171099929139018,11,0.23694630638166905,0.303091372427489,0.005499300081282854,4,0.1891782194555374,0.3086598122791041,0.002588600036688149
57,SNR_0db,N,New_N_058.wav,32-11-4,DeepONMF_H3,3,nndsvd,0.3645211367174147,4x212,0.037546099978499115,32,0.22644468168536466,0.2782510305084873,0.028761500027030706,11,0.24237750331229665,0.2973519931657367,0.005276500014588237,4,0.20085022595183405,0.3278889773542257,0.002736700000241399
58,SNR_0db,N,New_N_059.wav,32-11-4,DeepONMF_H3,3,nndsvd,0.36611955363154985,4x212,0.03519439999945462,32,0.22442652463233967,0.2796008000057867,0.026747799944132566,11,0.24592880947950632,0.31159224987865847,0.0049810000928118825,4,0.20508004293225882,0.2982652135510773,0.0024965000338852406
59,SNR_0db,N,New_N_060.wav,32-11-4,DeepONMF_H3,3,nndsvd,0.3604548917791775,4x212,0.0351114000659436,32,0.22495582077597567,0.28015695848289207,0.026735999970696867,11,0.24565777699687327,0.3038468253017347,0.004724700003862381,4,0.19700354866959902,0.316754114263394,0.0024251999566331506
60,SNR_0db,N,New_N_061.wav,32-11-4,DeepONMF_H3,3,nndsvd,0.36299836789834683,4x212,0.03396579995751381,32,0.224615915485173,0.27982086718872057,0.025618000072427094,11,0.2457402759892694,0.29134995805169855,0.004652000032365322,4,0.20076127304338717,0.32614200072076976,0.0025544000091031194
61,SNR_0db,N,New_N_062.wav,32-11-4,DeepONMF_H3,3,nndsvd,0.3599926304307395,4x212,0.034852199954912066,32,0.22569897137409795,0.28775083635427695,0.025978900026530027,11,0.24164097375167837,0.30540387929801993,0.0051932999631389976,4,0.20385895158771708,0.332120284482562,0.0025234000058844686
62,SNR_0db,N,New_N_063.wav,32-11-4,DeepONMF_H3,3,nndsvd,0.36317087510229984,4x212,0.03520569996908307,32,0.2239997547097459,0.2860949705184305,0.026305500068701804,11,0.24080898340027027,0.29468969394923084,0.005011299974285066,4,0.19737265372267956,0.2904813569152234,0.0030177999287843704
63,SNR_0db,N,New_N_064.wav,32-11-4,DeepONMF_H3,3,nndsvd,0.36088460179012805,4x212,0.0347378000151366,32,0.2241863943334956,0.27860161460622,0.026111199986189604,11,0.23873685448420237,0.3136200504343403,0.0049449000507593155,4,0.201975511491256,0.2865792402086929,0.0027308999560773373
64,SNR_0db,N,New_N_065.wav,32-11-4,DeepONMF_H3,3,nndsvd,0.3529917705827631,4x212,0.03442649997305125,32,0.22134275823545127,0.28397125679629437,0.025622099987231195,11,0.23957078805231866,0.3031768964329708,0.005294799921102822,4,0.18964603617942696,0.29270722467342514,0.0025653999764472246
65,SNR_0db,N,New_N_066.wav,32-11-4,DeepONMF_H3,3,nndsvd,0.3590882618220339,4x212,0.03431250003632158,32,0.2228233505310129,0.28802567456753836,0.025623900000937283,11,0.24496296659444852,0.29656466198661247,0.005260500009171665,4,0.1998504433693178,0.3224154818246968,0.0025095000164583325
66,SNR_0db,N,New_N_067.wav,32-11-4,DeepONMF_H3,3,nndsvd,0.3624206816741623,4x212,0.032994500012136996,32,0.22395616085672768,0.2854077359782125,0.024285399937070906,11,0.2423438103356716,0.29937822843536777,0.0051868000300601125,4,0.19888658780892157,0.2878328045590457,0.002547800075262785
67,SNR_0db,N,New_N_068.wav,32-11-4,DeepONMF_H3,3,nndsvd,0.36439153668932245,4x212,0.03424079995602369,32,0.22775245621091594,0.284944526169465,0.025813000043854117,11,0.24938531632012578,0.30704182100221744,0.0050357000436633825,4,0.199131125945728,0.3205241833194637,0.002483900054357946
68,SNR_0db,N,New_N_069.wav,32-11-4,DeepONMF_H3,3,nndsvd,0.36240391274922,4x212,0.03332590009085834,32,0.22636825166429725,0.2831169236684414,0.024792900076135993,11,0.24606143000799044,0.30337826243662397,0.005150199984200299,4,0.19879548150636528,0.3086844497696403,0.002493100007995963
69,SNR_0db,N,New_N_070.wav,32-11-4,DeepONMF_H3,3,nndsvd,0.3627068346291807,4x212,0.03521489992272109,32,0.2269419892829265,0.29802975489908734,0.02639739995356649,11,0.24942686572334338,0.3192048815013109,0.005312699940986931,4,0.21193649838322184,0.2981836201260827,0.002648900030180812
70,SNR_0db,N,New_N_071.wav,32-11-4,DeepONMF_H3,3,nndsvd,0.3648614317162235,4x212,0.03435699990950525,32,0.2259729282298757,0.28458824747643674,0.025770599953830242,11,0.24687973062950708,0.32152290491389995,0.00523010001052171,4,0.197680701449079,0.32785311417000124,0.0025505999801680446
71,SNR_0db,N,New_N_072.wav,32-11-4,DeepONMF_H3,3,nndsvd,0.3679685062069593,4x212,0.03374380001332611,32,0.2289935738235407,0.2785134480541215,0.025172799942083657,11,0.2510656970034272,0.3151623234695376,0.004781799972988665,4,0.20991296954064784,0.3041128698674634,0.002452900051139295
72,SNR_0db,N,New_N_073.wav,32-11-4,DeepONMF_H3,3,nndsvd,0.3648328653828815,4x212,0.03485349996481091,32,0.22690372557710833,0.28720104316111505,0.026220900006592274,11,0.2501160133729777,0.3111948747606419,0.004804800031706691,4,0.1978763170798797,0.3351331494305357,0.002472299966029823
73,SNR_0db,N,New_N_074.wav,32-11-4,DeepONMF_H3,3,nndsvd,0.36228288392838515,4x212,0.03381739999167621,32,0.22917336191227833,0.28309049245722173,0.02540509996470064,11,0.24396865048878705,0.30404295475829535,0.004686899948865175,4,0.19887360200984625,0.3206324058131211,0.0024473000084981322
74,SNR_0db,N,New_N_075.wav,32-11-4,DeepONMF_H3,3,nndsvd,0.36266865344869115,4x212,0.03371109999716282,32,0.22619563952908633,0.2778818633400958,0.025631600059568882,11,0.24996287755379643,0.2932545682826598,0.004693900002166629,4,0.20802537072199745,0.29098067745698925,0.002418900025077164
75,SNR_0db,N,New_N_076.wav,32-11-4,DeepONMF_H3,3,nndsvd,0.36190447928856984,4x212,0.03349180007353425,32,0.2269301759961602,0.27405338435081394,0.02534150006249547,11,0.24643719052237142,0.30070983535570817,0.004681600024923682,4,0.20374756427756974,0.3130796869308231,0.0024241000646725297
76,SNR_0db,N,New_N_077.wav,32-11-4,DeepONMF_H3,3,nndsvd,0.3708386560847869,4x212,0.03440100001171231,32,0.22850276287406504,0.28278593071121627,0.026255200034938753,11,0.24919052559732993,0.30452455465345757,0.004707899992354214,4,0.20638447958045303,0.27241157916625,0.002442199969664216
77,SNR_0db,N,New_N_078.wav,32-11-4,DeepONMF_H3,3,nndsvd,0.366701764360073,4x212,0.035104200011119246,32,0.23101658549585127,0.27908706879336037,0.027075099991634488,11,0.24783513606791324,0.3076621284828402,0.004683600040152669,4,0.20490027215295273,0.29101403038750817,0.0024376000510528684
78,SNR_0db,N,New_N_079.wav,32-11-4,DeepONMF_H3,3,nndsvd,0.3789726194527591,4x212,0.03449940006248653,32,0.22423643896457596,0.2849984863402048,0.026406899909488857,11,0.2479720343683824,0.29536003594176796,0.004690999980084598,4,0.21018554832398242,0.31275936641311924,0.0025366999907419086
79,SNR_0db,N,New_N_080.wav,32-11-4,DeepONMF_H3,3,nndsvd,0.3638352467121567,4x212,0.03433930000755936,32,0.2281655076718103,0.27954293482595893,0.026107999961823225,11,0.24733675061116306,0.29153964428141693,0.004661899991333485,4,0.20679152918324534,0.31063479533539035,0.0024326000129804015
80,SNR_0db,N,New_N_081.wav,32-11-4,DeepONMF_H3,3,nndsvd,0.3634922170277983,4x212,0.03427669999655336,32,0.22555921931238862,0.28510138192227125,0.02592209994327277,11,0.2504867842474557,0.3105942310215642,0.00461970001924783,4,0.205672971928615,0.3035124585477183,0.0027287000557407737
81,SNR_0db,N,New_N_082.wav,32-11-4,DeepONMF_H3,3,nndsvd,0.362491640044872,4x212,0.033478799974545836,32,0.22453297615536286,0.28998774592700405,0.025017600040882826,11,0.24788675477903463,0.3092800259842866,0.00462999998126179,4,0.20085329671090305,0.3262463352658164,0.0029393999138846993
82,SNR_0db,N,New_N_083.wav,32-11-4,DeepONMF_H3,3,nndsvd,0.3675214876039138,4x212,0.03347979998216033,32,0.22588292516225983,0.2812545356475784,0.024996799998916686,11,0.2520946053921655,0.30447854242189987,0.00461359997279942,4,0.20093696627465016,0.2982395224584348,0.00290389999281615
83,SNR_0db,N,New_N_084.wav,32-11-4,DeepONMF_H3,3,nndsvd,0.3612254871020797,4x212,0.03402639995329082,32,0.22872738062447476,0.2918624348450769,0.025054599973373115,11,0.24992196217283053,0.31661109136408166,0.00480940006673336,4,0.1988914231043145,0.31307673810322134,0.0032279000151902437
84,SNR_0db,N,New_N_085.wav,32-11-4,DeepONMF_H3,3,nndsvd,0.36969221166556554,4x212,0.03284709993749857,32,0.22592131803218568,0.27546637707280275,0.024529599933885038,11,0.24966762896105574,0.2987637772236023,0.004679500008933246,4,0.1954809208722945,0.32531906233629687,0.002701899968087673
85,SNR_0db,N,New_N_086.wav,32-11-4,DeepONMF_H3,3,nndsvd,0.3599478960701044,4x212,0.033065900090150535,32,0.22586806336043075,0.28914044387742305,0.02465519995894283,11,0.2485511461321495,0.29441555193820135,0.004616499994881451,4,0.20080686919753585,0.29983405391110046,0.002909200033172965
86,SNR_0db,N,New_N_087.wav,32-11-4,DeepONMF_H3,3,nndsvd,0.3628543001915277,4x212,0.033208000008016825,32,0.22888184117239585,0.28258817937435704,0.024618499912321568,11,0.24685182275958378,0.2946966008284582,0.004794500069692731,4,0.19903914969455824,0.3126803187677229,0.0027706000255420804
87,SNR_0db,N,New_N_088.wav,32-11-4,DeepONMF_H3,3,nndsvd,0.3717852133038425,4x212,0.03274749999400228,32,0.22872583461741416,0.278664968972523,0.024185999995097518,11,0.2461023861022268,0.29215866525819734,0.004752300097607076,4,0.20673524888312547,0.2968691898277221,0.002750599989667535
88,SNR_0db,N,New_N_089.wav,32-11-4,DeepONMF_H3,3,nndsvd,0.3590674360977199,4x212,0.03817810001783073,32,0.2254526204523472,0.2839108649028203,0.028355700080282986,11,0.2468081283866622,0.3070401029016562,0.005971899954602122,4,0.1991810199896366,0.30445120694751127,0.0028452000115066767
89,SNR_0db,N,New_N_090.wav,32-11-4,DeepONMF_H3,3,nndsvd,0.3652627215839757,4x212,0.03728149994276464,32,0.2284606311056805,0.2821108036634121,0.02805979992263019,11,0.24634023395860358,0.2980018888125744,0.0050697000697255135,4,0.20842244801266793,0.342107467703876,0.002555200015194714
90,SNR_0db,N,New_N_091.wav,32-11-4,DeepONMF_H3,3,nndsvd,0.35791481855083646,4x212,0.03398360009305179,32,0.22395586924894217,0.2788793077696771,0.025653499993495643,11,0.24997402135961572,0.28748208451579943,0.004735000082291663,4,0.20218535468375545,0.32690770915654194,0.002428400097414851
91,SNR_0db,N,New_N_092.wav,32-11-4,DeepONMF_H3,3,nndsvd,0.3657633491466069,4x212,0.03563120006583631,32,0.22849977875255498,0.28310087918881843,0.027212199987843633,11,0.24994713373583355,0.29279093708916376,0.004835500032640994,4,0.19985297345297215,0.31024882888347377,0.00259450008161366
92,SNR_0db,N,New_N_093.wav,32-11-4,DeepONMF_H3,3,nndsvd,0.35974329177545145,4x212,0.03584469994530082,32,0.22454355319943567,0.28576005787688663,0.027588200056925416,11,0.24562875654466135,0.3074501901960495,0.004743700032122433,4,0.20171576172478786,0.3310193588857641,0.0024289999855682254
93,SNR_0db,N,New_N_094.wav,32-11-4,DeepONMF_H3,3,nndsvd,0.36549610677055105,4x212,0.03702950000297278,32,0.22860112357364162,0.27704602074472345,0.02831480000168085,11,0.25150324243449385,0.307783393744862,0.004790500039234757,4,0.2056547784912445,0.32289008605237685,0.0029461999656632543
94,SNR_0db,N,New_N_095.wav,32-11-4,DeepONMF_H3,3,nndsvd,0.3707471537590826,4x212,0.033364999922923744,32,0.2291343005469251,0.2741301313662216,0.024904799996875226,11,0.24937689743802216,0.29696959904825754,0.004764499957673252,4,0.202358867480158,0.3248437714067364,0.002807699958793819
95,SNR_0db,N,New_N_096.wav,32-11-4,DeepONMF_H3,3,nndsvd,0.3637350843580815,4x212,0.03327050001826137,32,0.22620268637481908,0.28287976991095076,0.024971800041384995,11,0.24863037219033107,0.29388600106523666,0.004811099963262677,4,0.2059450771310145,0.2844084440151852,0.002690900000743568
96,SNR_0db,N,New_N_097.wav,32-11-4,DeepONMF_H3,3,nndsvd,0.36715678980480565,4x212,0.034890699898824096,32,0.22481241945044245,0.2851236568533205,0.02635900001041591,11,0.24052019250684045,0.30584607561577287,0.005163499969057739,4,0.19932283739103504,0.31202043451165706,0.0025641999673098326
97,SNR_0db,N,New_N_098.wav,32-11-4,DeepONMF_H3,3,nndsvd,0.36384733352121384,4x212,0.03477439994458109,32,0.22861565262377032,0.2904489070926134,0.025948000024072826,11,0.25160646062208963,0.31537921511554645,0.005471099982969463,4,0.20632095042109516,0.30665843898475953,0.0024750999873504043
98,SNR_0db,N,New_N_099.wav,32-11-4,DeepONMF_H3,3,nndsvd,0.35982234661021323,4x212,0.0333795000333339,32,0.22349904957518038,0.28070942594209003,0.02478119998704642,11,0.24368179087427325,0.302002548567248,0.005106199998408556,4,0.20154328798233653,0.33822599971114226,0.002542099915444851
99,SNR_0db,N,New_N_100.wav,32-11-4,DeepONMF_H3,3,nndsvd,0.36748160422613685,4x212,0.033532700035721064,32,0.2301696042424804,0.27870528466128636,0.025208299979567528,11,0.24957397756355088,0.289472123536598,0.005065900040790439,4,0.199868063437712,0.3053847469624283,0.0024788000155240297
100,SNR_0db,N,New_N_101.wav,32-11-4,DeepONMF_H3,3,nndsvd,0.360132058700377,4x212,0.03545169997960329,32,0.2235546575719379,0.2846526394514805,0.02626289997715503,11,0.23934379565472183,0.31507832218504944,0.005722900037653744,4,0.20019787231189048,0.3228587061206693,0.0025785000761970878
101,SNR_0db,N,New_N_102.wav,32-11-4,DeepONMF_H3,3,nndsvd,0.36254943379481364,4x212,0.03346750000491738,32,0.22615380659586884,0.279024918007278,0.024866299936547875,11,0.24583728889172868,0.3113363485027222,0.005094000021927059,4,0.19931972537079773,0.3235552625428526,0.0025316999526694417
102,SNR_0db,N,New_N_103.wav,32-11-4,DeepONMF_H3,3,nndsvd,0.3633872775962904,4x212,0.03388740005902946,32,0.22009024593834248,0.2778165994641026,0.0255550000583753,11,0.2432689086903279,0.3053023649752452,0.004828899982385337,4,0.20154732084540447,0.3281223326164623,0.0024551000678911805
103,SNR_0db,N,New_N_104.wav,32-11-4,DeepONMF_H3,3,nndsvd,0.36435347028260534,4x212,0.03243799996562302,32,0.2247777323864717,0.28166091147412103,0.024009499931707978,11,0.24285476112645604,0.3037957781537979,0.005070500075817108,4,0.20155233307171036,0.28088287785686156,0.00248480006121099
104,SNR_0db,N,New_N_105.wav,32-11-4,DeepONMF_H3,3,nndsvd,0.36234922057814933,4x212,0.03258670005016029,32,0.2275487788770583,0.28034917525124453,0.024033800000324845,11,0.24520581967735802,0.2902540671892678,0.005321499891579151,4,0.20208138604103454,0.3159975172387745,0.002449300023727119
105,SNR_0db,N,New_N_106.wav,32-11-4,DeepONMF_H3,3,nndsvd,0.3610000503883316,4x212,0.03388729994185269,32,0.2248636655842551,0.2756136338611956,0.025372799951583147,11,0.2480407104246932,0.29676443359818794,0.005050700041465461,4,0.19570337715978087,0.30728324040614036,0.0024908999912440777
106,SNR_0db,N,New_N_107.wav,32-11-4,DeepONMF_H3,3,nndsvd,0.3676281670951104,4x212,0.03278219990897924,32,0.22688756855238557,0.28315939835719095,0.02427469997201115,11,0.2508744567501089,0.29423956328514767,0.005169800017029047,4,0.2028688397033764,0.30720867954666137,0.0025159999495372176
107,SNR_0db,N,New_N_108.wav,32-11-4,DeepONMF_H3,3,nndsvd,0.36830758280101045,4x212,0.03301619994454086,32,0.22935828972859373,0.2816379820905209,0.024235600023530424,11,0.24689934117118262,0.2977740131751007,0.005416400032117963,4,0.20380387866532404,0.3135116726810944,0.002616100013256073
108,SNR_0db,N,New_N_109.wav,32-11-4,DeepONMF_H3,3,nndsvd,0.35824128503576513,4x212,0.034024299937300384,32,0.22088203807069445,0.2821277602256514,0.02538130001630634,11,0.24018819637036465,0.2851037563660991,0.005276600015349686,4,0.1924836558190237,0.31413593086750013,0.0025077000027522445
109,SNR_0db,N,New_N_110.wav,32-11-4,DeepONMF_H3,3,nndsvd,0.36504464992341595,4x212,0.034443599986843765,32,0.22875694181085993,0.28858543266678877,0.02573669992852956,11,0.24331869010648718,0.31134107178463444,0.0053171999752521515,4,0.1996366735637108,0.3262548886605194,0.0025577000342309475
110,SNR_0db,N,New_N_111.wav,32-11-4,DeepONMF_H3,3,nndsvd,0.3589919795315334,4x212,0.03495519992429763,32,0.22609095889394484,0.28296846023063865,0.02604050002992153,11,0.23692148482745923,0.31005421458177973,0.005436399951577187,4,0.19183992563925742,0.30766120920606177,0.002427399973385036
111,SNR_0db,N,New_N_112.wav,32-11-4,DeepONMF_H3,3,nndsvd,0.3633437797472603,4x212,0.03540500008966774,32,0.22620559867414558,0.28245037591708694,0.027318599983118474,11,0.24858539169024982,0.3114507393917821,0.0045912000350654125,4,0.19779519147627964,0.26886613152712097,0.0023920999374240637
112,SNR_0db,N,New_N_113.wav,32-11-4,DeepONMF_H3,3,nndsvd,0.3637803750419388,4x212,0.03340720001142472,32,0.22683420273998448,0.27478200834014144,0.02521689992863685,11,0.24251613454688145,0.3024322708252261,0.004659999976865947,4,0.19745486708163845,0.33105780539543334,0.002434500027447939
113,SNR_0db,N,New_N_114.wav,32-11-4,DeepONMF_H3,3,nndsvd,0.36447972600876766,4x212,0.033831699984148145,32,0.2254639100799326,0.28233208038044544,0.02556370000820607,11,0.2462744655345755,0.29732527269220804,0.004769599996507168,4,0.20109969798539667,0.3123818339090036,0.0024535999400541186
114,SNR_0db,N,New_N_115.wav,32-11-4,DeepONMF_H3,3,nndsvd,0.3670275345868757,4x212,0.03410360007546842,32,0.22952493551833203,0.2757426244845035,0.02587299991864711,11,0.24910310166327135,0.3074330342288051,0.004713699920102954,4,0.19659045514786924,0.3175518419838635,0.002435700036585331
115,SNR_0db,N,New_N_116.wav,32-11-4,DeepONMF_H3,3,nndsvd,0.35779390926746896,4x212,0.03279109997674823,32,0.22403653280575136,0.2801076341502403,0.024322499986737967,11,0.24184119276130608,0.29549657938403323,0.004754900000989437,4,0.19551992116139566,0.3283891115748545,0.0024675000458955765
116,SNR_0db,N,New_N_117.wav,32-11-4,DeepONMF_H3,3,nndsvd,0.3655652956509543,4x212,0.03334650001488626,32,0.22707416180328474,0.28615577528819414,0.02522569999564439,11,0.2416253340876493,0.3043539530584901,0.004707899992354214,4,0.19774236943998852,0.3221703324580253,0.0026681000599637628
117,SNR_0db,N,New_N_118.wav,32-11-4,DeepONMF_H3,3,nndsvd,0.36746759604467427,4x212,0.033698300016112626,32,0.22928164209054186,0.2820481285388117,0.02552810008637607,11,0.24990243576469418,0.30307231613124175,0.004851299920119345,4,0.19931117525842892,0.2846339370768278,0.002479800023138523
118,SNR_0db,N,New_N_119.wav,32-11-4,DeepONMF_H3,3,nndsvd,0.35866580588664837,4x212,0.033936900086700916,32,0.22386734150890455,0.27543018909556843,0.025638699997216463,11,0.24061062296682495,0.2924227856993129,0.00473390007391572,4,0.19181529905979883,0.3020020212512014,0.0024437999818474054
119,SNR_0db,N,New_N_120.wav,32-11-4,DeepONMF_H3,3,nndsvd,0.36009990061169395,4x212,0.03840740001760423,32,0.22701948921928491,0.27986048275102626,0.028814900084398687,11,0.24766443829853127,0.3010439949345468,0.005278100026771426,4,0.19754019283923105,0.29862443133384087,0.003376699984073639
120,SNR_0db,N,New_N_121.wav,32-11-4,DeepONMF_H3,3,nndsvd,0.366311728500847,4x212,0.03589880000799894,32,0.2268545837028332,0.29042370778641535,0.02692639990709722,11,0.24935161682120086,0.2983080401356025,0.005390299949795008,4,0.202018907011352,0.3504566649446965,0.0026506000431254506
121,SNR_0db,N,New_N_122.wav,32-11-4,DeepONMF_H3,3,nndsvd,0.35984656324759473,4x212,0.03345709992572665,32,0.22452803847885713,0.28093994168424424,0.024580499972216785,11,0.24784081798156185,0.29393655631980986,0.005389800062403083,4,0.20096560320717086,0.3077863909166379,0.002619400038383901
122,SNR_0db,N,New_N_123.wav,32-11-4,DeepONMF_H3,3,nndsvd,0.35567821327724125,4x212,0.033581099938601255,32,0.22371872777105067,0.28195359032270845,0.024640099960379303,11,0.2382697684670571,0.3043822221122866,0.005444800015538931,4,0.18844258461106075,0.3166301631074965,0.0025677999947220087
123,SNR_0db,N,New_N_124.wav,32-11-4,DeepONMF_H3,3,nndsvd,0.36924663071179387,4x212,0.03290170000400394,32,0.22467583918147896,0.2879280111495203,0.024475799989886582,11,0.24162070014722029,0.28919286761064156,0.005125400028191507,4,0.19302754431227295,0.31693244101509005,0.0025021000765264034
124,SNR_0db,N,New_N_125.wav,32-11-4,DeepONMF_H3,3,nndsvd,0.3672624644406,4x212,0.033698400016874075,32,0.2296813224092134,0.28272835031986476,0.024267700035125017,11,0.24678428779504233,0.29038956624538653,0.005325900041498244,4,0.20502563073708455,0.30018084178417154,0.0031601000810042024
125,SNR_0db,N,New_N_126.wav,32-11-4,DeepONMF_H3,3,nndsvd,0.3529892914259398,4x212,0.03529489994980395,32,0.21847908504369046,0.2850871218438468,0.025661200052127242,11,0.2367886614722736,0.3028952170325981,0.006115299998782575,4,0.18996386613360114,0.29296897282300344,0.002574400044977665
126,SNR_0db,N,New_N_127.wav,32-11-4,DeepONMF_H3,3,nndsvd,0.3568100605178827,4x212,0.034310300019569695,32,0.21875672307168703,0.28274385079944186,0.025762700010091066,11,0.24127154437902407,0.29909169482469666,0.005099099944345653,4,0.19982104878894666,0.3210869183946152,0.002502799965441227
127,SNR_0db,N,New_N_128.wav,32-11-4,DeepONMF_H3,3,nndsvd,0.3502851761037469,4x212,0.03296139999292791,32,0.2191857001397919,0.284852040604986,0.024694300023838878,11,0.2318867229396303,0.29822827235586524,0.004938500002026558,4,0.1948194801247052,0.3013712319413486,0.0024932000087574124
128,SNR_0db,N,New_N_129.wav,32-11-4,DeepONMF_H3,3,nndsvd,0.35561777086018215,4x212,0.034168199985288084,32,0.21866760007793928,0.2913358766095089,0.026058100047521293,11,0.24084797217233453,0.3006041552138163,0.004790199920535088,4,0.2003012500300062,0.3289798961767226,0.002481300034560263
129,SNR_0db,N,New_N_130.wav,32-11-4,DeepONMF_H3,3,nndsvd,0.354161341326701,4x212,0.035384399932809174,32,0.2172266623280008,0.28394284670563574,0.026410600054077804,11,0.23495925611470367,0.3124670151019182,0.005366199999116361,4,0.19439644051245655,0.3033791332369055,0.002393700066022575
130,SNR_0db,N,New_N_131.wav,32-11-4,DeepONMF_H3,3,nndsvd,0.3590744104057458,4x212,0.034603800042532384,32,0.22321787432325407,0.2804134239497132,0.026256299926899374,11,0.2438009619834844,0.2966596044859658,0.004692100104875863,4,0.19698089335006655,0.3016618574317434,0.0025536000030115247
131,SNR_0db,N,New_N_132.wav,32-11-4,DeepONMF_H3,3,nndsvd,0.36295560526753473,4x212,0.03529809997417033,32,0.2204149670848782,0.28110995582882115,0.026760200038552284,11,0.24127769871573215,0.28461253408580384,0.004722999990917742,4,0.20046742753361518,0.30632340385378676,0.0024230999406427145
132,SNR_0db,N,New_N_133.wav,32-11-4,DeepONMF_H3,3,nndsvd,0.3890076097262701,4x212,0.033825699938461185,32,0.22070994080774434,0.27873382710569855,0.025639700004830956,11,0.24252648058500753,0.2961702665953668,0.004726900020614266,4,0.2039021719923983,0.3407280468688538,0.00242229993455112
133,SNR_0db,N,New_N_134.wav,32-11-4,DeepONMF_H3,3,nndsvd,0.35367643897401774,4x212,0.033878899994306266,32,0.21859069106143145,0.2816462935340526,0.025588199961930513,11,0.23654975860431446,0.29035699012826394,0.004676399985328317,4,0.1957787981096164,0.3159393258917764,0.0025529999984428287
134,SNR_0db,N,New_N_135.wav,32-11-4,DeepONMF_H3,3,nndsvd,0.3596289435938678,4x212,0.035176999983377755,32,0.22015832894258655,0.2871577157679886,0.026822300045751035,11,0.2396354729217452,0.3070277071708595,0.004795399960130453,4,0.20173430660043873,0.3323371058938998,0.002511100028641522
135,SNR_0db,N,New_N_136.wav,32-11-4,DeepONMF_H3,3,nndsvd,0.3763181741374331,4x212,0.034571300027891994,32,0.21968641971224248,0.28629435636969447,0.025914300000295043,11,0.23931013099632187,0.3053882398688146,0.004782399977557361,4,0.19704766553939743,0.2831674046573957,0.0029245999176055193
