indice_interno,base,clase,archivo,distribucion,representacion,numero_capas,inicializacion_onmf,error_final,forma_h_final,segundos_extraccion_deep,capa_1_rango,capa_1_error,capa_1_ortogonalidad_h,capa_1_segundos,capa_2_rango,capa_2_error,capa_2_ortogonalidad_h,capa_2_segundos,capa_3_rango,capa_3_error,capa_3_ortogonalidad_h,capa_3_segundos,capa_4_rango,capa_4_error,capa_4_ortogonalidad_h,capa_4_segundos
0,SNR_0db,N,New_N_001.wav,28-12-5-2,DeepONMF_H4,4,nndsvd,0.4547484356621498,2x212,0.03876019991002977,28,0.23659111839630523,0.27862619673332795,0.02794429997447878,12,0.23371507076093115,0.2909873346803012,0.0044244000455364585,5,0.20566654872454743,0.308854604987736,0.0032623999286442995,2,0.18827164352879291,0.14517019339672832,0.002212399966083467
1,SNR_0db,N,New_N_002.wav,28-12-5-2,DeepONMF_H4,4,nndsvd,0.4513299882916141,2x212,0.03632920002564788,28,0.23593916295476952,0.29652239643976963,0.025376399978995323,12,0.21794342321307908,0.3123342760045772,0.005125099909491837,5,0.19503057972763585,0.31930260333546895,0.0027933999663218856,2,0.19259254322331018,0.13907844499610567,0.0020226999185979366
2,SNR_0db,N,New_N_003.wav,28-12-5-2,DeepONMF_H4,4,nndsvd,0.44191787734121984,2x212,0.036052600014954805,28,0.24009373677479737,0.29394086567658967,0.02475189999677241,12,0.22437312638616874,0.30024284595604644,0.0053533000173047185,5,0.19674216791219612,0.298040184835476,0.0028553999727591872,2,0.1938685787499183,0.1519410976546292,0.0020691000390797853
3,SNR_0db,N,New_N_004.wav,28-12-5-2,DeepONMF_H4,4,nndsvd,0.45402625418582143,2x212,0.0359601000091061,28,0.2392554452781999,0.29493086374694416,0.025762800010852516,12,0.23059189026687743,0.3232767643644801,0.004572400008328259,5,0.1997189455760082,0.31681043569680833,0.00262560008559376,2,0.19721795140699247,0.13620173037404426,0.0019627000438049436
4,SNR_0db,N,New_N_005.wav,28-12-5-2,DeepONMF_H4,4,nndsvd,0.45966218512600454,2x212,0.03378189995419234,28,0.23702425265022364,0.2892733036651364,0.02374999993480742,12,0.22340440862382066,0.29293206750418316,0.004391400027088821,5,0.1975881587420213,0.31330080632104274,0.002608699956908822,2,0.20156629284547575,0.12995542386608971,0.001948299934156239
5,SNR_0db,N,New_N_006.wav,28-12-5-2,DeepONMF_H4,4,nndsvd,0.45808684989974374,2x212,0.03804170002695173,28,0.23787133868970145,0.28960428327922016,0.027724900050088763,12,0.23226001981729139,0.30384505478715146,0.004438200034201145,5,0.20231411427669221,0.2937271863409462,0.0026382000651210546,2,0.20319359027736705,0.13671948181777466,0.0021378000965341926
6,SNR_0db,N,New_N_007.wav,28-12-5-2,DeepONMF_H4,4,nndsvd,0.4539853690555599,2x212,0.03963350004050881,28,0.23792671002400081,0.2927137804662721,0.027053300058469176,12,0.22609270646278784,0.2994625666405216,0.004687500069849193,5,0.20623473173644347,0.29195598191378047,0.004481000010855496,2,0.20295166603428344,0.1350958135343851,0.0024072000524029136
7,SNR_0db,N,New_N_008.wav,28-12-5-2,DeepONMF_H4,4,nndsvd,0.45729259209864087,2x212,0.03405789996031672,28,0.23451522456746207,0.2866279745089007,0.023451799992471933,12,0.22871131120427193,0.3062843850781121,0.004805500037036836,5,0.20030380421743035,0.293068730439452,0.002739100018516183,2,0.2097208263602612,0.12745928432742398,0.0020345000084489584
8,SNR_0db,N,New_N_009.wav,28-12-5-2,DeepONMF_H4,4,nndsvd,0.4569267405957944,2x212,0.036763499956578016,28,0.23693042427982963,0.28765339064178297,0.0269639000762254,12,0.22679743239693803,0.310579606154649,0.004345999914221466,5,0.20459901127441044,0.29027851468021293,0.002597999991849065,2,0.2041502607552023,0.13742742103693176,0.0019255999941378832
9,SNR_0db,N,New_N_010.wav,28-12-5-2,DeepONMF_H4,4,nndsvd,0.4611120900160547,2x212,0.03867859998717904,28,0.23780944744036298,0.28920208024424493,0.028481499990448356,12,0.22838927369681708,0.30473489850855046,0.004371699993498623,5,0.2030616176470243,0.3203894974252596,0.0025961999781429768,2,0.20676820091500994,0.12724800836146188,0.0020998999243602157
10,SNR_0db,N,New_N_011.wav,28-12-5-2,DeepONMF_H4,4,nndsvd,0.4599171601847494,2x212,0.039148999960161746,28,0.2370780756637273,0.29534088968688804,0.028099699993617833,12,0.229684121840383,0.2936851499804155,0.00448190001770854,5,0.2003562058825389,0.2748316536659586,0.003645000047981739,2,0.2055558190277966,0.12583878897778725,0.0021285000257194042
11,SNR_0db,N,New_N_012.wav,28-12-5-2,DeepONMF_H4,4,nndsvd,0.453208213934414,2x212,0.038171199965290725,28,0.2408048426960774,0.28401727700550417,0.027983500040136278,12,0.22845792108245386,0.2812596072263723,0.004550299956463277,5,0.203255813623532,0.30570405945948625,0.002681699930690229,2,0.19602650149147421,0.12609963889089526,0.0019832999678328633
12,SNR_0db,N,New_N_013.wav,28-12-5-2,DeepONMF_H4,4,nndsvd,0.4586807565564537,2x212,0.036689499975182116,28,0.23499351610628375,0.29492821386459345,0.0262362000066787,12,0.22556587243300252,0.3081091282025726,0.0048949000192806125,5,0.20368689943373813,0.29588392463526264,0.00258540001232177,2,0.21359429110863837,0.13371881476781217,0.001922599971294403
13,SNR_0db,N,New_N_014.wav,28-12-5-2,DeepONMF_H4,4,nndsvd,0.45257878580528127,2x212,0.037971399957314134,28,0.23405765822878632,0.28710381720400063,0.02773700002580881,12,0.22863747209733215,0.29851933025887883,0.0043409999925643206,5,0.1983622594857712,0.31258894408014015,0.0027022999711334705,2,0.202660722236909,0.14900015655746457,0.0021659000776708126
14,SNR_0db,N,New_N_015.wav,28-12-5-2,DeepONMF_H4,4,nndsvd,0.4565661065826445,2x212,0.03474480006843805,28,0.2427805073447242,0.28666494119770947,0.024321399978362024,12,0.23434629483047406,0.3099280743738886,0.004372099996544421,5,0.20081533036857305,0.3282495547795003,0.002949699992313981,2,0.18453436958384462,0.12964298647218006,0.0021698999917134643
15,SNR_0db,N,New_N_016.wav,28-12-5-2,DeepONMF_H4,4,nndsvd,0.4527961895955974,2x212,0.03825330000836402,28,0.24190820243369088,0.2856625198562193,0.026890399982221425,12,0.2280599466311778,0.29392480916022373,0.005602800054475665,5,0.20254705312771887,0.3073592168290319,0.0026724999770522118,2,0.20633066049177307,0.15682484497281368,0.0019675999647006392
16,SNR_0db,N,New_N_017.wav,28-12-5-2,DeepONMF_H4,4,nndsvd,0.45134039585521174,2x212,0.03772119991481304,28,0.24279739775836906,0.2863960777025834,0.02722719998564571,12,0.24324362766318527,0.28263759424210766,0.004541400005109608,5,0.20360750977695014,0.29004536834990113,0.002714899950660765,2,0.20830981184815348,0.13992714203975679,0.0020191000076010823
17,SNR_0db,N,New_N_018.wav,28-12-5-2,DeepONMF_H4,4,nndsvd,0.45817894727228253,2x212,0.03723560005892068,28,0.24070677336672233,0.2863677570204827,0.026448599994182587,12,0.22888264150349902,0.28732394875779865,0.00492340000346303,5,0.19990057235330674,0.3017240580243562,0.0025999000063166022,2,0.19596010031577415,0.13875021096688922,0.0020882999524474144
18,SNR_0db,N,New_N_019.wav,28-12-5-2,DeepONMF_H4,4,nndsvd,0.4574053827671131,2x212,0.037685499992221594,28,0.2384429285667352,0.2887535624903424,0.026329300017096102,12,0.22615260016302563,0.3004897427262378,0.004738599993288517,5,0.2023486868137588,0.27647738655148324,0.003382900031283498,2,0.1985854239947045,0.11575727592170591,0.002350499969907105
19,SNR_0db,N,New_N_020.wav,28-12-5-2,DeepONMF_H4,4,nndsvd,0.46274016339043283,2x212,0.03805009997449815,28,0.24023627143226411,0.29120624903354336,0.026276499964296818,12,0.22491729853514175,0.29396036506031326,0.0055674000177532434,5,0.19895172187257687,0.28927031206290515,0.0030146000208333135,2,0.20434662107207727,0.12241203526191614,0.0022320999996736646
20,SNR_0db,N,New_N_021.wav,28-12-5-2,DeepONMF_H4,4,nndsvd,0.45951669343536594,2x212,0.040432200068607926,28,0.2356759438391812,0.29148778032150663,0.028892500093206763,12,0.22758450834125626,0.31426741874536024,0.0051574999233707786,5,0.19520426544106745,0.3007493223029654,0.0031340999994426966,2,0.18850434130636257,0.1282488977498727,0.0023659999715164304
21,SNR_0db,N,New_N_022.wav,28-12-5-2,DeepONMF_H4,4,nndsvd,0.4564075234474831,2x212,0.04304619994945824,28,0.2405356480058775,0.2939380972588811,0.03004999994300306,12,0.22892745893268687,0.30953656313584976,0.006179400021210313,5,0.19777451081751166,0.30862848699412415,0.0033228000393137336,2,0.20686756522045222,0.14686323680047858,0.002503200084902346
22,SNR_0db,N,New_N_023.wav,28-12-5-2,DeepONMF_H4,4,nndsvd,0.4560020623883504,2x212,0.0405415000859648,28,0.234469301351272,0.2910465787586932,0.029176800046116114,12,0.2209469334788309,0.2924974099339463,0.005063000018708408,5,0.20354026143023526,0.2907209877371693,0.0030058000702410936,2,0.20763266897512406,0.13608572686416334,0.0022594999754801393
23,SNR_0db,N,New_N_024.wav,28-12-5-2,DeepONMF_H4,4,nndsvd,0.4566114257076014,2x212,0.04318829998373985,28,0.24114809118463978,0.2935344288468878,0.02881610009353608,12,0.22310858199350653,0.3008367529718422,0.007674199994653463,5,0.20046849489036916,0.31740125597496094,0.0033082999289035797,2,0.19235276463387263,0.1347579808930089,0.0024529999354854226
24,SNR_0db,N,New_N_025.wav,28-12-5-2,DeepONMF_H4,4,nndsvd,0.4623401723839202,2x212,0.04801689996384084,28,0.2390531276017768,0.29085711156141986,0.033618099987506866,12,0.2368548161017096,0.3006891969362988,0.005740000051446259,5,0.20366888696632426,0.308908524015269,0.0049869000213220716,2,0.19666551078224656,0.12606952902771945,0.0026760000037029386
25,SNR_0db,N,New_N_026.wav,28-12-5-2,DeepONMF_H4,4,nndsvd,0.46197525213879054,2x212,0.046702800085768104,28,0.23813080117887359,0.29922970220056594,0.032294000033289194,12,0.23308439943805592,0.3027979921990078,0.006667400011792779,5,0.20171444018429113,0.30914877583497713,0.004156499984674156,2,0.2077405253595462,0.13727104930224932,0.002629100112244487
26,SNR_0db,N,New_N_027.wav,28-12-5-2,DeepONMF_H4,4,nndsvd,0.4569543667455989,2x212,0.044084399938583374,28,0.23783120927692247,0.2853620751984534,0.03207499999552965,12,0.2233253898338934,0.29400761195673997,0.0055093999253585935,5,0.20061377404211062,0.304220748519584,0.0032176999375224113,2,0.20067849181643965,0.1393840324800395,0.002344899927265942
27,SNR_0db,N,New_N_028.wav,28-12-5-2,DeepONMF_H4,4,nndsvd,0.4607088587963691,2x212,0.04225229995790869,28,0.2386033672909049,0.29508805007534006,0.030368000036105514,12,0.22743995004909956,0.31092433528841673,0.005553199909627438,5,0.1954167303231974,0.2693277208108499,0.0030771999154239893,2,0.1997663757121182,0.14020807404539107,0.002207399928011
28,SNR_0db,N,New_N_029.wav,28-12-5-2,DeepONMF_H4,4,nndsvd,0.4593621374883385,2x212,0.037756399950012565,28,0.24277048066640705,0.28121410163152566,0.027877400047145784,12,0.24027542446577638,0.3072713475697984,0.004293999983929098,5,0.20016853748213206,0.29849781195800007,0.0025699998950585723,2,0.2052396511656306,0.1364020934129182,0.0019048000685870647
29,SNR_0db,N,New_N_030.wav,28-12-5-2,DeepONMF_H4,4,nndsvd,0.4516845623831942,2x212,0.03824020002502948,28,0.23668188506292773,0.2868696630489782,0.028134299907833338,12,0.22716549646784082,0.3061957324630765,0.004350399947725236,5,0.19886754119216474,0.32773920621209574,0.0026111999759450555,2,0.1996190079909284,0.14039635538819523,0.002119299955666065
30,SNR_0db,N,New_N_031.wav,28-12-5-2,DeepONMF_H4,4,nndsvd,0.45901812144128035,2x212,0.038615800091065466,28,0.23927730325623184,0.28777194930721683,0.02787800005171448,12,0.22921448818733656,0.29998719997953605,0.004397499957121909,5,0.2029378625229682,0.2839748414757658,0.0033297999761998653,2,0.20255882589573748,0.12446373075412837,0.0020790999988093972
31,SNR_0db,N,New_N_032.wav,28-12-5-2,DeepONMF_H4,4,nndsvd,0.4636893974475159,2x212,0.03467569989152253,28,0.23760585290234115,0.29401635531164916,0.02338440006133169,12,0.2280481349400065,0.2995784115133271,0.0055241999216377735,5,0.20121670608154138,0.2915777988860949,0.002755099907517433,2,0.19753047506031338,0.12825494201990434,0.002026999951340258
32,SNR_0db,N,New_N_033.wav,28-12-5-2,DeepONMF_H4,4,nndsvd,0.46043146564583076,2x212,0.034516300074756145,28,0.23654931108193197,0.2906170294378337,0.023219000082463026,12,0.2329779376632146,0.29855379035129004,0.005498799961060286,5,0.20385595547320598,0.2936283373774563,0.0027661999920383096,2,0.20206281796915548,0.14053556259901753,0.0020132999634370208
33,SNR_0db,N,New_N_034.wav,28-12-5-2,DeepONMF_H4,4,nndsvd,0.45626462949557944,2x212,0.03621049993671477,28,0.23725611980683414,0.2897876535727323,0.026019599987193942,12,0.2306976175423958,0.3100048144224121,0.004486599937081337,5,0.1990400076771767,0.29596209425028636,0.0026512000476941466,2,0.21587641974672978,0.15024927151890805,0.0019635000498965383
34,SNR_0db,N,New_N_035.wav,28-12-5-2,DeepONMF_H4,4,nndsvd,0.4605970982163956,2x212,0.03376560006290674,28,0.23722272101974967,0.2872590307720262,0.023362500010989606,12,0.22772474872760723,0.2986392590595109,0.004617400001734495,5,0.20413293225822607,0.29119993608889505,0.0026687000645324588,2,0.2029396563793638,0.14761283882190923,0.0019839999731630087
35,SNR_0db,N,New_N_036.wav,28-12-5-2,DeepONMF_H4,4,nndsvd,0.46232638178229774,2x212,0.03661199996713549,28,0.237701071845631,0.28781953372657043,0.02628329989966005,12,0.22769574445362767,0.3028230835477208,0.004746800055727363,5,0.1988503695438003,0.3078416678788739,0.0025863999035209417,2,0.21114609247275448,0.1207703261121306,0.0019310000352561474
36,SNR_0db,N,New_N_037.wav,28-12-5-2,DeepONMF_H4,4,nndsvd,0.3832604964823679,2x212,0.03891889995429665,28,0.17626024278052072,0.2905235153175744,0.028338199947029352,12,0.1608320901841549,0.2780137193216436,0.004436900024302304,5,0.14310269901186942,0.2828645655253686,0.0029731999384239316,2,0.1719603440405882,0.1173855001135186,0.0022794000105932355
37,SNR_0db,N,New_N_038.wav,28-12-5-2,DeepONMF_H4,4,nndsvd,0.46657588665684546,2x212,0.03510800004005432,28,0.23580686160123654,0.28934772028629274,0.02454120002221316,12,0.2268540852791927,0.2880721049310466,0.004590700031258166,5,0.20198372791844355,0.27110066808193606,0.0029688000213354826,2,0.21496650087241848,0.11884400785600066,0.0020705999340862036
38,SNR_0db,N,New_N_039.wav,28-12-5-2,DeepONMF_H4,4,nndsvd,0.4660309620737344,2x212,0.035243800026364625,28,0.23937274301057065,0.28770251449383716,0.024487400078214705,12,0.23542831918133494,0.30508906134862196,0.004950899980030954,5,0.2113697319369455,0.2730143680944539,0.0027640999760478735,2,0.21634582630264465,0.14002637009323027,0.002056499943137169
39,SNR_0db,N,New_N_040.wav,28-12-5-2,DeepONMF_H4,4,nndsvd,0.4565138478462013,2x212,0.03369489999022335,28,0.23850830569599787,0.2856505192005988,0.022903000004589558,12,0.22950376039914958,0.2990648699088671,0.005098600056953728,5,0.19651278882786588,0.25901208287465594,0.002737600007094443,2,0.22192859857741687,0.12434837671113691,0.0020087999291718006
40,SNR_0db,N,New_N_041.wav,28-12-5-2,DeepONMF_H4,4,nndsvd,0.4584422632636321,2x212,0.03453639999497682,28,0.23605036876332036,0.2925165138738911,0.024042500066570938,12,0.2202995530720432,0.3122044357339996,0.004780599963851273,5,0.19059681582586288,0.304364360792011,0.0027317999629303813,2,0.16459688322770114,0.12097588666584472,0.002028799965046346
41,SNR_0db,N,New_N_042.wav,28-12-5-2,DeepONMF_H4,4,nndsvd,0.45513210519565445,2x212,0.035682299989275634,28,0.23984127305499456,0.2877290977777346,0.024825399974361062,12,0.22711072701244717,0.29416669288426245,0.004913300042971969,5,0.19687786959088846,0.3350952518975015,0.0027523000026121736,2,0.1686660150152337,0.11901531834938503,0.0020116999512538314
42,SNR_0db,N,New_N_043.wav,28-12-5-2,DeepONMF_H4,4,nndsvd,0.4478476112815366,2x212,0.037766799912787974,28,0.23124060921032794,0.2864752281353041,0.02757600008044392,12,0.2199915723659552,0.3145314772330518,0.004411199945025146,5,0.1899528350762233,0.30426843605542214,0.0026196999242529273,2,0.16212319115354984,0.12010065037030848,0.0019724000012502074
43,SNR_0db,N,New_N_044.wav,28-12-5-2,DeepONMF_H4,4,nndsvd,0.4450437003621923,2x212,0.03554529999382794,28,0.23684433013861264,0.301819316847451,0.025452099973335862,12,0.21732248624935308,0.30949685949581884,0.004373000003397465,5,0.18691524712528268,0.30184208568616666,0.0026223999448120594,2,0.16143852117152002,0.1327504158567535,0.002113600028678775
44,SNR_0db,N,New_N_045.wav,28-12-5-2,DeepONMF_H4,4,nndsvd,0.4499018864045971,2x212,0.03845970006659627,28,0.23341353530604414,0.29936063439346206,0.02709129999857396,12,0.22520588425791183,0.31436209175334884,0.005574099952355027,5,0.18673132622600455,0.31917699362265395,0.0028940000338479877,2,0.15710065240817583,0.12228289213851383,0.0020666999043896794
45,SNR_0db,N,New_N_046.wav,28-12-5-2,DeepONMF_H4,4,nndsvd,0.44301229551031335,2x212,0.03625340003054589,28,0.2300044806253209,0.2896670083298198,0.02568950003478676,12,0.21657302545385054,0.3137636148171848,0.004768699989654124,5,0.1937334734248092,0.33422517869115775,0.0027251000283285975,2,0.16996278763907943,0.13009982497537134,0.0020088000455871224
46,SNR_0db,N,New_N_047.wav,28-12-5-2,DeepONMF_H4,4,nndsvd,0.4415973592587892,2x212,0.0358710999134928,28,0.2326395904775925,0.2957893800924254,0.025542399962432683,12,0.2169452323821974,0.3084469695544433,0.004450200009159744,5,0.19227651265843698,0.326031705133749,0.0026813000440597534,2,0.17076837863171884,0.13552276857277018,0.00197350000962615
47,SNR_0db,N,New_N_048.wav,28-12-5-2,DeepONMF_H4,4,nndsvd,0.44040637353143963,2x212,0.03500389994587749,28,0.23266722849463953,0.2919081219140484,0.02496070007327944,12,0.21601160620263257,0.30584935615004394,0.0043901000171899796,5,0.19017454367079836,0.3271516500120882,0.0026432001031935215,2,0.16273350428442093,0.12208461289163004,0.0019639000529423356
48,SNR_0db,N,New_N_049.wav,28-12-5-2,DeepONMF_H4,4,nndsvd,0.45528810353616517,2x212,0.03773019998334348,28,0.23542725800082112,0.28828234552822823,0.026929799932986498,12,0.22305317814229583,0.3079788921936893,0.004616800113581121,5,0.19331478964511176,0.3085316265152662,0.0027766000712290406,2,0.16375924622206112,0.1194935496320638,0.0024136999854817986
49,SNR_0db,N,New_N_050.wav,28-12-5-2,DeepONMF_H4,4,nndsvd,0.4509804593582105,2x212,0.03913930000271648,28,0.23439711190068624,0.2887914820427591,0.026941899908706546,12,0.22030703235505156,0.2975409295884891,0.005527899949811399,5,0.1966737190857877,0.31065877377776013,0.0033126999624073505,2,0.16439332714932742,0.11909688661033842,0.0022912999847903848
50,SNR_0db,N,New_N_051.wav,28-12-5-2,DeepONMF_H4,4,nndsvd,0.44816972427466356,2x212,0.03739529999438673,28,0.23212935045868405,0.2873182291960368,0.02664100006222725,12,0.2149566529087822,0.3090237602975077,0.00481400010176003,5,0.19240179107853392,0.3194950957395063,0.0027538000140339136,2,0.16577944285268612,0.12398482890082764,0.0020380999194458127
51,SNR_0db,N,New_N_052.wav,28-12-5-2,DeepONMF_H4,4,nndsvd,0.44852972156362664,2x212,0.03660049999598414,28,0.23430602747307794,0.29615446786555133,0.02652660000603646,12,0.22568967823312258,0.3161173455230017,0.004365899949334562,5,0.1907305545763509,0.32297016832462944,0.002618999918922782,2,0.16393434267753015,0.12502596407126554,0.0019460000330582261
52,SNR_0db,N,New_N_053.wav,28-12-5-2,DeepONMF_H4,4,nndsvd,0.44723300430484275,2x212,0.039191999938338995,28,0.23755985031501564,0.28781593358697716,0.02842040010727942,12,0.22407781495428405,0.2980386066280861,0.0045989000936970115,5,0.1912428085936874,0.30388740650259594,0.002767500001937151,2,0.1584818700479636,0.11482223989555584,0.002222999930381775
53,SNR_0db,N,New_N_054.wav,28-12-5-2,DeepONMF_H4,4,nndsvd,0.45139757707952666,2x212,0.03431079990696162,28,0.23517678762854635,0.2901018909662178,0.023057400016114116,12,0.22377903751345649,0.3026177756072466,0.005210099974647164,5,0.18641184484742368,0.31779975118887194,0.003113499958999455,2,0.16096579988426193,0.12352979054503972,0.002079600002616644
54,SNR_0db,N,New_N_055.wav,28-12-5-2,DeepONMF_H4,4,nndsvd,0.44957154023352,2x212,0.03289799997583032,28,0.23700644897280773,0.2883103709613904,0.02236149995587766,12,0.22095815356829646,0.3060459212161915,0.0046184000093489885,5,0.19005046067078984,0.34282754031223567,0.0029740999452769756,2,0.15903360002492412,0.10709427924695199,0.0021067000925540924
55,SNR_0db,N,New_N_056.wav,28-12-5-2,DeepONMF_H4,4,nndsvd,0.44358534788879056,2x212,0.035130999982357025,28,0.23373647236551334,0.293806399470858,0.024511300027370453,12,0.21755277735092185,0.29645755322155387,0.004612699965946376,5,0.19402116577184159,0.31454295396928483,0.0028711999766528606,2,0.16705530438385757,0.12955695413911472,0.0020689000375568867
56,SNR_0db,N,New_N_057.wav,28-12-5-2,DeepONMF_H4,4,nndsvd,0.43479523230340716,2x212,0.03675939992535859,28,0.23165294124397465,0.290710607890198,0.02620680001564324,12,0.21560658701658722,0.3063946351171717,0.004676299984566867,5,0.18480415615908602,0.3288800490823417,0.0026921998942270875,2,0.15672952854864755,0.10859210573765676,0.0019973000744357705
57,SNR_0db,N,New_N_058.wav,28-12-5-2,DeepONMF_H4,4,nndsvd,0.44464619256205,2x212,0.03594390000216663,28,0.235740640375492,0.2875333775586826,0.025679799960926175,12,0.21742637843692947,0.29892095971991184,0.004483699914999306,5,0.191899638700621,0.34053569219181307,0.00266100000590086,2,0.1676753818143254,0.13500767798721985,0.001990899909287691
58,SNR_0db,N,New_N_059.wav,28-12-5-2,DeepONMF_H4,4,nndsvd,0.45067151572723807,2x212,0.03799600002821535,28,0.2326188531893793,0.2887574095913976,0.027486399980261922,12,0.2234289700595111,0.3097792567891014,0.004533500061370432,5,0.19920925077290041,0.33704551153693124,0.0026700000744313,2,0.16896872956939044,0.11146829867824737,0.001997700077481568
59,SNR_0db,N,New_N_060.wav,28-12-5-2,DeepONMF_H4,4,nndsvd,0.45421809951117414,2x212,0.037482499959878623,28,0.23340132121444818,0.2899651470429612,0.027119599981233478,12,0.2236192518371879,0.3011062259008931,0.004414399969391525,5,0.1889274828581607,0.32459060724003996,0.0029130999464541674,2,0.1775053473845437,0.12686522664762528,0.002120999968610704
60,SNR_0db,N,New_N_061.wav,28-12-5-2,DeepONMF_H4,4,nndsvd,0.44741077834044873,2x212,0.04279039998073131,28,0.23349794043247687,0.2876328394341733,0.030671500018797815,12,0.22518046259351035,0.2980162003859812,0.005773300072178245,5,0.1906244848177399,0.3326424425806974,0.002992299967445433,2,0.16444481181285872,0.12369609829991451,0.002172200009226799
61,SNR_0db,N,New_N_062.wav,28-12-5-2,DeepONMF_H4,4,nndsvd,0.44859480204364416,2x212,0.03717090003192425,28,0.23448735539846266,0.2906612758225855,0.026617700001224875,12,0.21893449212979044,0.30919039281501737,0.004511100007221103,5,0.19688807502266792,0.3309403356415136,0.0027979000005871058,2,0.16912018657098613,0.12125266699802367,0.0023893999168649316
62,SNR_0db,N,New_N_063.wav,28-12-5-2,DeepONMF_H4,4,nndsvd,0.44257429200367787,2x212,0.03569209994748235,28,0.23282679487907537,0.29396659005949854,0.025442500016652048,12,0.21825293113096358,0.30821712835195414,0.004349500057287514,5,0.1893535723104706,0.2987930606817448,0.002847100025974214,2,0.16871259888217416,0.12130700126931271,0.0021838999819010496
63,SNR_0db,N,New_N_064.wav,28-12-5-2,DeepONMF_H4,4,nndsvd,0.4513819400338831,2x212,0.03709920006804168,28,0.23233669628075665,0.2865070755856518,0.025310700060799718,12,0.2211118181445166,0.2927340110747947,0.004631899995729327,5,0.1926190022387966,0.30220969115147256,0.003698200103826821,2,0.1692619650614667,0.11498797601086844,0.002210599952377379
64,SNR_0db,N,New_N_065.wav,28-12-5-2,DeepONMF_H4,4,nndsvd,0.4437933119791623,2x212,0.03848280000966042,28,0.2299337031407587,0.2924042583192479,0.02832090004812926,12,0.2194443738552029,0.3050212237554568,0.004433299996890128,5,0.18068199037937518,0.30747750541666086,0.002656000084243715,2,0.1552501002310102,0.11471730393558455,0.0019665000727400184
65,SNR_0db,N,New_N_066.wav,28-12-5-2,DeepONMF_H4,4,nndsvd,0.446604548180692,2x212,0.036748999962583184,28,0.23169739685173305,0.29479356877303603,0.026489899959415197,12,0.2226053698086404,0.306000293252963,0.004501500050537288,5,0.19168520133390565,0.31921550279430366,0.0026581999845802784,2,0.1653252047080645,0.11364231896177468,0.0019863999914377928
66,SNR_0db,N,New_N_067.wav,28-12-5-2,DeepONMF_H4,4,nndsvd,0.4354463166640366,2x212,0.0373730999417603,28,0.23262626881683998,0.29469934917502283,0.026724199997261167,12,0.21908673482843888,0.30899106976427876,0.004574900027364492,5,0.1919217982234219,0.31138334531154194,0.002813900006003678,2,0.16084145218799983,0.12390210144376942,0.0022085000528022647
67,SNR_0db,N,New_N_068.wav,28-12-5-2,DeepONMF_H4,4,nndsvd,0.4548442753863025,2x212,0.034579999977722764,28,0.23678980911833195,0.2943549730557485,0.024242899962700903,12,0.22746708579242866,0.3206121711041599,0.004355099983513355,5,0.1932248291776595,0.31498877928435476,0.003072099993005395,2,0.1667896458033593,0.12082055465155381,0.0021123000187799335
68,SNR_0db,N,New_N_069.wav,28-12-5-2,DeepONMF_H4,4,nndsvd,0.4556922726947587,2x212,0.03497320006135851,28,0.23514809652237217,0.2922808360006645,0.024532999959774315,12,0.21959572838541963,0.3019225215433421,0.004798699985258281,5,0.19604182424127128,0.3121566714342161,0.0027871999191120267,2,0.17479041031694026,0.1425744218861319,0.0020215000258758664
69,SNR_0db,N,New_N_070.wav,28-12-5-2,DeepONMF_H4,4,nndsvd,0.4591162973305155,2x212,0.03692849993240088,28,0.2356524805543863,0.3093210922604423,0.026399599970318377,12,0.22834160715943766,0.32744072643623723,0.004605299909599125,5,0.1946364154373393,0.3256550915708448,0.002635899931192398,2,0.192258140657753,0.14947955725819173,0.0019709999905899167
70,SNR_0db,N,New_N_071.wav,28-12-5-2,DeepONMF_H4,4,nndsvd,0.4462014488090608,2x212,0.03683440003078431,28,0.23450352056378634,0.2953275600627163,0.02687639999203384,12,0.2230253842009819,0.3170442041114715,0.004398900084197521,5,0.19134707930486197,0.33420371251541287,0.0026222000597044826,2,0.16976682700195447,0.1372540742678729,0.001937700086273253
71,SNR_0db,N,New_N_072.wav,28-12-5-2,DeepONMF_H4,4,nndsvd,0.4411276296369291,2x212,0.03587669995613396,28,0.2376744691289204,0.29022636042009015,0.02592329995241016,12,0.22600311069673076,0.3163253268675293,0.004372499999590218,5,0.20009506177623634,0.35333405270563706,0.0025946999667212367,2,0.17934704544044305,0.16162941683306198,0.0019166000420227647
72,SNR_0db,N,New_N_073.wav,28-12-5-2,DeepONMF_H4,4,nndsvd,0.45338056247240277,2x212,0.03553310001734644,28,0.2357165147427555,0.2945490064849214,0.025659000035375357,12,0.22529911047669268,0.31503699627635784,0.004269500030204654,5,0.19370498795347138,0.33026506648064224,0.0025761000579223037,2,0.16813404636753992,0.12968113570346473,0.00208289991132915
73,SNR_0db,N,New_N_074.wav,28-12-5-2,DeepONMF_H4,4,nndsvd,0.4515813940148738,2x212,0.035783000057563186,28,0.23744004868836088,0.2931255293189679,0.025167200015857816,12,0.22320141544128647,0.29807391766773694,0.004426999948918819,5,0.19280125401139747,0.3184003316556501,0.0029232000233605504,2,0.16088311505665928,0.1351381783119751,0.002234600018709898
74,SNR_0db,N,New_N_075.wav,28-12-5-2,DeepONMF_H4,4,nndsvd,0.4528230150355703,2x212,0.03531279996968806,28,0.23490970486660062,0.2853461139008896,0.02480469993315637,12,0.2252543216620089,0.2993641014801522,0.004571800003759563,5,0.20182672055007592,0.31642876536777476,0.0028722999850288033,2,0.18519791356183138,0.14457522784096322,0.002073500072583556
75,SNR_0db,N,New_N_076.wav,28-12-5-2,DeepONMF_H4,4,nndsvd,0.45362774570469877,2x212,0.033898200024850667,28,0.23547726020665308,0.28145630236468133,0.023106199922040105,12,0.22242919578396167,0.3076881052830251,0.005086700082756579,5,0.19489544171437334,0.3193408251900359,0.002817200031131506,2,0.18599714874604803,0.14639495535254965,0.0020423000678420067
76,SNR_0db,N,New_N_077.wav,28-12-5-2,DeepONMF_H4,4,nndsvd,0.4434278436758229,2x212,0.03741380001883954,28,0.23650128639044007,0.2942513920489525,0.026733199949376285,12,0.2243730321950317,0.3155960173493356,0.004983799997717142,5,0.1989313010664229,0.32569566210772144,0.0026210000505670905,2,0.16934070468836107,0.14050470845737434,0.0019206999568268657
77,SNR_0db,N,New_N_078.wav,28-12-5-2,DeepONMF_H4,4,nndsvd,0.45044557289832476,2x212,0.03833220002707094,28,0.23937579111822044,0.2902516353536522,0.028316599898971617,12,0.22582364498155447,0.29648374493933416,0.004494399996474385,5,0.19719227973299722,0.30841168919857076,0.002760500065051019,2,0.17755954223838658,0.14150925470297449,0.0020471999887377024
78,SNR_0db,N,New_N_079.wav,28-12-5-2,DeepONMF_H4,4,nndsvd,0.44834759474489694,2x212,0.04167040006723255,28,0.23302996116910088,0.2935427012358657,0.029413499985821545,12,0.22585735031176726,0.3005557498040873,0.005702800001017749,5,0.19907819691481518,0.31102524574167767,0.0033201000187546015,2,0.17258785079342154,0.13641186574488115,0.0022496999008581042
79,SNR_0db,N,New_N_080.wav,28-12-5-2,DeepONMF_H4,4,nndsvd,0.44966509447840836,2x212,0.03808760002721101,28,0.23716243701857015,0.28633333934925076,0.027451299945823848,12,0.22295615044351028,0.2948277735245069,0.004714399925433099,5,0.19968784805280587,0.3257439320543112,0.0027483999729156494,2,0.17820124897872824,0.1493705755442512,0.002009300049394369
80,SNR_0db,N,New_N_081.wav,28-12-5-2,DeepONMF_H4,4,nndsvd,0.44886588630609314,2x212,0.03641799988690764,28,0.2345366792227821,0.2945972260345624,0.02636690007057041,12,0.22610846842408505,0.31589707879624074,0.0043515999568626285,5,0.1981090062746411,0.32169134589654413,0.002624699962325394,2,0.1824802967750155,0.15432088312042427,0.0020236000418663025
81,SNR_0db,N,New_N_082.wav,28-12-5-2,DeepONMF_H4,4,nndsvd,0.45460909670945365,2x212,0.03615980001632124,28,0.2336353962635899,0.2973729538648975,0.02586180006619543,12,0.22352970209829937,0.31797375758170227,0.0046082999324426055,5,0.19251752230900798,0.33036964034009214,0.002604799927212298,2,0.17630189731734983,0.14322715888726661,0.0021307000424712896
82,SNR_0db,N,New_N_083.wav,28-12-5-2,DeepONMF_H4,4,nndsvd,0.46206384303638204,2x212,0.03678780002519488,28,0.23480044854980187,0.2888286717006923,0.025212699896655977,12,0.22816842959189265,0.2956986262089868,0.005123700015246868,5,0.19347166747058486,0.3031047121923245,0.0034575999015942216,2,0.18930734760489265,0.15503889632886975,0.0020747999660670757
83,SNR_0db,N,New_N_084.wav,28-12-5-2,DeepONMF_H4,4,nndsvd,0.45593868738642523,2x212,0.03921369998715818,28,0.23719924163124237,0.3002842849126066,0.026542400009930134,12,0.22810062137016837,0.30981521258563843,0.006160599994473159,5,0.19202691807114244,0.3140763880738202,0.0032035999465733767,2,0.17109427959777398,0.1364358819550272,0.002369499998167157
84,SNR_0db,N,New_N_085.wav,28-12-5-2,DeepONMF_H4,4,nndsvd,0.4490014318321422,2x212,0.04355920001398772,28,0.2341912565204603,0.2862590099622427,0.03180100000463426,12,0.22446886285165324,0.3086516447931205,0.00512919994071126,5,0.190682644459394,0.32968120298869735,0.0034278000239282846,2,0.17201063377049405,0.12647936633524523,0.0023960000835359097
85,SNR_0db,N,New_N_086.wav,28-12-5-2,DeepONMF_H4,4,nndsvd,0.45433580378891525,2x212,0.040681099984794855,28,0.23432481551861742,0.2971554497163599,0.029684899956919253,12,0.2218967036058465,0.2936495286828706,0.004988200031220913,5,0.19714139812731454,0.31670359653883146,0.00288909999653697,2,0.18349791675489416,0.14075614506002834,0.0021129000233486295
86,SNR_0db,N,New_N_087.wav,28-12-5-2,DeepONMF_H4,4,nndsvd,0.45173746531284253,2x212,0.036412499961443245,28,0.23776331534655623,0.29459602936289875,0.026333600049838424,12,0.22054980239922672,0.2970934315214995,0.004446999984793365,5,0.1933371423894802,0.31670346966428486,0.0026593999937176704,2,0.17770670420248857,0.14988193066385472,0.0019496999448165298
87,SNR_0db,N,New_N_088.wav,28-12-5-2,DeepONMF_H4,4,nndsvd,0.4503435841215945,2x212,0.035685300012119114,28,0.2370568079686162,0.28761967392363,0.025242299889214337,12,0.22145387645957132,0.3021395200433424,0.004506499972194433,5,0.20026094094864408,0.2973362466488679,0.0026856999611482024,2,0.1820084442695384,0.14254626877846038,0.002117999945767224
88,SNR_0db,N,New_N_089.wav,28-12-5-2,DeepONMF_H4,4,nndsvd,0.45427197524643953,2x212,0.03599959996063262,28,0.23406973120481936,0.29311014030629035,0.025672499905340374,12,0.22378484142070101,0.30500680754186743,0.004314800025895238,5,0.194733583293024,0.30377530239255485,0.00284019997343421,2,0.18093732273750265,0.1381907101430404,0.002266200026497245
89,SNR_0db,N,New_N_090.wav,28-12-5-2,DeepONMF_H4,4,nndsvd,0.4455071754575052,2x212,0.037251099944114685,28,0.2364232571286211,0.291554824567603,0.02612649998627603,12,0.22470900881624994,0.3048302744449262,0.005299300071783364,5,0.19841341271767698,0.33789565885311024,0.0028591000009328127,2,0.18136921680553586,0.15291434554303124,0.002059900085441768
90,SNR_0db,N,New_N_091.wav,28-12-5-2,DeepONMF_H4,4,nndsvd,0.44580358662916714,2x212,0.034082300029695034,28,0.2326106680071833,0.28396240087001867,0.023514000000432134,12,0.22572853494138415,0.30249254383111757,0.004952699993737042,5,0.19326952075476264,0.3333942035048892,0.0027501999866217375,2,0.17479501150117255,0.142991296095279,0.0020294999703764915
91,SNR_0db,N,New_N_092.wav,28-12-5-2,DeepONMF_H4,4,nndsvd,0.45660235523215165,2x212,0.03560010006185621,28,0.23727162227370405,0.2917106991340593,0.0248699999647215,12,0.22707657542868787,0.3071492652855999,0.004962600069120526,5,0.19340843835893562,0.3111571413501391,0.0026693999534472823,2,0.17052444821427817,0.1443166055688039,0.0019856999861076474
92,SNR_0db,N,New_N_093.wav,28-12-5-2,DeepONMF_H4,4,nndsvd,0.4458727990239558,2x212,0.034844799898564816,28,0.23320389466103633,0.29217997167787135,0.024509000009857118,12,0.22332257284929735,0.3016453608736184,0.004650400020182133,5,0.19620808028347753,0.3306487857516067,0.0026849000714719296,2,0.1744467434934856,0.14145253611013142,0.001975200022570789
93,SNR_0db,N,New_N_094.wav,28-12-5-2,DeepONMF_H4,4,nndsvd,0.4576740611365971,2x212,0.0370458000106737,28,0.23665736320693548,0.2912603996023367,0.026758500025607646,12,0.22782956035148422,0.3055687893002793,0.004666200024075806,5,0.20044611975072085,0.34101722035257886,0.002602199907414615,2,0.1843433443490741,0.14970102843355276,0.0019206000724807382
94,SNR_0db,N,New_N_095.wav,28-12-5-2,DeepONMF_H4,4,nndsvd,0.4509312941675225,2x212,0.03695530002005398,28,0.23738536968624682,0.28276915007363507,0.026525599998421967,12,0.22691167895862177,0.29697350357905683,0.004378000041469932,5,0.1953900907285842,0.3361675521026318,0.0027033999795094132,2,0.1689245968224888,0.1399532396011577,0.0024811000330373645
95,SNR_0db,N,New_N_096.wav,28-12-5-2,DeepONMF_H4,4,nndsvd,0.44681880776895433,2x212,0.03769199992530048,28,0.235641730748415,0.2941322037968995,0.026074099936522543,12,0.2223954465013331,0.31129756608507525,0.005803200067020953,5,0.19673905312047832,0.32672066034276903,0.0027202999917790294,2,0.17970516443139672,0.15490360125424585,0.0019797999411821365
96,SNR_0db,N,New_N_097.wav,28-12-5-2,DeepONMF_H4,4,nndsvd,0.44236890078558494,2x212,0.0346873999806121,28,0.23305333875984674,0.29607803173356106,0.02349110005889088,12,0.21640197140633075,0.2994482031728222,0.005465500056743622,5,0.19480916535249138,0.3272032006385611,0.0027390000177547336,2,0.16956008173811937,0.13659890576036582,0.002019300009123981
97,SNR_0db,N,New_N_098.wav,28-12-5-2,DeepONMF_H4,4,nndsvd,0.4541879845924686,2x212,0.03439370007254183,28,0.23788922877034419,0.2955995579576508,0.02368189999833703,12,0.22791610871550883,0.32285969828337824,0.004817800014279783,5,0.1982481006910983,0.3286016654824761,0.002734699985012412,2,0.18342345457106904,0.1274299607641826,0.0020242000464349985
98,SNR_0db,N,New_N_099.wav,28-12-5-2,DeepONMF_H4,4,nndsvd,0.4490265828072549,2x212,0.03771900001447648,28,0.23228675449080932,0.29199813738660624,0.027662100037559867,12,0.21780287909378881,0.3101581453024693,0.004484800039790571,5,0.19615691105650185,0.33187035027225986,0.002617300022393465,2,0.17167382428827996,0.11430670966157178,0.001933799940161407
99,SNR_0db,N,New_N_100.wav,28-12-5-2,DeepONMF_H4,4,nndsvd,0.45635008261301413,2x212,0.0348736000014469,28,0.23924929973926382,0.28614855179070203,0.024932100088335574,12,0.22551824532076073,0.29591299327548726,0.004412799957208335,5,0.19428832809045898,0.3208227827746181,0.0026313000125810504,2,0.16864792005888096,0.12093982090828746,0.001948299934156239
100,SNR_0db,N,New_N_101.wav,28-12-5-2,DeepONMF_H4,4,nndsvd,0.44488896140449463,2x212,0.036543100024573505,28,0.2325865519006815,0.2911915656770583,0.02646139997523278,12,0.21610458790077233,0.31739508277424194,0.004258600063621998,5,0.19137450955552135,0.327976139069114,0.002553700003772974,2,0.1694859852189958,0.1266626320507074,0.0020969000179320574
101,SNR_0db,N,New_N_102.wav,28-12-5-2,DeepONMF_H4,4,nndsvd,0.44843713914540806,2x212,0.036497300025075674,28,0.2339621649465763,0.28985089589670826,0.025537900044582784,12,0.22185405912764977,0.3068308455948617,0.004418399999849498,5,0.1940905227148318,0.3264243990788412,0.0034004999324679375,2,0.1687507441472385,0.14147150495705546,0.0022050999104976654
102,SNR_0db,N,New_N_103.wav,28-12-5-2,DeepONMF_H4,4,nndsvd,0.45092249911999194,2x212,0.03540450008586049,28,0.22930993599371682,0.29074509680246813,0.02446679992135614,12,0.2193136673924581,0.3048842791163079,0.005179499974474311,5,0.1930924333039161,0.3163680661109948,0.0027873999206349254,2,0.1732612050996458,0.13233538577946932,0.0020490000024437904
103,SNR_0db,N,New_N_104.wav,28-12-5-2,DeepONMF_H4,4,nndsvd,0.4493470448958754,2x212,0.035655299900099635,28,0.23349784118515138,0.28990853630158464,0.024072100059129298,12,0.2198150700996857,0.30877364808958463,0.005752699915319681,5,0.19478180972788448,0.3082681558510802,0.002704199985601008,2,0.16166047048939405,0.11449208448737436,0.0020007999846711755
104,SNR_0db,N,New_N_105.wav,28-12-5-2,DeepONMF_H4,4,nndsvd,0.4585367931980939,2x212,0.03694120002910495,28,0.23577715748859743,0.28867776422311553,0.026109699974767864,12,0.22672326580581578,0.30152163357353934,0.004650399903766811,5,0.1926798919318862,0.3275332256321424,0.0026862999657168984,2,0.1729713266940966,0.12858518991505297,0.001987299998290837
105,SNR_0db,N,New_N_106.wav,28-12-5-2,DeepONMF_H4,4,nndsvd,0.4503992163170827,2x212,0.03528840001672506,28,0.2339491284841274,0.28418193717013085,0.025420500081963837,12,0.22362320892077617,0.2953570892706647,0.004313900019042194,5,0.19441063330713865,0.30633674763341856,0.0026008000131696463,2,0.15844970994284377,0.11526655131947097,0.001941199996508658
106,SNR_0db,N,New_N_107.wav,28-12-5-2,DeepONMF_H4,4,nndsvd,0.4512861980709263,2x212,0.038804999901913106,28,0.2356354991928187,0.29117951863077773,0.027638799976557493,12,0.22846306699426575,0.2950764860963664,0.004758100025355816,5,0.19717574789988182,0.3132287793647618,0.0031051000114530325,2,0.16383628737197845,0.127616013770649,0.0024171998957172036
107,SNR_0db,N,New_N_108.wav,28-12-5-2,DeepONMF_H4,4,nndsvd,0.45058065823955945,2x212,0.038543300004675984,28,0.23820977212745056,0.2910109604830871,0.02680390002205968,12,0.22371597944178728,0.29283867614810316,0.005790699971839786,5,0.19619866114485074,0.31459428434139924,0.0029732000548392534,2,0.16765785868098299,0.13242488745286254,0.0021436000242829323
108,SNR_0db,N,New_N_109.wav,28-12-5-2,DeepONMF_H4,4,nndsvd,0.43662807937977405,2x212,0.03714619996026158,28,0.2290279716149444,0.29065445791318156,0.026705500087700784,12,0.2163185457085225,0.30771878142852366,0.004718299955129623,5,0.18702716960712212,0.3168034128943642,0.0026357999304309487,2,0.15778024953587297,0.12574960911907196,0.0019417000003159046
109,SNR_0db,N,New_N_110.wav,28-12-5-2,DeepONMF_H4,4,nndsvd,0.44171424986560937,2x212,0.035883800010196865,28,0.23714557735291505,0.29614267720728044,0.02570720005314797,12,0.2199211165133618,0.3123721327241961,0.0044030999997630715,5,0.19273600538816713,0.3124707228933354,0.0026390000712126493,2,0.16392532583260874,0.12269692502747473,0.0019513999577611685
110,SNR_0db,N,New_N_111.wav,28-12-5-2,DeepONMF_H4,4,nndsvd,0.45089457216574363,2x212,0.03740480006672442,28,0.23401605440163203,0.29360479857637567,0.02704509999603033,12,0.21607963770942298,0.30914358596114555,0.004266000003553927,5,0.1884094054748002,0.31151385216851607,0.0026371999410912395,2,0.16756611239465496,0.1158053475773213,0.002617300022393465
