indice_interno,base,clase,archivo,distribucion,representacion,numero_capas,inicializacion_onmf,error_final,forma_h_final,segundos_extraccion_deep,capa_1_rango,capa_1_error,capa_1_ortogonalidad_h,capa_1_segundos,capa_2_rango,capa_2_error,capa_2_ortogonalidad_h,capa_2_segundos,capa_3_rango,capa_3_error,capa_3_ortogonalidad_h,capa_3_segundos,capa_4_rango,capa_4_error,capa_4_ortogonalidad_h,capa_4_segundos
0,original,N,New_N_001.wav,26-19-14-10,DeepONMF_H4,4,nndsvd,0.24779957832309235,10x212,0.07409410004038364,26,0.07935525077302276,0.18650355308826624,0.04638439998961985,19,0.05572934348623309,0.14396254727295876,0.010465099941939116,14,0.05631096865488905,0.17131177374591613,0.009458100073970854,10,0.056596929912846636,0.186318972834469,0.0062312999507412314
1,original,N,New_N_002.wav,26-19-14-10,DeepONMF_H4,4,nndsvd,0.24742191347599526,10x212,0.08910280000418425,26,0.07040694358489992,0.2084608831247929,0.048908600001595914,19,0.05639989693369123,0.1501681271820853,0.015987399965524673,14,0.05648925091723294,0.14100215182700926,0.012378399958834052,10,0.05861836416493679,0.1435026746187746,0.010257999994792044
2,original,N,New_N_003.wav,26-19-14-10,DeepONMF_H4,4,nndsvd,0.24705852350410046,10x212,0.08808589994441718,26,0.07727050732900907,0.16255383396467685,0.04821270005777478,19,0.055654772804596686,0.1465979737281268,0.01570520002860576,14,0.05625107544160609,0.15702786134330549,0.012486499967053533,10,0.057257664059811676,0.20607106953762788,0.010220899945124984
3,original,N,New_N_004.wav,26-19-14-10,DeepONMF_H4,4,nndsvd,0.2480320498047825,10x212,0.09201549994759262,26,0.07509095213791388,0.18129209563404827,0.05376350006554276,19,0.05610015495944091,0.1354272772045643,0.01605419989209622,14,0.056976623688809236,0.15167701926447508,0.010333399986848235,10,0.05858821511204725,0.17258543985446115,0.01021539990324527
4,original,N,New_N_005.wav,26-19-14-10,DeepONMF_H4,4,nndsvd,0.24713046710970313,10x212,0.07966340007260442,26,0.07440201191279038,0.1793452850337848,0.052751700044609606,19,0.0558456279470244,0.1710311628926151,0.011735999956727028,14,0.05655167667090197,0.17601954012373483,0.007811899995431304,10,0.057696349290461926,0.23368791093579414,0.005903700017370284
5,original,N,New_N_006.wav,26-19-14-10,DeepONMF_H4,4,nndsvd,0.2476774949235838,10x212,0.07102320005651563,26,0.07917243469453095,0.1883595308248069,0.04410160006955266,19,0.05636910021957558,0.15873523645670637,0.010044499998912215,14,0.056186958142178355,0.1518825765498529,0.009313000016845763,10,0.057290547450676424,0.15658376860997975,0.006058000028133392
6,original,N,New_N_007.wav,26-19-14-10,DeepONMF_H4,4,nndsvd,0.24983386971422158,10x212,0.06928990001324564,26,0.07133710792184562,0.18002684518004264,0.044463399914093316,19,0.05632287043636828,0.173242576080059,0.010071700089611113,14,0.0573580199543537,0.1706485289408521,0.007668799953535199,10,0.05938806633541552,0.19193947810400255,0.00570420001167804
7,original,N,New_N_008.wav,26-19-14-10,DeepONMF_H4,4,nndsvd,0.24800731446498653,10x212,0.06812149996403605,26,0.06924728173247056,0.16871469622612942,0.04320630000438541,19,0.056126906377574795,0.15239677176440145,0.010219300049357116,14,0.05608366261032229,0.17396055284448098,0.007255400065332651,10,0.0604536974475007,0.17693695102854662,0.006168500054627657
8,original,N,New_N_009.wav,26-19-14-10,DeepONMF_H4,4,nndsvd,0.2512561503338528,10x212,0.06942489999346435,26,0.07314495525329921,0.17777737222545045,0.04302759992424399,19,0.057014818428109904,0.10721965737092369,0.01080100005492568,14,0.05718979885611712,0.11066789276115048,0.007439799956046045,10,0.059650226813274906,0.12571713644266855,0.007091999985277653
9,original,N,New_N_010.wav,26-19-14-10,DeepONMF_H4,4,nndsvd,0.2500472410542926,10x212,0.07239149999804795,26,0.08076726624331218,0.17050861524072025,0.04349129996262491,19,0.056295176779935646,0.16772266112186204,0.011421400005929172,14,0.05628343759284967,0.17200989043361012,0.010102199972607195,10,0.05919155048111052,0.18090096880457007,0.006047099945135415
10,original,N,New_N_011.wav,26-19-14-10,DeepONMF_H4,4,nndsvd,0.24771859705030952,10x212,0.07478000002447516,26,0.0718034427591733,0.18155820053013313,0.0490709999576211,19,0.056096048226551995,0.14430691242845137,0.010442500002682209,14,0.056470774889407445,0.16704940961761328,0.007314399932511151,10,0.05965954074204889,0.20700306646987324,0.006579499924555421
11,original,N,New_N_012.wav,26-19-14-10,DeepONMF_H4,4,nndsvd,0.24865124649764636,10x212,0.06823559990152717,26,0.07109855593854778,0.1956403911452293,0.04248499998357147,19,0.05620820584036259,0.15735075941570298,0.010565800010226667,14,0.056680859139290045,0.1591046932980057,0.007213599979877472,10,0.058971340496297354,0.2038446776160293,0.006739199976436794
12,original,N,New_N_013.wav,26-19-14-10,DeepONMF_H4,4,nndsvd,0.25122965629010335,10x212,0.07079440006054938,26,0.07865175995983271,0.17269768706139488,0.0432392000220716,19,0.055832103964647904,0.15384399650596686,0.011247999966144562,14,0.05771397379790429,0.17354032101601957,0.007516700075939298,10,0.05856529666794518,0.18530239155640477,0.007395399967208505
13,original,N,New_N_014.wav,26-19-14-10,DeepONMF_H4,4,nndsvd,0.24760348651143674,10x212,0.06966099992860109,26,0.07497787734758295,0.20444024017927948,0.04421149997506291,19,0.05573246949356361,0.18072005387533494,0.010164399980567396,14,0.056238297189932694,0.18686251999500667,0.008280000067315996,10,0.057614821337585935,0.24513623333371012,0.005752600030973554
14,original,N,New_N_015.wav,26-19-14-10,DeepONMF_H4,4,nndsvd,0.25088817375570616,10x212,0.06969829997979105,26,0.07533660441748899,0.1787031779076999,0.044189299922436476,19,0.05655354584082957,0.14807808645829684,0.00943189999088645,14,0.05669669617903173,0.16107650126872494,0.00879480002913624,10,0.058948095166088434,0.16637775871112329,0.005898699979297817
15,original,N,New_N_016.wav,26-19-14-10,DeepONMF_H4,4,nndsvd,0.24635270609116725,10x212,0.06940130004659295,26,0.0733666872700921,0.1629154907479619,0.043854900053702295,19,0.05608117599190114,0.14224728106599477,0.010614000027999282,14,0.0566914612994141,0.15068561253272766,0.007524400018155575,10,0.058346940009498624,0.19838478475380827,0.005897599970921874
16,original,N,New_N_017.wav,26-19-14-10,DeepONMF_H4,4,nndsvd,0.24943874999487897,10x212,0.06986519997008145,26,0.07711211052400425,0.17671302168419978,0.04368810006417334,19,0.056594814464013495,0.10907522959985945,0.011302500031888485,14,0.056557648285567745,0.12005582669628531,0.0073865000158548355,10,0.058452655451720154,0.12108807678464256,0.006197100039571524
17,original,N,New_N_018.wav,26-19-14-10,DeepONMF_H4,4,nndsvd,0.24904374785854663,10x212,0.07078969990834594,26,0.07727486918138199,0.1880687803491292,0.04363059997558594,19,0.05594938862463558,0.14023860965369145,0.0115300000179559,14,0.0566838480251638,0.14160644719382673,0.0074257999658584595,10,0.05801682548696904,0.16317153376883406,0.007114599924534559
18,original,N,New_N_019.wav,26-19-14-10,DeepONMF_H4,4,nndsvd,0.2479944125266456,10x212,0.06997749989386648,26,0.07960259350177978,0.1822639663524369,0.04343199997674674,19,0.055784856766328,0.1728861200293373,0.010944899986498058,14,0.0566925603512546,0.1857284896270327,0.00840970000717789,10,0.05767356015397292,0.2035714051144264,0.005881399963982403
19,original,N,New_N_020.wav,26-19-14-10,DeepONMF_H4,4,nndsvd,0.24745086739251765,10x212,0.06613369996193796,26,0.07866814219875555,0.18832672839879092,0.04176519997417927,19,0.055865933748731646,0.1630738411082539,0.009527900023385882,14,0.05660255577947967,0.14692486318711487,0.007612099987454712,10,0.057104985354019734,0.1666371567522647,0.005829499918036163
20,original,N,New_N_021.wav,26-19-14-10,DeepONMF_H4,4,nndsvd,0.24595685635002723,10x212,0.06740369996987283,26,0.0716320053671007,0.187652622293781,0.04298460006248206,19,0.05647689612881484,0.17612548274016368,0.009442299953661859,14,0.05605893796747962,0.1832322953260172,0.007896500057540834,10,0.05687026585894229,0.19812465519522116,0.005761199980042875
21,original,N,New_N_022.wav,26-19-14-10,DeepONMF_H4,4,nndsvd,0.24648224173095318,10x212,0.06756549992132932,26,0.07407706314095899,0.18161484951333176,0.04179759998805821,19,0.056201664747714326,0.1388269895981712,0.010530999978072941,14,0.05602788512786904,0.1326870939776643,0.007875100011005998,10,0.057141879034626454,0.15434310215503247,0.005839599994942546
22,original,N,New_N_023.wav,26-19-14-10,DeepONMF_H4,4,nndsvd,0.24885993965257608,10x212,0.06691560009494424,26,0.07051371927754763,0.15422567147052435,0.04206110001541674,19,0.05643666291897034,0.1210078011397841,0.009961499948985875,14,0.05833989946767228,0.12151112379668268,0.007653499953448772,10,0.06082927282485943,0.15314858308099005,0.006215800065547228
23,original,N,New_N_024.wav,26-19-14-10,DeepONMF_H4,4,nndsvd,0.2504619211811994,10x212,0.06886320002377033,26,0.07315459493347606,0.17464548737220845,0.042653199983760715,19,0.05869864034493539,0.13696372878061075,0.010085899964906275,14,0.05684167025876424,0.14443906561326547,0.007639499963261187,10,0.05980990821630832,0.15375497680109823,0.007305499981157482
24,original,N,New_N_025.wav,26-19-14-10,DeepONMF_H4,4,nndsvd,0.249847071642536,10x212,0.07108829997014254,26,0.07852201946866104,0.16047993132174151,0.0444541999604553,19,0.056492428630795205,0.1311926562494313,0.010653400095179677,14,0.057707637956049274,0.13965741132799112,0.007277299999259412,10,0.0635038557093945,0.1726565076824441,0.007502700085751712
25,original,N,New_N_026.wav,26-19-14-10,DeepONMF_H4,4,nndsvd,0.2505767261739688,10x212,0.08549349999520928,26,0.07557941561281938,0.1714122483257125,0.04284410004038364,19,0.05620254219132524,0.1339409017838733,0.01673889998346567,14,0.056820337309111554,0.14013137469922093,0.011671400046907365,10,0.06115976650927183,0.1634814157732377,0.012926400057040155
26,original,N,New_N_027.wav,26-19-14-10,DeepONMF_H4,4,nndsvd,0.2474531507108117,10x212,0.06851099990308285,26,0.074044420150701,0.15934829551402674,0.04307929996866733,19,0.05607732055281481,0.13916526712775765,0.010139900026842952,14,0.056827679674539784,0.15932760305628216,0.007145100040361285,10,0.05819991482990849,0.19972849933896966,0.006810499937273562
27,original,N,New_N_028.wav,26-19-14-10,DeepONMF_H4,4,nndsvd,0.2458605101456084,10x212,0.06660120002925396,26,0.07477881959209438,0.17617140525196812,0.04158690001349896,19,0.05564648639093298,0.16841308494585255,0.00993590010330081,14,0.05591936152924672,0.1444151457651934,0.0075634999666363,10,0.05711705194021688,0.16163944897095217,0.00627020001411438
28,original,N,New_N_029.wav,26-19-14-10,DeepONMF_H4,4,nndsvd,0.2494283169950574,10x212,0.06670259998645633,26,0.07235943798295214,0.1712564154363417,0.04136759997345507,19,0.056711149026341764,0.13376807993391152,0.01043370005208999,14,0.056878365827990406,0.1415507419663641,0.007542100036516786,10,0.05857243399076458,0.13760559373312423,0.006216800073161721
29,original,N,New_N_030.wav,26-19-14-10,DeepONMF_H4,4,nndsvd,0.2505999207230385,10x212,0.06578179995995015,26,0.07657506818736615,0.20212972276785768,0.04124060005415231,19,0.059138575324955645,0.13462823749157596,0.009851000038906932,14,0.05691802678090954,0.12575151268243684,0.007500300067476928,10,0.05880748821235101,0.15641947398267042,0.006213000044226646
30,original,N,New_N_031.wav,26-19-14-10,DeepONMF_H4,4,nndsvd,0.25060392370330026,10x212,0.06786960002500564,26,0.07666633229719787,0.18570405766485468,0.043072600034065545,19,0.05676400817753962,0.1371622888878196,0.010011599981226027,14,0.05649631277954175,0.15605780386659968,0.007393000065349042,10,0.059910421832361206,0.21218367724729434,0.006180300028063357
31,original,N,New_N_032.wav,26-19-14-10,DeepONMF_H4,4,nndsvd,0.25012221531448753,10x212,0.06792160007171333,26,0.07716394292367003,0.17297410223551257,0.04237479995936155,19,0.05699680554466797,0.1176341803108599,0.009858799981884658,14,0.05769222165830121,0.1063298271323266,0.008592800004407763,10,0.059022259485172736,0.11914676491440065,0.005841700010932982
32,original,N,New_N_033.wav,26-19-14-10,DeepONMF_H4,4,nndsvd,0.24968695187357828,10x212,0.06798990000970662,26,0.07242113294541003,0.18123380295579225,0.04340349999256432,19,0.0570178893156542,0.12949600063742622,0.009788900031708181,14,0.05751698559924754,0.15590533593600514,0.007782300002872944,10,0.06013722986265319,0.17498021910618028,0.00580629997421056
33,original,N,New_N_034.wav,26-19-14-10,DeepONMF_H4,4,nndsvd,0.24742473501195225,10x212,0.06711780000478029,26,0.07530513029951909,0.18030382809252474,0.042205900070257485,19,0.0559575270831361,0.1340092474374601,0.009821400046348572,14,0.05632903291325214,0.13736335725186122,0.007851699949242175,10,0.0588634686594013,0.11603234825156025,0.006052499986253679
34,original,N,New_N_035.wav,26-19-14-10,DeepONMF_H4,4,nndsvd,0.24879353352147404,10x212,0.0645561000565067,26,0.07507115910194799,0.17766246376714273,0.03983200003858656,19,0.056518378794798166,0.13425156569729654,0.009884900064207613,14,0.05639205500191655,0.14293520641733545,0.007810399984009564,10,0.05881946083006903,0.17195817109595443,0.005792399984784424
35,original,N,New_N_036.wav,26-19-14-10,DeepONMF_H4,4,nndsvd,0.2507999451201016,10x212,0.06667549989651889,26,0.07427722769866253,0.16315768510323983,0.0418725999770686,19,0.05734682513940302,0.15533854620971616,0.009966999990865588,14,0.056054360876352786,0.17000296818331345,0.007917599985376,10,0.058812397428277034,0.20002676070934605,0.005794199998490512
36,original,N,New_N_037.wav,26-19-14-10,DeepONMF_H4,4,nndsvd,0.24270612480460274,10x212,0.06735259993001819,26,0.06746698347343273,0.16127348892799528,0.04260560008697212,19,0.05532293818671001,0.16024167349567078,0.009952099993824959,14,0.05540979087445259,0.18614994199728194,0.007825999986380339,10,0.056477040290219,0.17536862720220506,0.00580929999705404
37,original,N,New_N_038.wav,26-19-14-10,DeepONMF_H4,4,nndsvd,0.24234138816977255,10x212,0.06562529993243515,26,0.06821549905382061,0.15179874917573574,0.039179000072181225,19,0.05532962803151683,0.1354289382421474,0.01060969999525696,14,0.05558210480600014,0.16559834721442301,0.007616700022481382,10,0.055815176096781764,0.20038423559186336,0.007060200092382729
38,original,N,New_N_039.wav,26-19-14-10,DeepONMF_H4,4,nndsvd,0.24232936964692686,10x212,0.06843040010426193,26,0.06746553793599917,0.14826626115748642,0.043563000042922795,19,0.055477405049011524,0.1256183355856026,0.010001000016927719,14,0.05531418742359579,0.10207782969475544,0.008026700001209974,10,0.0563026366376177,0.1322929727113133,0.005740200052969158
39,original,N,New_N_040.wav,26-19-14-10,DeepONMF_H4,4,nndsvd,0.24213980553898104,10x212,0.07110199995804578,26,0.06706068871889774,0.15755133317287368,0.042717100004665554,19,0.05532338523155934,0.1420173058328995,0.010897499974817038,14,0.05549537496654535,0.1421173003755693,0.00821570004336536,10,0.05579884992551601,0.17457166161336407,0.007985400035977364
40,original,N,New_N_041.wav,26-19-14-10,DeepONMF_H4,4,nndsvd,0.24275431256146437,10x212,0.07018909999169409,26,0.0646155715867471,0.17683934138668977,0.04411499993875623,19,0.05553867902987663,0.1616971329285319,0.010911200079135597,14,0.05552432127504851,0.16045609433645322,0.007842899998649955,10,0.056079858220392846,0.19645561498715172,0.005803200067020953
41,original,N,New_N_042.wav,26-19-14-10,DeepONMF_H4,4,nndsvd,0.24398782092238144,10x212,0.08125859999563545,26,0.06470416348585982,0.17978015025387312,0.04447740002069622,19,0.055485542064402024,0.10143520791325521,0.013364300015382469,14,0.05594191907040787,0.1063972568577299,0.00987179996445775,10,0.05745795638285329,0.13007382364554776,0.012170900008641183
42,original,N,New_N_043.wav,26-19-14-10,DeepONMF_H4,4,nndsvd,0.24305282461745392,10x212,0.0674286000430584,26,0.06516726802834127,0.19540473128721322,0.043023800011724234,19,0.05547194733881575,0.1424434599152231,0.010001800023019314,14,0.05550047468495147,0.15617562500436033,0.007211800082586706,10,0.055714422000952855,0.17859324030235804,0.005923100048676133
43,original,N,New_N_044.wav,26-19-14-10,DeepONMF_H4,4,nndsvd,0.24247067610871725,10x212,0.0666454000165686,26,0.06290215262009295,0.20862319506351507,0.041293200105428696,19,0.055553891965202766,0.1620524457098568,0.011081299977377057,14,0.05563577226266496,0.1655375721508416,0.007379500078968704,10,0.05586394528948659,0.2177304448410513,0.005711000063456595
44,original,N,New_N_045.wav,26-19-14-10,DeepONMF_H4,4,nndsvd,0.2444685957701757,10x212,0.06899329996667802,26,0.06763085628346824,0.17021444564089763,0.04297269997186959,19,0.055856067898661606,0.14325452331399494,0.009949799976311624,14,0.05567025561660702,0.13477822200594566,0.007760400068946183,10,0.0571517639312969,0.14879098223769394,0.007179999956861138
45,original,N,New_N_046.wav,26-19-14-10,DeepONMF_H4,4,nndsvd,0.24298366175360697,10x212,0.06750960007775575,26,0.06506814778392928,0.1936718367366008,0.04217100003734231,19,0.05546718205289373,0.15970022835245126,0.010848999954760075,14,0.05561540672947367,0.1767841079625626,0.007256600074470043,10,0.05637662551157556,0.20954562945291605,0.006180100026540458
46,original,N,New_N_047.wav,26-19-14-10,DeepONMF_H4,4,nndsvd,0.24267368537575726,10x212,0.06621179997455329,26,0.06479234677843167,0.17208878041895392,0.041008600033819675,19,0.05541553841593714,0.1492215149439377,0.009841500082984567,14,0.05560295713613346,0.15863181860891643,0.008127900073304772,10,0.05602272935094854,0.1965532885531816,0.0062902000499889255
47,original,N,New_N_048.wav,26-19-14-10,DeepONMF_H4,4,nndsvd,0.24457967782460846,10x212,0.06603650003671646,26,0.07280296564206273,0.17915331732315865,0.041794000077061355,19,0.05546472989622392,0.15686807683373855,0.009846900007687509,14,0.055513777331493555,0.16590288770909686,0.007356700021773577,10,0.05564047657178885,0.16464827983016442,0.005965099902823567
48,original,N,New_N_049.wav,26-19-14-10,DeepONMF_H4,4,nndsvd,0.24226078876516216,10x212,0.06702870002482086,26,0.06115728566386469,0.2118084899863805,0.042423599981702864,19,0.05563098115674725,0.16003569714421756,0.010182800004258752,14,0.05562284302266183,0.15048949113783186,0.0073160999454557896,10,0.05629624222922224,0.15722328886017647,0.006051899981684983
49,original,N,New_N_050.wav,26-19-14-10,DeepONMF_H4,4,nndsvd,0.24283384277507444,10x212,0.06575279997196048,26,0.06627152220831262,0.18814556786672892,0.041198199964128435,19,0.055427847460082606,0.13787854523756443,0.009978899965062737,14,0.05553456562605972,0.1422012276363394,0.00740210001822561,10,0.05564847064921027,0.16655567865413523,0.00572350004222244
50,original,N,New_N_051.wav,26-19-14-10,DeepONMF_H4,4,nndsvd,0.24396263662713794,10x212,0.06603200000245124,26,0.07191996995532209,0.161057983748988,0.04141440009698272,19,0.05544431964291583,0.15987558757155426,0.010338999913074076,14,0.05545982287698939,0.18438490242989894,0.007195399957709014,10,0.05591951327813283,0.2020901858434386,0.005916399997659028
51,original,N,New_N_052.wav,26-19-14-10,DeepONMF_H4,4,nndsvd,0.24333024322261043,10x212,0.06599290005397052,26,0.06422866816052819,0.18120428396061397,0.04105669993441552,19,0.055479125245650296,0.14278053037408886,0.010215199901722372,14,0.05560076846608255,0.13911021811079807,0.007714499952271581,10,0.0561417808318173,0.1620733565474266,0.005748499999754131
52,original,N,New_N_053.wav,26-19-14-10,DeepONMF_H4,4,nndsvd,0.24275213006185287,10x212,0.06856310006696731,26,0.06621437272785044,0.18365352601006157,0.042410299996845424,19,0.05550380131256345,0.16338033287271353,0.010906900046393275,14,0.05548327173546284,0.18658444354786918,0.007244699983857572,10,0.05576623760745606,0.27692081086990417,0.006544400006532669
53,original,N,New_N_054.wav,26-19-14-10,DeepONMF_H4,4,nndsvd,0.2428039547343295,10x212,0.06412699993234128,26,0.06440513269514332,0.17659975851619536,0.03907129995059222,19,0.05563143796754048,0.14471418559388002,0.010103499982506037,14,0.05553942772522452,0.16592948790110623,0.00767319998703897,10,0.05586850408156649,0.21439780492379953,0.0060029999585822225
54,original,N,New_N_055.wav,26-19-14-10,DeepONMF_H4,4,nndsvd,0.24218024036709956,10x212,0.06805050000548363,26,0.06289162033000524,0.19467976323792693,0.041068000020459294,19,0.055429683163249095,0.16362171794681807,0.012239200063049793,14,0.05548322454706853,0.2117286244532527,0.0075012999586761,10,0.056103352856688785,0.21044947866622365,0.0057885999558493495
55,original,N,New_N_056.wav,26-19-14-10,DeepONMF_H4,4,nndsvd,0.24367220562213185,10x212,0.0675831000553444,26,0.0643870245066213,0.20049046965879255,0.04168219992425293,19,0.055617437686273544,0.12988929999061513,0.010167900007218122,14,0.05579277689458763,0.12952427025832136,0.007227299967780709,10,0.056490425630432994,0.17708157610929354,0.007364699966274202
56,original,N,New_N_057.wav,26-19-14-10,DeepONMF_H4,4,nndsvd,0.24271986778878432,10x212,0.06580379989463836,26,0.06428658146200843,0.22621873913642926,0.04105720005463809,19,0.05558863719054952,0.17533749582156513,0.010152000002563,14,0.05544961811606329,0.17704730045751293,0.007198899984359741,10,0.05561576630443813,0.19446803030101792,0.005983200040645897
57,original,N,New_N_058.wav,26-19-14-10,DeepONMF_H4,4,nndsvd,0.24270582922258502,10x212,0.08107519999612123,26,0.06256848198728795,0.2016570364861113,0.04504080000333488,19,0.0555396356918932,0.15638519569827672,0.015558799961581826,14,0.055826733607438755,0.14980117612983063,0.012479999917559326,10,0.05622838236567508,0.1982466187781796,0.006809499929659069
58,original,N,New_N_059.wav,26-19-14-10,DeepONMF_H4,4,nndsvd,0.24281560748125428,10x212,0.07818609999958426,26,0.0653877684309039,0.18087149734492847,0.044803000055253506,19,0.055522045927154005,0.14698824952307632,0.015198800014331937,14,0.05556550884598456,0.16915763990524763,0.007447900017723441,10,0.055904732138121215,0.23019412724080235,0.009566199965775013
59,original,N,New_N_060.wav,26-19-14-10,DeepONMF_H4,4,nndsvd,0.2430423020737795,10x212,0.06955050001852214,26,0.06838586436791065,0.1982699910513112,0.04420749994460493,19,0.05546040992261239,0.13894055881000672,0.009669700055383146,14,0.055397871985316476,0.17449722305299284,0.008545199991203845,10,0.05555021554642613,0.22907200251697818,0.00605229998473078
60,original,N,New_N_061.wav,26-19-14-10,DeepONMF_H4,4,nndsvd,0.2435781501641767,10x212,0.07035840000025928,26,0.06462796198991529,0.18971500489305046,0.045616399962455034,19,0.05569321820522223,0.1369824003136176,0.010293800034560263,14,0.055726197362986674,0.1338269353322653,0.007522200001403689,10,0.05685683598352902,0.15888469181481046,0.005773100070655346
61,original,N,New_N_062.wav,26-19-14-10,DeepONMF_H4,4,nndsvd,0.24206474586159776,10x212,0.07004849996883422,26,0.06320964925879123,0.2053692925569844,0.044130199938081205,19,0.055404451820599256,0.217403161888503,0.010472499998286366,14,0.0555136443194311,0.24962023097770095,0.007347600068897009,10,0.05563932171775888,0.2876986795096885,0.006974300020374358
62,original,N,New_N_063.wav,26-19-14-10,DeepONMF_H4,4,nndsvd,0.24351593657055118,10x212,0.08193109999410808,26,0.06414762022000148,0.17767077810631257,0.0533292000181973,19,0.0555916499123468,0.14109028161530637,0.009926500031724572,14,0.056092563774180565,0.1634232217085286,0.00802139996085316,10,0.056064428347726354,0.21664150612141633,0.009161100024357438
63,original,N,New_N_064.wav,26-19-14-10,DeepONMF_H4,4,nndsvd,0.24234305422046773,10x212,0.09319140005391091,26,0.06313358646527024,0.18543486555275676,0.04921139997895807,19,0.055542909547841725,0.14419472230987307,0.016804000013507903,14,0.055590099053895614,0.1564342685329068,0.014799199998378754,10,0.0560314447796115,0.20675892621589018,0.010997500037774444
64,original,N,New_N_065.wav,26-19-14-10,DeepONMF_H4,4,nndsvd,0.24296068805839716,10x212,0.07993929996155202,26,0.06430474067208147,0.1800372759594906,0.0514369000447914,19,0.05557870523017073,0.1326521741939882,0.011522499960847199,14,0.05589173344773322,0.15233901034466546,0.008103300002403557,10,0.056344190397850796,0.15960544065874188,0.007760199951007962
65,original,N,New_N_066.wav,26-19-14-10,DeepONMF_H4,4,nndsvd,0.24228788447831257,10x212,0.08692590007558465,26,0.06226507658358204,0.18131401255679272,0.051450800034217536,19,0.05545991698621969,0.15175132787236942,0.015244800015352666,14,0.05561901818781127,0.1632715088304858,0.012022800045087934,10,0.05624073690264847,0.20146176675185928,0.007010399946011603
66,original,N,New_N_067.wav,26-19-14-10,DeepONMF_H4,4,nndsvd,0.24226878190218826,10x212,0.08146579994354397,26,0.061395473148287465,0.2045259731195094,0.04970780003350228,19,0.05567127553177876,0.17579259348214313,0.014191199908964336,14,0.05565772725136948,0.19877098892299128,0.009315200033597648,10,0.056237803153336687,0.21809462984683128,0.006926600006408989
67,original,N,New_N_068.wav,26-19-14-10,DeepONMF_H4,4,nndsvd,0.24397703002609042,10x212,0.07597560004796833,26,0.06591594915571833,0.17406035701541958,0.047031400026753545,19,0.055541388735196685,0.154506107125128,0.011649599997326732,14,0.055866920335456684,0.14944120302186129,0.008515800000168383,10,0.05766755647584233,0.18338841262076394,0.0076364000560715795
68,original,N,New_N_069.wav,26-19-14-10,DeepONMF_H4,4,nndsvd,0.24485755407596335,10x212,0.07535329996608198,26,0.06958423850170703,0.17455372129700997,0.045342400087974966,19,0.055615701634873574,0.14337461273977153,0.014120299951173365,14,0.056064946923863754,0.1599190474645982,0.008251899969764054,10,0.0567750219584565,0.22315046764830448,0.005867199972271919
69,original,N,New_N_070.wav,26-19-14-10,DeepONMF_H4,4,nndsvd,0.2458439471512938,10x212,0.07829560001846403,26,0.06979439217644616,0.15716020127577568,0.048763500060886145,19,0.055891644784177734,0.15262360032174987,0.011912700021639466,14,0.05665873949689869,0.16570291562929967,0.009324499987997115,10,0.057681510109811755,0.20501552858158342,0.006786899990402162
70,original,N,New_N_071.wav,26-19-14-10,DeepONMF_H4,4,nndsvd,0.24477138257453432,10x212,0.06819210003595799,26,0.06604615516440122,0.17896948260990247,0.04331779992207885,19,0.05612747044895458,0.123208471746584,0.00995330000296235,14,0.05575756155320999,0.1288301932468953,0.007887199986726046,10,0.05681487019156185,0.16017069661929417,0.005808699992485344
71,original,N,New_N_072.wav,26-19-14-10,DeepONMF_H4,4,nndsvd,0.24502838461909884,10x212,0.09544940001796931,26,0.07025834203755761,0.17240841908796434,0.04585979995317757,19,0.05561225300636906,0.1482300948571383,0.01941810001153499,14,0.055920486783156524,0.14217966154182854,0.0154963000677526,10,0.058212124989071176,0.17690922835941483,0.013249199953861535
72,original,N,New_N_073.wav,26-19-14-10,DeepONMF_H4,4,nndsvd,0.24579125468816562,10x212,0.06736399990040809,26,0.06963950724863588,0.17187539407926763,0.04215450002811849,19,0.05584503576746168,0.14986981410276212,0.009983500000089407,14,0.056003774757188374,0.1418030280877968,0.007242999970912933,10,0.05763881187274651,0.1674350721047014,0.006444700062274933
73,original,N,New_N_074.wav,26-19-14-10,DeepONMF_H4,4,nndsvd,0.2448516033256726,10x212,0.06737950001843274,26,0.06617938738645295,0.1777420036975396,0.041254700045101345,19,0.055747057583281065,0.1404170583123269,0.011384299956262112,14,0.05590749753707767,0.14898984536256082,0.007508999900892377,10,0.05710150108139587,0.18780220472607495,0.006100600003264844
74,original,N,New_N_075.wav,26-19-14-10,DeepONMF_H4,4,nndsvd,0.24455821490604668,10x212,0.06975100003182888,26,0.0691106393919619,0.17161068262210835,0.043278299970552325,19,0.05576398308710128,0.15657022747372912,0.01039640000090003,14,0.056052972267755914,0.1945147278979867,0.008849200094118714,10,0.05669104687481049,0.2215300385109953,0.00594109995290637
75,original,N,New_N_076.wav,26-19-14-10,DeepONMF_H4,4,nndsvd,0.24632815054297397,10x212,0.06732590007595718,26,0.0723088259433644,0.17831289430529454,0.04316919995471835,19,0.055661999516229015,0.15246126884529304,0.009623599937185645,14,0.05660995931540194,0.1643736827982509,0.007404999923892319,10,0.056985308286385435,0.21855602920339967,0.0057397999335080385
76,original,N,New_N_077.wav,26-19-14-10,DeepONMF_H4,4,nndsvd,0.24484873764836207,10x212,0.06605289992876351,26,0.0660991063731267,0.19109005592848965,0.04157240001950413,19,0.05568722446801705,0.1396467323109024,0.009656700072810054,14,0.05571502160747373,0.14157403685298145,0.007614900008775294,10,0.0566241028966071,0.15346683598461194,0.006113399984315038
77,original,N,New_N_078.wav,26-19-14-10,DeepONMF_H4,4,nndsvd,0.24413018184779295,10x212,0.06872860004659742,26,0.06488908066594727,0.18346393714541248,0.04273109999485314,19,0.055631314245395164,0.13184038299026993,0.011058200034312904,14,0.05611126822791797,0.15647529775802263,0.007922900025732815,10,0.05684805782617086,0.19386690725312702,0.005749500007368624
78,original,N,New_N_079.wav,26-19-14-10,DeepONMF_H4,4,nndsvd,0.24577265955878327,10x212,0.06821190007030964,26,0.07014329659961992,0.18566971046976097,0.04349039995577186,19,0.055751398588363275,0.15371298300444033,0.009742100024595857,14,0.05654760697766878,0.16644915667280227,0.007870200090110302,10,0.057268881619843184,0.229432956948243,0.006066199974156916
79,original,N,New_N_080.wav,26-19-14-10,DeepONMF_H4,4,nndsvd,0.24625443728996446,10x212,0.0679971999488771,26,0.07053525734465035,0.16219737794364344,0.043171599972993135,19,0.05583229608934279,0.13528098083108991,0.009522599983029068,14,0.05628768796139874,0.15094739832329157,0.008312799967825413,10,0.057611361659593935,0.19745162338488512,0.005818999954499304
80,original,N,New_N_081.wav,26-19-14-10,DeepONMF_H4,4,nndsvd,0.2460137559985334,10x212,0.06989809998776764,26,0.07291934031251653,0.18454401373031673,0.04417819995433092,19,0.05565459261092642,0.12732949430230533,0.01144979998935014,14,0.0558456288121099,0.1508789345722896,0.0072827000403776765,10,0.05652254517157692,0.18325153975238567,0.005851699970662594
81,original,N,New_N_082.wav,26-19-14-10,DeepONMF_H4,4,nndsvd,0.24500448595542254,10x212,0.07008330000098795,26,0.06436653702294111,0.1851722712142372,0.04230710002593696,19,0.05580774464693348,0.15538137406383293,0.010243299999274313,14,0.056384490786061135,0.1762489064399417,0.0078318000305444,10,0.05682176735581326,0.23446533907292547,0.008681399980559945
82,original,N,New_N_083.wav,26-19-14-10,DeepONMF_H4,4,nndsvd,0.24676187420535395,10x212,0.06759480002801865,26,0.0717970143834013,0.19069730346952862,0.04178980004508048,19,0.05575877560914106,0.11069966498182399,0.010716000106185675,14,0.055960075913250015,0.11718725778577281,0.007536499993875623,10,0.058252900348720035,0.1256650101676153,0.006433499976992607
83,original,N,New_N_084.wav,26-19-14-10,DeepONMF_H4,4,nndsvd,0.24445244469105967,10x212,0.06735899997875094,26,0.0670065767413999,0.17480330745983927,0.04136939998716116,19,0.05583780877885746,0.1348238323408746,0.01051489997189492,14,0.05608662012696263,0.13859670260772952,0.007569900015369058,10,0.05694658073916213,0.1820975539545055,0.00642730004619807
84,original,N,New_N_085.wav,26-19-14-10,DeepONMF_H4,4,nndsvd,0.24417486921387432,10x212,0.06675700005143881,26,0.0662945762662828,0.18677612563319893,0.04203409992624074,19,0.055684144881939866,0.15291673132242187,0.009892300004139543,14,0.05589585881911292,0.16917976245990338,0.0074547999538481236,10,0.05731575289545565,0.18301566661285482,0.006200199946761131
85,original,N,New_N_086.wav,26-19-14-10,DeepONMF_H4,4,nndsvd,0.24623783421351744,10x212,0.06724700005725026,26,0.07266564075059494,0.19658054545401257,0.041679600020870566,19,0.05622016164501223,0.16215387755033006,0.010320400004275143,14,0.05600934399135495,0.15097942728054292,0.007336599985137582,10,0.05726742707458617,0.17556781715756845,0.006860099965706468
86,original,N,New_N_087.wav,26-19-14-10,DeepONMF_H4,4,nndsvd,0.24673319629988452,10x212,0.07017069996800274,26,0.06924948379934785,0.17314802534888638,0.043195299920625985,19,0.055782457391296524,0.12803115817400282,0.011096299975179136,14,0.05599919938197255,0.10702664339748238,0.008734700037166476,10,0.05821970612351602,0.1305893141217741,0.005912499967962503
87,original,N,New_N_088.wav,26-19-14-10,DeepONMF_H4,4,nndsvd,0.24495397799490776,10x212,0.07593789999373257,26,0.06843025809481412,0.18561031222869626,0.04408609995152801,19,0.05566083872559958,0.17114185855238156,0.015083800069987774,14,0.055987615256714314,0.1565302509188544,0.008420999976806343,10,0.05769895035604744,0.15925840652688253,0.007205099915154278
88,original,N,New_N_089.wav,26-19-14-10,DeepONMF_H4,4,nndsvd,0.2441612532225268,10x212,0.06836739997379482,26,0.06676191025974333,0.1877199243950889,0.04387940000742674,19,0.055714655841076974,0.1647193214162088,0.010052400059066713,14,0.05580210218512405,0.1667987301169007,0.007223400054499507,10,0.05715130429326014,0.1961555095688539,0.006171400076709688
89,original,N,New_N_090.wav,26-19-14-10,DeepONMF_H4,4,nndsvd,0.24503492900022183,10x212,0.06697829999029636,26,0.07001767814007988,0.16556464737355822,0.040529899997636676,19,0.055642392792233805,0.14837656678936173,0.009882800048217177,14,0.0561176126023137,0.15286691531407406,0.007883999962359667,10,0.05700457365484094,0.18876421507558092,0.007391399936750531
90,original,N,New_N_091.wav,26-19-14-10,DeepONMF_H4,4,nndsvd,0.24747156872086418,10x212,0.064591099973768,26,0.06969782717812464,0.15488887081270067,0.039772900054231286,19,0.05583428966969232,0.11998738398153998,0.010183400008827448,14,0.058831447056209726,0.12727121634902724,0.007385700009763241,10,0.05871074043578104,0.17572944663369847,0.006225600023753941
91,original,N,New_N_092.wav,26-19-14-10,DeepONMF_H4,4,nndsvd,0.2433234694337521,10x212,0.06504370004404336,26,0.06503935892620881,0.1776363999810003,0.04053500003647059,19,0.055676392143814986,0.14746190907389092,0.010234600049443543,14,0.055944916036107455,0.1692637317416487,0.007444499991834164,10,0.05654803985083327,0.1841567424774677,0.0057628999929875135
92,original,N,New_N_093.wav,26-19-14-10,DeepONMF_H4,4,nndsvd,0.24632256013637757,10x212,0.06765890005044639,26,0.06673402525558612,0.14291717019809588,0.04189660004340112,19,0.055790313652143105,0.11911035837271705,0.011199100059457123,14,0.056495804145063,0.12061884963021854,0.007359700044617057,10,0.059152394326031615,0.14209278549464482,0.005738900043070316
93,original,N,New_N_094.wav,26-19-14-10,DeepONMF_H4,4,nndsvd,0.24557955001747758,10x212,0.08134620008058846,26,0.06992342876575577,0.19017065709250822,0.041986500029452145,19,0.055712986976953566,0.17359361477357163,0.011790900025516748,14,0.056252595185973336,0.18890378481515516,0.014202499995008111,10,0.058535957436627754,0.19539240821433626,0.012016799999400973
94,original,N,New_N_095.wav,26-19-14-10,DeepONMF_H4,4,nndsvd,0.2439777402498795,10x212,0.07390549988485873,26,0.0676312769951507,0.19734569217034373,0.04174729995429516,19,0.05552737975717934,0.1601556474013332,0.014468100038357079,14,0.05570695272944472,0.17555190059617137,0.0072981000412255526,10,0.05668664067295682,0.18565034660768648,0.009186800103634596
95,original,N,New_N_096.wav,26-19-14-10,DeepONMF_H4,4,nndsvd,0.2463038953938367,10x212,0.08878799993544817,26,0.07363683319813683,0.18807802461065298,0.05056750006042421,19,0.05592292097154337,0.17288420335377638,0.012507500010542572,14,0.055875650251565066,0.17405137578535032,0.013413300039246678,10,0.05693256418100355,0.18432695882052152,0.011072400026023388
96,original,N,New_N_097.wav,26-19-14-10,DeepONMF_H4,4,nndsvd,0.24596019342153358,10x212,0.07599449995905161,26,0.07175288784628762,0.19428546145723344,0.0431387999560684,19,0.05576391617667492,0.12217852355313166,0.0113742999965325,14,0.05642912760816549,0.12799161950009022,0.01230619999114424,10,0.05765324079178469,0.15021627933248807,0.0075931999599561095
97,original,N,New_N_098.wav,26-19-14-10,DeepONMF_H4,4,nndsvd,0.2451030936685485,10x212,0.11106430005747825,26,0.06944712349563763,0.18763440100244563,0.04747080011293292,19,0.05572336324761668,0.14868382125119237,0.01351939991582185,14,0.05600926048339828,0.15520000806330542,0.011649700114503503,10,0.05749918936311778,0.2064934796138778,0.036734299967065454
98,original,N,New_N_099.wav,26-19-14-10,DeepONMF_H4,4,nndsvd,0.2435031949561299,10x212,0.16304220003075898,26,0.06489861867319084,0.20705545292156285,0.12544679990969598,19,0.055545467559749574,0.17029656802626963,0.012499699951149523,14,0.055644392252843296,0.15417579596976422,0.013202699949033558,10,0.05704972183900778,0.17825211146490014,0.009805200039409101
99,original,N,New_N_100.wav,26-19-14-10,DeepONMF_H4,4,nndsvd,0.24237831124539463,10x212,0.0808997000567615,26,0.0626588866379432,0.2094583944360261,0.05297129997052252,19,0.05555501350772252,0.13104012262645856,0.01178920001257211,14,0.05550546583807415,0.12270111085801225,0.008030700031667948,10,0.055984333162981376,0.14816203602998115,0.006558499997481704
100,original,N,New_N_101.wav,26-19-14-10,DeepONMF_H4,4,nndsvd,0.24237831829390893,10x212,0.09516110003460199,26,0.062289236757003326,0.18206833870183295,0.05124249996151775,19,0.055591309363803375,0.11811002026025962,0.012505999999120831,14,0.055828084373969106,0.1347926153232307,0.016359600005671382,10,0.05575598586606674,0.16202084370536668,0.013439300004392862
101,original,N,New_N_102.wav,26-19-14-10,DeepONMF_H4,4,nndsvd,0.24220888151484127,10x212,0.06983519997447729,26,0.0629050249424079,0.1939211083221277,0.04451020003762096,19,0.05537681009976681,0.1827641430262135,0.01023919996805489,14,0.05551591877296621,0.2080568349160444,0.007383599993772805,10,0.05590181653825322,0.21841228882045077,0.006535899941809475
102,original,N,New_N_103.wav,26-19-14-10,DeepONMF_H4,4,nndsvd,0.24230772418836147,10x212,0.07053979998454452,26,0.06339895976430178,0.19361306546285226,0.045437099994160235,19,0.055485008727849644,0.1741036498134951,0.009715500054880977,14,0.055464920850795574,0.2106616373423067,0.008352800039574504,10,0.056103827428047884,0.25778452698965304,0.0059402999468147755
103,original,N,New_N_104.wav,26-19-14-10,DeepONMF_H4,4,nndsvd,0.24287897865832175,10x212,0.06827199994586408,26,0.0646727929586413,0.20747160731828249,0.0439014999428764,19,0.05554417376152813,0.13985807460635546,0.009330000029876828,14,0.055651259146428586,0.15273786081282326,0.00780370004940778,10,0.056141704963015925,0.19641290282424623,0.005939100054092705
104,original,N,New_N_105.wav,26-19-14-10,DeepONMF_H4,4,nndsvd,0.24174493428604468,10x212,0.06852580001577735,26,0.06200236093829008,0.21852625129626682,0.04433870001230389,19,0.05539859311679743,0.1623886144023356,0.009713100036606193,14,0.055474863083180316,0.18564472036444754,0.007423400063998997,10,0.05564007118223388,0.23247494056360607,0.005691300029866397
105,original,N,New_N_106.wav,26-19-14-10,DeepONMF_H4,4,nndsvd,0.24250321591994137,10x212,0.0687991000013426,26,0.06484903921050529,0.16980911303801025,0.04383620002772659,19,0.05544156950606598,0.12431549891806243,0.00990149995777756,14,0.05568730099421172,0.15226543744097712,0.0072304001078009605,10,0.05597840771476724,0.19255014968001322,0.006391900009475648
106,original,N,New_N_107.wav,26-19-14-10,DeepONMF_H4,4,nndsvd,0.24228411030482178,10x212,0.07206339994445443,26,0.06257636518065882,0.19487044474680443,0.046341100009158254,19,0.05551613872612228,0.16451828191054055,0.009619900025427341,14,0.0555528525990769,0.18027082424557508,0.008496500086039305,10,0.055770369811588894,0.2150830329602379,0.0065261999843642116
107,original,N,New_N_108.wav,26-19-14-10,DeepONMF_H4,4,nndsvd,0.24330259017971093,10x212,0.06654979998711497,26,0.06722187873792645,0.1822531208163995,0.041704999981448054,19,0.05541815170944403,0.15266547480745105,0.009949999977834523,14,0.055501697287310255,0.15685905847255305,0.007397899986244738,10,0.05583341814793135,0.20737645549496087,0.00633209990337491
108,original,N,New_N_109.wav,26-19-14-10,DeepONMF_H4,4,nndsvd,0.24194026479342842,10x212,0.06949909997638315,26,0.06052366521313804,0.18064029584613314,0.0422199999447912,19,0.055436113791484075,0.12721787384430105,0.010071600088849664,14,0.055786942687485776,0.14312167937095524,0.010309500037692487,10,0.05610436648771946,0.21867587489324777,0.005810400005429983
