clase,archivo,ruta,variante_deep_onmf,F_001,F_002,F_003,F_004,F_005
AS,New_AS_001.wav,C:\Users\armga\OneDrive\Escritorio\TFG\Programacion objetivo\Bases de Datos\AS_New_3주기\New_AS_001.wav,perfil_softmin_errores_f12,4.591818077179571e-09,0.5863140366751619,0.13349847890634867,0.07625924840642939,0.20392823142024205
AS,New_AS_002.wav,C:\Users\armga\OneDrive\Escritorio\TFG\Programacion objetivo\Bases de Datos\AS_New_3주기\New_AS_002.wav,perfil_softmin_errores_f12,1.3070819304534682e-09,0.6879111410718514,0.031278744874285024,0.0897710826894439,0.19103903005733763
AS,New_AS_003.wav,C:\Users\armga\OneDrive\Escritorio\TFG\Programacion objetivo\Bases de Datos\AS_New_3주기\New_AS_003.wav,perfil_softmin_errores_f12,9.07354223819238e-11,0.7024916693409864,0.03827991470053973,0.05228825565740994,0.20694016021032857
AS,New_AS_004.wav,C:\Users\armga\OneDrive\Escritorio\TFG\Programacion objetivo\Bases de Datos\AS_New_3주기\New_AS_004.wav,perfil_softmin_errores_f12,4.338543416749749e-10,0.6568503321085845,0.03842619221221358,0.057763338313100904,0.24696013693224667
AS,New_AS_005.wav,C:\Users\armga\OneDrive\Escritorio\TFG\Programacion objetivo\Bases de Datos\AS_New_3주기\New_AS_005.wav,perfil_softmin_errores_f12,3.5168557750789185e-09,0.5837245766654828,0.04367316415048337,0.10614956867857248,0.2664526869886054
AS,New_AS_006.wav,C:\Users\armga\OneDrive\Escritorio\TFG\Programacion objetivo\Bases de Datos\AS_New_3주기\New_AS_006.wav,perfil_softmin_errores_f12,3.1212504650339207e-11,0.6817344159018187,0.05061519041230782,0.10375283787539798,0.16389755577926274
AS,New_AS_007.wav,C:\Users\armga\OneDrive\Escritorio\TFG\Programacion objetivo\Bases de Datos\AS_New_3주기\New_AS_007.wav,perfil_softmin_errores_f12,7.714952650090815e-10,0.6258092031948373,0.07764481383818574,0.0729388385020699,0.2236071436934117
AS,New_AS_008.wav,C:\Users\armga\OneDrive\Escritorio\TFG\Programacion objetivo\Bases de Datos\AS_New_3주기\New_AS_008.wav,perfil_softmin_errores_f12,2.4678311124813443e-10,0.6667006836237244,0.03260629937241624,0.12886072141535043,0.17183229534172598
AS,New_AS_009.wav,C:\Users\armga\OneDrive\Escritorio\TFG\Programacion objetivo\Bases de Datos\AS_New_3주기\New_AS_009.wav,perfil_softmin_errores_f12,2.677484418001035e-10,0.7128671444240681,0.04012108407460401,0.09181250171023875,0.15519926952334076
AS,New_AS_010.wav,C:\Users\armga\OneDrive\Escritorio\TFG\Programacion objetivo\Bases de Datos\AS_New_3주기\New_AS_010.wav,perfil_softmin_errores_f12,1.4744366606119364e-09,0.6207510101094569,0.06919228282708641,0.07294198702093792,0.2371147185680823
AS,New_AS_011.wav,C:\Users\armga\OneDrive\Escritorio\TFG\Programacion objetivo\Bases de Datos\AS_New_3주기\New_AS_011.wav,perfil_softmin_errores_f12,1.7731859207400555e-10,0.704148409668335,0.04445670441148637,0.09751895357465634,0.15387593216820372
AS,New_AS_012.wav,C:\Users\armga\OneDrive\Escritorio\TFG\Programacion objetivo\Bases de Datos\AS_New_3주기\New_AS_012.wav,perfil_softmin_errores_f12,3.860137834191801e-10,0.6383460478175204,0.09163815259813851,0.0839078868362448,0.18610791236208243
AS,New_AS_013.wav,C:\Users\armga\OneDrive\Escritorio\TFG\Programacion objetivo\Bases de Datos\AS_New_3주기\New_AS_013.wav,perfil_softmin_errores_f12,4.427814772522304e-10,0.5958819694541825,0.06487936885986266,0.16499711322682276,0.17424154801635053
AS,New_AS_014.wav,C:\Users\armga\OneDrive\Escritorio\TFG\Programacion objetivo\Bases de Datos\AS_New_3주기\New_AS_014.wav,perfil_softmin_errores_f12,1.7171260980518205e-10,0.6628162080283,0.02134428932750854,0.09488399485692124,0.2209555076155576
AS,New_AS_015.wav,C:\Users\armga\OneDrive\Escritorio\TFG\Programacion objetivo\Bases de Datos\AS_New_3주기\New_AS_015.wav,perfil_softmin_errores_f12,1.3465415580578516e-09,0.6483035801774432,0.03712410969048219,0.0852719464068353,0.22930036237869775
AS,New_AS_016.wav,C:\Users\armga\OneDrive\Escritorio\TFG\Programacion objetivo\Bases de Datos\AS_New_3주기\New_AS_016.wav,perfil_softmin_errores_f12,6.075745926522573e-10,0.6741965229453192,0.038227025653753396,0.10650992514537111,0.18106652564798167
AS,New_AS_017.wav,C:\Users\armga\OneDrive\Escritorio\TFG\Programacion objetivo\Bases de Datos\AS_New_3주기\New_AS_017.wav,perfil_softmin_errores_f12,3.4312162679224707e-09,0.6378027585954702,0.04654269221154862,0.10771804136748647,0.20793650439427847
AS,New_AS_018.wav,C:\Users\armga\OneDrive\Escritorio\TFG\Programacion objetivo\Bases de Datos\AS_New_3주기\New_AS_018.wav,perfil_softmin_errores_f12,1.3861800169713702e-09,0.6376224734727525,0.08940714741942975,0.09093280931025306,0.18203756841138463
AS,New_AS_019.wav,C:\Users\armga\OneDrive\Escritorio\TFG\Programacion objetivo\Bases de Datos\AS_New_3주기\New_AS_019.wav,perfil_softmin_errores_f12,5.183724185585588e-10,0.6408045099591891,0.09783005161939623,0.06295582756116307,0.19840961034187923
AS,New_AS_020.wav,C:\Users\armga\OneDrive\Escritorio\TFG\Programacion objetivo\Bases de Datos\AS_New_3주기\New_AS_020.wav,perfil_softmin_errores_f12,5.367074630818839e-10,0.589575964820137,0.027109762483246078,0.17552589462616378,0.20778837753374585
AS,New_AS_021.wav,C:\Users\armga\OneDrive\Escritorio\TFG\Programacion objetivo\Bases de Datos\AS_New_3주기\New_AS_021.wav,perfil_softmin_errores_f12,2.233923974218088e-09,0.7081102347022166,0.05699014380475313,0.07808222630034667,0.1568173929587597
AS,New_AS_022.wav,C:\Users\armga\OneDrive\Escritorio\TFG\Programacion objetivo\Bases de Datos\AS_New_3주기\New_AS_022.wav,perfil_softmin_errores_f12,2.0454600112662627e-10,0.70776318513843,0.05610099028983726,0.044674237016975364,0.1914615873502112
AS,New_AS_023.wav,C:\Users\armga\OneDrive\Escritorio\TFG\Programacion objetivo\Bases de Datos\AS_New_3주기\New_AS_023.wav,perfil_softmin_errores_f12,1.02481697100053e-09,0.6977209915253877,0.057973185934743765,0.07578490055681769,0.16852092095823393
AS,New_AS_024.wav,C:\Users\armga\OneDrive\Escritorio\TFG\Programacion objetivo\Bases de Datos\AS_New_3주기\New_AS_024.wav,perfil_softmin_errores_f12,7.471789090683976e-11,0.6520041652304717,0.059613416889161795,0.11715317140950197,0.17122924639614667
AS,New_AS_025.wav,C:\Users\armga\OneDrive\Escritorio\TFG\Programacion objetivo\Bases de Datos\AS_New_3주기\New_AS_025.wav,perfil_softmin_errores_f12,1.748281721197448e-10,0.6696670141789838,0.06798264314897812,0.07242413934625518,0.18992620315095463
AS,New_AS_026.wav,C:\Users\armga\OneDrive\Escritorio\TFG\Programacion objetivo\Bases de Datos\AS_New_3주기\New_AS_026.wav,perfil_softmin_errores_f12,1.6310896408160774e-09,0.6027809882663568,0.02510017524163207,0.1638819361480888,0.20823689871283263
AS,New_AS_027.wav,C:\Users\armga\OneDrive\Escritorio\TFG\Programacion objetivo\Bases de Datos\AS_New_3주기\New_AS_027.wav,perfil_softmin_errores_f12,2.411621162799996e-10,0.5758891525210046,0.037245966405929636,0.17655466043251622,0.2103102203993874
AS,New_AS_028.wav,C:\Users\armga\OneDrive\Escritorio\TFG\Programacion objetivo\Bases de Datos\AS_New_3주기\New_AS_028.wav,perfil_softmin_errores_f12,1.2009062903227567e-09,0.6254227409544678,0.06465013981023053,0.10552851708326413,0.20439860095113113
AS,New_AS_029.wav,C:\Users\armga\OneDrive\Escritorio\TFG\Programacion objetivo\Bases de Datos\AS_New_3주기\New_AS_029.wav,perfil_softmin_errores_f12,1.866680928934696e-09,0.6239034146140017,0.05565164858190963,0.12932067482018317,0.19112426011722453
AS,New_AS_030.wav,C:\Users\armga\OneDrive\Escritorio\TFG\Programacion objetivo\Bases de Datos\AS_New_3주기\New_AS_030.wav,perfil_softmin_errores_f12,1.0050246937144345e-10,0.6567935125808403,0.03291307902994923,0.0819088460337422,0.228384562254966
AS,New_AS_031.wav,C:\Users\armga\OneDrive\Escritorio\TFG\Programacion objetivo\Bases de Datos\AS_New_3주기\New_AS_031.wav,perfil_softmin_errores_f12,2.3552669781983655e-09,0.626769134202568,0.09638258490102158,0.13340314703308867,0.14344513150805463
AS,New_AS_032.wav,C:\Users\armga\OneDrive\Escritorio\TFG\Programacion objetivo\Bases de Datos\AS_New_3주기\New_AS_032.wav,perfil_softmin_errores_f12,2.2492441987861319e-10,0.6442141332681746,0.030602819171679424,0.10996099636487448,0.21522205097034713
AS,New_AS_033.wav,C:\Users\armga\OneDrive\Escritorio\TFG\Programacion objetivo\Bases de Datos\AS_New_3주기\New_AS_033.wav,perfil_softmin_errores_f12,1.0293082619862022e-09,0.6275615823054482,0.06918158643445432,0.08744375374816844,0.2158130764826208
AS,New_AS_034.wav,C:\Users\armga\OneDrive\Escritorio\TFG\Programacion objetivo\Bases de Datos\AS_New_3주기\New_AS_034.wav,perfil_softmin_errores_f12,1.129677760314536e-09,0.6330249733136626,0.061149366104271526,0.08556546517477415,0.22026019427761395
AS,New_AS_035.wav,C:\Users\armga\OneDrive\Escritorio\TFG\Programacion objetivo\Bases de Datos\AS_New_3주기\New_AS_035.wav,perfil_softmin_errores_f12,4.323817700906043e-10,0.5549272003918049,0.03719411576692575,0.09403583304396759,0.31384285036492
AS,New_AS_036.wav,C:\Users\armga\OneDrive\Escritorio\TFG\Programacion objetivo\Bases de Datos\AS_New_3주기\New_AS_036.wav,perfil_softmin_errores_f12,1.1069703325118913e-09,0.5845635693588751,0.07173772095330314,0.10512125607453023,0.23857745250632117
AS,New_AS_037.wav,C:\Users\armga\OneDrive\Escritorio\TFG\Programacion objetivo\Bases de Datos\AS_New_3주기\New_AS_037.wav,perfil_softmin_errores_f12,1.152606385046546e-10,0.7105502213055062,0.050027145741899155,0.1096353381052276,0.12978729473210646
AS,New_AS_038.wav,C:\Users\armga\OneDrive\Escritorio\TFG\Programacion objetivo\Bases de Datos\AS_New_3주기\New_AS_038.wav,perfil_softmin_errores_f12,1.952661665808158e-09,0.6018423160947833,0.04998858096100418,0.1175322284138801,0.23063687257767085
AS,New_AS_039.wav,C:\Users\armga\OneDrive\Escritorio\TFG\Programacion objetivo\Bases de Datos\AS_New_3주기\New_AS_039.wav,perfil_softmin_errores_f12,9.116288000832906e-10,0.6244012513499352,0.02861992443611796,0.1147144669123535,0.23226435638996445
AS,New_AS_040.wav,C:\Users\armga\OneDrive\Escritorio\TFG\Programacion objetivo\Bases de Datos\AS_New_3주기\New_AS_040.wav,perfil_softmin_errores_f12,1.8911088324275118e-10,0.5869383306184851,0.04265259179032973,0.09702294106595744,0.27338613633611675
AS,New_AS_041.wav,C:\Users\armga\OneDrive\Escritorio\TFG\Programacion objetivo\Bases de Datos\AS_New_3주기\New_AS_041.wav,perfil_softmin_errores_f12,6.5533882376999e-10,0.636632422411644,0.05157221618075261,0.11125391303382608,0.2005414477184384
AS,New_AS_042.wav,C:\Users\armga\OneDrive\Escritorio\TFG\Programacion objetivo\Bases de Datos\AS_New_3주기\New_AS_042.wav,perfil_softmin_errores_f12,1.6806797028406684e-09,0.5998353293499449,0.06965029579871018,0.12070795533210371,0.20980641783856144
AS,New_AS_043.wav,C:\Users\armga\OneDrive\Escritorio\TFG\Programacion objetivo\Bases de Datos\AS_New_3주기\New_AS_043.wav,perfil_softmin_errores_f12,8.713975125249424e-10,0.6369902716634029,0.04324020418649429,0.096536636330898,0.22323288694780724
AS,New_AS_044.wav,C:\Users\armga\OneDrive\Escritorio\TFG\Programacion objetivo\Bases de Datos\AS_New_3주기\New_AS_044.wav,perfil_softmin_errores_f12,8.920708383162206e-10,0.612538179794978,0.043453213100634686,0.12294643551440322,0.22106217069791317
AS,New_AS_045.wav,C:\Users\armga\OneDrive\Escritorio\TFG\Programacion objetivo\Bases de Datos\AS_New_3주기\New_AS_045.wav,perfil_softmin_errores_f12,7.006816156599486e-10,0.6508218349133645,0.024505352749804903,0.1401631377741054,0.1845096738620435
AS,New_AS_046.wav,C:\Users\armga\OneDrive\Escritorio\TFG\Programacion objetivo\Bases de Datos\AS_New_3주기\New_AS_046.wav,perfil_softmin_errores_f12,1.8251352859754173e-09,0.5701763080586999,0.05273196418956376,0.11269950509735101,0.26439222082925007
AS,New_AS_047.wav,C:\Users\armga\OneDrive\Escritorio\TFG\Programacion objetivo\Bases de Datos\AS_New_3주기\New_AS_047.wav,perfil_softmin_errores_f12,3.1186795047172383e-10,0.6021519339746397,0.041520792043319876,0.1512868788021059,0.20504039486806647
AS,New_AS_048.wav,C:\Users\armga\OneDrive\Escritorio\TFG\Programacion objetivo\Bases de Datos\AS_New_3주기\New_AS_048.wav,perfil_softmin_errores_f12,6.69365250834931e-10,0.6963662065335988,0.03795181259223832,0.09425957923097937,0.17142240097381822
AS,New_AS_049.wav,C:\Users\armga\OneDrive\Escritorio\TFG\Programacion objetivo\Bases de Datos\AS_New_3주기\New_AS_049.wav,perfil_softmin_errores_f12,3.277946086687179e-08,0.07966154242589712,0.03461415154126244,0.6651231861655237,0.2206010870878559
AS,New_AS_050.wav,C:\Users\armga\OneDrive\Escritorio\TFG\Programacion objetivo\Bases de Datos\AS_New_3주기\New_AS_050.wav,perfil_softmin_errores_f12,8.915501013389204e-08,0.001012034278205258,0.312015290589843,0.6698798890820455,0.017092696894896005
AS,New_AS_051.wav,C:\Users\armga\OneDrive\Escritorio\TFG\Programacion objetivo\Bases de Datos\AS_New_3주기\New_AS_051.wav,perfil_softmin_errores_f12,2.3603435451046323e-05,0.0381184901727755,0.5136543200349603,0.41142646471436345,0.03677712164244982
AS,New_AS_052.wav,C:\Users\armga\OneDrive\Escritorio\TFG\Programacion objetivo\Bases de Datos\AS_New_3주기\New_AS_052.wav,perfil_softmin_errores_f12,1.1798830837892676e-05,0.012593092977552697,0.609242602751292,0.35192123129076747,0.026231274149549965
AS,New_AS_053.wav,C:\Users\armga\OneDrive\Escritorio\TFG\Programacion objetivo\Bases de Datos\AS_New_3주기\New_AS_053.wav,perfil_softmin_errores_f12,3.8208221361848704e-08,0.00042652281697143916,0.18268012483397328,0.8060980928872337,0.010795221253600247
AS,New_AS_054.wav,C:\Users\armga\OneDrive\Escritorio\TFG\Programacion objetivo\Bases de Datos\AS_New_3주기\New_AS_054.wav,perfil_softmin_errores_f12,6.812468720765853e-06,0.08197305907961443,0.2826471047891237,0.5847281725698636,0.05064485109267739
AS,New_AS_055.wav,C:\Users\armga\OneDrive\Escritorio\TFG\Programacion objetivo\Bases de Datos\AS_New_3주기\New_AS_055.wav,perfil_softmin_errores_f12,4.798584149643295e-06,0.04459397419949512,0.28823734198118056,0.5944744103391262,0.07268947489604848
AS,New_AS_056.wav,C:\Users\armga\OneDrive\Escritorio\TFG\Programacion objetivo\Bases de Datos\AS_New_3주기\New_AS_056.wav,perfil_softmin_errores_f12,6.426360838137844e-07,0.002107911390280564,0.5228860566209118,0.46172105030998384,0.01328433904273993
AS,New_AS_057.wav,C:\Users\armga\OneDrive\Escritorio\TFG\Programacion objetivo\Bases de Datos\AS_New_3주기\New_AS_057.wav,perfil_softmin_errores_f12,3.7549243587844223e-07,0.03839319605301986,0.5568561159727003,0.3699810226739378,0.034769289807906056
AS,New_AS_058.wav,C:\Users\armga\OneDrive\Escritorio\TFG\Programacion objetivo\Bases de Datos\AS_New_3주기\New_AS_058.wav,perfil_softmin_errores_f12,1.784214627366216e-06,0.07456156173685292,0.4438314976934113,0.4352275745003575,0.04637758185475096
AS,New_AS_059.wav,C:\Users\armga\OneDrive\Escritorio\TFG\Programacion objetivo\Bases de Datos\AS_New_3주기\New_AS_059.wav,perfil_softmin_errores_f12,1.1685633554737776e-06,0.0016394014417924867,0.5755323963512617,0.41304258081227607,0.009784452831314112
AS,New_AS_060.wav,C:\Users\armga\OneDrive\Escritorio\TFG\Programacion objetivo\Bases de Datos\AS_New_3주기\New_AS_060.wav,perfil_softmin_errores_f12,5.416007322066578e-05,0.009650766467790782,0.595596900270569,0.3767230680311693,0.017975105157250173
AS,New_AS_061.wav,C:\Users\armga\OneDrive\Escritorio\TFG\Programacion objetivo\Bases de Datos\AS_New_3주기\New_AS_061.wav,perfil_softmin_errores_f12,1.9052521262001416e-07,0.018623262436028486,0.24024507886865368,0.7018444652931214,0.03928700287698371
AS,New_AS_062.wav,C:\Users\armga\OneDrive\Escritorio\TFG\Programacion objetivo\Bases de Datos\AS_New_3주기\New_AS_062.wav,perfil_softmin_errores_f12,1.9439516423929977e-08,0.020033271800123265,0.3421701108460445,0.5702317475477575,0.06756485036655833
AS,New_AS_063.wav,C:\Users\armga\OneDrive\Escritorio\TFG\Programacion objetivo\Bases de Datos\AS_New_3주기\New_AS_063.wav,perfil_softmin_errores_f12,1.7879118707787723e-05,0.0013211825949845082,0.3076971016148418,0.6782621036983378,0.012701732973128045
AS,New_AS_064.wav,C:\Users\armga\OneDrive\Escritorio\TFG\Programacion objetivo\Bases de Datos\AS_New_3주기\New_AS_064.wav,perfil_softmin_errores_f12,1.6093644698081585e-05,0.010274844768352935,0.429614771119387,0.5302131302602401,0.0298811602073219
AS,New_AS_065.wav,C:\Users\armga\OneDrive\Escritorio\TFG\Programacion objetivo\Bases de Datos\AS_New_3주기\New_AS_065.wav,perfil_softmin_errores_f12,2.126315962729782e-08,0.09953077880860442,0.022703773223582017,0.6748295401990924,0.20293588650556155
AS,New_AS_066.wav,C:\Users\armga\OneDrive\Escritorio\TFG\Programacion objetivo\Bases de Datos\AS_New_3주기\New_AS_066.wav,perfil_softmin_errores_f12,1.9505547276393915e-05,0.021749326821505807,0.5602472029659499,0.38875222607905324,0.029231738586214515
AS,New_AS_067.wav,C:\Users\armga\OneDrive\Escritorio\TFG\Programacion objetivo\Bases de Datos\AS_New_3주기\New_AS_067.wav,perfil_softmin_errores_f12,6.179400872418328e-07,0.03687992318594314,0.198891620620979,0.6761612826473425,0.08806655560564806
AS,New_AS_068.wav,C:\Users\armga\OneDrive\Escritorio\TFG\Programacion objetivo\Bases de Datos\AS_New_3주기\New_AS_068.wav,perfil_softmin_errores_f12,6.40651624412747e-06,0.007616410019606814,0.3145809340699612,0.6407452473201676,0.03705100207402019
AS,New_AS_069.wav,C:\Users\armga\OneDrive\Escritorio\TFG\Programacion objetivo\Bases de Datos\AS_New_3주기\New_AS_069.wav,perfil_softmin_errores_f12,4.4304780341578386e-06,0.17449363280912042,0.06654876126320994,0.5909922681930659,0.16796090725656954
AS,New_AS_070.wav,C:\Users\armga\OneDrive\Escritorio\TFG\Programacion objetivo\Bases de Datos\AS_New_3주기\New_AS_070.wav,perfil_softmin_errores_f12,3.2482801850564366e-08,0.004280982824140838,0.37216534209090485,0.59801554637713,0.025538096225022403
AS,New_AS_071.wav,C:\Users\armga\OneDrive\Escritorio\TFG\Programacion objetivo\Bases de Datos\AS_New_3주기\New_AS_071.wav,perfil_softmin_errores_f12,1.3934805748045756e-06,0.16239327285790858,0.32865454957037576,0.42403291611481075,0.08491786797633015
AS,New_AS_072.wav,C:\Users\armga\OneDrive\Escritorio\TFG\Programacion objetivo\Bases de Datos\AS_New_3주기\New_AS_072.wav,perfil_softmin_errores_f12,6.277797078394309e-06,0.08287457951517999,0.20134067752114856,0.6412285409014162,0.0745499242651768
AS,New_AS_073.wav,C:\Users\armga\OneDrive\Escritorio\TFG\Programacion objetivo\Bases de Datos\AS_New_3주기\New_AS_073.wav,perfil_softmin_errores_f12,5.472218721692174e-07,0.19284174176497113,0.1670137092326902,0.5087446104188138,0.1313993913616527
AS,New_AS_074.wav,C:\Users\armga\OneDrive\Escritorio\TFG\Programacion objetivo\Bases de Datos\AS_New_3주기\New_AS_074.wav,perfil_softmin_errores_f12,1.8414343096938565e-06,0.005895239780231017,0.6930833678450359,0.285765255685492,0.015254295254931459
AS,New_AS_075.wav,C:\Users\armga\OneDrive\Escritorio\TFG\Programacion objetivo\Bases de Datos\AS_New_3주기\New_AS_075.wav,perfil_softmin_errores_f12,5.199267992481656e-07,0.08984288189499175,0.013388737086692717,0.6298911463641057,0.2668767147274106
AS,New_AS_076.wav,C:\Users\armga\OneDrive\Escritorio\TFG\Programacion objetivo\Bases de Datos\AS_New_3주기\New_AS_076.wav,perfil_softmin_errores_f12,1.8951028981760875e-05,0.07195821600085617,0.1636850209769867,0.7152315082675512,0.049106303725624044
AS,New_AS_077.wav,C:\Users\armga\OneDrive\Escritorio\TFG\Programacion objetivo\Bases de Datos\AS_New_3주기\New_AS_077.wav,perfil_softmin_errores_f12,1.1220336556241454e-09,0.5809370051105452,0.06121369856330437,0.11249485409834618,0.2453544411057705
AS,New_AS_078.wav,C:\Users\armga\OneDrive\Escritorio\TFG\Programacion objetivo\Bases de Datos\AS_New_3주기\New_AS_078.wav,perfil_softmin_errores_f12,1.2732283004157425e-09,0.5692431769304006,0.022620578630684115,0.12699576769451218,0.2811404754711748
AS,New_AS_079.wav,C:\Users\armga\OneDrive\Escritorio\TFG\Programacion objetivo\Bases de Datos\AS_New_3주기\New_AS_079.wav,perfil_softmin_errores_f12,7.423717403532441e-10,0.670286291422439,0.028105624159464337,0.10800463490625836,0.19360344876946656
AS,New_AS_080.wav,C:\Users\armga\OneDrive\Escritorio\TFG\Programacion objetivo\Bases de Datos\AS_New_3주기\New_AS_080.wav,perfil_softmin_errores_f12,6.487387390309435e-10,0.6307017176567093,0.037662986685391635,0.14901194871940532,0.18262334628975496
AS,New_AS_081.wav,C:\Users\armga\OneDrive\Escritorio\TFG\Programacion objetivo\Bases de Datos\AS_New_3주기\New_AS_081.wav,perfil_softmin_errores_f12,1.1287303462600592e-09,0.5761019443932263,0.054290043841938404,0.17032599797108788,0.199282012665017
AS,New_AS_082.wav,C:\Users\armga\OneDrive\Escritorio\TFG\Programacion objetivo\Bases de Datos\AS_New_3주기\New_AS_082.wav,perfil_softmin_errores_f12,4.371962157120546e-11,0.6897573657629407,0.037695099939657445,0.07944647679324819,0.19310105746043404
AS,New_AS_083.wav,C:\Users\armga\OneDrive\Escritorio\TFG\Programacion objetivo\Bases de Datos\AS_New_3주기\New_AS_083.wav,perfil_softmin_errores_f12,7.501095955675391e-09,0.5225651937195084,0.10591601828308046,0.14302054866271052,0.22849823183360474
AS,New_AS_084.wav,C:\Users\armga\OneDrive\Escritorio\TFG\Programacion objetivo\Bases de Datos\AS_New_3주기\New_AS_084.wav,perfil_softmin_errores_f12,2.2244557146918194e-09,0.6381463559458682,0.044734119207052364,0.08653918633345686,0.23058033628916694
AS,New_AS_085.wav,C:\Users\armga\OneDrive\Escritorio\TFG\Programacion objetivo\Bases de Datos\AS_New_3주기\New_AS_085.wav,perfil_softmin_errores_f12,4.234022349683704e-10,0.6981612007578304,0.043891788480494645,0.11742175010629735,0.1405252602319753
AS,New_AS_086.wav,C:\Users\armga\OneDrive\Escritorio\TFG\Programacion objetivo\Bases de Datos\AS_New_3주기\New_AS_086.wav,perfil_softmin_errores_f12,2.270802486156805e-09,0.6192166670263645,0.0438391634095041,0.10281330306511702,0.23413086422821186
AS,New_AS_087.wav,C:\Users\armga\OneDrive\Escritorio\TFG\Programacion objetivo\Bases de Datos\AS_New_3주기\New_AS_087.wav,perfil_softmin_errores_f12,1.4167862212610936e-10,0.6693449910605715,0.025296374329221605,0.08946805755579199,0.2158905769127364
AS,New_AS_088.wav,C:\Users\armga\OneDrive\Escritorio\TFG\Programacion objetivo\Bases de Datos\AS_New_3주기\New_AS_088.wav,perfil_softmin_errores_f12,6.905196133844138e-11,0.5833627986005063,0.037014494848302375,0.13699755020833881,0.24262515627380038
AS,New_AS_089.wav,C:\Users\armga\OneDrive\Escritorio\TFG\Programacion objetivo\Bases de Datos\AS_New_3주기\New_AS_089.wav,perfil_softmin_errores_f12,4.665746322713503e-11,0.5650979780383255,0.038309735734710845,0.16971569874726267,0.2268765874330434
AS,New_AS_090.wav,C:\Users\armga\OneDrive\Escritorio\TFG\Programacion objetivo\Bases de Datos\AS_New_3주기\New_AS_090.wav,perfil_softmin_errores_f12,1.3867340924757177e-09,0.5712802268759085,0.021116442679956802,0.17688796957728598,0.23071535948011457
AS,New_AS_091.wav,C:\Users\armga\OneDrive\Escritorio\TFG\Programacion objetivo\Bases de Datos\AS_New_3주기\New_AS_091.wav,perfil_softmin_errores_f12,1.2724068477565298e-09,0.5501467739618546,0.033465421580445465,0.10954332448043055,0.3068444787048625
AS,New_AS_092.wav,C:\Users\armga\OneDrive\Escritorio\TFG\Programacion objetivo\Bases de Datos\AS_New_3주기\New_AS_092.wav,perfil_softmin_errores_f12,4.035564280778597e-10,0.5803059019903094,0.0371763402217258,0.11115719178631278,0.27136056559809574
AS,New_AS_093.wav,C:\Users\armga\OneDrive\Escritorio\TFG\Programacion objetivo\Bases de Datos\AS_New_3주기\New_AS_093.wav,perfil_softmin_errores_f12,1.566111996886952e-09,0.6252169250711607,0.055852511517350045,0.11787121811915828,0.20105934372621895
AS,New_AS_094.wav,C:\Users\armga\OneDrive\Escritorio\TFG\Programacion objetivo\Bases de Datos\AS_New_3주기\New_AS_094.wav,perfil_softmin_errores_f12,1.1162084615814093e-09,0.5827529354888185,0.07240934643606353,0.08936466783156059,0.25547304912734886
AS,New_AS_095.wav,C:\Users\armga\OneDrive\Escritorio\TFG\Programacion objetivo\Bases de Datos\AS_New_3주기\New_AS_095.wav,perfil_softmin_errores_f12,1.5695995672850123e-08,0.6338410659199201,0.0591201747216904,0.12182465203113244,0.18521409163126146
AS,New_AS_096.wav,C:\Users\armga\OneDrive\Escritorio\TFG\Programacion objetivo\Bases de Datos\AS_New_3주기\New_AS_096.wav,perfil_softmin_errores_f12,2.2162232819490904e-09,0.6820814516507524,0.026630811145373055,0.09083281150064478,0.20045492348700655
AS,New_AS_097.wav,C:\Users\armga\OneDrive\Escritorio\TFG\Programacion objetivo\Bases de Datos\AS_New_3주기\New_AS_097.wav,perfil_softmin_errores_f12,1.5091420575736837e-10,0.6117549984796742,0.028006125971889343,0.06458528418816963,0.29565359120935253
AS,New_AS_098.wav,C:\Users\armga\OneDrive\Escritorio\TFG\Programacion objetivo\Bases de Datos\AS_New_3주기\New_AS_098.wav,perfil_softmin_errores_f12,2.466669146268077e-10,0.5170584196239939,0.035306932286202075,0.1138669109279372,0.33376773691519984
AS,New_AS_099.wav,C:\Users\armga\OneDrive\Escritorio\TFG\Programacion objetivo\Bases de Datos\AS_New_3주기\New_AS_099.wav,perfil_softmin_errores_f12,1.3438936013003506e-09,0.6544595864181378,0.03707648870518112,0.154875379167844,0.15358854436494349
AS,New_AS_100.wav,C:\Users\armga\OneDrive\Escritorio\TFG\Programacion objetivo\Bases de Datos\AS_New_3주기\New_AS_100.wav,perfil_softmin_errores_f12,7.11807994048247e-10,0.6431687711935836,0.061412149081673584,0.08393466068531781,0.211484418327617
AS,New_AS_101.wav,C:\Users\armga\OneDrive\Escritorio\TFG\Programacion objetivo\Bases de Datos\AS_New_3주기\New_AS_101.wav,perfil_softmin_errores_f12,5.077941706864103e-10,0.6435459088164747,0.06130874676718746,0.1008287389058084,0.19431660500273537
AS,New_AS_102.wav,C:\Users\armga\OneDrive\Escritorio\TFG\Programacion objetivo\Bases de Datos\AS_New_3주기\New_AS_102.wav,perfil_softmin_errores_f12,1.5701443313973386e-09,0.5968116224782791,0.06373551873080267,0.09502715263792597,0.24442570458284785
AS,New_AS_103.wav,C:\Users\armga\OneDrive\Escritorio\TFG\Programacion objetivo\Bases de Datos\AS_New_3주기\New_AS_103.wav,perfil_softmin_errores_f12,1.872463636584571e-09,0.5783335413818592,0.047081219766768594,0.13400539656542498,0.24057984041348343
AS,New_AS_104.wav,C:\Users\armga\OneDrive\Escritorio\TFG\Programacion objetivo\Bases de Datos\AS_New_3주기\New_AS_104.wav,perfil_softmin_errores_f12,1.79955087293374e-10,0.5931489201708983,0.03359201060679321,0.1384285097811848,0.23483055926116878
AS,New_AS_105.wav,C:\Users\armga\OneDrive\Escritorio\TFG\Programacion objetivo\Bases de Datos\AS_New_3주기\New_AS_105.wav,perfil_softmin_errores_f12,1.2622035356415247e-09,0.579334472418671,0.06594833306881001,0.09520468072128963,0.25951251252902585
AS,New_AS_106.wav,C:\Users\armga\OneDrive\Escritorio\TFG\Programacion objetivo\Bases de Datos\AS_New_3주기\New_AS_106.wav,perfil_softmin_errores_f12,7.426327701749979e-10,0.5890031765440914,0.06647876999813583,0.07330845265479236,0.2712096000603476
AS,New_AS_107.wav,C:\Users\armga\OneDrive\Escritorio\TFG\Programacion objetivo\Bases de Datos\AS_New_3주기\New_AS_107.wav,perfil_softmin_errores_f12,7.1217891841899e-11,0.6008387451417688,0.04738710889117301,0.1404493852771899,0.2113247606186505
AS,New_AS_108.wav,C:\Users\armga\OneDrive\Escritorio\TFG\Programacion objetivo\Bases de Datos\AS_New_3주기\New_AS_108.wav,perfil_softmin_errores_f12,1.2133351441432525e-09,0.5553039708879896,0.058099837423077394,0.14648015013015311,0.24011604034544495
AS,New_AS_109.wav,C:\Users\armga\OneDrive\Escritorio\TFG\Programacion objetivo\Bases de Datos\AS_New_3주기\New_AS_109.wav,perfil_softmin_errores_f12,1.4384628037959077e-09,0.6161512858333009,0.029591953833156773,0.15986797479168355,0.19438878410339588
AS,New_AS_110.wav,C:\Users\armga\OneDrive\Escritorio\TFG\Programacion objetivo\Bases de Datos\AS_New_3주기\New_AS_110.wav,perfil_softmin_errores_f12,1.0524887693498304e-10,0.6414277695747554,0.03900393313047427,0.09879116803462623,0.22077712915489492
AS,New_AS_111.wav,C:\Users\armga\OneDrive\Escritorio\TFG\Programacion objetivo\Bases de Datos\AS_New_3주기\New_AS_111.wav,perfil_softmin_errores_f12,3.4914132494839784e-10,0.5386614961847629,0.002724269949559528,0.11636510122381229,0.3422491322927239
AS,New_AS_112.wav,C:\Users\armga\OneDrive\Escritorio\TFG\Programacion objetivo\Bases de Datos\AS_New_3주기\New_AS_112.wav,perfil_softmin_errores_f12,6.387822668968188e-11,0.5394564091038426,0.0012621419051537896,0.06754514547999864,0.39173630344712673
AS,New_AS_113.wav,C:\Users\armga\OneDrive\Escritorio\TFG\Programacion objetivo\Bases de Datos\AS_New_3주기\New_AS_113.wav,perfil_softmin_errores_f12,1.99608450661768e-09,0.46692071142725305,0.0015270003801065052,0.08526101305425472,0.44629127314230116
AS,New_AS_114.wav,C:\Users\armga\OneDrive\Escritorio\TFG\Programacion objetivo\Bases de Datos\AS_New_3주기\New_AS_114.wav,perfil_softmin_errores_f12,2.969468830725913e-10,0.4261702276325336,0.000732908717076888,0.08770100835863932,0.4853958549948032
AS,New_AS_115.wav,C:\Users\armga\OneDrive\Escritorio\TFG\Programacion objetivo\Bases de Datos\AS_New_3주기\New_AS_115.wav,perfil_softmin_errores_f12,8.302272923057824e-10,0.6083799267498288,0.06077757895174152,0.11608750887629467,0.21475498459190773
AS,New_AS_116.wav,C:\Users\armga\OneDrive\Escritorio\TFG\Programacion objetivo\Bases de Datos\AS_New_3주기\New_AS_116.wav,perfil_softmin_errores_f12,2.9186137356238567e-10,0.5724123041630489,0.09894980704360234,0.15501089561535325,0.17362699288613412
AS,New_AS_117.wav,C:\Users\armga\OneDrive\Escritorio\TFG\Programacion objetivo\Bases de Datos\AS_New_3주기\New_AS_117.wav,perfil_softmin_errores_f12,1.0303033056521237e-10,0.5661047999582526,0.03982992360370964,0.1711295816175524,0.22293569471745497
AS,New_AS_118.wav,C:\Users\armga\OneDrive\Escritorio\TFG\Programacion objetivo\Bases de Datos\AS_New_3주기\New_AS_118.wav,perfil_softmin_errores_f12,1.7281054389838264e-10,0.6415370587067776,0.03849515870985373,0.15145380846153553,0.16851397394902254
AS,New_AS_119.wav,C:\Users\armga\OneDrive\Escritorio\TFG\Programacion objetivo\Bases de Datos\AS_New_3주기\New_AS_119.wav,perfil_softmin_errores_f12,9.041186166733706e-10,0.6179997185239646,0.03346073203453032,0.08408122579632452,0.2644583227410619
AS,New_AS_120.wav,C:\Users\armga\OneDrive\Escritorio\TFG\Programacion objetivo\Bases de Datos\AS_New_3주기\New_AS_120.wav,perfil_softmin_errores_f12,1.0205845761629442e-09,0.5465873805457131,0.038052916525766756,0.10870175318959817,0.30665794871833757
AS,New_AS_121.wav,C:\Users\armga\OneDrive\Escritorio\TFG\Programacion objetivo\Bases de Datos\AS_New_3주기\New_AS_121.wav,perfil_softmin_errores_f12,4.200335910312884e-10,0.6200849157634704,0.04540631215596055,0.13663584718092292,0.19787292447961263
AS,New_AS_122.wav,C:\Users\armga\OneDrive\Escritorio\TFG\Programacion objetivo\Bases de Datos\AS_New_3주기\New_AS_122.wav,perfil_softmin_errores_f12,1.6196650481657366e-09,0.6322600662269708,0.0774496496935842,0.08780988733742989,0.20248039512234994
AS,New_AS_123.wav,C:\Users\armga\OneDrive\Escritorio\TFG\Programacion objetivo\Bases de Datos\AS_New_3주기\New_AS_123.wav,perfil_softmin_errores_f12,1.0435879300056904e-09,0.5607277693831203,0.11463961597139963,0.09178019734919719,0.2328524162526949
AS,New_AS_124.wav,C:\Users\armga\OneDrive\Escritorio\TFG\Programacion objetivo\Bases de Datos\AS_New_3주기\New_AS_124.wav,perfil_softmin_errores_f12,4.70259182141019e-10,0.6330655552183683,0.023366310667224405,0.08979476176404949,0.25377337188009874
AS,New_AS_125.wav,C:\Users\armga\OneDrive\Escritorio\TFG\Programacion objetivo\Bases de Datos\AS_New_3주기\New_AS_125.wav,perfil_softmin_errores_f12,6.074593750488799e-10,0.5849078395185691,0.039974880113492865,0.13131362041082484,0.24380365934965384
AS,New_AS_126.wav,C:\Users\armga\OneDrive\Escritorio\TFG\Programacion objetivo\Bases de Datos\AS_New_3주기\New_AS_126.wav,perfil_softmin_errores_f12,1.3173041485304633e-10,0.6887764414718738,0.048390922420196866,0.10683851899292109,0.15599411698327792
AS,New_AS_127.wav,C:\Users\armga\OneDrive\Escritorio\TFG\Programacion objetivo\Bases de Datos\AS_New_3주기\New_AS_127.wav,perfil_softmin_errores_f12,1.5714243142599648e-09,0.6790996679689856,0.06391561225031603,0.09925962000313016,0.15772509820614394
AS,New_AS_128.wav,C:\Users\armga\OneDrive\Escritorio\TFG\Programacion objetivo\Bases de Datos\AS_New_3주기\New_AS_128.wav,perfil_softmin_errores_f12,6.940828017984077e-10,0.6324360533772452,0.05153754439043285,0.13231621201744395,0.1837101895207953
AS,New_AS_129.wav,C:\Users\armga\OneDrive\Escritorio\TFG\Programacion objetivo\Bases de Datos\AS_New_3주기\New_AS_129.wav,perfil_softmin_errores_f12,7.330922431997891e-10,0.6779435655603846,0.3138874189411873,2.0627441353783945e-06,0.008166952021200517
AS,New_AS_130.wav,C:\Users\armga\OneDrive\Escritorio\TFG\Programacion objetivo\Bases de Datos\AS_New_3주기\New_AS_130.wav,perfil_softmin_errores_f12,2.1312221351150444e-10,0.7189925725931634,0.275083647676305,9.127766652152003e-07,0.005922866740744327
AS,New_AS_131.wav,C:\Users\armga\OneDrive\Escritorio\TFG\Programacion objetivo\Bases de Datos\AS_New_3주기\New_AS_131.wav,perfil_softmin_errores_f12,3.6691839152739846e-13,0.92314552406531,0.0003249717946188264,0.05890003275755894,0.017629471382145316
AS,New_AS_132.wav,C:\Users\armga\OneDrive\Escritorio\TFG\Programacion objetivo\Bases de Datos\AS_New_3주기\New_AS_132.wav,perfil_softmin_errores_f12,5.905760895749424e-05,0.26922600601836716,0.003343262592073438,0.45881441281166324,0.2685572609689388
AS,New_AS_133.wav,C:\Users\armga\OneDrive\Escritorio\TFG\Programacion objetivo\Bases de Datos\AS_New_3주기\New_AS_133.wav,perfil_softmin_errores_f12,2.5905950192065566e-10,0.891646297232223,0.10834751712000992,4.753529786064268e-08,6.137853409559602e-06
AS,New_AS_134.wav,C:\Users\armga\OneDrive\Escritorio\TFG\Programacion objetivo\Bases de Datos\AS_New_3주기\New_AS_134.wav,perfil_softmin_errores_f12,1.2496419472966681e-09,0.6392407022496617,0.06883643359116118,0.12309887239309691,0.16882399051643834
AS,New_AS_135.wav,C:\Users\armga\OneDrive\Escritorio\TFG\Programacion objetivo\Bases de Datos\AS_New_3주기\New_AS_135.wav,perfil_softmin_errores_f12,1.2250421955931734e-09,0.8874214626015977,0.1125672327155999,1.1674583708212333e-07,1.1186711923197482e-05
AS,New_AS_136.wav,C:\Users\armga\OneDrive\Escritorio\TFG\Programacion objetivo\Bases de Datos\AS_New_3주기\New_AS_136.wav,perfil_softmin_errores_f12,2.0452759291310956e-09,0.6153993646828081,0.3752611166453504,2.315518496677226e-06,0.009337201108068982
AS,New_AS_137.wav,C:\Users\armga\OneDrive\Escritorio\TFG\Programacion objetivo\Bases de Datos\AS_New_3주기\New_AS_137.wav,perfil_softmin_errores_f12,2.6869953980000534e-10,0.7354970512152721,0.262844976979136,4.781993833325299e-07,0.0016574933375090321
AS,New_AS_138.wav,C:\Users\armga\OneDrive\Escritorio\TFG\Programacion objetivo\Bases de Datos\AS_New_3주기\New_AS_138.wav,perfil_softmin_errores_f12,6.841683683047761e-10,0.6000186548163955,0.3945188937627163,2.089617188011161e-06,0.005460361119531712
AS,New_AS_139.wav,C:\Users\armga\OneDrive\Escritorio\TFG\Programacion objetivo\Bases de Datos\AS_New_3주기\New_AS_139.wav,perfil_softmin_errores_f12,3.79521117480619e-10,0.6077857872889109,0.3900703844271212,5.475334197400824e-07,0.00214328037102715
AS,New_AS_140.wav,C:\Users\armga\OneDrive\Escritorio\TFG\Programacion objetivo\Bases de Datos\AS_New_3주기\New_AS_140.wav,perfil_softmin_errores_f12,9.805457624662049e-11,0.28107680968188525,0.011823838231581037,0.15398592308629064,0.5531134289021885
AS,New_AS_141.wav,C:\Users\armga\OneDrive\Escritorio\TFG\Programacion objetivo\Bases de Datos\AS_New_3주기\New_AS_141.wav,perfil_softmin_errores_f12,4.0972968315248836e-10,0.34652977224808384,0.015527209879244674,0.1282236186676728,0.509719398795269
AS,New_AS_142.wav,C:\Users\armga\OneDrive\Escritorio\TFG\Programacion objetivo\Bases de Datos\AS_New_3주기\New_AS_142.wav,perfil_softmin_errores_f12,2.82863320794374e-11,0.4982745658997168,0.016227486792896244,0.11909183811686938,0.36640610916223126
AS,New_AS_143.wav,C:\Users\armga\OneDrive\Escritorio\TFG\Programacion objetivo\Bases de Datos\AS_New_3주기\New_AS_143.wav,perfil_softmin_errores_f12,4.2476517145976284e-12,0.47894969393389547,0.008495398950820278,0.06220497976855174,0.45034992734248497
AS,New_AS_144.wav,C:\Users\armga\OneDrive\Escritorio\TFG\Programacion objetivo\Bases de Datos\AS_New_3주기\New_AS_144.wav,perfil_softmin_errores_f12,1.2486008331137529e-10,0.7539509485471796,0.05634215243190209,0.01972989152668222,0.169977007369376
AS,New_AS_145.wav,C:\Users\armga\OneDrive\Escritorio\TFG\Programacion objetivo\Bases de Datos\AS_New_3주기\New_AS_145.wav,perfil_softmin_errores_f12,1.5830026646971565e-10,0.7981510002505904,0.03197337278463116,0.020934079559392228,0.14894154724708608
AS,New_AS_146.wav,C:\Users\armga\OneDrive\Escritorio\TFG\Programacion objetivo\Bases de Datos\AS_New_3주기\New_AS_146.wav,perfil_softmin_errores_f12,8.236351099716091e-11,0.8315538047149896,0.03126530970486809,0.011443088118749408,0.12573779737902938
AS,New_AS_147.wav,C:\Users\armga\OneDrive\Escritorio\TFG\Programacion objetivo\Bases de Datos\AS_New_3주기\New_AS_147.wav,perfil_softmin_errores_f12,9.384081686869313e-11,0.8172016176406727,0.026590391284240587,0.010993512995738655,0.14521447798550713
AS,New_AS_148.wav,C:\Users\armga\OneDrive\Escritorio\TFG\Programacion objetivo\Bases de Datos\AS_New_3주기\New_AS_148.wav,perfil_softmin_errores_f12,2.1966366901842807e-10,0.7104248306751971,0.03604255517056134,0.02514345282418508,0.22838916111039276
AS,New_AS_149.wav,C:\Users\armga\OneDrive\Escritorio\TFG\Programacion objetivo\Bases de Datos\AS_New_3주기\New_AS_149.wav,perfil_softmin_errores_f12,8.328313179778666e-10,0.7286074840915654,0.06546347474909131,0.029372326661778976,0.176556713664733
AS,New_AS_150.wav,C:\Users\armga\OneDrive\Escritorio\TFG\Programacion objetivo\Bases de Datos\AS_New_3주기\New_AS_150.wav,perfil_softmin_errores_f12,4.117193654320336e-11,0.8257142721323127,0.03308859602291559,0.012748936009667677,0.1284481957939319
AS,New_AS_151.wav,C:\Users\armga\OneDrive\Escritorio\TFG\Programacion objetivo\Bases de Datos\AS_New_3주기\New_AS_151.wav,perfil_softmin_errores_f12,1.2296230559787017e-09,0.7957936122716528,0.03728393442582346,0.015451954575870225,0.15147049749703045
AS,New_AS_152.wav,C:\Users\armga\OneDrive\Escritorio\TFG\Programacion objetivo\Bases de Datos\AS_New_3주기\New_AS_152.wav,perfil_softmin_errores_f12,8.183165235650471e-09,0.7473055628260892,0.18003949537413577,0.00036823437521461843,0.07228669924139532
AS,New_AS_153.wav,C:\Users\armga\OneDrive\Escritorio\TFG\Programacion objetivo\Bases de Datos\AS_New_3주기\New_AS_153.wav,perfil_softmin_errores_f12,2.777588195745454e-10,0.7949171384874522,0.14838552251246023,0.00021993368849962058,0.05647740503382921
AS,New_AS_154.wav,C:\Users\armga\OneDrive\Escritorio\TFG\Programacion objetivo\Bases de Datos\AS_New_3주기\New_AS_154.wav,perfil_softmin_errores_f12,5.157193568906007e-09,0.7126542584207051,0.17283247290762188,0.0005935591224344291,0.11391970439204516
AS,New_AS_155.wav,C:\Users\armga\OneDrive\Escritorio\TFG\Programacion objetivo\Bases de Datos\AS_New_3주기\New_AS_155.wav,perfil_softmin_errores_f12,9.597804568286445e-10,0.8305940632735879,0.10042592316284017,0.0002151836274400668,0.06876482897635132
AS,New_AS_156.wav,C:\Users\armga\OneDrive\Escritorio\TFG\Programacion objetivo\Bases de Datos\AS_New_3주기\New_AS_156.wav,perfil_softmin_errores_f12,1.4125985951897256e-09,0.6417162613796864,0.34771731966204783,1.9813966522726158e-06,0.010564436149014889
AS,New_AS_157.wav,C:\Users\armga\OneDrive\Escritorio\TFG\Programacion objetivo\Bases de Datos\AS_New_3주기\New_AS_157.wav,perfil_softmin_errores_f12,2.851309916858661e-10,0.7091118868995664,0.2893559922350101,5.4765874817692e-07,0.0015315729215443883
AS,New_AS_158.wav,C:\Users\armga\OneDrive\Escritorio\TFG\Programacion objetivo\Bases de Datos\AS_New_3주기\New_AS_158.wav,perfil_softmin_errores_f12,2.664191863945612e-10,0.6906002854300815,0.3046405636639643,1.5337757386652888e-06,0.00475761686379633
AS,New_AS_159.wav,C:\Users\armga\OneDrive\Escritorio\TFG\Programacion objetivo\Bases de Datos\AS_New_3주기\New_AS_159.wav,perfil_softmin_errores_f12,2.1375248177781423e-10,0.6585211882274419,0.33946805778298084,3.437447302881333e-07,0.0020104100310944437
