clase,archivo,ruta,variante_deep_onmf,F_001,F_002,F_003,F_004,F_005
AS,New_AS_001.wav,C:\Users\armga\OneDrive\Escritorio\TFG\Programacion objetivo\Bases de Datos\AS_New_3주기\New_AS_001.wav,perfil_softmin_errores_f8,3.221736752943626e-08,0.44510523576015554,0.2024111566907259,0.2001993768963811,0.15228419843536992
AS,New_AS_002.wav,C:\Users\armga\OneDrive\Escritorio\TFG\Programacion objetivo\Bases de Datos\AS_New_3주기\New_AS_002.wav,perfil_softmin_errores_f8,1.076398384142592e-08,0.5791287040741737,0.12199708664075355,0.16360711659829663,0.13526708192279216
AS,New_AS_003.wav,C:\Users\armga\OneDrive\Escritorio\TFG\Programacion objetivo\Bases de Datos\AS_New_3주기\New_AS_003.wav,perfil_softmin_errores_f8,1.5545152049940676e-09,0.5668408570943172,0.13055413058333878,0.13725256878053735,0.16535244198729132
AS,New_AS_004.wav,C:\Users\armga\OneDrive\Escritorio\TFG\Programacion objetivo\Bases de Datos\AS_New_3주기\New_AS_004.wav,perfil_softmin_errores_f8,5.306189757735609e-09,0.5131960544454816,0.14614512849629804,0.14724509371008782,0.19341371804194268
AS,New_AS_005.wav,C:\Users\armga\OneDrive\Escritorio\TFG\Programacion objetivo\Bases de Datos\AS_New_3주기\New_AS_005.wav,perfil_softmin_errores_f8,1.5026637343633557e-08,0.5108493579893415,0.1170311235088944,0.20960253588917319,0.16251696758595333
AS,New_AS_006.wav,C:\Users\armga\OneDrive\Escritorio\TFG\Programacion objetivo\Bases de Datos\AS_New_3주기\New_AS_006.wav,perfil_softmin_errores_f8,1.225502063944329e-09,0.5287170288250819,0.18292762029390033,0.15362733104958115,0.13472801860593464
AS,New_AS_007.wav,C:\Users\armga\OneDrive\Escritorio\TFG\Programacion objetivo\Bases de Datos\AS_New_3주기\New_AS_007.wav,perfil_softmin_errores_f8,1.391652989539349e-08,0.4147734093550493,0.20224054237611305,0.21052032479150848,0.17246570956079918
AS,New_AS_008.wav,C:\Users\armga\OneDrive\Escritorio\TFG\Programacion objetivo\Bases de Datos\AS_New_3주기\New_AS_008.wav,perfil_softmin_errores_f8,2.2898654539894717e-09,0.568114140182316,0.1143094803578941,0.20618404410079094,0.11139233306913342
AS,New_AS_009.wav,C:\Users\armga\OneDrive\Escritorio\TFG\Programacion objetivo\Bases de Datos\AS_New_3주기\New_AS_009.wav,perfil_softmin_errores_f8,4.964949435662681e-09,0.5722212674641042,0.13886959975568924,0.1783138077812944,0.11059532003396273
AS,New_AS_010.wav,C:\Users\armga\OneDrive\Escritorio\TFG\Programacion objetivo\Bases de Datos\AS_New_3주기\New_AS_010.wav,perfil_softmin_errores_f8,7.342907237577337e-09,0.4839850396793812,0.15124081487978794,0.21046181860510835,0.15431231949281535
AS,New_AS_011.wav,C:\Users\armga\OneDrive\Escritorio\TFG\Programacion objetivo\Bases de Datos\AS_New_3주기\New_AS_011.wav,perfil_softmin_errores_f8,2.436912637517356e-09,0.574758996438184,0.14290175506486236,0.17384069245012337,0.10849855360991771
AS,New_AS_012.wav,C:\Users\armga\OneDrive\Escritorio\TFG\Programacion objetivo\Bases de Datos\AS_New_3주기\New_AS_012.wav,perfil_softmin_errores_f8,3.3372088085183952e-09,0.477835715698774,0.20397334702583209,0.19351557516036924,0.12467535877781595
AS,New_AS_013.wav,C:\Users\armga\OneDrive\Escritorio\TFG\Programacion objetivo\Bases de Datos\AS_New_3주기\New_AS_013.wav,perfil_softmin_errores_f8,6.787687822944647e-09,0.49012272284230013,0.1890685808788324,0.1882657266423716,0.13254296284880795
AS,New_AS_014.wav,C:\Users\armga\OneDrive\Escritorio\TFG\Programacion objetivo\Bases de Datos\AS_New_3주기\New_AS_014.wav,perfil_softmin_errores_f8,2.2865871467198157e-09,0.5740793265662116,0.11489190306988027,0.16844678823971107,0.1425819798376099
AS,New_AS_015.wav,C:\Users\armga\OneDrive\Escritorio\TFG\Programacion objetivo\Bases de Datos\AS_New_3주기\New_AS_015.wav,perfil_softmin_errores_f8,1.3057931415382055e-08,0.5265998795254492,0.13924483169958848,0.15933532609852274,0.17481994961850825
AS,New_AS_016.wav,C:\Users\armga\OneDrive\Escritorio\TFG\Programacion objetivo\Bases de Datos\AS_New_3주기\New_AS_016.wav,perfil_softmin_errores_f8,5.162907495567745e-09,0.5789261487292345,0.11869809782197698,0.17797338580969352,0.12440236247618752
AS,New_AS_017.wav,C:\Users\armga\OneDrive\Escritorio\TFG\Programacion objetivo\Bases de Datos\AS_New_3주기\New_AS_017.wav,perfil_softmin_errores_f8,1.083006308551878e-08,0.5301744053128516,0.11900419303086385,0.2227620781138248,0.1280593127123966
AS,New_AS_018.wav,C:\Users\armga\OneDrive\Escritorio\TFG\Programacion objetivo\Bases de Datos\AS_New_3주기\New_AS_018.wav,perfil_softmin_errores_f8,6.935282188748868e-09,0.5469081635924665,0.16683948836190626,0.16242778580384548,0.12382455530649947
AS,New_AS_019.wav,C:\Users\armga\OneDrive\Escritorio\TFG\Programacion objetivo\Bases de Datos\AS_New_3주기\New_AS_019.wav,perfil_softmin_errores_f8,3.3359721873292133e-09,0.47783776898007935,0.18911898787507722,0.18803552114861236,0.145007718660259
AS,New_AS_020.wav,C:\Users\armga\OneDrive\Escritorio\TFG\Programacion objetivo\Bases de Datos\AS_New_3주기\New_AS_020.wav,perfil_softmin_errores_f8,5.372855905189085e-09,0.5511316175460128,0.1094152970176947,0.19206670495042846,0.14738637511300823
AS,New_AS_021.wav,C:\Users\armga\OneDrive\Escritorio\TFG\Programacion objetivo\Bases de Datos\AS_New_3주기\New_AS_021.wav,perfil_softmin_errores_f8,1.7692847656783874e-08,0.5527945542737114,0.12321210157743748,0.20419957020185356,0.11979375625415
AS,New_AS_022.wav,C:\Users\armga\OneDrive\Escritorio\TFG\Programacion objetivo\Bases de Datos\AS_New_3주기\New_AS_022.wav,perfil_softmin_errores_f8,2.2117840458793332e-09,0.5505900174130207,0.1506924057327097,0.1537511773963736,0.14496639724611188
AS,New_AS_023.wav,C:\Users\armga\OneDrive\Escritorio\TFG\Programacion objetivo\Bases de Datos\AS_New_3주기\New_AS_023.wav,perfil_softmin_errores_f8,2.0407999433278366e-08,0.5033893921772631,0.18772426878195295,0.17388213013619397,0.1350041884965906
AS,New_AS_024.wav,C:\Users\armga\OneDrive\Escritorio\TFG\Programacion objetivo\Bases de Datos\AS_New_3주기\New_AS_024.wav,perfil_softmin_errores_f8,1.572993876987788e-09,0.4899359308380263,0.17880327302190913,0.1908121451955998,0.140448649371471
AS,New_AS_025.wav,C:\Users\armga\OneDrive\Escritorio\TFG\Programacion objetivo\Bases de Datos\AS_New_3주기\New_AS_025.wav,perfil_softmin_errores_f8,4.846735985166307e-09,0.4809547572406702,0.1801467538897375,0.17094345855568674,0.1679550254671694
AS,New_AS_026.wav,C:\Users\armga\OneDrive\Escritorio\TFG\Programacion objetivo\Bases de Datos\AS_New_3주기\New_AS_026.wav,perfil_softmin_errores_f8,4.001442263446477e-09,0.5182791844620178,0.0944181483929692,0.27053164622449927,0.11677101691907157
AS,New_AS_027.wav,C:\Users\armga\OneDrive\Escritorio\TFG\Programacion objetivo\Bases de Datos\AS_New_3주기\New_AS_027.wav,perfil_softmin_errores_f8,3.396338307254406e-09,0.5334367981496203,0.12613135660403657,0.2068977864941054,0.13353405535589943
AS,New_AS_028.wav,C:\Users\armga\OneDrive\Escritorio\TFG\Programacion objetivo\Bases de Datos\AS_New_3주기\New_AS_028.wav,perfil_softmin_errores_f8,1.3105128314100213e-08,0.470664619044343,0.1695728534916975,0.2132610449715234,0.1465014693873078
AS,New_AS_029.wav,C:\Users\armga\OneDrive\Escritorio\TFG\Programacion objetivo\Bases de Datos\AS_New_3주기\New_AS_029.wav,perfil_softmin_errores_f8,1.322224604958708e-08,0.4721916034837077,0.14769659087998305,0.25071159763202644,0.12940019478203674
AS,New_AS_030.wav,C:\Users\armga\OneDrive\Escritorio\TFG\Programacion objetivo\Bases de Datos\AS_New_3주기\New_AS_030.wav,perfil_softmin_errores_f8,1.2531430595034663e-09,0.5060390547783589,0.1425950084336107,0.17277612282628782,0.17858981270859967
AS,New_AS_031.wav,C:\Users\armga\OneDrive\Escritorio\TFG\Programacion objetivo\Bases de Datos\AS_New_3주기\New_AS_031.wav,perfil_softmin_errores_f8,1.4477620488393328e-08,0.47680682915680667,0.16103471449030968,0.26080366735349836,0.1013547745217648
AS,New_AS_032.wav,C:\Users\armga\OneDrive\Escritorio\TFG\Programacion objetivo\Bases de Datos\AS_New_3주기\New_AS_032.wav,perfil_softmin_errores_f8,1.1723692442239108e-09,0.533148337289197,0.10745286423762845,0.22140253152717948,0.13799626577362595
AS,New_AS_033.wav,C:\Users\armga\OneDrive\Escritorio\TFG\Programacion objetivo\Bases de Datos\AS_New_3주기\New_AS_033.wav,perfil_softmin_errores_f8,1.6349863154925453e-08,0.47670564362201445,0.1629763365635045,0.20268041855971697,0.1576375849049011
AS,New_AS_034.wav,C:\Users\armga\OneDrive\Escritorio\TFG\Programacion objetivo\Bases de Datos\AS_New_3주기\New_AS_034.wav,perfil_softmin_errores_f8,1.0160734495420285e-08,0.49296293876259595,0.14760050002479788,0.20505767060864305,0.15437888044322853
AS,New_AS_035.wav,C:\Users\armga\OneDrive\Escritorio\TFG\Programacion objetivo\Bases de Datos\AS_New_3주기\New_AS_035.wav,perfil_softmin_errores_f8,3.924749643678722e-09,0.5350231591085901,0.12166628060658562,0.16011109680365332,0.18319945955642117
AS,New_AS_036.wav,C:\Users\armga\OneDrive\Escritorio\TFG\Programacion objetivo\Bases de Datos\AS_New_3주기\New_AS_036.wav,perfil_softmin_errores_f8,1.5458241955036318e-08,0.40308931795315833,0.18871481421604047,0.22109769863832437,0.18709815373423486
AS,New_AS_037.wav,C:\Users\armga\OneDrive\Escritorio\TFG\Programacion objetivo\Bases de Datos\AS_New_3주기\New_AS_037.wav,perfil_softmin_errores_f8,8.036274473481812e-10,0.5730591821200633,0.14116732366962573,0.19916044474620556,0.086613048660478
AS,New_AS_038.wav,C:\Users\armga\OneDrive\Escritorio\TFG\Programacion objetivo\Bases de Datos\AS_New_3주기\New_AS_038.wav,perfil_softmin_errores_f8,1.1632781185045334e-08,0.4593195440538457,0.14947396749704497,0.23742023034512993,0.1537862464711982
AS,New_AS_039.wav,C:\Users\armga\OneDrive\Escritorio\TFG\Programacion objetivo\Bases de Datos\AS_New_3주기\New_AS_039.wav,perfil_softmin_errores_f8,8.232819464787411e-09,0.5218652180662816,0.11575006747038837,0.2034326823442676,0.158952023886243
AS,New_AS_040.wav,C:\Users\armga\OneDrive\Escritorio\TFG\Programacion objetivo\Bases de Datos\AS_New_3주기\New_AS_040.wav,perfil_softmin_errores_f8,3.7035784665074666e-09,0.4593471442924888,0.161221360667525,0.1855945196254236,0.19383697171098424
AS,New_AS_041.wav,C:\Users\armga\OneDrive\Escritorio\TFG\Programacion objetivo\Bases de Datos\AS_New_3주기\New_AS_041.wav,perfil_softmin_errores_f8,4.02500260521687e-09,0.5128606670013612,0.14010148970964334,0.2212417431524052,0.1257960961115877
AS,New_AS_042.wav,C:\Users\armga\OneDrive\Escritorio\TFG\Programacion objetivo\Bases de Datos\AS_New_3주기\New_AS_042.wav,perfil_softmin_errores_f8,1.4737967801128404e-08,0.4401815420874349,0.16835803366722693,0.24091716361791857,0.15054324588945187
AS,New_AS_043.wav,C:\Users\armga\OneDrive\Escritorio\TFG\Programacion objetivo\Bases de Datos\AS_New_3주기\New_AS_043.wav,perfil_softmin_errores_f8,3.092116348425939e-09,0.5543879611876021,0.11570382288493986,0.19365445274420195,0.13625376009113963
AS,New_AS_044.wav,C:\Users\armga\OneDrive\Escritorio\TFG\Programacion objetivo\Bases de Datos\AS_New_3주기\New_AS_044.wav,perfil_softmin_errores_f8,7.559683289709752e-09,0.48408683143630027,0.13368968138569695,0.22190021676292346,0.16032326285539614
AS,New_AS_045.wav,C:\Users\armga\OneDrive\Escritorio\TFG\Programacion objetivo\Bases de Datos\AS_New_3주기\New_AS_045.wav,perfil_softmin_errores_f8,2.9535752696595373e-09,0.5503895762052285,0.09928346925397753,0.23562254377564498,0.11470440781157369
AS,New_AS_046.wav,C:\Users\armga\OneDrive\Escritorio\TFG\Programacion objetivo\Bases de Datos\AS_New_3주기\New_AS_046.wav,perfil_softmin_errores_f8,2.266414845440865e-08,0.45990388042881064,0.14066457493404863,0.22313808952308145,0.17629343244991094
AS,New_AS_047.wav,C:\Users\armga\OneDrive\Escritorio\TFG\Programacion objetivo\Bases de Datos\AS_New_3주기\New_AS_047.wav,perfil_softmin_errores_f8,4.731076162803631e-09,0.478446125138934,0.12438971595634098,0.2599114405007972,0.13725271367285166
AS,New_AS_048.wav,C:\Users\armga\OneDrive\Escritorio\TFG\Programacion objetivo\Bases de Datos\AS_New_3주기\New_AS_048.wav,perfil_softmin_errores_f8,2.36221850330857e-09,0.6182824233815479,0.10723883141738495,0.17285852991962103,0.10162021291922756
AS,New_AS_049.wav,C:\Users\armga\OneDrive\Escritorio\TFG\Programacion objetivo\Bases de Datos\AS_New_3주기\New_AS_049.wav,perfil_softmin_errores_f8,8.611610736821055e-08,0.035765730641808685,0.14255146487443862,0.6487788654855002,0.1729038528821451
AS,New_AS_050.wav,C:\Users\armga\OneDrive\Escritorio\TFG\Programacion objetivo\Bases de Datos\AS_New_3주기\New_AS_050.wav,perfil_softmin_errores_f8,5.130697937999172e-06,0.0013042213381752182,0.2173348130605683,0.7240903202381359,0.05726551466518264
AS,New_AS_051.wav,C:\Users\armga\OneDrive\Escritorio\TFG\Programacion objetivo\Bases de Datos\AS_New_3주기\New_AS_051.wav,perfil_softmin_errores_f8,0.0004954097209613633,0.025327485857368506,0.32158091077513895,0.5542044077604853,0.09839178588604591
AS,New_AS_052.wav,C:\Users\armga\OneDrive\Escritorio\TFG\Programacion objetivo\Bases de Datos\AS_New_3주기\New_AS_052.wav,perfil_softmin_errores_f8,0.0005523656277607041,0.017124221852245804,0.33732170914390397,0.5447356858262721,0.10026601754981744
AS,New_AS_053.wav,C:\Users\armga\OneDrive\Escritorio\TFG\Programacion objetivo\Bases de Datos\AS_New_3주기\New_AS_053.wav,perfil_softmin_errores_f8,4.831564549753449e-06,0.0008117644181741256,0.15552554632804433,0.7842176974387924,0.059440160250439196
AS,New_AS_054.wav,C:\Users\armga\OneDrive\Escritorio\TFG\Programacion objetivo\Bases de Datos\AS_New_3주기\New_AS_054.wav,perfil_softmin_errores_f8,1.4866445900256707e-05,0.009000434017535822,0.11416799413463717,0.8253403368103119,0.05147636859161485
AS,New_AS_055.wav,C:\Users\armga\OneDrive\Escritorio\TFG\Programacion objetivo\Bases de Datos\AS_New_3주기\New_AS_055.wav,perfil_softmin_errores_f8,4.814128842952455e-05,0.036054751903239084,0.1844504121393353,0.6259482597490946,0.15349843491990142
AS,New_AS_056.wav,C:\Users\armga\OneDrive\Escritorio\TFG\Programacion objetivo\Bases de Datos\AS_New_3주기\New_AS_056.wav,perfil_softmin_errores_f8,8.300813064357936e-05,0.004713810510618585,0.2556725329945841,0.6603949790827786,0.07913566928137525
AS,New_AS_057.wav,C:\Users\armga\OneDrive\Escritorio\TFG\Programacion objetivo\Bases de Datos\AS_New_3주기\New_AS_057.wav,perfil_softmin_errores_f8,4.1179889922889425e-06,0.01150273994784991,0.24179181973185326,0.6734050414651956,0.07329628086610887
AS,New_AS_058.wav,C:\Users\armga\OneDrive\Escritorio\TFG\Programacion objetivo\Bases de Datos\AS_New_3주기\New_AS_058.wav,perfil_softmin_errores_f8,6.734978509312237e-06,0.016365300110573463,0.25428878006579914,0.6629318093094132,0.06640737553570496
AS,New_AS_059.wav,C:\Users\armga\OneDrive\Escritorio\TFG\Programacion objetivo\Bases de Datos\AS_New_3주기\New_AS_059.wav,perfil_softmin_errores_f8,0.00019530088379852715,0.005015329010604095,0.28931643343352365,0.633541480506335,0.07193145616573872
AS,New_AS_060.wav,C:\Users\armga\OneDrive\Escritorio\TFG\Programacion objetivo\Bases de Datos\AS_New_3주기\New_AS_060.wav,perfil_softmin_errores_f8,0.002247499988018925,0.01510742791711564,0.27835912214133895,0.6125148077528748,0.0917711422006516
AS,New_AS_061.wav,C:\Users\armga\OneDrive\Escritorio\TFG\Programacion objetivo\Bases de Datos\AS_New_3주기\New_AS_061.wav,perfil_softmin_errores_f8,2.960570864083483e-07,0.0030147880900747337,0.10484317003303094,0.8539711294892004,0.03817061633060756
AS,New_AS_062.wav,C:\Users\armga\OneDrive\Escritorio\TFG\Programacion objetivo\Bases de Datos\AS_New_3주기\New_AS_062.wav,perfil_softmin_errores_f8,5.423273053833323e-08,0.007603363119638263,0.2265022299026056,0.7037290292650299,0.0621653234799958
AS,New_AS_063.wav,C:\Users\armga\OneDrive\Escritorio\TFG\Programacion objetivo\Bases de Datos\AS_New_3주기\New_AS_063.wav,perfil_softmin_errores_f8,0.0011386118154734883,0.005244837218918247,0.1933076164138049,0.7054415621611028,0.0948673723907008
AS,New_AS_064.wav,C:\Users\armga\OneDrive\Escritorio\TFG\Programacion objetivo\Bases de Datos\AS_New_3주기\New_AS_064.wav,perfil_softmin_errores_f8,0.0005518019959030399,0.02294250414655329,0.3006582611129697,0.5504052193319688,0.1254422134126051
AS,New_AS_065.wav,C:\Users\armga\OneDrive\Escritorio\TFG\Programacion objetivo\Bases de Datos\AS_New_3주기\New_AS_065.wav,perfil_softmin_errores_f8,2.1074256151192072e-08,0.04392493131559971,0.09617388058614455,0.6920544247223659,0.1678467423016338
AS,New_AS_066.wav,C:\Users\armga\OneDrive\Escritorio\TFG\Programacion objetivo\Bases de Datos\AS_New_3주기\New_AS_066.wav,perfil_softmin_errores_f8,0.0006410063900792072,0.027463282943179065,0.3593490784038079,0.49375473969887135,0.11879189256406243
AS,New_AS_067.wav,C:\Users\armga\OneDrive\Escritorio\TFG\Programacion objetivo\Bases de Datos\AS_New_3주기\New_AS_067.wav,perfil_softmin_errores_f8,1.712609440557145e-06,0.013899093676899264,0.13029629547347893,0.7605898239203003,0.09521307431988095
AS,New_AS_068.wav,C:\Users\armga\OneDrive\Escritorio\TFG\Programacion objetivo\Bases de Datos\AS_New_3주기\New_AS_068.wav,perfil_softmin_errores_f8,0.00019395265816795279,0.014208029542150767,0.27808009475402573,0.5817226859277388,0.12579523711791676
AS,New_AS_069.wav,C:\Users\armga\OneDrive\Escritorio\TFG\Programacion objetivo\Bases de Datos\AS_New_3주기\New_AS_069.wav,perfil_softmin_errores_f8,3.6266433183442346e-06,0.05676264945270617,0.09647560866426177,0.6409842928328335,0.20577382240688014
AS,New_AS_070.wav,C:\Users\armga\OneDrive\Escritorio\TFG\Programacion objetivo\Bases de Datos\AS_New_3주기\New_AS_070.wav,perfil_softmin_errores_f8,3.207485584537641e-07,0.0014692919707252187,0.20713643136886645,0.7590789112681621,0.03231504464368782
AS,New_AS_071.wav,C:\Users\armga\OneDrive\Escritorio\TFG\Programacion objetivo\Bases de Datos\AS_New_3주기\New_AS_071.wav,perfil_softmin_errores_f8,1.3855133598325396e-06,0.02640483546695888,0.16457186684058167,0.73527917820702,0.07374273397207953
AS,New_AS_072.wav,C:\Users\armga\OneDrive\Escritorio\TFG\Programacion objetivo\Bases de Datos\AS_New_3주기\New_AS_072.wav,perfil_softmin_errores_f8,2.165640240600889e-05,0.018814306761397632,0.15738995205595344,0.7453072428491291,0.07846684193111385
AS,New_AS_073.wav,C:\Users\armga\OneDrive\Escritorio\TFG\Programacion objetivo\Bases de Datos\AS_New_3주기\New_AS_073.wav,perfil_softmin_errores_f8,1.2581587147223366e-06,0.05052244456613076,0.17195043222865508,0.6438185039834897,0.1337073610630097
AS,New_AS_074.wav,C:\Users\armga\OneDrive\Escritorio\TFG\Programacion objetivo\Bases de Datos\AS_New_3주기\New_AS_074.wav,perfil_softmin_errores_f8,0.00030516084932806075,0.016566455677538228,0.3579094079730225,0.5375121999185977,0.08770677558151356
AS,New_AS_075.wav,C:\Users\armga\OneDrive\Escritorio\TFG\Programacion objetivo\Bases de Datos\AS_New_3주기\New_AS_075.wav,perfil_softmin_errores_f8,3.6131482868015574e-07,0.040839447643779725,0.06083568516781182,0.6556356413263819,0.24268886454719799
AS,New_AS_076.wav,C:\Users\armga\OneDrive\Escritorio\TFG\Programacion objetivo\Bases de Datos\AS_New_3주기\New_AS_076.wav,perfil_softmin_errores_f8,5.186913696017613e-05,0.011563316589630264,0.10795421355437086,0.8020406718801318,0.0783899288389068
AS,New_AS_077.wav,C:\Users\armga\OneDrive\Escritorio\TFG\Programacion objetivo\Bases de Datos\AS_New_3주기\New_AS_077.wav,perfil_softmin_errores_f8,4.828271729316816e-09,0.45247285408273974,0.17478293330812741,0.21048947233951762,0.1622547354413434
AS,New_AS_078.wav,C:\Users\armga\OneDrive\Escritorio\TFG\Programacion objetivo\Bases de Datos\AS_New_3주기\New_AS_078.wav,perfil_softmin_errores_f8,4.947205822786598e-09,0.532183873076631,0.10479862946954405,0.1878217703827215,0.1751957221238975
AS,New_AS_079.wav,C:\Users\armga\OneDrive\Escritorio\TFG\Programacion objetivo\Bases de Datos\AS_New_3주기\New_AS_079.wav,perfil_softmin_errores_f8,4.261772434503076e-09,0.5529728194788508,0.12241867217378687,0.1963564753828963,0.12825202870269375
AS,New_AS_080.wav,C:\Users\armga\OneDrive\Escritorio\TFG\Programacion objetivo\Bases de Datos\AS_New_3주기\New_AS_080.wav,perfil_softmin_errores_f8,2.695641901742395e-09,0.522815829247958,0.105467272402075,0.26160524845689426,0.11011164719743077
AS,New_AS_081.wav,C:\Users\armga\OneDrive\Escritorio\TFG\Programacion objetivo\Bases de Datos\AS_New_3주기\New_AS_081.wav,perfil_softmin_errores_f8,1.031585752637181e-08,0.46284968784523517,0.1464888712474825,0.2521707457644707,0.13849068482695412
AS,New_AS_082.wav,C:\Users\armga\OneDrive\Escritorio\TFG\Programacion objetivo\Bases de Datos\AS_New_3주기\New_AS_082.wav,perfil_softmin_errores_f8,8.325791207032568e-10,0.5498323150842437,0.14573070544347178,0.176848958672091,0.12758801996761446
AS,New_AS_083.wav,C:\Users\armga\OneDrive\Escritorio\TFG\Programacion objetivo\Bases de Datos\AS_New_3주기\New_AS_083.wav,perfil_softmin_errores_f8,2.7609324201903574e-08,0.3927668195669726,0.197285753925586,0.2784060627228976,0.13154133617521954
AS,New_AS_084.wav,C:\Users\armga\OneDrive\Escritorio\TFG\Programacion objetivo\Bases de Datos\AS_New_3주기\New_AS_084.wav,perfil_softmin_errores_f8,1.6531762560213942e-08,0.47091891883726433,0.13029129712620324,0.23529230297605128,0.16349746452871852
AS,New_AS_085.wav,C:\Users\armga\OneDrive\Escritorio\TFG\Programacion objetivo\Bases de Datos\AS_New_3주기\New_AS_085.wav,perfil_softmin_errores_f8,2.6675695743833422e-09,0.6285910036010025,0.12227743162433016,0.16461097848246828,0.0845205836246296
AS,New_AS_086.wav,C:\Users\armga\OneDrive\Escritorio\TFG\Programacion objetivo\Bases de Datos\AS_New_3주기\New_AS_086.wav,perfil_softmin_errores_f8,8.463255902068782e-09,0.541826099403643,0.124473624232215,0.18731045451562417,0.14638981338526208
AS,New_AS_087.wav,C:\Users\armga\OneDrive\Escritorio\TFG\Programacion objetivo\Bases de Datos\AS_New_3주기\New_AS_087.wav,perfil_softmin_errores_f8,1.0321807836352965e-09,0.5429826815707294,0.10941323747371226,0.1954907824008244,0.1521132975225532
AS,New_AS_088.wav,C:\Users\armga\OneDrive\Escritorio\TFG\Programacion objetivo\Bases de Datos\AS_New_3주기\New_AS_088.wav,perfil_softmin_errores_f8,8.974828095205182e-10,0.5343691378329054,0.11613700978912667,0.1870881616718042,0.16240568980868086
AS,New_AS_089.wav,C:\Users\armga\OneDrive\Escritorio\TFG\Programacion objetivo\Bases de Datos\AS_New_3주기\New_AS_089.wav,perfil_softmin_errores_f8,6.020908346263881e-10,0.5010097470014836,0.12665630557809598,0.2169951612114895,0.15533878560684
AS,New_AS_090.wav,C:\Users\armga\OneDrive\Escritorio\TFG\Programacion objetivo\Bases de Datos\AS_New_3주기\New_AS_090.wav,perfil_softmin_errores_f8,3.970975158087587e-09,0.5544600507037436,0.09243105221323546,0.22592186649159898,0.1271870266204468
AS,New_AS_091.wav,C:\Users\armga\OneDrive\Escritorio\TFG\Programacion objetivo\Bases de Datos\AS_New_3주기\New_AS_091.wav,perfil_softmin_errores_f8,7.760478201055079e-09,0.4794725599884727,0.13133560766269414,0.21424493886871068,0.1749468857196442
AS,New_AS_092.wav,C:\Users\armga\OneDrive\Escritorio\TFG\Programacion objetivo\Bases de Datos\AS_New_3주기\New_AS_092.wav,perfil_softmin_errores_f8,2.3900735844047893e-09,0.5441436378589825,0.11759616799577916,0.18374429992185395,0.15451589183331083
AS,New_AS_093.wav,C:\Users\armga\OneDrive\Escritorio\TFG\Programacion objetivo\Bases de Datos\AS_New_3주기\New_AS_093.wav,perfil_softmin_errores_f8,1.1106212639426022e-08,0.5365300265129279,0.13886095606415816,0.20396654581526047,0.12064246050144097
AS,New_AS_094.wav,C:\Users\armga\OneDrive\Escritorio\TFG\Programacion objetivo\Bases de Datos\AS_New_3주기\New_AS_094.wav,perfil_softmin_errores_f8,5.44599355631458e-09,0.42907317569214937,0.16942140302798747,0.2413964522338005,0.16010896360006904
AS,New_AS_095.wav,C:\Users\armga\OneDrive\Escritorio\TFG\Programacion objetivo\Bases de Datos\AS_New_3주기\New_AS_095.wav,perfil_softmin_errores_f8,6.199266508331987e-08,0.49188476585743657,0.13624874665046685,0.22541286867526528,0.14645355682416622
AS,New_AS_096.wav,C:\Users\armga\OneDrive\Escritorio\TFG\Programacion objetivo\Bases de Datos\AS_New_3주기\New_AS_096.wav,perfil_softmin_errores_f8,1.0916284251554369e-08,0.5651053814997755,0.10478366595212063,0.18359678361193596,0.1465141580198838
AS,New_AS_097.wav,C:\Users\armga\OneDrive\Escritorio\TFG\Programacion objetivo\Bases de Datos\AS_New_3주기\New_AS_097.wav,perfil_softmin_errores_f8,1.4332212539080714e-09,0.5317169402524515,0.10565604424630838,0.1743877318058554,0.18823928226216333
AS,New_AS_098.wav,C:\Users\armga\OneDrive\Escritorio\TFG\Programacion objetivo\Bases de Datos\AS_New_3주기\New_AS_098.wav,perfil_softmin_errores_f8,3.2483126822052836e-09,0.4199710381953012,0.13599563482847218,0.22616520535864598,0.21786811836926798
AS,New_AS_099.wav,C:\Users\armga\OneDrive\Escritorio\TFG\Programacion objetivo\Bases de Datos\AS_New_3주기\New_AS_099.wav,perfil_softmin_errores_f8,3.871744442367676e-09,0.5707846077064683,0.10688768660017176,0.23268592575522376,0.08964177606639166
AS,New_AS_100.wav,C:\Users\armga\OneDrive\Escritorio\TFG\Programacion objetivo\Bases de Datos\AS_New_3주기\New_AS_100.wav,perfil_softmin_errores_f8,5.075234857981457e-09,0.5191373435060121,0.15509278195554868,0.1852134766613284,0.14055639280187576
AS,New_AS_101.wav,C:\Users\armga\OneDrive\Escritorio\TFG\Programacion objetivo\Bases de Datos\AS_New_3주기\New_AS_101.wav,perfil_softmin_errores_f8,2.1258509216589525e-09,0.5207603088956644,0.14791919894706523,0.2121134548731102,0.11920703515830922
AS,New_AS_102.wav,C:\Users\armga\OneDrive\Escritorio\TFG\Programacion objetivo\Bases de Datos\AS_New_3주기\New_AS_102.wav,perfil_softmin_errores_f8,8.37075590201772e-09,0.43524224249205956,0.1703678977512568,0.2390126778187503,0.15537717356717753
AS,New_AS_103.wav,C:\Users\armga\OneDrive\Escritorio\TFG\Programacion objetivo\Bases de Datos\AS_New_3주기\New_AS_103.wav,perfil_softmin_errores_f8,1.122601541017323e-08,0.45087486504916674,0.13709577277756607,0.2514897632105324,0.1605395877367193
AS,New_AS_104.wav,C:\Users\armga\OneDrive\Escritorio\TFG\Programacion objetivo\Bases de Datos\AS_New_3주기\New_AS_104.wav,perfil_softmin_errores_f8,9.35216072147787e-10,0.5501715695875695,0.10830130277325582,0.2153148672313426,0.12621225947261586
AS,New_AS_105.wav,C:\Users\armga\OneDrive\Escritorio\TFG\Programacion objetivo\Bases de Datos\AS_New_3주기\New_AS_105.wav,perfil_softmin_errores_f8,1.4214408936015185e-08,0.4229199535105751,0.16743749695686305,0.24293378143362945,0.16670875388452358
AS,New_AS_106.wav,C:\Users\armga\OneDrive\Escritorio\TFG\Programacion objetivo\Bases de Datos\AS_New_3주기\New_AS_106.wav,perfil_softmin_errores_f8,6.81105573398856e-09,0.44923648462165233,0.17767866958658932,0.1604144401632509,0.21267039881745164
AS,New_AS_107.wav,C:\Users\armga\OneDrive\Escritorio\TFG\Programacion objetivo\Bases de Datos\AS_New_3주기\New_AS_107.wav,perfil_softmin_errores_f8,1.723816378621031e-09,0.4899934030943135,0.1618046607012092,0.19629002852002983,0.15191190596063106
AS,New_AS_108.wav,C:\Users\armga\OneDrive\Escritorio\TFG\Programacion objetivo\Bases de Datos\AS_New_3주기\New_AS_108.wav,perfil_softmin_errores_f8,1.4641198321213964e-08,0.4253864574918083,0.17256318882345367,0.25369808363017043,0.14835225541336933
AS,New_AS_109.wav,C:\Users\armga\OneDrive\Escritorio\TFG\Programacion objetivo\Bases de Datos\AS_New_3주기\New_AS_109.wav,perfil_softmin_errores_f8,5.220110100217788e-09,0.5431090887633724,0.109686392222002,0.23144001158479707,0.11576450220971851
AS,New_AS_110.wav,C:\Users\armga\OneDrive\Escritorio\TFG\Programacion objetivo\Bases de Datos\AS_New_3주기\New_AS_110.wav,perfil_softmin_errores_f8,8.842340419120693e-10,0.5663472175415839,0.10606707967919098,0.1981200425716728,0.1294656593233183
AS,New_AS_111.wav,C:\Users\armga\OneDrive\Escritorio\TFG\Programacion objetivo\Bases de Datos\AS_New_3주기\New_AS_111.wav,perfil_softmin_errores_f8,4.395850785064592e-10,0.7529494363369473,0.05371973456714064,0.059282264401209754,0.13404856425511735
AS,New_AS_112.wav,C:\Users\armga\OneDrive\Escritorio\TFG\Programacion objetivo\Bases de Datos\AS_New_3주기\New_AS_112.wav,perfil_softmin_errores_f8,4.629652713408657e-11,0.7987349475042193,0.033016815068162876,0.039570886233547785,0.12867735114777362
AS,New_AS_113.wav,C:\Users\armga\OneDrive\Escritorio\TFG\Programacion objetivo\Bases de Datos\AS_New_3주기\New_AS_113.wav,perfil_softmin_errores_f8,9.359534594190371e-10,0.7101233253152917,0.04454922148380512,0.053656025252352,0.19167142701259762
AS,New_AS_114.wav,C:\Users\armga\OneDrive\Escritorio\TFG\Programacion objetivo\Bases de Datos\AS_New_3주기\New_AS_114.wav,perfil_softmin_errores_f8,2.3131195934616198e-10,0.7640723948640107,0.02513559973564042,0.04833021595448923,0.1624617892145476
AS,New_AS_115.wav,C:\Users\armga\OneDrive\Escritorio\TFG\Programacion objetivo\Bases de Datos\AS_New_3주기\New_AS_115.wav,perfil_softmin_errores_f8,8.715493834328281e-09,0.48091995029015133,0.15474399845409142,0.22239222112242144,0.14194382141784181
AS,New_AS_116.wav,C:\Users\armga\OneDrive\Escritorio\TFG\Programacion objetivo\Bases de Datos\AS_New_3주기\New_AS_116.wav,perfil_softmin_errores_f8,5.637552047688713e-09,0.465984770292548,0.19360420964273695,0.2131796395215813,0.1272313749055818
AS,New_AS_117.wav,C:\Users\armga\OneDrive\Escritorio\TFG\Programacion objetivo\Bases de Datos\AS_New_3주기\New_AS_117.wav,perfil_softmin_errores_f8,1.4500111239467486e-09,0.47358915050648714,0.14535135772275884,0.2180249178136314,0.16303457250711145
AS,New_AS_118.wav,C:\Users\armga\OneDrive\Escritorio\TFG\Programacion objetivo\Bases de Datos\AS_New_3주기\New_AS_118.wav,perfil_softmin_errores_f8,1.1744581453979262e-09,0.5514213905511168,0.13317193886858494,0.2092601929121649,0.10614647649367509
AS,New_AS_119.wav,C:\Users\armga\OneDrive\Escritorio\TFG\Programacion objetivo\Bases de Datos\AS_New_3주기\New_AS_119.wav,perfil_softmin_errores_f8,6.616470812640571e-09,0.537589604862925,0.1154162768204727,0.16140451826858027,0.18558959343155132
AS,New_AS_120.wav,C:\Users\armga\OneDrive\Escritorio\TFG\Programacion objetivo\Bases de Datos\AS_New_3주기\New_AS_120.wav,perfil_softmin_errores_f8,7.690542957629257e-09,0.4397983215558621,0.12540245288403581,0.22389077007260066,0.21090844779695855
AS,New_AS_121.wav,C:\Users\armga\OneDrive\Escritorio\TFG\Programacion objetivo\Bases de Datos\AS_New_3주기\New_AS_121.wav,perfil_softmin_errores_f8,4.358437822265757e-09,0.5279221856960621,0.1469641699569794,0.18364134437298188,0.1414722956155388
AS,New_AS_122.wav,C:\Users\armga\OneDrive\Escritorio\TFG\Programacion objetivo\Bases de Datos\AS_New_3주기\New_AS_122.wav,perfil_softmin_errores_f8,8.659068872244016e-09,0.4393165805483932,0.20778551400909917,0.20996178645729446,0.14293611032614434
AS,New_AS_123.wav,C:\Users\armga\OneDrive\Escritorio\TFG\Programacion objetivo\Bases de Datos\AS_New_3주기\New_AS_123.wav,perfil_softmin_errores_f8,6.411740215693138e-09,0.441951902082916,0.20935067018874512,0.1976476302004276,0.15104979111617103
AS,New_AS_124.wav,C:\Users\armga\OneDrive\Escritorio\TFG\Programacion objetivo\Bases de Datos\AS_New_3주기\New_AS_124.wav,perfil_softmin_errores_f8,2.7746005260878886e-09,0.5663756534357296,0.10405002716753237,0.15486393610937174,0.1747103805127657
AS,New_AS_125.wav,C:\Users\armga\OneDrive\Escritorio\TFG\Programacion objetivo\Bases de Datos\AS_New_3주기\New_AS_125.wav,perfil_softmin_errores_f8,6.253639755621427e-09,0.5371262542496373,0.12893016726759166,0.18145432491048646,0.15248924731864477
AS,New_AS_126.wav,C:\Users\armga\OneDrive\Escritorio\TFG\Programacion objetivo\Bases de Datos\AS_New_3주기\New_AS_126.wav,perfil_softmin_errores_f8,1.3921544484326031e-09,0.5725497328715311,0.12211621363500474,0.2041884430368394,0.10114560906447032
AS,New_AS_127.wav,C:\Users\armga\OneDrive\Escritorio\TFG\Programacion objetivo\Bases de Datos\AS_New_3주기\New_AS_127.wav,perfil_softmin_errores_f8,4.514192919562143e-09,0.5073332733783268,0.12242129063437054,0.278851466904734,0.09139396456837574
AS,New_AS_128.wav,C:\Users\armga\OneDrive\Escritorio\TFG\Programacion objetivo\Bases de Datos\AS_New_3주기\New_AS_128.wav,perfil_softmin_errores_f8,2.6078796178477247e-09,0.5455485175368835,0.13436645860895852,0.19425385489849914,0.12583116634777916
AS,New_AS_129.wav,C:\Users\armga\OneDrive\Escritorio\TFG\Programacion objetivo\Bases de Datos\AS_New_3주기\New_AS_129.wav,perfil_softmin_errores_f8,1.3005508707322352e-07,0.37046798903462785,0.6134962237138282,0.00021367360436598702,0.015821983592090926
AS,New_AS_130.wav,C:\Users\armga\OneDrive\Escritorio\TFG\Programacion objetivo\Bases de Datos\AS_New_3주기\New_AS_130.wav,perfil_softmin_errores_f8,7.993932147272682e-08,0.38943194796978825,0.5973820090277815,0.00014044867389923386,0.013045514389209548
AS,New_AS_131.wav,C:\Users\armga\OneDrive\Escritorio\TFG\Programacion objetivo\Bases de Datos\AS_New_3주기\New_AS_131.wav,perfil_softmin_errores_f8,6.5853986178373144e-12,0.9769785095934477,0.003993710799140706,0.017150880537462616,0.0018768990633634386
AS,New_AS_132.wav,C:\Users\armga\OneDrive\Escritorio\TFG\Programacion objetivo\Bases de Datos\AS_New_3주기\New_AS_132.wav,perfil_softmin_errores_f8,0.0002730216681522025,0.49284068463311237,0.03985387153418144,0.29351806073314457,0.1735143614314095
AS,New_AS_133.wav,C:\Users\armga\OneDrive\Escritorio\TFG\Programacion objetivo\Bases de Datos\AS_New_3주기\New_AS_133.wav,perfil_softmin_errores_f8,2.4590067252353047e-06,0.37358965709523806,0.6257942799624638,4.5939254735339446e-05,0.0005676646808374324
AS,New_AS_134.wav,C:\Users\armga\OneDrive\Escritorio\TFG\Programacion objetivo\Bases de Datos\AS_New_3주기\New_AS_134.wav,perfil_softmin_errores_f8,6.962089421004673e-09,0.44829840708419266,0.171925707153158,0.26447233875649784,0.11530354004406215
AS,New_AS_135.wav,C:\Users\armga\OneDrive\Escritorio\TFG\Programacion objetivo\Bases de Datos\AS_New_3주기\New_AS_135.wav,perfil_softmin_errores_f8,4.50916113267469e-06,0.3435262679996393,0.6557354028385497,6.155200624633956e-05,0.0006722679944320358
AS,New_AS_136.wav,C:\Users\armga\OneDrive\Escritorio\TFG\Programacion objetivo\Bases de Datos\AS_New_3주기\New_AS_136.wav,perfil_softmin_errores_f8,2.973149038259099e-07,0.3389171995368529,0.6427233480211737,0.0002379119234483529,0.018121243203621143
AS,New_AS_137.wav,C:\Users\armga\OneDrive\Escritorio\TFG\Programacion objetivo\Bases de Datos\AS_New_3주기\New_AS_137.wav,perfil_softmin_errores_f8,1.1696189782896528e-07,0.41401686601307663,0.5798652044819829,9.920285668044336e-05,0.006018609686362344
AS,New_AS_138.wav,C:\Users\armga\OneDrive\Escritorio\TFG\Programacion objetivo\Bases de Datos\AS_New_3주기\New_AS_138.wav,perfil_softmin_errores_f8,1.2143585913376645e-07,0.32282284171612546,0.6654870499549411,0.00017568099579721882,0.011514305897277097
AS,New_AS_139.wav,C:\Users\armga\OneDrive\Escritorio\TFG\Programacion objetivo\Bases de Datos\AS_New_3주기\New_AS_139.wav,perfil_softmin_errores_f8,6.174124066888063e-08,0.25410150229271866,0.7410821420229511,4.213386392266582e-05,0.00477416007916693
AS,New_AS_140.wav,C:\Users\armga\OneDrive\Escritorio\TFG\Programacion objetivo\Bases de Datos\AS_New_3주기\New_AS_140.wav,perfil_softmin_errores_f8,2.133080896163311e-09,0.26248757894062785,0.06469364338086225,0.34281136263723194,0.3300074129081972
AS,New_AS_141.wav,C:\Users\armga\OneDrive\Escritorio\TFG\Programacion objetivo\Bases de Datos\AS_New_3주기\New_AS_141.wav,perfil_softmin_errores_f8,4.995782053368172e-09,0.3488651367819875,0.06494007109862876,0.322213754697229,0.2639810324263726
AS,New_AS_142.wav,C:\Users\armga\OneDrive\Escritorio\TFG\Programacion objetivo\Bases de Datos\AS_New_3주기\New_AS_142.wav,perfil_softmin_errores_f8,4.4067173228486294e-10,0.419585982423442,0.07519937914412413,0.27281243848635,0.23240219950541208
AS,New_AS_143.wav,C:\Users\armga\OneDrive\Escritorio\TFG\Programacion objetivo\Bases de Datos\AS_New_3주기\New_AS_143.wav,perfil_softmin_errores_f8,1.4521905367901427e-10,0.4089589534161628,0.08211253417887043,0.2117179183833954,0.2972105938763523
AS,New_AS_144.wav,C:\Users\armga\OneDrive\Escritorio\TFG\Programacion objetivo\Bases de Datos\AS_New_3주기\New_AS_144.wav,perfil_softmin_errores_f8,9.228373881676378e-10,0.6834252982224404,0.13601992223110995,0.06400243649980192,0.11655234212381047
AS,New_AS_145.wav,C:\Users\armga\OneDrive\Escritorio\TFG\Programacion objetivo\Bases de Datos\AS_New_3주기\New_AS_145.wav,perfil_softmin_errores_f8,1.1614415029614852e-09,0.7079166855731869,0.12018305044206419,0.05618869497464058,0.115711567848667
AS,New_AS_146.wav,C:\Users\armga\OneDrive\Escritorio\TFG\Programacion objetivo\Bases de Datos\AS_New_3주기\New_AS_146.wav,perfil_softmin_errores_f8,5.095812517344421e-10,0.7428338302110711,0.12608268534813086,0.03798341467690089,0.09310006925431581
AS,New_AS_147.wav,C:\Users\armga\OneDrive\Escritorio\TFG\Programacion objetivo\Bases de Datos\AS_New_3주기\New_AS_147.wav,perfil_softmin_errores_f8,4.825542668902313e-10,0.7275766290415788,0.12313666296107108,0.047696121993841364,0.1015905855209545
AS,New_AS_148.wav,C:\Users\armga\OneDrive\Escritorio\TFG\Programacion objetivo\Bases de Datos\AS_New_3주기\New_AS_148.wav,perfil_softmin_errores_f8,2.4974056640728778e-09,0.607419161782833,0.1594971563795722,0.06050887776912036,0.17257480157106878
AS,New_AS_149.wav,C:\Users\armga\OneDrive\Escritorio\TFG\Programacion objetivo\Bases de Datos\AS_New_3주기\New_AS_149.wav,perfil_softmin_errores_f8,5.417461341353227e-09,0.6128396456524223,0.1590305902040568,0.08614670532719629,0.14198305339886327
AS,New_AS_150.wav,C:\Users\armga\OneDrive\Escritorio\TFG\Programacion objetivo\Bases de Datos\AS_New_3주기\New_AS_150.wav,perfil_softmin_errores_f8,2.7138389454657446e-10,0.7400739643896013,0.1308877954439146,0.03817921618599287,0.09085902370910727
AS,New_AS_151.wav,C:\Users\armga\OneDrive\Escritorio\TFG\Programacion objetivo\Bases de Datos\AS_New_3주기\New_AS_151.wav,perfil_softmin_errores_f8,4.649233621395839e-09,0.7271182203242509,0.11958307365765099,0.04763424479106401,0.1056644565778005
AS,New_AS_152.wav,C:\Users\armga\OneDrive\Escritorio\TFG\Programacion objetivo\Bases de Datos\AS_New_3주기\New_AS_152.wav,perfil_softmin_errores_f8,7.898283854336406e-07,0.4805701841943312,0.41643879732452144,0.009385432965948343,0.09360479568681354
AS,New_AS_153.wav,C:\Users\armga\OneDrive\Escritorio\TFG\Programacion objetivo\Bases de Datos\AS_New_3주기\New_AS_153.wav,perfil_softmin_errores_f8,6.752390319973869e-08,0.5008184946832955,0.40796070177478067,0.006924580118342727,0.08429615589967784
AS,New_AS_154.wav,C:\Users\armga\OneDrive\Escritorio\TFG\Programacion objetivo\Bases de Datos\AS_New_3주기\New_AS_154.wav,perfil_softmin_errores_f8,3.682101182758524e-07,0.46085556169779973,0.39052077013919,0.010948673656467373,0.1376746262964246
AS,New_AS_155.wav,C:\Users\armga\OneDrive\Escritorio\TFG\Programacion objetivo\Bases de Datos\AS_New_3주기\New_AS_155.wav,perfil_softmin_errores_f8,2.3807916774296044e-07,0.5006985672772793,0.3880091463767576,0.009584496953676892,0.10170755131311847
AS,New_AS_156.wav,C:\Users\armga\OneDrive\Escritorio\TFG\Programacion objetivo\Bases de Datos\AS_New_3주기\New_AS_156.wav,perfil_softmin_errores_f8,2.6681252434690117e-07,0.34978654633923095,0.6291677177724974,0.0002415029242330219,0.020803966151514284
AS,New_AS_157.wav,C:\Users\armga\OneDrive\Escritorio\TFG\Programacion objetivo\Bases de Datos\AS_New_3주기\New_AS_157.wav,perfil_softmin_errores_f8,1.26024890320938e-07,0.42733075965290546,0.5664519460428378,0.00011286893705221947,0.006104299342314366
AS,New_AS_158.wav,C:\Users\armga\OneDrive\Escritorio\TFG\Programacion objetivo\Bases de Datos\AS_New_3주기\New_AS_158.wav,perfil_softmin_errores_f8,9.045728894685839e-08,0.38274781589240736,0.605546917541496,0.00017308451879206733,0.011532091590015562
AS,New_AS_159.wav,C:\Users\armga\OneDrive\Escritorio\TFG\Programacion objetivo\Bases de Datos\AS_New_3주기\New_AS_159.wav,perfil_softmin_errores_f8,4.891960907844422e-08,0.28955460980042075,0.7056035188486104,3.8205931222529986e-05,0.00480361650013716
AS,New_AS_160.wav,C:\Users\armga\OneDrive\Escritorio\TFG\Programacion objetivo\Bases de Datos\AS_New_3주기\New_AS_160.wav,perfil_softmin_errores_f8,1.2105694233885878e-07,0.4248753433762351,0.5569813181261791,0.00017710665837598837,0.017966110782267456
AS,New_AS_161.wav,C:\Users\armga\OneDrive\Escritorio\TFG\Programacion objetivo\Bases de Datos\AS_New_3주기\New_AS_161.wav,perfil_softmin_errores_f8,4.0087510885275774e-08,0.3827159245905055,0.6091977693280459,7.389191155295655e-05,0.008012374082384591
