clase,archivo,ruta,variante_deep_onmf,F_001,F_002,F_003,F_004,F_005
AS,New_AS_001.wav,C:\Users\armga\OneDrive\Escritorio\TFG\Programacion objetivo\Bases de Datos\AS_New_3주기\New_AS_001.wav,perfil_softmin_errores_f4,0.0003744787694928573,0.24618101529217276,0.21837424557627821,0.29988677362722704,0.2351834867348291
AS,New_AS_002.wav,C:\Users\armga\OneDrive\Escritorio\TFG\Programacion objetivo\Bases de Datos\AS_New_3주기\New_AS_002.wav,perfil_softmin_errores_f4,0.0003534558155127415,0.30449074620282995,0.15134471494411594,0.29676110151213836,0.2470499815254029
AS,New_AS_003.wav,C:\Users\armga\OneDrive\Escritorio\TFG\Programacion objetivo\Bases de Datos\AS_New_3주기\New_AS_003.wav,perfil_softmin_errores_f4,0.00017450937765415886,0.29697710445048203,0.17372629358790664,0.27079171668667923,0.2583303758972779
AS,New_AS_004.wav,C:\Users\armga\OneDrive\Escritorio\TFG\Programacion objetivo\Bases de Datos\AS_New_3주기\New_AS_004.wav,perfil_softmin_errores_f4,0.00025222472314711045,0.3037927662402848,0.16173471643169393,0.24673651263048899,0.2874837799743852
AS,New_AS_005.wav,C:\Users\armga\OneDrive\Escritorio\TFG\Programacion objetivo\Bases de Datos\AS_New_3주기\New_AS_005.wav,perfil_softmin_errores_f4,0.00032124347856717886,0.2713236686256009,0.15718906273277516,0.30660380920636815,0.2645622159566886
AS,New_AS_006.wav,C:\Users\armga\OneDrive\Escritorio\TFG\Programacion objetivo\Bases de Datos\AS_New_3주기\New_AS_006.wav,perfil_softmin_errores_f4,0.00014213216842424365,0.31399056269737513,0.19603583643201428,0.286717797981582,0.20311367072060446
AS,New_AS_007.wav,C:\Users\armga\OneDrive\Escritorio\TFG\Programacion objetivo\Bases de Datos\AS_New_3주기\New_AS_007.wav,perfil_softmin_errores_f4,0.00030941264737558214,0.27567979892046596,0.19183536542553814,0.30013363135802734,0.23204179164859307
AS,New_AS_008.wav,C:\Users\armga\OneDrive\Escritorio\TFG\Programacion objetivo\Bases de Datos\AS_New_3주기\New_AS_008.wav,perfil_softmin_errores_f4,0.00015868290745402777,0.288641981935967,0.15846889068266493,0.3170480052250897,0.2356824392488243
AS,New_AS_009.wav,C:\Users\armga\OneDrive\Escritorio\TFG\Programacion objetivo\Bases de Datos\AS_New_3주기\New_AS_009.wav,perfil_softmin_errores_f4,0.0002283498536945337,0.3228625183197187,0.16811849642907867,0.29416693578043246,0.21462369961707553
AS,New_AS_010.wav,C:\Users\armga\OneDrive\Escritorio\TFG\Programacion objetivo\Bases de Datos\AS_New_3주기\New_AS_010.wav,perfil_softmin_errores_f4,0.00028464091322306787,0.2662047415924472,0.17301244194351348,0.30134678526390396,0.2591513902869123
AS,New_AS_011.wav,C:\Users\armga\OneDrive\Escritorio\TFG\Programacion objetivo\Bases de Datos\AS_New_3주기\New_AS_011.wav,perfil_softmin_errores_f4,0.0003300328993231439,0.31827136899813885,0.16667176769124492,0.30264213460127454,0.21208469581001863
AS,New_AS_012.wav,C:\Users\armga\OneDrive\Escritorio\TFG\Programacion objetivo\Bases de Datos\AS_New_3주기\New_AS_012.wav,perfil_softmin_errores_f4,0.00018900644204269807,0.25295357092361637,0.1965636428478365,0.3188722886539859,0.23142149113251856
AS,New_AS_013.wav,C:\Users\armga\OneDrive\Escritorio\TFG\Programacion objetivo\Bases de Datos\AS_New_3주기\New_AS_013.wav,perfil_softmin_errores_f4,0.00024288115623816967,0.3188378554072582,0.1949999161353692,0.28949885340467413,0.1964204938964603
AS,New_AS_014.wav,C:\Users\armga\OneDrive\Escritorio\TFG\Programacion objetivo\Bases de Datos\AS_New_3주기\New_AS_014.wav,perfil_softmin_errores_f4,0.0002143230398713125,0.3088407637323177,0.13701517923444304,0.3044232231513154,0.24950651084205264
AS,New_AS_015.wav,C:\Users\armga\OneDrive\Escritorio\TFG\Programacion objetivo\Bases de Datos\AS_New_3주기\New_AS_015.wav,perfil_softmin_errores_f4,0.00044211073053027414,0.28579258267159213,0.1816039697300546,0.2807814242018059,0.251379912666017
AS,New_AS_016.wav,C:\Users\armga\OneDrive\Escritorio\TFG\Programacion objetivo\Bases de Datos\AS_New_3주기\New_AS_016.wav,perfil_softmin_errores_f4,0.00038134818510908,0.30019510918456244,0.1574301694669038,0.28716208727067444,0.2548312858927503
AS,New_AS_017.wav,C:\Users\armga\OneDrive\Escritorio\TFG\Programacion objetivo\Bases de Datos\AS_New_3주기\New_AS_017.wav,perfil_softmin_errores_f4,0.0005094789541005111,0.2838258898265543,0.15543702867698192,0.3166303221679177,0.24359728037444556
AS,New_AS_018.wav,C:\Users\armga\OneDrive\Escritorio\TFG\Programacion objetivo\Bases de Datos\AS_New_3주기\New_AS_018.wav,perfil_softmin_errores_f4,0.0002882139956767766,0.28180957830814685,0.19614446992560858,0.31518758638526045,0.20657015138530735
AS,New_AS_019.wav,C:\Users\armga\OneDrive\Escritorio\TFG\Programacion objetivo\Bases de Datos\AS_New_3주기\New_AS_019.wav,perfil_softmin_errores_f4,0.00020538869781378352,0.24202298210608145,0.2112251307603139,0.29887556808835314,0.24767093034743787
AS,New_AS_020.wav,C:\Users\armga\OneDrive\Escritorio\TFG\Programacion objetivo\Bases de Datos\AS_New_3주기\New_AS_020.wav,perfil_softmin_errores_f4,0.00020913817474825467,0.2902630496433704,0.13846359988339832,0.313164870789204,0.2578993415092791
AS,New_AS_021.wav,C:\Users\armga\OneDrive\Escritorio\TFG\Programacion objetivo\Bases de Datos\AS_New_3주기\New_AS_021.wav,perfil_softmin_errores_f4,0.0002438260139449122,0.28391633560538293,0.17309731357075095,0.3060280355269318,0.23671448928298944
AS,New_AS_022.wav,C:\Users\armga\OneDrive\Escritorio\TFG\Programacion objetivo\Bases de Datos\AS_New_3주기\New_AS_022.wav,perfil_softmin_errores_f4,0.00019612903767356473,0.30991267755083746,0.1789438245688255,0.26931804298762857,0.2416293258550349
AS,New_AS_023.wav,C:\Users\armga\OneDrive\Escritorio\TFG\Programacion objetivo\Bases de Datos\AS_New_3주기\New_AS_023.wav,perfil_softmin_errores_f4,0.0003773108480328534,0.30704926206135086,0.19227027589298676,0.27500216974650377,0.22530098145112565
AS,New_AS_024.wav,C:\Users\armga\OneDrive\Escritorio\TFG\Programacion objetivo\Bases de Datos\AS_New_3주기\New_AS_024.wav,perfil_softmin_errores_f4,0.0001428977733630279,0.30795951093679164,0.18565167610397856,0.29677848158495057,0.20946743360091616
AS,New_AS_025.wav,C:\Users\armga\OneDrive\Escritorio\TFG\Programacion objetivo\Bases de Datos\AS_New_3주기\New_AS_025.wav,perfil_softmin_errores_f4,0.00025238434459713005,0.30312126000235506,0.18335325647203862,0.2814156061352106,0.2318574930457985
AS,New_AS_026.wav,C:\Users\armga\OneDrive\Escritorio\TFG\Programacion objetivo\Bases de Datos\AS_New_3주기\New_AS_026.wav,perfil_softmin_errores_f4,0.0001368734095955903,0.24835124582180096,0.12797151769980047,0.364586372968644,0.25895399010015907
AS,New_AS_027.wav,C:\Users\armga\OneDrive\Escritorio\TFG\Programacion objetivo\Bases de Datos\AS_New_3주기\New_AS_027.wav,perfil_softmin_errores_f4,0.00017051508644490358,0.3036329721314043,0.1603880295451192,0.3210230602641747,0.21478542297285697
AS,New_AS_028.wav,C:\Users\armga\OneDrive\Escritorio\TFG\Programacion objetivo\Bases de Datos\AS_New_3주기\New_AS_028.wav,perfil_softmin_errores_f4,0.0002775547331682724,0.2875680968195854,0.17157076448483158,0.30966670271810315,0.23091688124431162
AS,New_AS_029.wav,C:\Users\armga\OneDrive\Escritorio\TFG\Programacion objetivo\Bases de Datos\AS_New_3주기\New_AS_029.wav,perfil_softmin_errores_f4,0.00026834057524760784,0.2807440390503211,0.15604147688423753,0.3167580844582254,0.24618805903196844
AS,New_AS_030.wav,C:\Users\armga\OneDrive\Escritorio\TFG\Programacion objetivo\Bases de Datos\AS_New_3주기\New_AS_030.wav,perfil_softmin_errores_f4,0.0002112259927917333,0.28472221351723564,0.18166809184522822,0.2926078240352563,0.24079064460948804
AS,New_AS_031.wav,C:\Users\armga\OneDrive\Escritorio\TFG\Programacion objetivo\Bases de Datos\AS_New_3주기\New_AS_031.wav,perfil_softmin_errores_f4,0.0002674700063703905,0.26291860404460354,0.17077157358661285,0.3472722328537524,0.21877011950866088
AS,New_AS_032.wav,C:\Users\armga\OneDrive\Escritorio\TFG\Programacion objetivo\Bases de Datos\AS_New_3주기\New_AS_032.wav,perfil_softmin_errores_f4,0.00011265504232155846,0.26737937838052805,0.15829076128781058,0.3257125069455766,0.2485046983437632
AS,New_AS_033.wav,C:\Users\armga\OneDrive\Escritorio\TFG\Programacion objetivo\Bases de Datos\AS_New_3주기\New_AS_033.wav,perfil_softmin_errores_f4,0.0003431726817128744,0.2782991382315055,0.1839017308962996,0.2948136138921807,0.24264234429830145
AS,New_AS_034.wav,C:\Users\armga\OneDrive\Escritorio\TFG\Programacion objetivo\Bases de Datos\AS_New_3주기\New_AS_034.wav,perfil_softmin_errores_f4,0.00022645873183169734,0.28913130266942205,0.15850938728770272,0.29400266285081833,0.2581301884602252
AS,New_AS_035.wav,C:\Users\armga\OneDrive\Escritorio\TFG\Programacion objetivo\Bases de Datos\AS_New_3주기\New_AS_035.wav,perfil_softmin_errores_f4,0.00039530926419191134,0.29014631026854437,0.1528770073641585,0.28853671400451075,0.26804465909859443
AS,New_AS_036.wav,C:\Users\armga\OneDrive\Escritorio\TFG\Programacion objetivo\Bases de Datos\AS_New_3주기\New_AS_036.wav,perfil_softmin_errores_f4,0.0002973558495733734,0.2753704490755853,0.17888774779974342,0.31025137768529426,0.23519306958980365
AS,New_AS_037.wav,C:\Users\armga\OneDrive\Escritorio\TFG\Programacion objetivo\Bases de Datos\AS_New_3주기\New_AS_037.wav,perfil_softmin_errores_f4,0.00011353961067448738,0.26356527210782954,0.16751827203216255,0.37138442394568866,0.1974184923036449
AS,New_AS_038.wav,C:\Users\armga\OneDrive\Escritorio\TFG\Programacion objetivo\Bases de Datos\AS_New_3주기\New_AS_038.wav,perfil_softmin_errores_f4,0.00021282302042004234,0.2718123180425383,0.16623653314858872,0.30949188774604014,0.2522464380424129
AS,New_AS_039.wav,C:\Users\armga\OneDrive\Escritorio\TFG\Programacion objetivo\Bases de Datos\AS_New_3주기\New_AS_039.wav,perfil_softmin_errores_f4,0.00024387260095773888,0.29818696481997653,0.16280404013923944,0.3006181635153613,0.23814695892446502
AS,New_AS_040.wav,C:\Users\armga\OneDrive\Escritorio\TFG\Programacion objetivo\Bases de Datos\AS_New_3주기\New_AS_040.wav,perfil_softmin_errores_f4,0.00018796229784936446,0.2985467358557557,0.1653507890485502,0.2929469910410401,0.24296752175680467
AS,New_AS_041.wav,C:\Users\armga\OneDrive\Escritorio\TFG\Programacion objetivo\Bases de Datos\AS_New_3주기\New_AS_041.wav,perfil_softmin_errores_f4,0.0003293315149600581,0.28634178647005604,0.15212517823611316,0.3218197059651091,0.23938399781376155
AS,New_AS_042.wav,C:\Users\armga\OneDrive\Escritorio\TFG\Programacion objetivo\Bases de Datos\AS_New_3주기\New_AS_042.wav,perfil_softmin_errores_f4,0.0002997976155603662,0.2623766182572627,0.18445353158709277,0.3281044745451843,0.2247655779948998
AS,New_AS_043.wav,C:\Users\armga\OneDrive\Escritorio\TFG\Programacion objetivo\Bases de Datos\AS_New_3주기\New_AS_043.wav,perfil_softmin_errores_f4,0.00017650039960777328,0.24007147850391652,0.16282393747776763,0.3496785326590957,0.2472495509596124
AS,New_AS_044.wav,C:\Users\armga\OneDrive\Escritorio\TFG\Programacion objetivo\Bases de Datos\AS_New_3주기\New_AS_044.wav,perfil_softmin_errores_f4,0.00023748628242885477,0.2726492564996386,0.1563542842446995,0.31853154750632895,0.252227425466904
AS,New_AS_045.wav,C:\Users\armga\OneDrive\Escritorio\TFG\Programacion objetivo\Bases de Datos\AS_New_3주기\New_AS_045.wav,perfil_softmin_errores_f4,0.00011736934047251229,0.27918182317949936,0.13756541177870768,0.3564328244263012,0.22670257127501917
AS,New_AS_046.wav,C:\Users\armga\OneDrive\Escritorio\TFG\Programacion objetivo\Bases de Datos\AS_New_3주기\New_AS_046.wav,perfil_softmin_errores_f4,0.0002927321025965139,0.28010233348179486,0.16329470328286988,0.3025117316111882,0.25379849952155054
AS,New_AS_047.wav,C:\Users\armga\OneDrive\Escritorio\TFG\Programacion objetivo\Bases de Datos\AS_New_3주기\New_AS_047.wav,perfil_softmin_errores_f4,0.00026146031436357205,0.29540263575048337,0.14281860161481966,0.3194468408357043,0.2420704614846291
AS,New_AS_048.wav,C:\Users\armga\OneDrive\Escritorio\TFG\Programacion objetivo\Bases de Datos\AS_New_3주기\New_AS_048.wav,perfil_softmin_errores_f4,0.00017017108080731981,0.29148305804038094,0.1695219091361088,0.3300100386023481,0.20881482314035477
AS,New_AS_049.wav,C:\Users\armga\OneDrive\Escritorio\TFG\Programacion objetivo\Bases de Datos\AS_New_3주기\New_AS_049.wav,perfil_softmin_errores_f4,0.00042456377286588775,0.14485602330141867,0.16315264918117117,0.48092069315191477,0.21064607059262944
AS,New_AS_050.wav,C:\Users\armga\OneDrive\Escritorio\TFG\Programacion objetivo\Bases de Datos\AS_New_3주기\New_AS_050.wav,perfil_softmin_errores_f4,0.0013645704319818147,0.09974823014288696,0.2837175903518124,0.502194014633448,0.11297559443987085
AS,New_AS_051.wav,C:\Users\armga\OneDrive\Escritorio\TFG\Programacion objetivo\Bases de Datos\AS_New_3주기\New_AS_051.wav,perfil_softmin_errores_f4,0.012124864261215736,0.29138324848119196,0.2160869451141353,0.3268216420244172,0.15358330011903973
AS,New_AS_052.wav,C:\Users\armga\OneDrive\Escritorio\TFG\Programacion objetivo\Bases de Datos\AS_New_3주기\New_AS_052.wav,perfil_softmin_errores_f4,0.011418954572148579,0.21421018437052183,0.2790455159496349,0.3478074518030842,0.14751789330461051
AS,New_AS_053.wav,C:\Users\armga\OneDrive\Escritorio\TFG\Programacion objetivo\Bases de Datos\AS_New_3주기\New_AS_053.wav,perfil_softmin_errores_f4,0.0016501048163840122,0.07142786694029875,0.3337196725959596,0.48966960974799556,0.10353274589936211
AS,New_AS_054.wav,C:\Users\armga\OneDrive\Escritorio\TFG\Programacion objetivo\Bases de Datos\AS_New_3주기\New_AS_054.wav,perfil_softmin_errores_f4,0.002407146136868757,0.22922622873606435,0.1693448741542611,0.417688854848513,0.18133289612429285
AS,New_AS_055.wav,C:\Users\armga\OneDrive\Escritorio\TFG\Programacion objetivo\Bases de Datos\AS_New_3주기\New_AS_055.wav,perfil_softmin_errores_f4,0.007914572988166202,0.20968481799259117,0.2580295919669532,0.34397593789983383,0.18039507915245565
AS,New_AS_056.wav,C:\Users\armga\OneDrive\Escritorio\TFG\Programacion objetivo\Bases de Datos\AS_New_3주기\New_AS_056.wav,perfil_softmin_errores_f4,0.00385623861697091,0.15193873888223022,0.3083412997824858,0.40989685461892406,0.12596686809938898
AS,New_AS_057.wav,C:\Users\armga\OneDrive\Escritorio\TFG\Programacion objetivo\Bases de Datos\AS_New_3주기\New_AS_057.wav,perfil_softmin_errores_f4,0.003190188551148505,0.2495973570116038,0.2005471679815817,0.3639564312379486,0.1827088552177174
AS,New_AS_058.wav,C:\Users\armga\OneDrive\Escritorio\TFG\Programacion objetivo\Bases de Datos\AS_New_3주기\New_AS_058.wav,perfil_softmin_errores_f4,0.003580516993901679,0.23617909825108446,0.23062629011258476,0.3686254462725813,0.16098864836984766
AS,New_AS_059.wav,C:\Users\armga\OneDrive\Escritorio\TFG\Programacion objetivo\Bases de Datos\AS_New_3주기\New_AS_059.wav,perfil_softmin_errores_f4,0.00512932592167052,0.12500304926147804,0.3469933377431437,0.4202715474942447,0.10260273957946295
AS,New_AS_060.wav,C:\Users\armga\OneDrive\Escritorio\TFG\Programacion objetivo\Bases de Datos\AS_New_3주기\New_AS_060.wav,perfil_softmin_errores_f4,0.017389282728580396,0.23769711629338233,0.25518038078323235,0.3382901080469068,0.15144311214789816
AS,New_AS_061.wav,C:\Users\armga\OneDrive\Escritorio\TFG\Programacion objetivo\Bases de Datos\AS_New_3주기\New_AS_061.wav,perfil_softmin_errores_f4,0.0008917096383744918,0.15451367703997113,0.23340481943336938,0.4567716518212957,0.15441814206698926
AS,New_AS_062.wav,C:\Users\armga\OneDrive\Escritorio\TFG\Programacion objetivo\Bases de Datos\AS_New_3주기\New_AS_062.wav,perfil_softmin_errores_f4,0.0005354596565694277,0.14900588652604108,0.2388064774227992,0.4787278161937612,0.13292436020082918
AS,New_AS_063.wav,C:\Users\armga\OneDrive\Escritorio\TFG\Programacion objetivo\Bases de Datos\AS_New_3주기\New_AS_063.wav,perfil_softmin_errores_f4,0.01177811520257647,0.13939728397747234,0.3020081490211532,0.39600641843651685,0.15081003336228108
AS,New_AS_064.wav,C:\Users\armga\OneDrive\Escritorio\TFG\Programacion objetivo\Bases de Datos\AS_New_3주기\New_AS_064.wav,perfil_softmin_errores_f4,0.00873042520535612,0.21372833499482577,0.284925781479704,0.33692168738235195,0.15569377093776204
AS,New_AS_065.wav,C:\Users\armga\OneDrive\Escritorio\TFG\Programacion objetivo\Bases de Datos\AS_New_3주기\New_AS_065.wav,perfil_softmin_errores_f4,0.0005394843444478455,0.17643339921111725,0.1543970592813639,0.4292121722776682,0.2394178848854028
AS,New_AS_066.wav,C:\Users\armga\OneDrive\Escritorio\TFG\Programacion objetivo\Bases de Datos\AS_New_3주기\New_AS_066.wav,perfil_softmin_errores_f4,0.011464340027738542,0.25861348345951657,0.26934614089471376,0.31244906966667374,0.14812696595135735
AS,New_AS_067.wav,C:\Users\armga\OneDrive\Escritorio\TFG\Programacion objetivo\Bases de Datos\AS_New_3주기\New_AS_067.wav,perfil_softmin_errores_f4,0.002891635145607927,0.1780869968133888,0.22705994737448265,0.42046965820898696,0.17149176245753367
AS,New_AS_068.wav,C:\Users\armga\OneDrive\Escritorio\TFG\Programacion objetivo\Bases de Datos\AS_New_3주기\New_AS_068.wav,perfil_softmin_errores_f4,0.008543792429572903,0.19646973031281903,0.2654218069963123,0.3801383888746553,0.1494262813866404
AS,New_AS_069.wav,C:\Users\armga\OneDrive\Escritorio\TFG\Programacion objetivo\Bases de Datos\AS_New_3주기\New_AS_069.wav,perfil_softmin_errores_f4,0.0017254563205489546,0.22069143745638353,0.14784771384734172,0.391233938547585,0.23850145382814084
AS,New_AS_070.wav,C:\Users\armga\OneDrive\Escritorio\TFG\Programacion objetivo\Bases de Datos\AS_New_3주기\New_AS_070.wav,perfil_softmin_errores_f4,0.0008671864699579119,0.11106132701348309,0.20645359138282263,0.5522842710032472,0.12933362413048904
AS,New_AS_071.wav,C:\Users\armga\OneDrive\Escritorio\TFG\Programacion objetivo\Bases de Datos\AS_New_3주기\New_AS_071.wav,perfil_softmin_errores_f4,0.0025395492995341083,0.257095099573274,0.1801231456095807,0.38730563757751946,0.17293656794009168
AS,New_AS_072.wav,C:\Users\armga\OneDrive\Escritorio\TFG\Programacion objetivo\Bases de Datos\AS_New_3주기\New_AS_072.wav,perfil_softmin_errores_f4,0.0028414266400611527,0.253376346029498,0.16887951368506066,0.3901403917298852,0.18476232191549505
AS,New_AS_073.wav,C:\Users\armga\OneDrive\Escritorio\TFG\Programacion objetivo\Bases de Datos\AS_New_3주기\New_AS_073.wav,perfil_softmin_errores_f4,0.0035955545213219764,0.26763612415081284,0.19591978123921305,0.347908795029824,0.18493974505882807
AS,New_AS_074.wav,C:\Users\armga\OneDrive\Escritorio\TFG\Programacion objetivo\Bases de Datos\AS_New_3주기\New_AS_074.wav,perfil_softmin_errores_f4,0.004921665808699481,0.19238599009204965,0.30678833406005657,0.3559948165362024,0.13990919350299194
AS,New_AS_075.wav,C:\Users\armga\OneDrive\Escritorio\TFG\Programacion objetivo\Bases de Datos\AS_New_3주기\New_AS_075.wav,perfil_softmin_errores_f4,0.0022188790467920386,0.17619464919163846,0.11861691351799421,0.4270925751996232,0.2758769830439522
AS,New_AS_076.wav,C:\Users\armga\OneDrive\Escritorio\TFG\Programacion objetivo\Bases de Datos\AS_New_3주기\New_AS_076.wav,perfil_softmin_errores_f4,0.004195292217482007,0.262583111725841,0.1705270778128268,0.39539680498663154,0.16729771325721862
AS,New_AS_077.wav,C:\Users\armga\OneDrive\Escritorio\TFG\Programacion objetivo\Bases de Datos\AS_New_3주기\New_AS_077.wav,perfil_softmin_errores_f4,0.0002242455469304253,0.2386119127966276,0.1842139527598305,0.32130033741869346,0.2556495514779181
AS,New_AS_078.wav,C:\Users\armga\OneDrive\Escritorio\TFG\Programacion objetivo\Bases de Datos\AS_New_3주기\New_AS_078.wav,perfil_softmin_errores_f4,0.0002437488781393839,0.2630614007516272,0.1540506778927747,0.3048357398446586,0.2778084326328001
AS,New_AS_079.wav,C:\Users\armga\OneDrive\Escritorio\TFG\Programacion objetivo\Bases de Datos\AS_New_3주기\New_AS_079.wav,perfil_softmin_errores_f4,0.00015902739323402402,0.2809076410589192,0.14293607111690926,0.3284188846747067,0.2475783757562309
AS,New_AS_080.wav,C:\Users\armga\OneDrive\Escritorio\TFG\Programacion objetivo\Bases de Datos\AS_New_3주기\New_AS_080.wav,perfil_softmin_errores_f4,0.00021762266891092033,0.26362779471437825,0.14272716266992083,0.3618211307163936,0.23160628923039653
AS,New_AS_081.wav,C:\Users\armga\OneDrive\Escritorio\TFG\Programacion objetivo\Bases de Datos\AS_New_3주기\New_AS_081.wav,perfil_softmin_errores_f4,0.0003818273505003184,0.27873296267714437,0.14057397828251042,0.3232053455009236,0.25710588618892133
AS,New_AS_082.wav,C:\Users\armga\OneDrive\Escritorio\TFG\Programacion objetivo\Bases de Datos\AS_New_3주기\New_AS_082.wav,perfil_softmin_errores_f4,0.00016536390984856026,0.3168007894388258,0.17308338525776668,0.29840979479985624,0.21154066659370274
AS,New_AS_083.wav,C:\Users\armga\OneDrive\Escritorio\TFG\Programacion objetivo\Bases de Datos\AS_New_3주기\New_AS_083.wav,perfil_softmin_errores_f4,0.00032334865498801304,0.22136157622050698,0.18396007747655335,0.35516170683029347,0.23919329081765825
AS,New_AS_084.wav,C:\Users\armga\OneDrive\Escritorio\TFG\Programacion objetivo\Bases de Datos\AS_New_3주기\New_AS_084.wav,perfil_softmin_errores_f4,0.0003045815381172025,0.27639800322165947,0.1528751686347747,0.32100226310332186,0.24941998350212674
AS,New_AS_085.wav,C:\Users\armga\OneDrive\Escritorio\TFG\Programacion objetivo\Bases de Datos\AS_New_3주기\New_AS_085.wav,perfil_softmin_errores_f4,0.0002296930810429487,0.3066340811667072,0.17175807538312834,0.3049111840033623,0.2164669663657593
AS,New_AS_086.wav,C:\Users\armga\OneDrive\Escritorio\TFG\Programacion objetivo\Bases de Datos\AS_New_3주기\New_AS_086.wav,perfil_softmin_errores_f4,0.00034674529275379573,0.28151408332024513,0.17156061550681925,0.29751346857241284,0.249065087307769
AS,New_AS_087.wav,C:\Users\armga\OneDrive\Escritorio\TFG\Programacion objetivo\Bases de Datos\AS_New_3주기\New_AS_087.wav,perfil_softmin_errores_f4,0.0001703576977280657,0.28299458820064427,0.1447097743637499,0.2942893038391135,0.2778359758987642
AS,New_AS_088.wav,C:\Users\armga\OneDrive\Escritorio\TFG\Programacion objetivo\Bases de Datos\AS_New_3주기\New_AS_088.wav,perfil_softmin_errores_f4,0.00013915769521261173,0.3042740699645231,0.16520339673898113,0.31615526297608026,0.21422811262520286
AS,New_AS_089.wav,C:\Users\armga\OneDrive\Escritorio\TFG\Programacion objetivo\Bases de Datos\AS_New_3주기\New_AS_089.wav,perfil_softmin_errores_f4,0.0001178687518421002,0.2868863339151795,0.14657003159454982,0.33256422594519963,0.2338615397932289
AS,New_AS_090.wav,C:\Users\armga\OneDrive\Escritorio\TFG\Programacion objetivo\Bases de Datos\AS_New_3주기\New_AS_090.wav,perfil_softmin_errores_f4,0.0001574453965871091,0.2658787866979441,0.1447919766552203,0.3477457142062685,0.24142607704398003
AS,New_AS_091.wav,C:\Users\armga\OneDrive\Escritorio\TFG\Programacion objetivo\Bases de Datos\AS_New_3주기\New_AS_091.wav,perfil_softmin_errores_f4,0.00022119891137457274,0.25702491388635695,0.17192961225506356,0.3190333450145468,0.2517909299326582
AS,New_AS_092.wav,C:\Users\armga\OneDrive\Escritorio\TFG\Programacion objetivo\Bases de Datos\AS_New_3주기\New_AS_092.wav,perfil_softmin_errores_f4,0.00034403130636882556,0.27826021805326695,0.15687246679133338,0.3013420475186422,0.26318123633038876
AS,New_AS_093.wav,C:\Users\armga\OneDrive\Escritorio\TFG\Programacion objetivo\Bases de Datos\AS_New_3주기\New_AS_093.wav,perfil_softmin_errores_f4,0.0004122797330346875,0.2864225668851347,0.13809806934960336,0.3098331412101138,0.2652339428221133
AS,New_AS_094.wav,C:\Users\armga\OneDrive\Escritorio\TFG\Programacion objetivo\Bases de Datos\AS_New_3주기\New_AS_094.wav,perfil_softmin_errores_f4,0.00025319698406472285,0.24668631466702876,0.1860277617887661,0.32186307414984217,0.24516965241029826
AS,New_AS_095.wav,C:\Users\armga\OneDrive\Escritorio\TFG\Programacion objetivo\Bases de Datos\AS_New_3주기\New_AS_095.wav,perfil_softmin_errores_f4,0.0006463042824287473,0.27236792429017537,0.165450122351853,0.3102090460044662,0.2513266030710767
AS,New_AS_096.wav,C:\Users\armga\OneDrive\Escritorio\TFG\Programacion objetivo\Bases de Datos\AS_New_3주기\New_AS_096.wav,perfil_softmin_errores_f4,0.00031641097325458927,0.2867719946369056,0.15723550072962733,0.2990451946980617,0.2566308989621507
AS,New_AS_097.wav,C:\Users\armga\OneDrive\Escritorio\TFG\Programacion objetivo\Bases de Datos\AS_New_3주기\New_AS_097.wav,perfil_softmin_errores_f4,0.00017729194429682042,0.27136510159162425,0.1602954481763954,0.2939312381053893,0.2742309201822943
AS,New_AS_098.wav,C:\Users\armga\OneDrive\Escritorio\TFG\Programacion objetivo\Bases de Datos\AS_New_3주기\New_AS_098.wav,perfil_softmin_errores_f4,0.00023808683013308275,0.2754174741711639,0.14901773273062408,0.29944952031610284,0.2758771859519761
AS,New_AS_099.wav,C:\Users\armga\OneDrive\Escritorio\TFG\Programacion objetivo\Bases de Datos\AS_New_3주기\New_AS_099.wav,perfil_softmin_errores_f4,0.00025290146461804004,0.2744232215317034,0.1382046509604661,0.36092699605600426,0.22619222998720825
AS,New_AS_100.wav,C:\Users\armga\OneDrive\Escritorio\TFG\Programacion objetivo\Bases de Datos\AS_New_3주기\New_AS_100.wav,perfil_softmin_errores_f4,0.0004111286459921521,0.2686868323816582,0.18491276313485983,0.30621600088554946,0.23977327495194034
AS,New_AS_101.wav,C:\Users\armga\OneDrive\Escritorio\TFG\Programacion objetivo\Bases de Datos\AS_New_3주기\New_AS_101.wav,perfil_softmin_errores_f4,0.00017522168581073249,0.26012591602103124,0.1821007788346303,0.33981279110169704,0.21778529235683078
AS,New_AS_102.wav,C:\Users\armga\OneDrive\Escritorio\TFG\Programacion objetivo\Bases de Datos\AS_New_3주기\New_AS_102.wav,perfil_softmin_errores_f4,0.00017687779245846198,0.25079750988460825,0.17860368424581274,0.32223792333879,0.24818400473833063
AS,New_AS_103.wav,C:\Users\armga\OneDrive\Escritorio\TFG\Programacion objetivo\Bases de Datos\AS_New_3주기\New_AS_103.wav,perfil_softmin_errores_f4,0.00022064880141930708,0.2587711931458652,0.16593908825811732,0.3249962200925469,0.25007284970205124
AS,New_AS_104.wav,C:\Users\armga\OneDrive\Escritorio\TFG\Programacion objetivo\Bases de Datos\AS_New_3주기\New_AS_104.wav,perfil_softmin_errores_f4,0.0003122373988919281,0.2795492072074499,0.1534166554445443,0.3124036527302849,0.25431824721882895
AS,New_AS_105.wav,C:\Users\armga\OneDrive\Escritorio\TFG\Programacion objetivo\Bases de Datos\AS_New_3주기\New_AS_105.wav,perfil_softmin_errores_f4,0.0002804178392204203,0.2899028470369692,0.15935700570323852,0.3056719493708994,0.24478778004967247
AS,New_AS_106.wav,C:\Users\armga\OneDrive\Escritorio\TFG\Programacion objetivo\Bases de Datos\AS_New_3주기\New_AS_106.wav,perfil_softmin_errores_f4,0.0003842862788700049,0.2880864724030302,0.18905780205978232,0.2745096776193219,0.24796176163899558
AS,New_AS_107.wav,C:\Users\armga\OneDrive\Escritorio\TFG\Programacion objetivo\Bases de Datos\AS_New_3주기\New_AS_107.wav,perfil_softmin_errores_f4,0.00014566224287995255,0.32037108422540184,0.1751621390857826,0.30426474874237175,0.20005636570356383
AS,New_AS_108.wav,C:\Users\armga\OneDrive\Escritorio\TFG\Programacion objetivo\Bases de Datos\AS_New_3주기\New_AS_108.wav,perfil_softmin_errores_f4,0.00025889297645267104,0.2869952507839909,0.1779480950105214,0.31748890561522447,0.21730885561381058
AS,New_AS_109.wav,C:\Users\armga\OneDrive\Escritorio\TFG\Programacion objetivo\Bases de Datos\AS_New_3주기\New_AS_109.wav,perfil_softmin_errores_f4,0.00016478828485481505,0.2738322218723567,0.14768449138586165,0.3343453710933173,0.2439731273636097
AS,New_AS_110.wav,C:\Users\armga\OneDrive\Escritorio\TFG\Programacion objetivo\Bases de Datos\AS_New_3주기\New_AS_110.wav,perfil_softmin_errores_f4,0.0002455446271459551,0.28775912134935705,0.1500736040754084,0.316272633330301,0.24564909661778755
AS,New_AS_111.wav,C:\Users\armga\OneDrive\Escritorio\TFG\Programacion objetivo\Bases de Datos\AS_New_3주기\New_AS_111.wav,perfil_softmin_errores_f4,0.00032198115277867545,0.3103416115700883,0.19301872066047776,0.23348354151338777,0.26283414510326747
AS,New_AS_112.wav,C:\Users\armga\OneDrive\Escritorio\TFG\Programacion objetivo\Bases de Datos\AS_New_3주기\New_AS_112.wav,perfil_softmin_errores_f4,0.00018605945531853732,0.30575530996068867,0.16338752564664863,0.23726556947378646,0.2934055354635577
AS,New_AS_113.wav,C:\Users\armga\OneDrive\Escritorio\TFG\Programacion objetivo\Bases de Datos\AS_New_3주기\New_AS_113.wav,perfil_softmin_errores_f4,0.00027330642436005156,0.254677917723564,0.15236307092998191,0.21823613887273022,0.37444956604936375
AS,New_AS_114.wav,C:\Users\armga\OneDrive\Escritorio\TFG\Programacion objetivo\Bases de Datos\AS_New_3주기\New_AS_114.wav,perfil_softmin_errores_f4,0.0002520117489204652,0.27725854579668857,0.13270313568599326,0.24134501345033485,0.34844129331806284
AS,New_AS_115.wav,C:\Users\armga\OneDrive\Escritorio\TFG\Programacion objetivo\Bases de Datos\AS_New_3주기\New_AS_115.wav,perfil_softmin_errores_f4,0.0003078910307333709,0.2872858896011587,0.1599517960949124,0.29663054867655525,0.2558238745966403
AS,New_AS_116.wav,C:\Users\armga\OneDrive\Escritorio\TFG\Programacion objetivo\Bases de Datos\AS_New_3주기\New_AS_116.wav,perfil_softmin_errores_f4,0.00022370096000515807,0.3133605344769097,0.18912926542495564,0.3071871677551825,0.19009933138294702
AS,New_AS_117.wav,C:\Users\armga\OneDrive\Escritorio\TFG\Programacion objetivo\Bases de Datos\AS_New_3주기\New_AS_117.wav,perfil_softmin_errores_f4,0.00016749606497214157,0.3012586876137794,0.16047456341110578,0.31991727196113623,0.21818198094900637
AS,New_AS_118.wav,C:\Users\armga\OneDrive\Escritorio\TFG\Programacion objetivo\Bases de Datos\AS_New_3주기\New_AS_118.wav,perfil_softmin_errores_f4,0.00010443480679956694,0.2874616575901143,0.16086520859139075,0.33623544022703716,0.21533325878465823
AS,New_AS_119.wav,C:\Users\armga\OneDrive\Escritorio\TFG\Programacion objetivo\Bases de Datos\AS_New_3주기\New_AS_119.wav,perfil_softmin_errores_f4,0.0002780397661349755,0.28750541790727446,0.16434942273418385,0.2885310656231378,0.25933605396926884
AS,New_AS_120.wav,C:\Users\armga\OneDrive\Escritorio\TFG\Programacion objetivo\Bases de Datos\AS_New_3주기\New_AS_120.wav,perfil_softmin_errores_f4,0.00031023978704434216,0.2759208063833559,0.14736913613517325,0.3117700842456762,0.2646297334487502
AS,New_AS_121.wav,C:\Users\armga\OneDrive\Escritorio\TFG\Programacion objetivo\Bases de Datos\AS_New_3주기\New_AS_121.wav,perfil_softmin_errores_f4,0.0003918469822207808,0.28217891694276914,0.16974394522369937,0.2979542422319257,0.249731048619385
AS,New_AS_122.wav,C:\Users\armga\OneDrive\Escritorio\TFG\Programacion objetivo\Bases de Datos\AS_New_3주기\New_AS_122.wav,perfil_softmin_errores_f4,0.0003202378772728762,0.25452562837071796,0.2012962685339406,0.32456607691134576,0.2192917883067227
AS,New_AS_123.wav,C:\Users\armga\OneDrive\Escritorio\TFG\Programacion objetivo\Bases de Datos\AS_New_3주기\New_AS_123.wav,perfil_softmin_errores_f4,0.0002989351756121571,0.24290185998599179,0.2121572208778901,0.3240115759028472,0.22063040805765877
AS,New_AS_124.wav,C:\Users\armga\OneDrive\Escritorio\TFG\Programacion objetivo\Bases de Datos\AS_New_3주기\New_AS_124.wav,perfil_softmin_errores_f4,0.00027430645402381956,0.28967007469653744,0.172022706797651,0.2868454572581865,0.2511874547936013
AS,New_AS_125.wav,C:\Users\armga\OneDrive\Escritorio\TFG\Programacion objetivo\Bases de Datos\AS_New_3주기\New_AS_125.wav,perfil_softmin_errores_f4,0.0002650399536604423,0.2896345096006522,0.16933135802661003,0.31349528740678956,0.22727380501228772
AS,New_AS_126.wav,C:\Users\armga\OneDrive\Escritorio\TFG\Programacion objetivo\Bases de Datos\AS_New_3주기\New_AS_126.wav,perfil_softmin_errores_f4,0.0002167913859370101,0.29447830441246087,0.15701889835689126,0.3160199210856648,0.23226608475904612
AS,New_AS_127.wav,C:\Users\armga\OneDrive\Escritorio\TFG\Programacion objetivo\Bases de Datos\AS_New_3주기\New_AS_127.wav,perfil_softmin_errores_f4,0.00029901401939845545,0.2790178662967635,0.1491153733015444,0.3480345741766191,0.22353317220567445
AS,New_AS_128.wav,C:\Users\armga\OneDrive\Escritorio\TFG\Programacion objetivo\Bases de Datos\AS_New_3주기\New_AS_128.wav,perfil_softmin_errores_f4,0.00022513033882948948,0.2853669655803724,0.17148891850816514,0.3011936651796833,0.2417253203929496
AS,New_AS_129.wav,C:\Users\armga\OneDrive\Escritorio\TFG\Programacion objetivo\Bases de Datos\AS_New_3주기\New_AS_129.wav,perfil_softmin_errores_f4,0.00042273805705864685,0.4463262836386161,0.3760186899921059,0.01339895798873808,0.16383333032348132
AS,New_AS_130.wav,C:\Users\armga\OneDrive\Escritorio\TFG\Programacion objetivo\Bases de Datos\AS_New_3주기\New_AS_130.wav,perfil_softmin_errores_f4,0.0002924647920293167,0.46065201108755527,0.39476435061867343,0.01105784306587005,0.1332333304358719
AS,New_AS_131.wav,C:\Users\armga\OneDrive\Escritorio\TFG\Programacion objetivo\Bases de Datos\AS_New_3주기\New_AS_131.wav,perfil_softmin_errores_f4,8.776086283995144e-05,0.4860026990188095,0.10969419249273078,0.36893770994272385,0.035277637682895914
AS,New_AS_132.wav,C:\Users\armga\OneDrive\Escritorio\TFG\Programacion objetivo\Bases de Datos\AS_New_3주기\New_AS_132.wav,perfil_softmin_errores_f4,0.015200906903718414,0.27923301016424185,0.07085649606493111,0.3999869152982429,0.23472267156886586
AS,New_AS_133.wav,C:\Users\armga\OneDrive\Escritorio\TFG\Programacion objetivo\Bases de Datos\AS_New_3주기\New_AS_133.wav,perfil_softmin_errores_f4,0.0003883430043567233,0.6021422199139017,0.37634397519876356,0.0033218511875684822,0.01780361069540939
AS,New_AS_134.wav,C:\Users\armga\OneDrive\Escritorio\TFG\Programacion objetivo\Bases de Datos\AS_New_3주기\New_AS_134.wav,perfil_softmin_errores_f4,0.00025012454677122146,0.26218669666996963,0.15871033679031027,0.32880651575678616,0.25004632623616263
AS,New_AS_135.wav,C:\Users\armga\OneDrive\Escritorio\TFG\Programacion objetivo\Bases de Datos\AS_New_3주기\New_AS_135.wav,perfil_softmin_errores_f4,0.0003369789447744099,0.605052375846155,0.37711008295558074,0.0024721518616349415,0.015028410391854749
AS,New_AS_136.wav,C:\Users\armga\OneDrive\Escritorio\TFG\Programacion objetivo\Bases de Datos\AS_New_3주기\New_AS_136.wav,perfil_softmin_errores_f4,0.0007531929182584384,0.4240777953210997,0.38520201996591447,0.014239569560313761,0.1757274222344137
AS,New_AS_137.wav,C:\Users\armga\OneDrive\Escritorio\TFG\Programacion objetivo\Bases de Datos\AS_New_3주기\New_AS_137.wav,perfil_softmin_errores_f4,0.00039064280138983895,0.5217738730653935,0.3734056817258398,0.012317761240349402,0.09211204116702745
AS,New_AS_138.wav,C:\Users\armga\OneDrive\Escritorio\TFG\Programacion objetivo\Bases de Datos\AS_New_3주기\New_AS_138.wav,perfil_softmin_errores_f4,0.00044482554348391904,0.4808341963290591,0.379527978405431,0.01434035883079385,0.12485264089123219
AS,New_AS_139.wav,C:\Users\armga\OneDrive\Escritorio\TFG\Programacion objetivo\Bases de Datos\AS_New_3주기\New_AS_139.wav,perfil_softmin_errores_f4,0.0003412198851667681,0.4720783386333581,0.44044080698330496,0.008941854497590943,0.07819778000057925
AS,New_AS_140.wav,C:\Users\armga\OneDrive\Escritorio\TFG\Programacion objetivo\Bases de Datos\AS_New_3주기\New_AS_140.wav,perfil_softmin_errores_f4,0.00010422149715908743,0.15958303571592755,0.09895030788301881,0.33994002932702977,0.40142240557686487
AS,New_AS_141.wav,C:\Users\armga\OneDrive\Escritorio\TFG\Programacion objetivo\Bases de Datos\AS_New_3주기\New_AS_141.wav,perfil_softmin_errores_f4,3.054979926622697e-05,0.131327996611006,0.06283040608212948,0.3695174390995976,0.4362936084080007
AS,New_AS_142.wav,C:\Users\armga\OneDrive\Escritorio\TFG\Programacion objetivo\Bases de Datos\AS_New_3주기\New_AS_142.wav,perfil_softmin_errores_f4,2.5073916661175983e-05,0.15813507267407198,0.07710951894084367,0.3323760652391502,0.432354269229273
AS,New_AS_143.wav,C:\Users\armga\OneDrive\Escritorio\TFG\Programacion objetivo\Bases de Datos\AS_New_3주기\New_AS_143.wav,perfil_softmin_errores_f4,7.6398557001155e-06,0.1749330165022555,0.06121904914228642,0.29641515714079186,0.467425137358966
AS,New_AS_144.wav,C:\Users\armga\OneDrive\Escritorio\TFG\Programacion objetivo\Bases de Datos\AS_New_3주기\New_AS_144.wav,perfil_softmin_errores_f4,0.00028760378635060685,0.28253956071461606,0.21529402910937054,0.21904978917737156,0.2828290172122912
AS,New_AS_145.wav,C:\Users\armga\OneDrive\Escritorio\TFG\Programacion objetivo\Bases de Datos\AS_New_3주기\New_AS_145.wav,perfil_softmin_errores_f4,0.00027307114467971206,0.2814872663429597,0.19114493014989226,0.2239338364734104,0.303160895889058
AS,New_AS_146.wav,C:\Users\armga\OneDrive\Escritorio\TFG\Programacion objetivo\Bases de Datos\AS_New_3주기\New_AS_146.wav,perfil_softmin_errores_f4,0.0002360958531631684,0.3135007731099936,0.2129723790985393,0.20446507963926466,0.26882567229903936
AS,New_AS_147.wav,C:\Users\armga\OneDrive\Escritorio\TFG\Programacion objetivo\Bases de Datos\AS_New_3주기\New_AS_147.wav,perfil_softmin_errores_f4,0.0002039470259625192,0.28850265818198095,0.2005259615801011,0.2122950426808397,0.2984723905311157
AS,New_AS_148.wav,C:\Users\armga\OneDrive\Escritorio\TFG\Programacion objetivo\Bases de Datos\AS_New_3주기\New_AS_148.wav,perfil_softmin_errores_f4,0.00032417866880640094,0.30053243309212924,0.22994835135983702,0.19331833411772634,0.27587670276150106
AS,New_AS_149.wav,C:\Users\armga\OneDrive\Escritorio\TFG\Programacion objetivo\Bases de Datos\AS_New_3주기\New_AS_149.wav,perfil_softmin_errores_f4,0.00023483711919180573,0.2512851853526273,0.20871839071562798,0.2371391955285647,0.3026223912839882
AS,New_AS_150.wav,C:\Users\armga\OneDrive\Escritorio\TFG\Programacion objetivo\Bases de Datos\AS_New_3주기\New_AS_150.wav,perfil_softmin_errores_f4,0.00021404992669602906,0.31169212616093706,0.21065047449945984,0.2178497420812392,0.2595936073316678
AS,New_AS_151.wav,C:\Users\armga\OneDrive\Escritorio\TFG\Programacion objetivo\Bases de Datos\AS_New_3주기\New_AS_151.wav,perfil_softmin_errores_f4,0.0004058606789135279,0.29269448990632935,0.18348003680578268,0.21340814474041658,0.3100114678685579
AS,New_AS_152.wav,C:\Users\armga\OneDrive\Escritorio\TFG\Programacion objetivo\Bases de Datos\AS_New_3주기\New_AS_152.wav,perfil_softmin_errores_f4,0.0007340349289753078,0.3996425965024296,0.3138061210110511,0.06010117963518883,0.22571606792235505
AS,New_AS_153.wav,C:\Users\armga\OneDrive\Escritorio\TFG\Programacion objetivo\Bases de Datos\AS_New_3주기\New_AS_153.wav,perfil_softmin_errores_f4,0.00014357366001594392,0.39823175682996986,0.31222206543391556,0.04636948804191612,0.24303311603418243
AS,New_AS_154.wav,C:\Users\armga\OneDrive\Escritorio\TFG\Programacion objetivo\Bases de Datos\AS_New_3주기\New_AS_154.wav,perfil_softmin_errores_f4,0.0005878429866397513,0.34753956079366544,0.32749482026107163,0.06380874290344453,0.26056903305517853
AS,New_AS_155.wav,C:\Users\armga\OneDrive\Escritorio\TFG\Programacion objetivo\Bases de Datos\AS_New_3주기\New_AS_155.wav,perfil_softmin_errores_f4,0.00025586596748042626,0.43612766194012204,0.3029577695638095,0.04819049430154951,0.21246820822703857
AS,New_AS_156.wav,C:\Users\armga\OneDrive\Escritorio\TFG\Programacion objetivo\Bases de Datos\AS_New_3주기\New_AS_156.wav,perfil_softmin_errores_f4,0.0006426821798000883,0.4307663056107662,0.3707950710184021,0.012722751994459927,0.18507318919657179
AS,New_AS_157.wav,C:\Users\armga\OneDrive\Escritorio\TFG\Programacion objetivo\Bases de Datos\AS_New_3주기\New_AS_157.wav,perfil_softmin_errores_f4,0.0003919653458286821,0.5114810847702025,0.38341579827549593,0.011999158947692757,0.09271199266078026
AS,New_AS_158.wav,C:\Users\armga\OneDrive\Escritorio\TFG\Programacion objetivo\Bases de Datos\AS_New_3주기\New_AS_158.wav,perfil_softmin_errores_f4,0.00029950657508948683,0.5138907407137324,0.34807980648718234,0.012912363147138265,0.12481758307685739
AS,New_AS_159.wav,C:\Users\armga\OneDrive\Escritorio\TFG\Programacion objetivo\Bases de Datos\AS_New_3주기\New_AS_159.wav,perfil_softmin_errores_f4,0.0003456110032697566,0.4799232831947317,0.4278728436143305,0.009075966339361214,0.08278229584830687
AS,New_AS_160.wav,C:\Users\armga\OneDrive\Escritorio\TFG\Programacion objetivo\Bases de Datos\AS_New_3주기\New_AS_160.wav,perfil_softmin_errores_f4,0.0003569115544553984,0.47611701962027597,0.3469870443338007,0.010738462188057851,0.16580056230341006
AS,New_AS_161.wav,C:\Users\armga\OneDrive\Escritorio\TFG\Programacion objetivo\Bases de Datos\AS_New_3주기\New_AS_161.wav,perfil_softmin_errores_f4,0.0002874833316366664,0.5128877923040125,0.3636767031693338,0.010902262743843394,0.11224575845117364
