clase,archivo,ruta,variante_deep_onmf,F_001,F_002,F_003,F_004,F_005
AS,New_AS_001.wav,C:\Users\armga\OneDrive\Escritorio\TFG\Programacion objetivo\Bases de Datos\AS_New_3주기\New_AS_001.wav,perfil_softmin_errores_f8,8.346200302316157e-07,0.19624357069957504,0.19838641467758092,0.22518068010391815,0.38018849989889564
AS,New_AS_002.wav,C:\Users\armga\OneDrive\Escritorio\TFG\Programacion objetivo\Bases de Datos\AS_New_3주기\New_AS_002.wav,perfil_softmin_errores_f8,2.3409339451066102e-06,0.18428589298075418,0.2396625921441016,0.26022337242083726,0.3158258015203619
AS,New_AS_003.wav,C:\Users\armga\OneDrive\Escritorio\TFG\Programacion objetivo\Bases de Datos\AS_New_3주기\New_AS_003.wav,perfil_softmin_errores_f8,2.8720853033272127e-07,0.15520747778554933,0.2762622949792023,0.23262062156687935,0.3359093184598386
AS,New_AS_004.wav,C:\Users\armga\OneDrive\Escritorio\TFG\Programacion objetivo\Bases de Datos\AS_New_3주기\New_AS_004.wav,perfil_softmin_errores_f8,4.924655223370025e-07,0.1455179059064186,0.23887080318376502,0.22220076367754346,0.3934100347667506
AS,New_AS_005.wav,C:\Users\armga\OneDrive\Escritorio\TFG\Programacion objetivo\Bases de Datos\AS_New_3주기\New_AS_005.wav,perfil_softmin_errores_f8,1.553467990116995e-06,0.12200884551387399,0.1941257444042057,0.29885819749846526,0.385005659115465
AS,New_AS_006.wav,C:\Users\armga\OneDrive\Escritorio\TFG\Programacion objetivo\Bases de Datos\AS_New_3주기\New_AS_006.wav,perfil_softmin_errores_f8,2.4663683435468117e-07,0.2674324925106758,0.2191131517024348,0.26009354568053994,0.25336056346951513
AS,New_AS_007.wav,C:\Users\armga\OneDrive\Escritorio\TFG\Programacion objetivo\Bases de Datos\AS_New_3주기\New_AS_007.wav,perfil_softmin_errores_f8,7.152957706570498e-07,0.19036577016789105,0.24787532245733757,0.26141746178232766,0.300340730296673
AS,New_AS_008.wav,C:\Users\armga\OneDrive\Escritorio\TFG\Programacion objetivo\Bases de Datos\AS_New_3주기\New_AS_008.wav,perfil_softmin_errores_f8,4.324347202271326e-07,0.16477727729836109,0.2173525279067981,0.3394946255352929,0.2783751368248278
AS,New_AS_009.wav,C:\Users\armga\OneDrive\Escritorio\TFG\Programacion objetivo\Bases de Datos\AS_New_3주기\New_AS_009.wav,perfil_softmin_errores_f8,9.151806408677728e-07,0.19428766126259595,0.24470367687505415,0.2593938521425293,0.30161389453917975
AS,New_AS_010.wav,C:\Users\armga\OneDrive\Escritorio\TFG\Programacion objetivo\Bases de Datos\AS_New_3주기\New_AS_010.wav,perfil_softmin_errores_f8,4.6024912689816866e-07,0.13782899571555463,0.22247348265419314,0.2686698311564055,0.3710272302247198
AS,New_AS_011.wav,C:\Users\armga\OneDrive\Escritorio\TFG\Programacion objetivo\Bases de Datos\AS_New_3주기\New_AS_011.wav,perfil_softmin_errores_f8,6.879369140325614e-07,0.1689067366680437,0.26774302843551284,0.2787758809449759,0.28457366601455353
AS,New_AS_012.wav,C:\Users\armga\OneDrive\Escritorio\TFG\Programacion objetivo\Bases de Datos\AS_New_3주기\New_AS_012.wav,perfil_softmin_errores_f8,2.7112927690687306e-07,0.17147353635739107,0.24466575136349872,0.2566978736375718,0.3271625675122614
AS,New_AS_013.wav,C:\Users\armga\OneDrive\Escritorio\TFG\Programacion objetivo\Bases de Datos\AS_New_3주기\New_AS_013.wav,perfil_softmin_errores_f8,6.287911932541325e-07,0.2069161682557547,0.19284823102075088,0.3170524389303149,0.2831825330019862
AS,New_AS_014.wav,C:\Users\armga\OneDrive\Escritorio\TFG\Programacion objetivo\Bases de Datos\AS_New_3주기\New_AS_014.wav,perfil_softmin_errores_f8,6.214596976137406e-07,0.1587271998570662,0.2375157586869121,0.2724725025489665,0.3312839174473576
AS,New_AS_015.wav,C:\Users\armga\OneDrive\Escritorio\TFG\Programacion objetivo\Bases de Datos\AS_New_3주기\New_AS_015.wav,perfil_softmin_errores_f8,1.2889287922827209e-06,0.18255110885052594,0.24122323228916526,0.23562388060296285,0.34060048932855364
AS,New_AS_016.wav,C:\Users\armga\OneDrive\Escritorio\TFG\Programacion objetivo\Bases de Datos\AS_New_3주기\New_AS_016.wav,perfil_softmin_errores_f8,7.041287574173419e-07,0.1441685053574052,0.2704029395993682,0.25740218262024905,0.32802566829422025
AS,New_AS_017.wav,C:\Users\armga\OneDrive\Escritorio\TFG\Programacion objetivo\Bases de Datos\AS_New_3주기\New_AS_017.wav,perfil_softmin_errores_f8,1.4592503562117856e-06,0.1358212292552633,0.21831803480737608,0.30299795347589825,0.3428613232111062
AS,New_AS_018.wav,C:\Users\armga\OneDrive\Escritorio\TFG\Programacion objetivo\Bases de Datos\AS_New_3주기\New_AS_018.wav,perfil_softmin_errores_f8,7.841924620289837e-07,0.21582362173040534,0.2436007991531944,0.22640671899163256,0.31416807593230567
AS,New_AS_019.wav,C:\Users\armga\OneDrive\Escritorio\TFG\Programacion objetivo\Bases de Datos\AS_New_3주기\New_AS_019.wav,perfil_softmin_errores_f8,2.0250753237360566e-07,0.15076912310441962,0.24068620672247107,0.23234535031831577,0.3761991173472611
AS,New_AS_020.wav,C:\Users\armga\OneDrive\Escritorio\TFG\Programacion objetivo\Bases de Datos\AS_New_3주기\New_AS_020.wav,perfil_softmin_errores_f8,1.1822808544969313e-06,0.1384788941030324,0.23039667462555913,0.3249859881152285,0.3061372608753255
AS,New_AS_021.wav,C:\Users\armga\OneDrive\Escritorio\TFG\Programacion objetivo\Bases de Datos\AS_New_3주기\New_AS_021.wav,perfil_softmin_errores_f8,2.3261689356065484e-06,0.16190487843247167,0.2735597372044354,0.2859409101146303,0.2785921480795271
AS,New_AS_022.wav,C:\Users\armga\OneDrive\Escritorio\TFG\Programacion objetivo\Bases de Datos\AS_New_3주기\New_AS_022.wav,perfil_softmin_errores_f8,4.046690741279646e-07,0.1843321169216906,0.278308774127719,0.22401129984455587,0.3133474044369604
AS,New_AS_023.wav,C:\Users\armga\OneDrive\Escritorio\TFG\Programacion objetivo\Bases de Datos\AS_New_3주기\New_AS_023.wav,perfil_softmin_errores_f8,1.787208960136109e-06,0.15302773953670787,0.30547403689138247,0.24345872759442538,0.2980377087685242
AS,New_AS_024.wav,C:\Users\armga\OneDrive\Escritorio\TFG\Programacion objetivo\Bases de Datos\AS_New_3주기\New_AS_024.wav,perfil_softmin_errores_f8,2.3504525718521826e-07,0.19500045496026716,0.24734356005280375,0.27341106608105087,0.2842446838606211
AS,New_AS_025.wav,C:\Users\armga\OneDrive\Escritorio\TFG\Programacion objetivo\Bases de Datos\AS_New_3주기\New_AS_025.wav,perfil_softmin_errores_f8,4.4915485826823444e-07,0.20052071938136873,0.24578378520810754,0.2443305753280234,0.309364470927642
AS,New_AS_026.wav,C:\Users\armga\OneDrive\Escritorio\TFG\Programacion objetivo\Bases de Datos\AS_New_3주기\New_AS_026.wav,perfil_softmin_errores_f8,7.432357298898957e-07,0.13262380886736946,0.1641420366903925,0.3509230064992009,0.3523104047073072
AS,New_AS_027.wav,C:\Users\armga\OneDrive\Escritorio\TFG\Programacion objetivo\Bases de Datos\AS_New_3주기\New_AS_027.wav,perfil_softmin_errores_f8,5.349107376265765e-07,0.16857759741267966,0.21400798120005213,0.3353151075454672,0.28209877893106333
AS,New_AS_028.wav,C:\Users\armga\OneDrive\Escritorio\TFG\Programacion objetivo\Bases de Datos\AS_New_3주기\New_AS_028.wav,perfil_softmin_errores_f8,1.051952196936529e-06,0.17384621279016624,0.2599927103464403,0.2869266059509764,0.27923341896022
AS,New_AS_029.wav,C:\Users\armga\OneDrive\Escritorio\TFG\Programacion objetivo\Bases de Datos\AS_New_3주기\New_AS_029.wav,perfil_softmin_errores_f8,9.944326569095707e-07,0.166393183988285,0.23002292805540384,0.3125896362981347,0.29099325722551955
AS,New_AS_030.wav,C:\Users\armga\OneDrive\Escritorio\TFG\Programacion objetivo\Bases de Datos\AS_New_3주기\New_AS_030.wav,perfil_softmin_errores_f8,2.9869383130066987e-07,0.22780170590442864,0.20339434945662593,0.25746360405579344,0.3113400418893207
AS,New_AS_031.wav,C:\Users\armga\OneDrive\Escritorio\TFG\Programacion objetivo\Bases de Datos\AS_New_3주기\New_AS_031.wav,perfil_softmin_errores_f8,6.148480220469261e-07,0.16357410567253747,0.2325101390458646,0.32895196885822425,0.27496317157535166
AS,New_AS_032.wav,C:\Users\armga\OneDrive\Escritorio\TFG\Programacion objetivo\Bases de Datos\AS_New_3주기\New_AS_032.wav,perfil_softmin_errores_f8,3.0144417611315575e-07,0.159086840243402,0.20465604195585219,0.31951203389011984,0.3167447824664498
AS,New_AS_033.wav,C:\Users\armga\OneDrive\Escritorio\TFG\Programacion objetivo\Bases de Datos\AS_New_3주기\New_AS_033.wav,perfil_softmin_errores_f8,1.1942377283861312e-06,0.1742699975621942,0.27455612810753516,0.26960229271418945,0.28157038737835277
AS,New_AS_034.wav,C:\Users\armga\OneDrive\Escritorio\TFG\Programacion objetivo\Bases de Datos\AS_New_3주기\New_AS_034.wav,perfil_softmin_errores_f8,7.538840840086544e-07,0.15259532803157583,0.2673819398929892,0.25960251519722627,0.32041946299412466
AS,New_AS_035.wav,C:\Users\armga\OneDrive\Escritorio\TFG\Programacion objetivo\Bases de Datos\AS_New_3주기\New_AS_035.wav,perfil_softmin_errores_f8,6.878628088771831e-07,0.16230754630746913,0.21114789539335774,0.24215566376633546,0.38438820667002876
AS,New_AS_036.wav,C:\Users\armga\OneDrive\Escritorio\TFG\Programacion objetivo\Bases de Datos\AS_New_3주기\New_AS_036.wav,perfil_softmin_errores_f8,5.398021531982708e-07,0.19504913642433105,0.21765201955347382,0.268921707548365,0.318376596671677
AS,New_AS_037.wav,C:\Users\armga\OneDrive\Escritorio\TFG\Programacion objetivo\Bases de Datos\AS_New_3주기\New_AS_037.wav,perfil_softmin_errores_f8,1.2659891972162684e-07,0.1959896695476667,0.2368790068464464,0.2655575677172758,0.3015736292896914
AS,New_AS_038.wav,C:\Users\armga\OneDrive\Escritorio\TFG\Programacion objetivo\Bases de Datos\AS_New_3주기\New_AS_038.wav,perfil_softmin_errores_f8,8.00290154346126e-07,0.1622289610853641,0.24192593145637672,0.26764335055759314,0.3282009566105117
AS,New_AS_039.wav,C:\Users\armga\OneDrive\Escritorio\TFG\Programacion objetivo\Bases de Datos\AS_New_3주기\New_AS_039.wav,perfil_softmin_errores_f8,1.3172799819123315e-06,0.16420288470809355,0.22731008924529125,0.31059059122130195,0.29789511754533143
AS,New_AS_040.wav,C:\Users\armga\OneDrive\Escritorio\TFG\Programacion objetivo\Bases de Datos\AS_New_3주기\New_AS_040.wav,perfil_softmin_errores_f8,3.8937329202235974e-07,0.1433318797614819,0.21560759922198813,0.29212350300499024,0.34893662863824765
AS,New_AS_041.wav,C:\Users\armga\OneDrive\Escritorio\TFG\Programacion objetivo\Bases de Datos\AS_New_3주기\New_AS_041.wav,perfil_softmin_errores_f8,5.652948561655816e-07,0.15654204396476962,0.25434472986497053,0.2960407913968181,0.29307186947858554
AS,New_AS_042.wav,C:\Users\armga\OneDrive\Escritorio\TFG\Programacion objetivo\Bases de Datos\AS_New_3주기\New_AS_042.wav,perfil_softmin_errores_f8,7.350813101489641e-07,0.18399517673514265,0.20407772463690416,0.29524670236952555,0.3166796611771175
AS,New_AS_043.wav,C:\Users\armga\OneDrive\Escritorio\TFG\Programacion objetivo\Bases de Datos\AS_New_3주기\New_AS_043.wav,perfil_softmin_errores_f8,5.857635428390079e-07,0.17537213042511493,0.18630668162614247,0.290189346841862,0.3481312553433378
AS,New_AS_044.wav,C:\Users\armga\OneDrive\Escritorio\TFG\Programacion objetivo\Bases de Datos\AS_New_3주기\New_AS_044.wav,perfil_softmin_errores_f8,1.0339258241816128e-06,0.16946591396319077,0.20664794888856997,0.31757832082645004,0.30630678239596515
AS,New_AS_045.wav,C:\Users\armga\OneDrive\Escritorio\TFG\Programacion objetivo\Bases de Datos\AS_New_3주기\New_AS_045.wav,perfil_softmin_errores_f8,7.094790993499816e-07,0.15890300429260298,0.21520730891582956,0.34803263329507284,0.27785634401739534
AS,New_AS_046.wav,C:\Users\armga\OneDrive\Escritorio\TFG\Programacion objetivo\Bases de Datos\AS_New_3주기\New_AS_046.wav,perfil_softmin_errores_f8,1.4839847941907904e-06,0.14661616379242287,0.20223916177221896,0.3255683695700666,0.3255748208804974
AS,New_AS_047.wav,C:\Users\armga\OneDrive\Escritorio\TFG\Programacion objetivo\Bases de Datos\AS_New_3주기\New_AS_047.wav,perfil_softmin_errores_f8,3.7173857186650763e-07,0.15649075838697177,0.23956525370821152,0.3596882201948843,0.2442553959713606
AS,New_AS_048.wav,C:\Users\armga\OneDrive\Escritorio\TFG\Programacion objetivo\Bases de Datos\AS_New_3주기\New_AS_048.wav,perfil_softmin_errores_f8,8.872557694475468e-07,0.1820196562741846,0.22613285745806394,0.29678749507673324,0.2950591039352488
AS,New_AS_049.wav,C:\Users\armga\OneDrive\Escritorio\TFG\Programacion objetivo\Bases de Datos\AS_New_3주기\New_AS_049.wav,perfil_softmin_errores_f8,5.411598647645519e-06,0.06838794147858814,0.013573433137725976,0.7369625333646607,0.18107068042037763
AS,New_AS_050.wav,C:\Users\armga\OneDrive\Escritorio\TFG\Programacion objetivo\Bases de Datos\AS_New_3주기\New_AS_050.wav,perfil_softmin_errores_f8,3.138633832441341e-05,0.03182491565469132,0.0017026469778255076,0.8897511544673029,0.07668989656185578
AS,New_AS_051.wav,C:\Users\armga\OneDrive\Escritorio\TFG\Programacion objetivo\Bases de Datos\AS_New_3주기\New_AS_051.wav,perfil_softmin_errores_f8,0.0010540817277515822,0.13778543950533387,0.04093246854532145,0.7305918430746567,0.08963616714693638
AS,New_AS_052.wav,C:\Users\armga\OneDrive\Escritorio\TFG\Programacion objetivo\Bases de Datos\AS_New_3주기\New_AS_052.wav,perfil_softmin_errores_f8,0.0008913277700841223,0.09556336446048663,0.024165600374163362,0.7656592129121372,0.11372049448312854
AS,New_AS_053.wav,C:\Users\armga\OneDrive\Escritorio\TFG\Programacion objetivo\Bases de Datos\AS_New_3주기\New_AS_053.wav,perfil_softmin_errores_f8,1.6567159997238558e-05,0.017019013336985106,0.0008786409410313585,0.9004068543699599,0.08167892419202658
AS,New_AS_054.wav,C:\Users\armga\OneDrive\Escritorio\TFG\Programacion objetivo\Bases de Datos\AS_New_3주기\New_AS_054.wav,perfil_softmin_errores_f8,3.365971657244954e-05,0.0303867602837475,0.021939919315519363,0.8934543009856132,0.0541853596985475
AS,New_AS_055.wav,C:\Users\armga\OneDrive\Escritorio\TFG\Programacion objetivo\Bases de Datos\AS_New_3주기\New_AS_055.wav,perfil_softmin_errores_f8,0.00012330296719335402,0.06933362514260846,0.025344744686193243,0.7864592987132374,0.11873902849076755
AS,New_AS_056.wav,C:\Users\armga\OneDrive\Escritorio\TFG\Programacion objetivo\Bases de Datos\AS_New_3주기\New_AS_056.wav,perfil_softmin_errores_f8,0.00013666906541441232,0.05835526425280854,0.00603814153146957,0.846244022427139,0.08922590272316852
AS,New_AS_057.wav,C:\Users\armga\OneDrive\Escritorio\TFG\Programacion objetivo\Bases de Datos\AS_New_3주기\New_AS_057.wav,perfil_softmin_errores_f8,1.540230813389694e-05,0.06585581072276782,0.017572323399619946,0.8533210850591134,0.06323537851036494
AS,New_AS_058.wav,C:\Users\armga\OneDrive\Escritorio\TFG\Programacion objetivo\Bases de Datos\AS_New_3주기\New_AS_058.wav,perfil_softmin_errores_f8,4.139848115965374e-05,0.06956748807563645,0.02577734047713962,0.8296001528105582,0.07501362015550614
AS,New_AS_059.wav,C:\Users\armga\OneDrive\Escritorio\TFG\Programacion objetivo\Bases de Datos\AS_New_3주기\New_AS_059.wav,perfil_softmin_errores_f8,0.00030014614655776516,0.061109410426474164,0.005647513945712449,0.8535365268180123,0.0794064026632433
AS,New_AS_060.wav,C:\Users\armga\OneDrive\Escritorio\TFG\Programacion objetivo\Bases de Datos\AS_New_3주기\New_AS_060.wav,perfil_softmin_errores_f8,0.0021906009026784277,0.0954165307478216,0.022974065362167815,0.7908069671885304,0.08861183579880172
AS,New_AS_061.wav,C:\Users\armga\OneDrive\Escritorio\TFG\Programacion objetivo\Bases de Datos\AS_New_3주기\New_AS_061.wav,perfil_softmin_errores_f8,2.371169730937727e-06,0.017347192856820706,0.0031996282895542225,0.9231377508360138,0.05631305684788049
AS,New_AS_062.wav,C:\Users\armga\OneDrive\Escritorio\TFG\Programacion objetivo\Bases de Datos\AS_New_3주기\New_AS_062.wav,perfil_softmin_errores_f8,2.5848018664342835e-06,0.07807781911026757,0.00654379905147757,0.8036870198266679,0.11168877720972042
AS,New_AS_063.wav,C:\Users\armga\OneDrive\Escritorio\TFG\Programacion objetivo\Bases de Datos\AS_New_3주기\New_AS_063.wav,perfil_softmin_errores_f8,0.001210385709019651,0.029941320914506128,0.0041430679346176336,0.866820869238288,0.0978843562035686
AS,New_AS_064.wav,C:\Users\armga\OneDrive\Escritorio\TFG\Programacion objetivo\Bases de Datos\AS_New_3주기\New_AS_064.wav,perfil_softmin_errores_f8,0.0011642430243194648,0.09963129746999745,0.018916020620585387,0.7665562799126477,0.11373215897245
AS,New_AS_065.wav,C:\Users\armga\OneDrive\Escritorio\TFG\Programacion objetivo\Bases de Datos\AS_New_3주기\New_AS_065.wav,perfil_softmin_errores_f8,1.2897950860275145e-06,0.04653097342699292,0.009636759475116295,0.7808129450442145,0.1630180322585902
AS,New_AS_066.wav,C:\Users\armga\OneDrive\Escritorio\TFG\Programacion objetivo\Bases de Datos\AS_New_3주기\New_AS_066.wav,perfil_softmin_errores_f8,0.001742693986551348,0.1735051964392658,0.03542435217395215,0.6845127586604658,0.10481499873976491
AS,New_AS_067.wav,C:\Users\armga\OneDrive\Escritorio\TFG\Programacion objetivo\Bases de Datos\AS_New_3주기\New_AS_067.wav,perfil_softmin_errores_f8,1.3224458786156898e-05,0.030164099371246946,0.012870465651595038,0.8637836275802866,0.09316858293808539
AS,New_AS_068.wav,C:\Users\armga\OneDrive\Escritorio\TFG\Programacion objetivo\Bases de Datos\AS_New_3주기\New_AS_068.wav,perfil_softmin_errores_f8,0.0008408160744154146,0.09231724416655042,0.01040157598765509,0.7800373195510473,0.11640304422033171
AS,New_AS_069.wav,C:\Users\armga\OneDrive\Escritorio\TFG\Programacion objetivo\Bases de Datos\AS_New_3주기\New_AS_069.wav,perfil_softmin_errores_f8,5.873949159900353e-05,0.05497399555531949,0.04399822357051821,0.7100644563429516,0.19090458503961172
AS,New_AS_070.wav,C:\Users\armga\OneDrive\Escritorio\TFG\Programacion objetivo\Bases de Datos\AS_New_3주기\New_AS_070.wav,perfil_softmin_errores_f8,4.099378320487156e-06,0.03752459526351663,0.002040494796008993,0.9000526075166332,0.06037820304552081
AS,New_AS_071.wav,C:\Users\armga\OneDrive\Escritorio\TFG\Programacion objetivo\Bases de Datos\AS_New_3주기\New_AS_071.wav,perfil_softmin_errores_f8,9.372034819933293e-06,0.06280451757363123,0.037556668872701635,0.8292700327027487,0.07035940881609846
AS,New_AS_072.wav,C:\Users\armga\OneDrive\Escritorio\TFG\Programacion objetivo\Bases de Datos\AS_New_3주기\New_AS_072.wav,perfil_softmin_errores_f8,5.499462508577218e-05,0.049961572928907044,0.01810709663751368,0.8724188969737121,0.059457438834781225
AS,New_AS_073.wav,C:\Users\armga\OneDrive\Escritorio\TFG\Programacion objetivo\Bases de Datos\AS_New_3주기\New_AS_073.wav,perfil_softmin_errores_f8,1.1060398897069636e-05,0.08572617630415906,0.05008775694795927,0.7506213911577789,0.1135536151912058
AS,New_AS_074.wav,C:\Users\armga\OneDrive\Escritorio\TFG\Programacion objetivo\Bases de Datos\AS_New_3주기\New_AS_074.wav,perfil_softmin_errores_f8,0.0004428830260737509,0.12645273354820988,0.01688183004368412,0.7630362838749276,0.09318626950710457
AS,New_AS_075.wav,C:\Users\armga\OneDrive\Escritorio\TFG\Programacion objetivo\Bases de Datos\AS_New_3주기\New_AS_075.wav,perfil_softmin_errores_f8,2.7258361102122395e-05,0.025990322605938636,0.007639868700612408,0.7187484095896578,0.247594140742689
AS,New_AS_076.wav,C:\Users\armga\OneDrive\Escritorio\TFG\Programacion objetivo\Bases de Datos\AS_New_3주기\New_AS_076.wav,perfil_softmin_errores_f8,0.00013279794702927337,0.039565766588827884,0.019722446607154755,0.8755628891083911,0.06501609974859711
AS,New_AS_077.wav,C:\Users\armga\OneDrive\Escritorio\TFG\Programacion objetivo\Bases de Datos\AS_New_3주기\New_AS_077.wav,perfil_softmin_errores_f8,3.555366051159664e-07,0.1660992160701793,0.1874759093534683,0.2632609207720948,0.3831635982676525
AS,New_AS_078.wav,C:\Users\armga\OneDrive\Escritorio\TFG\Programacion objetivo\Bases de Datos\AS_New_3주기\New_AS_078.wav,perfil_softmin_errores_f8,7.247024063018637e-07,0.14722632938400396,0.14399749140505402,0.3051846950033241,0.4035907595052115
AS,New_AS_079.wav,C:\Users\armga\OneDrive\Escritorio\TFG\Programacion objetivo\Bases de Datos\AS_New_3주기\New_AS_079.wav,perfil_softmin_errores_f8,6.04856433407785e-07,0.15452028232405962,0.2007492504344223,0.287161776755703,0.35756808562938175
AS,New_AS_080.wav,C:\Users\armga\OneDrive\Escritorio\TFG\Programacion objetivo\Bases de Datos\AS_New_3주기\New_AS_080.wav,perfil_softmin_errores_f8,3.008365438724858e-07,0.12063703011934228,0.191386718450273,0.38810725558780634,0.29986869500603447
AS,New_AS_081.wav,C:\Users\armga\OneDrive\Escritorio\TFG\Programacion objetivo\Bases de Datos\AS_New_3주기\New_AS_081.wav,perfil_softmin_errores_f8,8.435891470704252e-07,0.15463069613487754,0.20729466766340704,0.3297528204800613,0.30832097213250703
AS,New_AS_082.wav,C:\Users\armga\OneDrive\Escritorio\TFG\Programacion objetivo\Bases de Datos\AS_New_3주기\New_AS_082.wav,perfil_softmin_errores_f8,1.5853894160369098e-07,0.18780083517536172,0.1806908117626084,0.3028943676204666,0.32861382690262164
AS,New_AS_083.wav,C:\Users\armga\OneDrive\Escritorio\TFG\Programacion objetivo\Bases de Datos\AS_New_3주기\New_AS_083.wav,perfil_softmin_errores_f8,1.0642531141710743e-06,0.15677407293505594,0.2162591929478956,0.30676850006582074,0.32019716979811347
AS,New_AS_084.wav,C:\Users\armga\OneDrive\Escritorio\TFG\Programacion objetivo\Bases de Datos\AS_New_3주기\New_AS_084.wav,perfil_softmin_errores_f8,1.591338982074465e-06,0.13265312176913258,0.2760474418673553,0.2899982470305873,0.30129959799394274
AS,New_AS_085.wav,C:\Users\armga\OneDrive\Escritorio\TFG\Programacion objetivo\Bases de Datos\AS_New_3주기\New_AS_085.wav,perfil_softmin_errores_f8,9.411649657277988e-07,0.22189158585080146,0.2508617751377323,0.3116687856617512,0.21557691218474928
AS,New_AS_086.wav,C:\Users\armga\OneDrive\Escritorio\TFG\Programacion objetivo\Bases de Datos\AS_New_3주기\New_AS_086.wav,perfil_softmin_errores_f8,1.352133841581951e-06,0.175090926970846,0.18563884071887124,0.28441158864247307,0.35485729153396817
AS,New_AS_087.wav,C:\Users\armga\OneDrive\Escritorio\TFG\Programacion objetivo\Bases de Datos\AS_New_3주기\New_AS_087.wav,perfil_softmin_errores_f8,2.1295956937915555e-07,0.1319927909147733,0.19502149548802292,0.28778196290370556,0.38520353773392885
AS,New_AS_088.wav,C:\Users\armga\OneDrive\Escritorio\TFG\Programacion objetivo\Bases de Datos\AS_New_3주기\New_AS_088.wav,perfil_softmin_errores_f8,2.1928489672079093e-07,0.18588801417600465,0.1593528821664651,0.32733325474767594,0.3274256296249576
AS,New_AS_089.wav,C:\Users\armga\OneDrive\Escritorio\TFG\Programacion objetivo\Bases de Datos\AS_New_3주기\New_AS_089.wav,perfil_softmin_errores_f8,1.3699787627599033e-07,0.18470765881447979,0.18167132149541015,0.3295450180266077,0.30407586466562614
AS,New_AS_090.wav,C:\Users\armga\OneDrive\Escritorio\TFG\Programacion objetivo\Bases de Datos\AS_New_3주기\New_AS_090.wav,perfil_softmin_errores_f8,1.046393600720101e-06,0.15303080017256315,0.1514192929823897,0.3581394684396554,0.337409392011791
AS,New_AS_091.wav,C:\Users\armga\OneDrive\Escritorio\TFG\Programacion objetivo\Bases de Datos\AS_New_3주기\New_AS_091.wav,perfil_softmin_errores_f8,9.662585395546452e-07,0.13044527770775077,0.19428516513639973,0.3322906723533388,0.34297791854397114
AS,New_AS_092.wav,C:\Users\armga\OneDrive\Escritorio\TFG\Programacion objetivo\Bases de Datos\AS_New_3주기\New_AS_092.wav,perfil_softmin_errores_f8,4.0726822581355343e-07,0.15833641381136412,0.20520879606527137,0.3015255380593102,0.3349288447958285
AS,New_AS_093.wav,C:\Users\armga\OneDrive\Escritorio\TFG\Programacion objetivo\Bases de Datos\AS_New_3주기\New_AS_093.wav,perfil_softmin_errores_f8,1.4929706231745794e-06,0.17408567710831235,0.21199924600684347,0.326973903764019,0.286939680150202
AS,New_AS_094.wav,C:\Users\armga\OneDrive\Escritorio\TFG\Programacion objetivo\Bases de Datos\AS_New_3주기\New_AS_094.wav,perfil_softmin_errores_f8,3.106343459852875e-07,0.17999404708753936,0.1847383068379108,0.2699127220139979,0.365354613426206
AS,New_AS_095.wav,C:\Users\armga\OneDrive\Escritorio\TFG\Programacion objetivo\Bases de Datos\AS_New_3주기\New_AS_095.wav,perfil_softmin_errores_f8,3.4048869952032063e-06,0.15943950018604622,0.19092458990054242,0.30750456732127013,0.34212793770514593
AS,New_AS_096.wav,C:\Users\armga\OneDrive\Escritorio\TFG\Programacion objetivo\Bases de Datos\AS_New_3주기\New_AS_096.wav,perfil_softmin_errores_f8,1.981007718553328e-06,0.16589472694634794,0.2183697539365763,0.32231873805025685,0.2934148000591003
AS,New_AS_097.wav,C:\Users\armga\OneDrive\Escritorio\TFG\Programacion objetivo\Bases de Datos\AS_New_3주기\New_AS_097.wav,perfil_softmin_errores_f8,2.857087114276827e-07,0.13002025124236766,0.22850624370292008,0.2669071934996959,0.37456602584630494
AS,New_AS_098.wav,C:\Users\armga\OneDrive\Escritorio\TFG\Programacion objetivo\Bases de Datos\AS_New_3주기\New_AS_098.wav,perfil_softmin_errores_f8,3.173245173156111e-07,0.1051843817673221,0.2073112854274604,0.31361039357784903,0.3738936219028511
AS,New_AS_099.wav,C:\Users\armga\OneDrive\Escritorio\TFG\Programacion objetivo\Bases de Datos\AS_New_3주기\New_AS_099.wav,perfil_softmin_errores_f8,7.491709348598412e-07,0.15089382511542054,0.24032668511905106,0.33311374533848204,0.27566499525611154
AS,New_AS_100.wav,C:\Users\armga\OneDrive\Escritorio\TFG\Programacion objetivo\Bases de Datos\AS_New_3주기\New_AS_100.wav,perfil_softmin_errores_f8,7.559408360801076e-07,0.16528108708914516,0.22193365734813994,0.28231499559039763,0.3304695040314811
AS,New_AS_101.wav,C:\Users\armga\OneDrive\Escritorio\TFG\Programacion objetivo\Bases de Datos\AS_New_3주기\New_AS_101.wav,perfil_softmin_errores_f8,3.520583163240098e-07,0.19116536174197998,0.20746413610925674,0.2786251052429577,0.3227450448474893
AS,New_AS_102.wav,C:\Users\armga\OneDrive\Escritorio\TFG\Programacion objetivo\Bases de Datos\AS_New_3주기\New_AS_102.wav,perfil_softmin_errores_f8,6.993722748673907e-07,0.13924546936432852,0.2245183387440597,0.285573730431073,0.3506617620882639
AS,New_AS_103.wav,C:\Users\armga\OneDrive\Escritorio\TFG\Programacion objetivo\Bases de Datos\AS_New_3주기\New_AS_103.wav,perfil_softmin_errores_f8,1.0223165741371598e-06,0.15995558842961702,0.22876793889955732,0.31861856911529446,0.29265688123895706
AS,New_AS_104.wav,C:\Users\armga\OneDrive\Escritorio\TFG\Programacion objetivo\Bases de Datos\AS_New_3주기\New_AS_104.wav,perfil_softmin_errores_f8,3.0283920388163927e-07,0.12284047089726374,0.22064157545249852,0.35432363262616984,0.30219401818486413
AS,New_AS_105.wav,C:\Users\armga\OneDrive\Escritorio\TFG\Programacion objetivo\Bases de Datos\AS_New_3주기\New_AS_105.wav,perfil_softmin_errores_f8,6.94434541674909e-07,0.15768670538294616,0.220347067099979,0.28765862475752657,0.3343069083250066
AS,New_AS_106.wav,C:\Users\armga\OneDrive\Escritorio\TFG\Programacion objetivo\Bases de Datos\AS_New_3주기\New_AS_106.wav,perfil_softmin_errores_f8,6.976843891745602e-07,0.21527275280112967,0.2215988506403748,0.23158286960379482,0.3315448292703115
AS,New_AS_107.wav,C:\Users\armga\OneDrive\Escritorio\TFG\Programacion objetivo\Bases de Datos\AS_New_3주기\New_AS_107.wav,perfil_softmin_errores_f8,2.428887932138025e-07,0.22848968717250207,0.1798177599603308,0.3073137715413664,0.2843785384370076
AS,New_AS_108.wav,C:\Users\armga\OneDrive\Escritorio\TFG\Programacion objetivo\Bases de Datos\AS_New_3주기\New_AS_108.wav,perfil_softmin_errores_f8,9.645467701300906e-07,0.15048993397673557,0.2238790482966449,0.3419447815794753,0.2836852716003741
AS,New_AS_109.wav,C:\Users\armga\OneDrive\Escritorio\TFG\Programacion objetivo\Bases de Datos\AS_New_3주기\New_AS_109.wav,perfil_softmin_errores_f8,9.697887979099617e-07,0.1476095758597755,0.1994037385635862,0.3615281461864896,0.29145756960135083
AS,New_AS_110.wav,C:\Users\armga\OneDrive\Escritorio\TFG\Programacion objetivo\Bases de Datos\AS_New_3주기\New_AS_110.wav,perfil_softmin_errores_f8,3.1880601923776436e-07,0.16375978352568313,0.22253288894119438,0.3328959045622105,0.28081110416489286
AS,New_AS_111.wav,C:\Users\armga\OneDrive\Escritorio\TFG\Programacion objetivo\Bases de Datos\AS_New_3주기\New_AS_111.wav,perfil_softmin_errores_f8,2.653122867629572e-06,0.1710945791696187,0.08742576520134769,0.3393644110425525,0.4021125914636135
AS,New_AS_112.wav,C:\Users\armga\OneDrive\Escritorio\TFG\Programacion objetivo\Bases de Datos\AS_New_3주기\New_AS_112.wav,perfil_softmin_errores_f8,7.412306426504076e-07,0.12203392796074039,0.06929092436161453,0.28025435083875927,0.5284200556082431
AS,New_AS_113.wav,C:\Users\armga\OneDrive\Escritorio\TFG\Programacion objetivo\Bases de Datos\AS_New_3주기\New_AS_113.wav,perfil_softmin_errores_f8,4.072401244403074e-06,0.08357086516325135,0.0651248196873972,0.2583556295253357,0.5929446132227713
AS,New_AS_114.wav,C:\Users\armga\OneDrive\Escritorio\TFG\Programacion objetivo\Bases de Datos\AS_New_3주기\New_AS_114.wav,perfil_softmin_errores_f8,2.1428586967512237e-06,0.09181488229421338,0.0570034295977206,0.31832261937354817,0.5328569258758211
AS,New_AS_115.wav,C:\Users\armga\OneDrive\Escritorio\TFG\Programacion objetivo\Bases de Datos\AS_New_3주기\New_AS_115.wav,perfil_softmin_errores_f8,1.032878638467596e-06,0.1506873371772785,0.24028057508334186,0.29475522050152575,0.3142758343592154
AS,New_AS_116.wav,C:\Users\armga\OneDrive\Escritorio\TFG\Programacion objetivo\Bases de Datos\AS_New_3주기\New_AS_116.wav,perfil_softmin_errores_f8,4.0309304287284767e-07,0.23071819659263676,0.1830085782470004,0.31787756274910706,0.268395259318213
AS,New_AS_117.wav,C:\Users\armga\OneDrive\Escritorio\TFG\Programacion objetivo\Bases de Datos\AS_New_3주기\New_AS_117.wav,perfil_softmin_errores_f8,2.1606105371597368e-07,0.20038760717962154,0.19262990525255513,0.32791973690902126,0.2790625345977482
AS,New_AS_118.wav,C:\Users\armga\OneDrive\Escritorio\TFG\Programacion objetivo\Bases de Datos\AS_New_3주기\New_AS_118.wav,perfil_softmin_errores_f8,3.082287476390306e-07,0.20612191504760083,0.21297499138318282,0.33007388101950336,0.25082890432096533
AS,New_AS_119.wav,C:\Users\armga\OneDrive\Escritorio\TFG\Programacion objetivo\Bases de Datos\AS_New_3주기\New_AS_119.wav,perfil_softmin_errores_f8,1.1900589399301735e-06,0.1562970258831602,0.21607452499533425,0.27258338564009205,0.3550438734224735
AS,New_AS_120.wav,C:\Users\armga\OneDrive\Escritorio\TFG\Programacion objetivo\Bases de Datos\AS_New_3주기\New_AS_120.wav,perfil_softmin_errores_f8,7.316907252866148e-07,0.11730672464133327,0.2133817937046656,0.3057189562464431,0.36359179371683276
AS,New_AS_121.wav,C:\Users\armga\OneDrive\Escritorio\TFG\Programacion objetivo\Bases de Datos\AS_New_3주기\New_AS_121.wav,perfil_softmin_errores_f8,6.093729225542294e-07,0.16927849055280272,0.22626339994402483,0.2818171995118981,0.3226403006183518
AS,New_AS_122.wav,C:\Users\armga\OneDrive\Escritorio\TFG\Programacion objetivo\Bases de Datos\AS_New_3주기\New_AS_122.wav,perfil_softmin_errores_f8,5.074525290632155e-07,0.19035723106563887,0.22952314764976506,0.2281870680652651,0.35193204576680204
AS,New_AS_123.wav,C:\Users\armga\OneDrive\Escritorio\TFG\Programacion objetivo\Bases de Datos\AS_New_3주기\New_AS_123.wav,perfil_softmin_errores_f8,2.83185125843066e-07,0.20514262761775404,0.21638810748872883,0.22352692334318497,0.3549420583652064
AS,New_AS_124.wav,C:\Users\armga\OneDrive\Escritorio\TFG\Programacion objetivo\Bases de Datos\AS_New_3주기\New_AS_124.wav,perfil_softmin_errores_f8,8.024567001109641e-07,0.1516189621315116,0.19310227612755784,0.29766597630782105,0.35761198297640945
AS,New_AS_125.wav,C:\Users\armga\OneDrive\Escritorio\TFG\Programacion objetivo\Bases de Datos\AS_New_3주기\New_AS_125.wav,perfil_softmin_errores_f8,9.652144332587351e-07,0.17965346233657217,0.222199816597109,0.29915050371526714,0.2989952521366185
AS,New_AS_126.wav,C:\Users\armga\OneDrive\Escritorio\TFG\Programacion objetivo\Bases de Datos\AS_New_3주기\New_AS_126.wav,perfil_softmin_errores_f8,2.644206724062517e-07,0.16333803564791063,0.2897193112283949,0.2944159891499302,0.2525263995530918
AS,New_AS_127.wav,C:\Users\armga\OneDrive\Escritorio\TFG\Programacion objetivo\Bases de Datos\AS_New_3주기\New_AS_127.wav,perfil_softmin_errores_f8,4.773186506533092e-07,0.1434195432276511,0.22641408100926477,0.3340442862492339,0.2961216121951996
AS,New_AS_128.wav,C:\Users\armga\OneDrive\Escritorio\TFG\Programacion objetivo\Bases de Datos\AS_New_3주기\New_AS_128.wav,perfil_softmin_errores_f8,7.851148855628264e-07,0.18975822759157107,0.21170537451860796,0.2977191103740128,0.30081650240092267
AS,New_AS_129.wav,C:\Users\armga\OneDrive\Escritorio\TFG\Programacion objetivo\Bases de Datos\AS_New_3주기\New_AS_129.wav,perfil_softmin_errores_f8,2.368913813576594e-08,0.43375084835610445,0.5070988888373067,5.0738916035876053e-05,0.05909950020141485
AS,New_AS_130.wav,C:\Users\armga\OneDrive\Escritorio\TFG\Programacion objetivo\Bases de Datos\AS_New_3주기\New_AS_130.wav,perfil_softmin_errores_f8,1.0555659064159104e-08,0.40592039164744104,0.5348941875270682,2.9488334453880582e-05,0.05915592193537789
AS,New_AS_131.wav,C:\Users\armga\OneDrive\Escritorio\TFG\Programacion objetivo\Bases de Datos\AS_New_3주기\New_AS_131.wav,perfil_softmin_errores_f8,1.1116093615601689e-08,0.07676988777729325,0.0970576256846734,0.8066279221726167,0.019544553249322905
AS,New_AS_132.wav,C:\Users\armga\OneDrive\Escritorio\TFG\Programacion objetivo\Bases de Datos\AS_New_3주기\New_AS_132.wav,perfil_softmin_errores_f8,0.002038975265518475,0.08448144749236783,0.15530902115028894,0.5221228547113005,0.2360477013805241
AS,New_AS_133.wav,C:\Users\armga\OneDrive\Escritorio\TFG\Programacion objetivo\Bases de Datos\AS_New_3주기\New_AS_133.wav,perfil_softmin_errores_f8,4.243009296792548e-08,0.5911863624683475,0.40225157176106957,2.338760022867317e-06,0.006559684580466988
AS,New_AS_134.wav,C:\Users\armga\OneDrive\Escritorio\TFG\Programacion objetivo\Bases de Datos\AS_New_3주기\New_AS_134.wav,perfil_softmin_errores_f8,4.863032761962556e-07,0.1612785591666186,0.2306396415068733,0.29537863963004235,0.31270267339318947
AS,New_AS_135.wav,C:\Users\armga\OneDrive\Escritorio\TFG\Programacion objetivo\Bases de Datos\AS_New_3주기\New_AS_135.wav,perfil_softmin_errores_f8,1.4208173624502703e-07,0.5665242908703999,0.4268782760420196,4.815987813302742e-06,0.00659247501803099
AS,New_AS_136.wav,C:\Users\armga\OneDrive\Escritorio\TFG\Programacion objetivo\Bases de Datos\AS_New_3주기\New_AS_136.wav,perfil_softmin_errores_f8,6.145920927604546e-08,0.39135607442933584,0.5436088950963452,6.100455818760573e-05,0.06497396445692204
AS,New_AS_137.wav,C:\Users\armga\OneDrive\Escritorio\TFG\Programacion objetivo\Bases de Datos\AS_New_3주기\New_AS_137.wav,perfil_softmin_errores_f8,1.5352194485713426e-07,0.5112372413178897,0.43436828059039373,9.560145243776117e-05,0.054298723117334045
AS,New_AS_138.wav,C:\Users\armga\OneDrive\Escritorio\TFG\Programacion objetivo\Bases de Datos\AS_New_3주기\New_AS_138.wav,perfil_softmin_errores_f8,6.11847366490195e-08,0.3928413315325678,0.5337285974708289,9.528712132138077e-05,0.07333472269054535
AS,New_AS_139.wav,C:\Users\armga\OneDrive\Escritorio\TFG\Programacion objetivo\Bases de Datos\AS_New_3주기\New_AS_139.wav,perfil_softmin_errores_f8,4.61389884075919e-08,0.42793966202948497,0.5161658184082119,3.202792132463167e-05,0.05586244550199015
AS,New_AS_140.wav,C:\Users\armga\OneDrive\Escritorio\TFG\Programacion objetivo\Bases de Datos\AS_New_3주기\New_AS_140.wav,perfil_softmin_errores_f8,3.230453024622485e-08,0.04117057058907519,0.03651378352864943,0.46698635243640346,0.45532926114134176
AS,New_AS_141.wav,C:\Users\armga\OneDrive\Escritorio\TFG\Programacion objetivo\Bases de Datos\AS_New_3주기\New_AS_141.wav,perfil_softmin_errores_f8,5.3360303472647266e-08,0.03379880415630575,0.04857555230726095,0.48036688150336765,0.4372587086727622
AS,New_AS_142.wav,C:\Users\armga\OneDrive\Escritorio\TFG\Programacion objetivo\Bases de Datos\AS_New_3주기\New_AS_142.wav,perfil_softmin_errores_f8,1.719164740764829e-08,0.05544501273326595,0.06340604226721917,0.4630575356812372,0.4180913921266303
AS,New_AS_143.wav,C:\Users\armga\OneDrive\Escritorio\TFG\Programacion objetivo\Bases de Datos\AS_New_3주기\New_AS_143.wav,perfil_softmin_errores_f8,5.7488986985325426e-09,0.0565035293831859,0.07791096433721129,0.33010110748017407,0.5354843930505301
AS,New_AS_144.wav,C:\Users\armga\OneDrive\Escritorio\TFG\Programacion objetivo\Bases de Datos\AS_New_3주기\New_AS_144.wav,perfil_softmin_errores_f8,2.328680062176309e-07,0.22347565074077122,0.24454816796186574,0.13488233563549787,0.397093612793859
AS,New_AS_145.wav,C:\Users\armga\OneDrive\Escritorio\TFG\Programacion objetivo\Bases de Datos\AS_New_3주기\New_AS_145.wav,perfil_softmin_errores_f8,5.493929234807842e-07,0.20583578200615626,0.19020739700224376,0.16336055504045063,0.44059571655822594
AS,New_AS_146.wav,C:\Users\armga\OneDrive\Escritorio\TFG\Programacion objetivo\Bases de Datos\AS_New_3주기\New_AS_146.wav,perfil_softmin_errores_f8,4.07002900295332e-07,0.2275933283127843,0.23213306343335716,0.11813619205610676,0.42213700919485136
AS,New_AS_147.wav,C:\Users\armga\OneDrive\Escritorio\TFG\Programacion objetivo\Bases de Datos\AS_New_3주기\New_AS_147.wav,perfil_softmin_errores_f8,2.0114330047418365e-07,0.19706329055613922,0.20566807852582938,0.11572035411375117,0.4815480756609799
AS,New_AS_148.wav,C:\Users\armga\OneDrive\Escritorio\TFG\Programacion objetivo\Bases de Datos\AS_New_3주기\New_AS_148.wav,perfil_softmin_errores_f8,6.135588991030923e-07,0.18894897800212362,0.19207026143194156,0.13737419491572048,0.4816059520913152
AS,New_AS_149.wav,C:\Users\armga\OneDrive\Escritorio\TFG\Programacion objetivo\Bases de Datos\AS_New_3주기\New_AS_149.wav,perfil_softmin_errores_f8,8.02799970281389e-07,0.20804036146580504,0.20621036090105715,0.15302723791101844,0.43272123692214914
AS,New_AS_150.wav,C:\Users\armga\OneDrive\Escritorio\TFG\Programacion objetivo\Bases de Datos\AS_New_3주기\New_AS_150.wav,perfil_softmin_errores_f8,3.67324479318183e-07,0.225679962843705,0.2294122355574739,0.12846146764557007,0.4164459666287717
AS,New_AS_151.wav,C:\Users\armga\OneDrive\Escritorio\TFG\Programacion objetivo\Bases de Datos\AS_New_3주기\New_AS_151.wav,perfil_softmin_errores_f8,1.519561125330031e-06,0.22561314542997435,0.20233876890440927,0.12172977838114644,0.4503167877233446
AS,New_AS_152.wav,C:\Users\armga\OneDrive\Escritorio\TFG\Programacion objetivo\Bases de Datos\AS_New_3주기\New_AS_152.wav,perfil_softmin_errores_f8,2.3078515832862232e-06,0.36915248649778915,0.3691256436164661,0.007497648020179003,0.2542219140139825
AS,New_AS_153.wav,C:\Users\armga\OneDrive\Escritorio\TFG\Programacion objetivo\Bases de Datos\AS_New_3주기\New_AS_153.wav,perfil_softmin_errores_f8,3.8246793921950694e-07,0.3450779934584855,0.3807183457246094,0.006672024886529883,0.2675312534624361
AS,New_AS_154.wav,C:\Users\armga\OneDrive\Escritorio\TFG\Programacion objetivo\Bases de Datos\AS_New_3주기\New_AS_154.wav,perfil_softmin_errores_f8,1.4001010049415597e-06,0.3157192240587848,0.32214072999817256,0.00802930808946337,0.35410933775257436
AS,New_AS_155.wav,C:\Users\armga\OneDrive\Escritorio\TFG\Programacion objetivo\Bases de Datos\AS_New_3주기\New_AS_155.wav,perfil_softmin_errores_f8,4.138534162187825e-07,0.3626245046819235,0.4311061265593434,0.006828656625479453,0.19944029827983745
AS,New_AS_156.wav,C:\Users\armga\OneDrive\Escritorio\TFG\Programacion objetivo\Bases de Datos\AS_New_3주기\New_AS_156.wav,perfil_softmin_errores_f8,5.396802315401351e-08,0.39012573865887357,0.512872258485514,5.982193118528006e-05,0.09694212695640404
AS,New_AS_157.wav,C:\Users\armga\OneDrive\Escritorio\TFG\Programacion objetivo\Bases de Datos\AS_New_3주기\New_AS_157.wav,perfil_softmin_errores_f8,2.0209034987635598e-07,0.4706118072108638,0.4643300272537188,0.00012614136503272166,0.06493182208003469
AS,New_AS_158.wav,C:\Users\armga\OneDrive\Escritorio\TFG\Programacion objetivo\Bases de Datos\AS_New_3주기\New_AS_158.wav,perfil_softmin_errores_f8,3.618689743353033e-08,0.4845050479700144,0.44396084670178876,7.706325090854348e-05,0.07145700589039078
AS,New_AS_159.wav,C:\Users\armga\OneDrive\Escritorio\TFG\Programacion objetivo\Bases de Datos\AS_New_3주기\New_AS_159.wav,perfil_softmin_errores_f8,2.6190117796992123e-08,0.42741135682979003,0.5343618089664773,2.583584004751358e-05,0.038200972173567355
AS,New_AS_160.wav,C:\Users\armga\OneDrive\Escritorio\TFG\Programacion objetivo\Bases de Datos\AS_New_3주기\New_AS_160.wav,perfil_softmin_errores_f8,8.145121946931408e-08,0.38033570118296167,0.507843618933363,0.00010289325895142642,0.11171770517350431
AS,New_AS_161.wav,C:\Users\armga\OneDrive\Escritorio\TFG\Programacion objetivo\Bases de Datos\AS_New_3주기\New_AS_161.wav,perfil_softmin_errores_f8,4.6451903378934175e-08,0.3958128662052229,0.5354317707704114,6.124358644360594e-05,0.06869407298601884
