clase,archivo,ruta,variante_deep_onmf,F_001,F_002,F_003,F_004,F_005
AS,New_AS_001.wav,C:\Users\armga\OneDrive\Escritorio\TFG\Programacion objetivo\Bases de Datos\AS_New_3주기\New_AS_001.wav,perfil_softmin_errores_f8,5.531143819305381e-07,0.23903949674683955,0.1880889942278589,0.35471142133874484,0.2181595345721748
AS,New_AS_002.wav,C:\Users\armga\OneDrive\Escritorio\TFG\Programacion objetivo\Bases de Datos\AS_New_3주기\New_AS_002.wav,perfil_softmin_errores_f8,4.7193499810159243e-07,0.35023546352682816,0.08652596298134195,0.3326793703499684,0.23055873120686332
AS,New_AS_003.wav,C:\Users\armga\OneDrive\Escritorio\TFG\Programacion objetivo\Bases de Datos\AS_New_3주기\New_AS_003.wav,perfil_softmin_errores_f8,1.1783640901370925e-07,0.3412619726207662,0.11678123617682426,0.28373486896411526,0.25822180440188536
AS,New_AS_004.wav,C:\Users\armga\OneDrive\Escritorio\TFG\Programacion objetivo\Bases de Datos\AS_New_3주기\New_AS_004.wav,perfil_softmin_errores_f8,2.428382092875303e-07,0.35228696212717714,0.09985003386920761,0.2323852494437865,0.31547751172161936
AS,New_AS_005.wav,C:\Users\armga\OneDrive\Escritorio\TFG\Programacion objetivo\Bases de Datos\AS_New_3주기\New_AS_005.wav,perfil_softmin_errores_f8,3.9339646120499917e-07,0.28063198628213476,0.09419036020094998,0.35835783260929305,0.26681942751116106
AS,New_AS_006.wav,C:\Users\armga\OneDrive\Escritorio\TFG\Programacion objetivo\Bases de Datos\AS_New_3주기\New_AS_006.wav,perfil_softmin_errores_f8,7.755438818817276e-08,0.3784903425461388,0.1475341478288821,0.3155955839214846,0.15837984814910624
AS,New_AS_007.wav,C:\Users\armga\OneDrive\Escritorio\TFG\Programacion objetivo\Bases de Datos\AS_New_3주기\New_AS_007.wav,perfil_softmin_errores_f8,3.729150541686974e-07,0.2960354216353677,0.14334783552395414,0.3508836386757804,0.20973273124984348
AS,New_AS_008.wav,C:\Users\armga\OneDrive\Escritorio\TFG\Programacion objetivo\Bases de Datos\AS_New_3주기\New_AS_008.wav,perfil_softmin_errores_f8,9.520227664419038e-08,0.31499671998072276,0.09494564983636691,0.3800468050388766,0.21001072994175693
AS,New_AS_009.wav,C:\Users\armga\OneDrive\Escritorio\TFG\Programacion objetivo\Bases de Datos\AS_New_3주기\New_AS_009.wav,perfil_softmin_errores_f8,1.966930967099969e-07,0.393208504458691,0.10661507995527891,0.32641894423849144,0.173757274654442
AS,New_AS_010.wav,C:\Users\armga\OneDrive\Escritorio\TFG\Programacion objetivo\Bases de Datos\AS_New_3주기\New_AS_010.wav,perfil_softmin_errores_f8,3.131011180202421e-07,0.2738555480607684,0.115676367419554,0.35093210047134316,0.25953567094721636
AS,New_AS_011.wav,C:\Users\armga\OneDrive\Escritorio\TFG\Programacion objetivo\Bases de Datos\AS_New_3주기\New_AS_011.wav,perfil_softmin_errores_f8,4.1002205107646277e-07,0.3813185113018717,0.10457234028202346,0.34478751187821366,0.16932122651584017
AS,New_AS_012.wav,C:\Users\armga\OneDrive\Escritorio\TFG\Programacion objetivo\Bases de Datos\AS_New_3주기\New_AS_012.wav,perfil_softmin_errores_f8,1.3853904092951843e-07,0.24814217958166207,0.1498391661595067,0.39432337378006177,0.2076951419397285
AS,New_AS_013.wav,C:\Users\armga\OneDrive\Escritorio\TFG\Programacion objetivo\Bases de Datos\AS_New_3주기\New_AS_013.wav,perfil_softmin_errores_f8,2.250945760946896e-07,0.38789764731099835,0.14509292505522747,0.3197945682520358,0.14721463428716222
AS,New_AS_014.wav,C:\Users\armga\OneDrive\Escritorio\TFG\Programacion objetivo\Bases de Datos\AS_New_3주기\New_AS_014.wav,perfil_softmin_errores_f8,1.707071650189758e-07,0.35447308458290944,0.06976721633599064,0.34440511166193616,0.23135441671199858
AS,New_AS_015.wav,C:\Users\armga\OneDrive\Escritorio\TFG\Programacion objetivo\Bases de Datos\AS_New_3주기\New_AS_015.wav,perfil_softmin_errores_f8,7.614775610221171e-07,0.3181976037235004,0.1284830015478435,0.3071367211550288,0.24618191209606638
AS,New_AS_016.wav,C:\Users\armga\OneDrive\Escritorio\TFG\Programacion objetivo\Bases de Datos\AS_New_3주기\New_AS_016.wav,perfil_softmin_errores_f8,5.544224980492943e-07,0.3435616678214353,0.09448729225484068,0.31437766240274007,0.2475728230984859
AS,New_AS_017.wav,C:\Users\armga\OneDrive\Escritorio\TFG\Programacion objetivo\Bases de Datos\AS_New_3주기\New_AS_017.wav,perfil_softmin_errores_f8,9.820528460168976e-07,0.30477993885479565,0.09140949988666319,0.37930395144792506,0.2245056277577701
AS,New_AS_018.wav,C:\Users\armga\OneDrive\Escritorio\TFG\Programacion objetivo\Bases de Datos\AS_New_3주기\New_AS_018.wav,perfil_softmin_errores_f8,3.1960787794826716e-07,0.3055616475962688,0.14802650296233888,0.3822306878723079,0.16418084196120653
AS,New_AS_019.wav,C:\Users\armga\OneDrive\Escritorio\TFG\Programacion objetivo\Bases de Datos\AS_New_3주기\New_AS_019.wav,perfil_softmin_errores_f8,1.6617320733391317e-07,0.23073906853762022,0.17575152201691388,0.3518752726178317,0.24163397065442685
AS,New_AS_020.wav,C:\Users\armga\OneDrive\Escritorio\TFG\Programacion objetivo\Bases de Datos\AS_New_3주기\New_AS_020.wav,perfil_softmin_errores_f8,1.6319881248956017e-07,0.3143647738501082,0.0715354979538261,0.36592867737376406,0.24817088762348904
AS,New_AS_021.wav,C:\Users\armga\OneDrive\Escritorio\TFG\Programacion objetivo\Bases de Datos\AS_New_3주기\New_AS_021.wav,perfil_softmin_errores_f8,2.2843138229650867e-07,0.30972513593651113,0.1151267767098878,0.35984719265866855,0.2153006662635501
AS,New_AS_022.wav,C:\Users\armga\OneDrive\Escritorio\TFG\Programacion objetivo\Bases de Datos\AS_New_3주기\New_AS_022.wav,perfil_softmin_errores_f8,1.4852901471042137e-07,0.3708567513906947,0.12364055214016392,0.28006472090565687,0.2254378270344699
AS,New_AS_023.wav,C:\Users\armga\OneDrive\Escritorio\TFG\Programacion objetivo\Bases de Datos\AS_New_3주기\New_AS_023.wav,perfil_softmin_errores_f8,5.52580362613798e-07,0.3659426085327579,0.14348984370560716,0.29354122640408487,0.1970257687771874
AS,New_AS_024.wav,C:\Users\armga\OneDrive\Escritorio\TFG\Programacion objetivo\Bases de Datos\AS_New_3주기\New_AS_024.wav,perfil_softmin_errores_f8,7.815891141554716e-08,0.36300685072425787,0.13192446074574535,0.3371261148771969,0.16794249549388862
AS,New_AS_025.wav,C:\Users\armga\OneDrive\Escritorio\TFG\Programacion objetivo\Bases de Datos\AS_New_3주기\New_AS_025.wav,perfil_softmin_errores_f8,2.4645759507813493e-07,0.35550865409602767,0.13007524049598074,0.3064176220798154,0.20799823687058114
AS,New_AS_026.wav,C:\Users\armga\OneDrive\Escritorio\TFG\Programacion objetivo\Bases de Datos\AS_New_3주기\New_AS_026.wav,perfil_softmin_errores_f8,6.738108203301433e-08,0.221836239591235,0.05890151292576098,0.4780801072336836,0.24118207286823826
AS,New_AS_027.wav,C:\Users\armga\OneDrive\Escritorio\TFG\Programacion objetivo\Bases de Datos\AS_New_3주기\New_AS_027.wav,perfil_softmin_errores_f8,1.0885342922342057e-07,0.3451551498166542,0.09630756442507418,0.3858237493738237,0.17271342753101862
AS,New_AS_028.wav,C:\Users\armga\OneDrive\Escritorio\TFG\Programacion objetivo\Bases de Datos\AS_New_3주기\New_AS_028.wav,perfil_softmin_errores_f8,2.9476638101457314e-07,0.31641865504078687,0.11263341362178783,0.3669185710563429,0.20402906551470126
AS,New_AS_029.wav,C:\Users\armga\OneDrive\Escritorio\TFG\Programacion objetivo\Bases de Datos\AS_New_3주기\New_AS_029.wav,perfil_softmin_errores_f8,2.7263842705341755e-07,0.29842517841979205,0.09219226370441579,0.3799004347556811,0.22948185048168404
AS,New_AS_030.wav,C:\Users\armga\OneDrive\Escritorio\TFG\Programacion objetivo\Bases de Datos\AS_New_3주기\New_AS_030.wav,perfil_softmin_errores_f8,1.7315363663541401e-07,0.3146151268038485,0.1280838007446956,0.3322834922582348,0.2250174070395844
AS,New_AS_031.wav,C:\Users\armga\OneDrive\Escritorio\TFG\Programacion objetivo\Bases de Datos\AS_New_3주기\New_AS_031.wav,perfil_softmin_errores_f8,2.6819440622376987e-07,0.25914460675567413,0.10932782291255932,0.4521053624331019,0.17942193970425857
AS,New_AS_032.wav,C:\Users\armga\OneDrive\Escritorio\TFG\Programacion objetivo\Bases de Datos\AS_New_3주기\New_AS_032.wav,perfil_softmin_errores_f8,4.8001489542174687e-08,0.27040160350922526,0.09476862505668648,0.40125671615491665,0.23357300727768207
AS,New_AS_033.wav,C:\Users\armga\OneDrive\Escritorio\TFG\Programacion objetivo\Bases de Datos\AS_New_3주기\New_AS_033.wav,perfil_softmin_errores_f8,4.5813096697971393e-07,0.3012922457691882,0.1315636353239487,0.338111000229499,0.2290326605463971
AS,New_AS_034.wav,C:\Users\armga\OneDrive\Escritorio\TFG\Programacion objetivo\Bases de Datos\AS_New_3주기\New_AS_034.wav,perfil_softmin_errores_f8,1.958950748872403e-07,0.3193269708173741,0.09597438765197049,0.3301778257057341,0.25452061992984637
AS,New_AS_035.wav,C:\Users\armga\OneDrive\Escritorio\TFG\Programacion objetivo\Bases de Datos\AS_New_3주기\New_AS_035.wav,perfil_softmin_errores_f8,5.949544210994555e-07,0.32051164690639194,0.0889803391597828,0.3169654127428743,0.27354200623652986
AS,New_AS_036.wav,C:\Users\armga\OneDrive\Escritorio\TFG\Programacion objetivo\Bases de Datos\AS_New_3주기\New_AS_036.wav,perfil_softmin_errores_f8,3.408634974663177e-07,0.2923224626951165,0.12336407757775615,0.3710692448964517,0.21324387396717817
AS,New_AS_037.wav,C:\Users\armga\OneDrive\Escritorio\TFG\Programacion objetivo\Bases de Datos\AS_New_3주기\New_AS_037.wav,perfil_softmin_errores_f8,4.697470109346472e-08,0.2531311523719483,0.10225712849259538,0.502593183838957,0.14201848832179817
AS,New_AS_038.wav,C:\Users\armga\OneDrive\Escritorio\TFG\Programacion objetivo\Bases de Datos\AS_New_3주기\New_AS_038.wav,perfil_softmin_errores_f8,1.7358535816599864e-07,0.28314842712114596,0.1059080157060323,0.3670915814396366,0.24385180214782698
AS,New_AS_039.wav,C:\Users\armga\OneDrive\Escritorio\TFG\Programacion objetivo\Bases de Datos\AS_New_3주기\New_AS_039.wav,perfil_softmin_errores_f8,2.2656190781420515e-07,0.33871792617258584,0.10096973793221184,0.34426375981452634,0.21604834951876814
AS,New_AS_040.wav,C:\Users\armga\OneDrive\Escritorio\TFG\Programacion objetivo\Bases de Datos\AS_New_3주기\New_AS_040.wav,perfil_softmin_errores_f8,1.3519640339321998e-07,0.3410737541142927,0.10462517330194657,0.3283989275226021,0.22590200986475528
AS,New_AS_041.wav,C:\Users\armga\OneDrive\Escritorio\TFG\Programacion objetivo\Bases de Datos\AS_New_3주기\New_AS_041.wav,perfil_softmin_errores_f8,4.077316906028526e-07,0.308231730370791,0.08699816335135448,0.3893436997223601,0.21542599882380373
AS,New_AS_042.wav,C:\Users\armga\OneDrive\Escritorio\TFG\Programacion objetivo\Bases de Datos\AS_New_3주기\New_AS_042.wav,perfil_softmin_errores_f8,3.443139495278029e-07,0.26372331714111813,0.13033834999954313,0.41240372144842985,0.19353426709695942
AS,New_AS_043.wav,C:\Users\armga\OneDrive\Escritorio\TFG\Programacion objetivo\Bases de Datos\AS_New_3주기\New_AS_043.wav,perfil_softmin_errores_f8,1.1643429456091282e-07,0.21541238269340257,0.09908913470009395,0.4570118618450319,0.2284865043271771
AS,New_AS_044.wav,C:\Users\armga\OneDrive\Escritorio\TFG\Programacion objetivo\Bases de Datos\AS_New_3주기\New_AS_044.wav,perfil_softmin_errores_f8,2.137443697485548e-07,0.28172556652269537,0.09264824499133069,0.38452318284473863,0.24110279189686565
AS,New_AS_045.wav,C:\Users\armga\OneDrive\Escritorio\TFG\Programacion objetivo\Bases de Datos\AS_New_3주기\New_AS_045.wav,perfil_softmin_errores_f8,5.003742770748836e-08,0.28311307407551833,0.06873914916891097,0.46146740562941874,0.1866803210887242
AS,New_AS_046.wav,C:\Users\armga\OneDrive\Escritorio\TFG\Programacion objetivo\Bases de Datos\AS_New_3주기\New_AS_046.wav,perfil_softmin_errores_f8,3.28259792201195e-07,0.30054564527601363,0.10214595704381478,0.35055924837212027,0.2467488210482591
AS,New_AS_047.wav,C:\Users\armga\OneDrive\Escritorio\TFG\Programacion objetivo\Bases de Datos\AS_New_3주기\New_AS_047.wav,perfil_softmin_errores_f8,2.547908777220168e-07,0.3252378256045697,0.07602245141807866,0.3803378191736731,0.21840164901280068
AS,New_AS_048.wav,C:\Users\armga\OneDrive\Escritorio\TFG\Programacion objetivo\Bases de Datos\AS_New_3주기\New_AS_048.wav,perfil_softmin_errores_f8,1.0877938554427492e-07,0.31915505046309645,0.10795102151626208,0.40909991451454514,0.16379390472671068
AS,New_AS_049.wav,C:\Users\armga\OneDrive\Escritorio\TFG\Programacion objetivo\Bases de Datos\AS_New_3주기\New_AS_049.wav,perfil_softmin_errores_f8,5.576165125905794e-07,0.064911683811809,0.08234514867920233,0.7154786630289461,0.13726394686353
AS,New_AS_050.wav,C:\Users\armga\OneDrive\Escritorio\TFG\Programacion objetivo\Bases de Datos\AS_New_3주기\New_AS_050.wav,perfil_softmin_errores_f8,5.239173886474308e-06,0.02799505318243562,0.22648707598768536,0.7096005839067201,0.035912047749272445
AS,New_AS_051.wav,C:\Users\armga\OneDrive\Escritorio\TFG\Programacion objetivo\Bases de Datos\AS_New_3주기\New_AS_051.wav,perfil_softmin_errores_f8,0.0005608054207671027,0.323882582606385,0.17812115056823566,0.4074553715117875,0.08998008989282491
AS,New_AS_052.wav,C:\Users\armga\OneDrive\Escritorio\TFG\Programacion objetivo\Bases de Datos\AS_New_3주기\New_AS_052.wav,perfil_softmin_errores_f8,0.0004890679159598525,0.17210627799854508,0.29205629992530224,0.4537266071998152,0.0816217469603777
AS,New_AS_053.wav,C:\Users\armga\OneDrive\Escritorio\TFG\Programacion objetivo\Bases de Datos\AS_New_3주기\New_AS_053.wav,perfil_softmin_errores_f8,7.41982864772755e-06,0.013902924805238512,0.3034830427448616,0.6533969677363135,0.029209644884938664
AS,New_AS_054.wav,C:\Users\armga\OneDrive\Escritorio\TFG\Programacion objetivo\Bases de Datos\AS_New_3주기\New_AS_054.wav,perfil_softmin_errores_f8,2.0079278372441812e-05,0.18208400849530054,0.0993773240307179,0.6045732970126944,0.11394529118291483
AS,New_AS_055.wav,C:\Users\armga\OneDrive\Escritorio\TFG\Programacion objetivo\Bases de Datos\AS_New_3주기\New_AS_055.wav,perfil_softmin_errores_f8,0.00023956903210682718,0.16815495734113672,0.2546330267906777,0.4525138001122859,0.12445864672379285
AS,New_AS_056.wav,C:\Users\armga\OneDrive\Escritorio\TFG\Programacion objetivo\Bases de Datos\AS_New_3주기\New_AS_056.wav,perfil_softmin_errores_f8,4.923091414349919e-05,0.07642705692140847,0.3147556240506167,0.5562362297593922,0.05253185835443904
AS,New_AS_057.wav,C:\Users\armga\OneDrive\Escritorio\TFG\Programacion objetivo\Bases de Datos\AS_New_3주기\New_AS_057.wav,perfil_softmin_errores_f8,3.792194956489804e-05,0.23213355189490012,0.1498618256734659,0.4935790842543289,0.1243876162277402
AS,New_AS_058.wav,C:\Users\armga\OneDrive\Escritorio\TFG\Programacion objetivo\Bases de Datos\AS_New_3주기\New_AS_058.wav,perfil_softmin_errores_f8,4.7344396036633514e-05,0.20599658573729193,0.196424080106587,0.501819721109879,0.09571226865020545
AS,New_AS_059.wav,C:\Users\armga\OneDrive\Escritorio\TFG\Programacion objetivo\Bases de Datos\AS_New_3주기\New_AS_059.wav,perfil_softmin_errores_f8,8.140164636360355e-05,0.04834525019315437,0.37252452599146224,0.5464778657216018,0.03257095644741803
AS,New_AS_060.wav,C:\Users\armga\OneDrive\Escritorio\TFG\Programacion objetivo\Bases de Datos\AS_New_3주기\New_AS_060.wav,perfil_softmin_errores_f8,0.001166191722918987,0.21789860171657857,0.25113149366123233,0.441352117849921,0.0884515950493491
AS,New_AS_061.wav,C:\Users\armga\OneDrive\Escritorio\TFG\Programacion objetivo\Bases de Datos\AS_New_3주기\New_AS_061.wav,perfil_softmin_errores_f8,2.558069130278693e-06,0.07680671848970187,0.17526088226840697,0.6712180716801642,0.07671176949259666
AS,New_AS_062.wav,C:\Users\armga\OneDrive\Escritorio\TFG\Programacion objetivo\Bases de Datos\AS_New_3주기\New_AS_062.wav,perfil_softmin_errores_f8,8.792822500680564e-07,0.068089735538897,0.17489081474510784,0.7028329621329633,0.05418560830078187
AS,New_AS_063.wav,C:\Users\armga\OneDrive\Escritorio\TFG\Programacion objetivo\Bases de Datos\AS_New_3주기\New_AS_063.wav,perfil_softmin_errores_f8,0.0004777918553905361,0.0669261389367061,0.3141408899764416,0.5401216635278285,0.07833351570363326
AS,New_AS_064.wav,C:\Users\armga\OneDrive\Escritorio\TFG\Programacion objetivo\Bases de Datos\AS_New_3주기\New_AS_064.wav,perfil_softmin_errores_f8,0.00028795474559454665,0.172574909043143,0.306702237549913,0.42885589313443684,0.09157900552691269
AS,New_AS_065.wav,C:\Users\armga\OneDrive\Escritorio\TFG\Programacion objetivo\Bases de Datos\AS_New_3주기\New_AS_065.wav,perfil_softmin_errores_f8,9.815584156098786e-07,0.10498326163901836,0.08039638238268888,0.6213016661643536,0.19331770825552358
AS,New_AS_066.wav,C:\Users\armga\OneDrive\Escritorio\TFG\Programacion objetivo\Bases de Datos\AS_New_3주기\New_AS_066.wav,perfil_softmin_errores_f8,0.0005072097372662975,0.2581022518206568,0.279969666676942,0.3767453814704643,0.0846754902946704
AS,New_AS_067.wav,C:\Users\armga\OneDrive\Escritorio\TFG\Programacion objetivo\Bases de Datos\AS_New_3주기\New_AS_067.wav,perfil_softmin_errores_f8,2.888436655494458e-05,0.10955703719711761,0.17809713133983382,0.610724274393183,0.10159267270331064
AS,New_AS_068.wav,C:\Users\armga\OneDrive\Escritorio\TFG\Programacion objetivo\Bases de Datos\AS_New_3주기\New_AS_068.wav,perfil_softmin_errores_f8,0.00026452232459933005,0.1398789138061454,0.25529020748393877,0.5236539848022539,0.08091237158306265
AS,New_AS_069.wav,C:\Users\armga\OneDrive\Escritorio\TFG\Programacion objetivo\Bases de Datos\AS_New_3주기\New_AS_069.wav,perfil_softmin_errores_f8,1.0613388466701374e-05,0.1736269305933949,0.07792473748215838,0.545656288067805,0.20278143046817507
AS,New_AS_070.wav,C:\Users\armga\OneDrive\Escritorio\TFG\Programacion objetivo\Bases de Datos\AS_New_3주기\New_AS_070.wav,perfil_softmin_errores_f8,1.996297506410362e-06,0.032743567436473935,0.11314755191210739,0.8097027740891172,0.04440411026479507
AS,New_AS_071.wav,C:\Users\armga\OneDrive\Escritorio\TFG\Programacion objetivo\Bases de Datos\AS_New_3주기\New_AS_071.wav,perfil_softmin_errores_f8,2.3160519310868954e-05,0.2373682316259908,0.11651290814539052,0.5386946147766967,0.10740108493261123
AS,New_AS_072.wav,C:\Users\armga\OneDrive\Escritorio\TFG\Programacion objetivo\Bases de Datos\AS_New_3주기\New_AS_072.wav,perfil_softmin_errores_f8,2.893027887057347e-05,0.2300445039372084,0.1021959449146211,0.5454080649650646,0.12232255590423541
AS,New_AS_073.wav,C:\Users\armga\OneDrive\Escritorio\TFG\Programacion objetivo\Bases de Datos\AS_New_3주기\New_AS_073.wav,perfil_softmin_errores_f8,4.8735329894809787e-05,0.2700235339512864,0.1447000654045679,0.4562921197383167,0.12893554557593426
AS,New_AS_074.wav,C:\Users\armga\OneDrive\Escritorio\TFG\Programacion objetivo\Bases de Datos\AS_New_3주기\New_AS_074.wav,perfil_softmin_errores_f8,8.730112571980856e-05,0.13339590184918382,0.3392136221002685,0.45675462227299585,0.07054855265183206
AS,New_AS_075.wav,C:\Users\armga\OneDrive\Escritorio\TFG\Programacion objetivo\Bases de Datos\AS_New_3주기\New_AS_075.wav,perfil_softmin_errores_f8,1.6214909507762602e-05,0.10224279229933039,0.04633834403883225,0.6007465897651807,0.2506560589871489
AS,New_AS_076.wav,C:\Users\armga\OneDrive\Escritorio\TFG\Programacion objetivo\Bases de Datos\AS_New_3주기\New_AS_076.wav,perfil_softmin_errores_f8,6.233034367564577e-05,0.24417920187564687,0.10298211065052315,0.5536577710614455,0.09911858606870881
AS,New_AS_077.wav,C:\Users\armga\OneDrive\Escritorio\TFG\Programacion objetivo\Bases de Datos\AS_New_3주기\New_AS_077.wav,perfil_softmin_errores_f8,1.9380966952912452e-07,0.21943809797415215,0.13078948475275157,0.3978782042191894,0.2518940192442373
AS,New_AS_078.wav,C:\Users\armga\OneDrive\Escritorio\TFG\Programacion objetivo\Bases de Datos\AS_New_3주기\New_AS_078.wav,perfil_softmin_errores_f8,2.2587656477061375e-07,0.2630874792215945,0.09022214552836882,0.3532788926116266,0.2934112567618453
AS,New_AS_079.wav,C:\Users\armga\OneDrive\Escritorio\TFG\Programacion objetivo\Bases de Datos\AS_New_3주기\New_AS_079.wav,perfil_softmin_errores_f8,9.419102312939227e-08,0.29389536688205353,0.07609380745564676,0.40171854214292096,0.22829218932835557
AS,New_AS_080.wav,C:\Users\armga\OneDrive\Escritorio\TFG\Programacion objetivo\Bases de Datos\AS_New_3주기\New_AS_080.wav,perfil_softmin_errores_f8,1.725765918156665e-07,0.2532538271260616,0.07423126957651939,0.47704733783929315,0.19546739288153406
AS,New_AS_081.wav,C:\Users\armga\OneDrive\Escritorio\TFG\Programacion objetivo\Bases de Datos\AS_New_3주기\New_AS_081.wav,perfil_softmin_errores_f8,5.439631508834342e-07,0.28987587651690616,0.07373017831295856,0.3897557067973387,0.2466376944096457
AS,New_AS_082.wav,C:\Users\armga\OneDrive\Escritorio\TFG\Programacion objetivo\Bases de Datos\AS_New_3주기\New_AS_082.wav,perfil_softmin_errores_f8,1.0353392219426427e-07,0.3799913518855493,0.11342582950045109,0.3371532500587393,0.1694294650213382
AS,New_AS_083.wav,C:\Users\armga\OneDrive\Escritorio\TFG\Programacion objetivo\Bases de Datos\AS_New_3주기\New_AS_083.wav,perfil_softmin_errores_f8,3.927726105158151e-07,0.18407870686185254,0.12712947258774523,0.4738614145618495,0.21493001321594227
AS,New_AS_084.wav,C:\Users\armga\OneDrive\Escritorio\TFG\Programacion objetivo\Bases de Datos\AS_New_3주기\New_AS_084.wav,perfil_softmin_errores_f8,3.500493240303123e-07,0.28826498642876075,0.0881852581426374,0.3888107650752301,0.23473864030404762
AS,New_AS_085.wav,C:\Users\armga\OneDrive\Escritorio\TFG\Programacion objetivo\Bases de Datos\AS_New_3주기\New_AS_085.wav,perfil_softmin_errores_f8,2.0033447798337408e-07,0.3570267189035184,0.11201964760971542,0.35302590974140335,0.1779275234108848
AS,New_AS_086.wav,C:\Users\armga\OneDrive\Escritorio\TFG\Programacion objetivo\Bases de Datos\AS_New_3주기\New_AS_086.wav,perfil_softmin_errores_f8,4.6380365799836877e-07,0.3057125544818723,0.11353982301604969,0.3414493450325641,0.23929781366585579
AS,New_AS_087.wav,C:\Users\armga\OneDrive\Escritorio\TFG\Programacion objetivo\Bases de Datos\AS_New_3주기\New_AS_087.wav,perfil_softmin_errores_f8,1.0958801321857272e-07,0.3024097504890718,0.07907428281846543,0.32703067008515263,0.29148518701929693
AS,New_AS_088.wav,C:\Users\armga\OneDrive\Escritorio\TFG\Programacion objetivo\Bases de Datos\AS_New_3주기\New_AS_088.wav,perfil_softmin_errores_f8,7.287620610674576e-08,0.3484184852980638,0.10270917628876296,0.3761595850888041,0.1727126804481631
AS,New_AS_089.wav,C:\Users\armga\OneDrive\Escritorio\TFG\Programacion objetivo\Bases de Datos\AS_New_3주기\New_AS_089.wav,perfil_softmin_errores_f8,5.1632268990388385e-08,0.30587470451001736,0.07983883741330647,0.41103130669547716,0.20325509974893002
AS,New_AS_090.wav,C:\Users\armga\OneDrive\Escritorio\TFG\Programacion objetivo\Bases de Datos\AS_New_3주기\New_AS_090.wav,perfil_softmin_errores_f8,9.151645361084441e-08,0.2609796380112599,0.07739773329044003,0.44643971308286645,0.21518282409898
AS,New_AS_091.wav,C:\Users\armga\OneDrive\Escritorio\TFG\Programacion objetivo\Bases de Datos\AS_New_3주기\New_AS_091.wav,perfil_softmin_errores_f8,1.8760917041459886e-07,0.2533019523396726,0.11334163154532019,0.39026557781059656,0.24309065069524013
AS,New_AS_092.wav,C:\Users\armga\OneDrive\Escritorio\TFG\Programacion objetivo\Bases de Datos\AS_New_3주기\New_AS_092.wav,perfil_softmin_errores_f8,4.5155807505604347e-07,0.29540641771270615,0.09388822649335048,0.34644727806504316,0.2642576261708252
AS,New_AS_093.wav,C:\Users\armga\OneDrive\Escritorio\TFG\Programacion objetivo\Bases de Datos\AS_New_3주기\New_AS_093.wav,perfil_softmin_errores_f8,6.355264811296268e-07,0.30673557223088094,0.07130580600168214,0.3589264134671299,0.263031572773826
AS,New_AS_094.wav,C:\Users\armga\OneDrive\Escritorio\TFG\Programacion objetivo\Bases de Datos\AS_New_3주기\New_AS_094.wav,perfil_softmin_errores_f8,2.473668501762501e-07,0.23480890124617085,0.13353034285586066,0.39973000808091624,0.2319305004502021
AS,New_AS_095.wav,C:\Users\armga\OneDrive\Escritorio\TFG\Programacion objetivo\Bases de Datos\AS_New_3주기\New_AS_095.wav,perfil_softmin_errores_f8,1.6007057537314693e-06,0.28428199925468445,0.10489906668518603,0.3687621641916438,0.24205516916273181
AS,New_AS_096.wav,C:\Users\armga\OneDrive\Escritorio\TFG\Programacion objetivo\Bases de Datos\AS_New_3주기\New_AS_096.wav,perfil_softmin_errores_f8,3.8175935241611825e-07,0.3135884700354106,0.09427310866598687,0.3410046243872906,0.25113341515195947
AS,New_AS_097.wav,C:\Users\armga\OneDrive\Escritorio\TFG\Programacion objetivo\Bases de Datos\AS_New_3주기\New_AS_097.wav,perfil_softmin_errores_f8,1.204622333913803e-07,0.2822155215272877,0.09847257291690711,0.33110397394242097,0.28820781115115085
AS,New_AS_098.wav,C:\Users\armga\OneDrive\Escritorio\TFG\Programacion objetivo\Bases de Datos\AS_New_3주기\New_AS_098.wav,perfil_softmin_errores_f8,2.1484792093537747e-07,0.28750366930637494,0.08416592726652827,0.33986594748126836,0.2884642410979075
AS,New_AS_099.wav,C:\Users\armga\OneDrive\Escritorio\TFG\Programacion objetivo\Bases de Datos\AS_New_3주기\New_AS_099.wav,perfil_softmin_errores_f8,2.3187054241487407e-07,0.27301380369013745,0.06924496593854453,0.472260500399509,0.1854804981012666
AS,New_AS_100.wav,C:\Users\armga\OneDrive\Escritorio\TFG\Programacion objetivo\Bases de Datos\AS_New_3주기\New_AS_100.wav,perfil_softmin_errores_f8,6.560452546992546e-07,0.28020190870443745,0.13271258213967901,0.36394359729566766,0.22314125581496125
AS,New_AS_101.wav,C:\Users\armga\OneDrive\Escritorio\TFG\Programacion objetivo\Bases de Datos\AS_New_3주기\New_AS_101.wav,perfil_softmin_errores_f8,1.1641721076738067e-07,0.25657168491964855,0.1257375771402688,0.4378455355914763,0.17984508593139553
AS,New_AS_102.wav,C:\Users\armga\OneDrive\Escritorio\TFG\Programacion objetivo\Bases de Datos\AS_New_3주기\New_AS_102.wav,perfil_softmin_errores_f8,1.2022287919752805e-07,0.2417057300527024,0.12258048419632024,0.399019211474886,0.23669445405321213
AS,New_AS_103.wav,C:\Users\armga\OneDrive\Escritorio\TFG\Programacion objetivo\Bases de Datos\AS_New_3주기\New_AS_103.wav,perfil_softmin_errores_f8,1.8535897303938144e-07,0.25494255025182705,0.104835378714046,0.4021305696450143,0.2380913160301397
AS,New_AS_104.wav,C:\Users\armga\OneDrive\Escritorio\TFG\Programacion objetivo\Bases de Datos\AS_New_3주기\New_AS_104.wav,perfil_softmin_errores_f8,3.693468948931735e-07,0.29606095888082534,0.08916812466007658,0.36974032429729975,0.2450302228149034
AS,New_AS_105.wav,C:\Users\armga\OneDrive\Escritorio\TFG\Programacion objetivo\Bases de Datos\AS_New_3주기\New_AS_105.wav,perfil_softmin_errores_f8,2.9922268931034166e-07,0.31980717698349453,0.09663302314206276,0.3555448711066925,0.2280146295450609
AS,New_AS_106.wav,C:\Users\armga\OneDrive\Escritorio\TFG\Programacion objetivo\Bases de Datos\AS_New_3주기\New_AS_106.wav,perfil_softmin_errores_f8,5.778129676943359e-07,0.3247306334470247,0.1398513739677745,0.2948443756910838,0.24057303908114927
AS,New_AS_107.wav,C:\Users\armga\OneDrive\Escritorio\TFG\Programacion objetivo\Bases de Datos\AS_New_3주기\New_AS_107.wav,perfil_softmin_errores_f8,7.978928860848569e-08,0.385973269981529,0.11538014691259084,0.34813996837883665,0.15050653493775504
AS,New_AS_108.wav,C:\Users\armga\OneDrive\Escritorio\TFG\Programacion objetivo\Bases de Datos\AS_New_3주기\New_AS_108.wav,perfil_softmin_errores_f8,2.5576987830707893e-07,0.3143100587882008,0.12083577892678592,0.38465020427211977,0.18020370224301516
AS,New_AS_109.wav,C:\Users\armga\OneDrive\Escritorio\TFG\Programacion objetivo\Bases de Datos\AS_New_3주기\New_AS_109.wav,perfil_softmin_errores_f8,1.012857866459333e-07,0.27968227197052553,0.0813515105961917,0.4169523905375314,0.22201372560996482
AS,New_AS_110.wav,C:\Users\armga\OneDrive\Escritorio\TFG\Programacion objetivo\Bases de Datos\AS_New_3주기\New_AS_110.wav,perfil_softmin_errores_f8,2.2691877721720954e-07,0.31165045183608825,0.08476531655972094,0.37647209656504876,0.22711190812036475
AS,New_AS_111.wav,C:\Users\armga\OneDrive\Escritorio\TFG\Programacion objetivo\Bases de Datos\AS_New_3주기\New_AS_111.wav,perfil_softmin_errores_f8,4.031342709189862e-07,0.37451467503247576,0.14487307664666035,0.21198316008150214,0.2686286851050908
AS,New_AS_112.wav,C:\Users\armga\OneDrive\Escritorio\TFG\Programacion objetivo\Bases de Datos\AS_New_3주기\New_AS_112.wav,perfil_softmin_errores_f8,1.318466181282039e-07,0.35605207425333174,0.10167245161699076,0.21440501794150144,0.327870324341558
AS,New_AS_113.wav,C:\Users\armga\OneDrive\Escritorio\TFG\Programacion objetivo\Bases de Datos\AS_New_3주기\New_AS_113.wav,perfil_softmin_errores_f8,2.707225975631108e-07,0.23507552158389042,0.08413646526693128,0.1726148544130491,0.5081728880135316
AS,New_AS_114.wav,C:\Users\armga\OneDrive\Escritorio\TFG\Programacion objetivo\Bases de Datos\AS_New_3주기\New_AS_114.wav,perfil_softmin_errores_f8,2.3166861799707196e-07,0.28041130170378414,0.06423740693238142,0.2124722864732527,0.4428787732219637
AS,New_AS_115.wav,C:\Users\armga\OneDrive\Escritorio\TFG\Programacion objetivo\Bases de Datos\AS_New_3주기\New_AS_115.wav,perfil_softmin_errores_f8,3.6243799508059046e-07,0.31555003704712137,0.09781779900274815,0.3364119345504865,0.2502198669616488
AS,New_AS_116.wav,C:\Users\armga\OneDrive\Escritorio\TFG\Programacion objetivo\Bases de Datos\AS_New_3주기\New_AS_116.wav,perfil_softmin_errores_f8,1.8921914888992434e-07,0.3712940481548311,0.1352529855755059,0.35680877673369293,0.1366440003168212
AS,New_AS_117.wav,C:\Users\armga\OneDrive\Escritorio\TFG\Programacion objetivo\Bases de Datos\AS_New_3주기\New_AS_117.wav,perfil_softmin_errores_f8,1.0528784964042052e-07,0.34060278800442323,0.09664545711288584,0.3841000948830786,0.1786515547117626
AS,New_AS_118.wav,C:\Users\armga\OneDrive\Escritorio\TFG\Programacion objetivo\Bases de Datos\AS_New_3주기\New_AS_118.wav,perfil_softmin_errores_f8,4.070632294042671e-08,0.30841194446462117,0.09658186587207593,0.4219473982487654,0.17305875070821453
AS,New_AS_119.wav,C:\Users\armga\OneDrive\Escritorio\TFG\Programacion objetivo\Bases de Datos\AS_New_3주기\New_AS_119.wav,perfil_softmin_errores_f8,2.9713058930033616e-07,0.3177061352241445,0.10381734094737474,0.31997695016452127,0.2584992765333702
AS,New_AS_120.wav,C:\Users\armga\OneDrive\Escritorio\TFG\Programacion objetivo\Bases de Datos\AS_New_3주기\New_AS_120.wav,perfil_softmin_errores_f8,3.6309376674648e-07,0.2872054702033375,0.08192885428817977,0.3666846134670187,0.2641806989476973
AS,New_AS_121.wav,C:\Users\armga\OneDrive\Escritorio\TFG\Programacion objetivo\Bases de Datos\AS_New_3주기\New_AS_121.wav,perfil_softmin_errores_f8,5.915086056725579e-07,0.30674477867014394,0.11099837949177419,0.34200086226910814,0.240255388060368
AS,New_AS_122.wav,C:\Users\armga\OneDrive\Escritorio\TFG\Programacion objetivo\Bases de Datos\AS_New_3주기\New_AS_122.wav,perfil_softmin_errores_f8,3.963594228830753e-07,0.2503841464945177,0.15660846737696824,0.4071458786580571,0.18586111111103404
AS,New_AS_123.wav,C:\Users\armga\OneDrive\Escritorio\TFG\Programacion objetivo\Bases de Datos\AS_New_3주기\New_AS_123.wav,perfil_softmin_errores_f8,3.468043284872589e-07,0.22897715093746843,0.1746811740402905,0.4074286073815055,0.18891272083640726
AS,New_AS_124.wav,C:\Users\armga\OneDrive\Escritorio\TFG\Programacion objetivo\Bases de Datos\AS_New_3주기\New_AS_124.wav,perfil_softmin_errores_f8,2.9065654493429703e-07,0.32412708043095134,0.11430878504903884,0.3178366740554604,0.2437271698080044
AS,New_AS_125.wav,C:\Users\armga\OneDrive\Escritorio\TFG\Programacion objetivo\Bases de Datos\AS_New_3주기\New_AS_125.wav,perfil_softmin_errores_f8,2.676105947670875e-07,0.3195811990845051,0.10923338502536781,0.374405864609389,0.19677928367014325
AS,New_AS_126.wav,C:\Users\armga\OneDrive\Escritorio\TFG\Programacion objetivo\Bases de Datos\AS_New_3주기\New_AS_126.wav,perfil_softmin_errores_f8,1.7722673199375343e-07,0.32700304239680267,0.09297132870509667,0.3765946155308962,0.20343083614047244
AS,New_AS_127.wav,C:\Users\armga\OneDrive\Escritorio\TFG\Programacion objetivo\Bases de Datos\AS_New_3주기\New_AS_127.wav,perfil_softmin_errores_f8,3.2970299089660776e-07,0.2870805777706733,0.08199448175554802,0.4466677160440417,0.18425689472674606
AS,New_AS_128.wav,C:\Users\armga\OneDrive\Escritorio\TFG\Programacion objetivo\Bases de Datos\AS_New_3주기\New_AS_128.wav,perfil_softmin_errores_f8,1.9494351888078867e-07,0.31321903389534567,0.11311309199106233,0.3489252657536991,0.22474241341637402
AS,New_AS_129.wav,C:\Users\armga\OneDrive\Escritorio\TFG\Programacion objetivo\Bases de Datos\AS_New_3주기\New_AS_129.wav,perfil_softmin_errores_f8,4.861223605463659e-07,0.5418858734894834,0.3846110594592324,0.0004883654761597601,0.07301421545276397
AS,New_AS_130.wav,C:\Users\armga\OneDrive\Escritorio\TFG\Programacion objetivo\Bases de Datos\AS_New_3주기\New_AS_130.wav,perfil_softmin_errores_f8,2.2164511752595306e-07,0.5498660785943756,0.40381908361476665,0.00031684862725836455,0.0459977675184818
AS,New_AS_131.wav,C:\Users\armga\OneDrive\Escritorio\TFG\Programacion objetivo\Bases de Datos\AS_New_3주기\New_AS_131.wav,perfil_softmin_errores_f8,1.997445271029145e-08,0.6125626065202929,0.031206164300495946,0.3530036656560314,0.003227543548727005
AS,New_AS_132.wav,C:\Users\armga\OneDrive\Escritorio\TFG\Programacion objetivo\Bases de Datos\AS_New_3주기\New_AS_132.wav,perfil_softmin_errores_f8,0.0007745964135290141,0.26137858320316915,0.016830453864661556,0.5363250136477233,0.18469135287091695
AS,New_AS_133.wav,C:\Users\armga\OneDrive\Escritorio\TFG\Programacion objetivo\Bases de Datos\AS_New_3주기\New_AS_133.wav,perfil_softmin_errores_f8,2.989075764884728e-07,0.7186279587740788,0.280721636434327,2.1870881981970035e-05,0.0006282350020357018
AS,New_AS_134.wav,C:\Users\armga\OneDrive\Escritorio\TFG\Programacion objetivo\Bases de Datos\AS_New_3주기\New_AS_134.wav,perfil_softmin_errores_f8,2.3646978900169494e-07,0.259827035439495,0.09520800411036467,0.4086428125176055,0.23632191146274573
AS,New_AS_135.wav,C:\Users\armga\OneDrive\Escritorio\TFG\Programacion objetivo\Bases de Datos\AS_New_3주기\New_AS_135.wav,perfil_softmin_errores_f8,2.2329903365591548e-07,0.7198918433558485,0.27965178812875824,1.2017983477573106e-05,0.0004441272328819817
AS,New_AS_136.wav,C:\Users\armga\OneDrive\Escritorio\TFG\Programacion objetivo\Bases de Datos\AS_New_3주기\New_AS_136.wav,perfil_softmin_errores_f8,1.5788757249188428e-06,0.5005259036847289,0.4129643893322489,0.0005643249015360637,0.08594380320576117
AS,New_AS_137.wav,C:\Users\armga\OneDrive\Escritorio\TFG\Programacion objetivo\Bases de Datos\AS_New_3주기\New_AS_137.wav,perfil_softmin_errores_f8,3.630642053578108e-07,0.6477216892523727,0.33173067016140056,0.00036098349534695063,0.020186294026674417
AS,New_AS_138.wav,C:\Users\armga\OneDrive\Escritorio\TFG\Programacion objetivo\Bases de Datos\AS_New_3주기\New_AS_138.wav,perfil_softmin_errores_f8,5.060128470996141e-07,0.5912522416239713,0.3683576566045043,0.0005258987569631559,0.039863697001714125
AS,New_AS_139.wav,C:\Users\armga\OneDrive\Escritorio\TFG\Programacion objetivo\Bases de Datos\AS_New_3주기\New_AS_139.wav,perfil_softmin_errores_f8,2.7522391980297445e-07,0.5267998679164642,0.45855624277693463,0.00018900474544115124,0.014454609337240354
AS,New_AS_140.wav,C:\Users\armga\OneDrive\Escritorio\TFG\Programacion objetivo\Bases de Datos\AS_New_3주기\New_AS_140.wav,perfil_softmin_errores_f8,3.481927736144799e-08,0.08163541088772168,0.031386250604058585,0.37043307217554244,0.5165452315133999
AS,New_AS_141.wav,C:\Users\armga\OneDrive\Escritorio\TFG\Programacion objetivo\Bases de Datos\AS_New_3주기\New_AS_141.wav,perfil_softmin_errores_f8,2.681175438232004e-09,0.04954765999739908,0.011340918868925439,0.3922639426779857,0.5468474757745143
AS,New_AS_142.wav,C:\Users\armga\OneDrive\Escritorio\TFG\Programacion objetivo\Bases de Datos\AS_New_3주기\New_AS_142.wav,perfil_softmin_errores_f8,1.9146903553590267e-09,0.0761571351520082,0.0181079872907376,0.33644468972610153,0.5692901859164623
AS,New_AS_143.wav,C:\Users\armga\OneDrive\Escritorio\TFG\Programacion objetivo\Bases de Datos\AS_New_3주기\New_AS_143.wav,perfil_softmin_errores_f8,1.7131733819116194e-10,0.08982031557224406,0.011000290797530135,0.2578884080863351,0.6412909853725733
AS,New_AS_144.wav,C:\Users\armga\OneDrive\Escritorio\TFG\Programacion objetivo\Bases de Datos\AS_New_3주기\New_AS_144.wav,perfil_softmin_errores_f8,3.2545435126535843e-07,0.31409383698140214,0.18237481089313598,0.18879329350120874,0.3147377331699018
AS,New_AS_145.wav,C:\Users\armga\OneDrive\Escritorio\TFG\Programacion objetivo\Bases de Datos\AS_New_3주기\New_AS_145.wav,perfil_softmin_errores_f8,2.8921948747153714e-07,0.30732184891898034,0.14171032609416412,0.19449810378651206,0.35646943198085607
AS,New_AS_146.wav,C:\Users\armga\OneDrive\Escritorio\TFG\Programacion objetivo\Bases de Datos\AS_New_3주기\New_AS_146.wav,perfil_softmin_errores_f8,2.1629176998544043e-07,0.38136471533663796,0.1759988545013529,0.16221894343678275,0.2804172704334563
AS,New_AS_147.wav,C:\Users\armga\OneDrive\Escritorio\TFG\Programacion objetivo\Bases de Datos\AS_New_3주기\New_AS_147.wav,perfil_softmin_errores_f8,1.6146925415674246e-07,0.3231132174673909,0.15609762705629676,0.17495839742506528,0.3458305965819929
AS,New_AS_148.wav,C:\Users\armga\OneDrive\Escritorio\TFG\Programacion objetivo\Bases de Datos\AS_New_3주기\New_AS_148.wav,perfil_softmin_errores_f8,4.094336774735664e-07,0.35188227234259667,0.20600382935880132,0.14559980090652075,0.2965136879584039
AS,New_AS_149.wav,C:\Users\armga\OneDrive\Escritorio\TFG\Programacion objetivo\Bases de Datos\AS_New_3주기\New_AS_149.wav,perfil_softmin_errores_f8,2.1667384782381286e-07,0.24808858277559562,0.17115691212911815,0.2209427178609382,0.35981157056050017
AS,New_AS_150.wav,C:\Users\armga\OneDrive\Escritorio\TFG\Programacion objetivo\Bases de Datos\AS_New_3주기\New_AS_150.wav,perfil_softmin_errores_f8,1.787137138884753e-07,0.37894778778276794,0.17308227568293455,0.18511508611172545,0.26285467170885823
AS,New_AS_151.wav,C:\Users\armga\OneDrive\Escritorio\TFG\Programacion objetivo\Bases de Datos\AS_New_3주기\New_AS_151.wav,perfil_softmin_errores_f8,6.311577357127752e-07,0.32825628334209445,0.1289916480754248,0.17450422046149366,0.3682472169632513
AS,New_AS_152.wav,C:\Users\armga\OneDrive\Escritorio\TFG\Programacion objetivo\Bases de Datos\AS_New_3주기\New_AS_152.wav,perfil_softmin_errores_f8,1.7228109890633462e-06,0.5106786770464409,0.31486689528686435,0.011549685889985457,0.16290301896572004
AS,New_AS_153.wav,C:\Users\armga\OneDrive\Escritorio\TFG\Programacion objetivo\Bases de Datos\AS_New_3주기\New_AS_153.wav,perfil_softmin_errores_f8,6.496778973892848e-08,0.4998277084657151,0.3072385687801706,0.006776620269967844,0.1861570375163569
AS,New_AS_154.wav,C:\Users\armga\OneDrive\Escritorio\TFG\Programacion objetivo\Bases de Datos\AS_New_3주기\New_AS_154.wav,perfil_softmin_errores_f8,1.1518464450288302e-06,0.4026061455587038,0.35750389264821025,0.013571638445444628,0.2263171715011963
AS,New_AS_155.wav,C:\Users\armga\OneDrive\Escritorio\TFG\Programacion objetivo\Bases de Datos\AS_New_3주기\New_AS_155.wav,perfil_softmin_errores_f8,1.9871369130581196e-07,0.5773378201916451,0.27859090313403034,0.007048967426707527,0.13702211053392557
AS,New_AS_156.wav,C:\Users\armga\OneDrive\Escritorio\TFG\Programacion objetivo\Bases de Datos\AS_New_3주기\New_AS_156.wav,perfil_softmin_errores_f8,1.1554774302517935e-06,0.5191016413006171,0.3846244212039324,0.00045282570705087533,0.09581995631096944
AS,New_AS_157.wav,C:\Users\armga\OneDrive\Escritorio\TFG\Programacion objetivo\Bases de Datos\AS_New_3주기\New_AS_157.wav,perfil_softmin_errores_f8,3.681156574664835e-07,0.6268275858915716,0.35223211700867646,0.0003449773314316011,0.020594951652662816
AS,New_AS_158.wav,C:\Users\armga\OneDrive\Escritorio\TFG\Programacion objetivo\Bases de Datos\AS_New_3주기\New_AS_158.wav,perfil_softmin_errores_f8,2.2370707986038415e-07,0.6585800826115825,0.302151437419872,0.000415794241435839,0.038852462020029704
AS,New_AS_159.wav,C:\Users\armga\OneDrive\Escritorio\TFG\Programacion objetivo\Bases de Datos\AS_New_3주기\New_AS_159.wav,perfil_softmin_errores_f8,2.8416957276669586e-07,0.5479565124235595,0.43554386397324624,0.0001959693742715021,0.016303370059350085
AS,New_AS_160.wav,C:\Users\armga\OneDrive\Escritorio\TFG\Programacion objetivo\Bases de Datos\AS_New_3주기\New_AS_160.wav,perfil_softmin_errores_f8,3.399742237773299e-07,0.604995560813428,0.32133001510905973,0.00030775772278433106,0.07336632638050421
AS,New_AS_161.wav,C:\Users\armga\OneDrive\Escritorio\TFG\Programacion objetivo\Bases de Datos\AS_New_3주기\New_AS_161.wav,perfil_softmin_errores_f8,2.025491318973133e-07,0.644688275438234,0.32414252473393673,0.0002912985590137833,0.030877698719683603
