clase,archivo,ruta,variante_deep_onmf,F_001,F_002,F_003,F_004,F_005
AS,New_AS_001.wav,C:\Users\armga\OneDrive\Escritorio\TFG\Programacion objetivo\Bases de Datos\AS_New_3주기\New_AS_001.wav,perfil_softmin_errores_f8,9.218873882982997e-07,0.5008856448760045,0.22109318956575397,0.096463441163844,0.18155680250700917
AS,New_AS_002.wav,C:\Users\armga\OneDrive\Escritorio\TFG\Programacion objetivo\Bases de Datos\AS_New_3주기\New_AS_002.wav,perfil_softmin_errores_f8,3.4908404348935206e-07,0.5196565942942373,0.138471868376016,0.10458029314943841,0.2372908950962649
AS,New_AS_003.wav,C:\Users\armga\OneDrive\Escritorio\TFG\Programacion objetivo\Bases de Datos\AS_New_3주기\New_AS_003.wav,perfil_softmin_errores_f8,3.6834772098135125e-08,0.5915233898106034,0.12291264781759048,0.09229929893286293,0.19326462660417107
AS,New_AS_004.wav,C:\Users\armga\OneDrive\Escritorio\TFG\Programacion objetivo\Bases de Datos\AS_New_3주기\New_AS_004.wav,perfil_softmin_errores_f8,1.1118808176506708e-07,0.5585782097234024,0.13294071971722532,0.092149628494769,0.21633133087652145
AS,New_AS_005.wav,C:\Users\armga\OneDrive\Escritorio\TFG\Programacion objetivo\Bases de Datos\AS_New_3주기\New_AS_005.wav,perfil_softmin_errores_f8,4.885460178694018e-07,0.49521980620147543,0.15543368373826486,0.11410480488645837,0.23524121662778347
AS,New_AS_006.wav,C:\Users\armga\OneDrive\Escritorio\TFG\Programacion objetivo\Bases de Datos\AS_New_3주기\New_AS_006.wav,perfil_softmin_errores_f8,3.2718331645909234e-08,0.5853628438462704,0.10059873268813076,0.13052933196519284,0.18350905878207444
AS,New_AS_007.wav,C:\Users\armga\OneDrive\Escritorio\TFG\Programacion objetivo\Bases de Datos\AS_New_3주기\New_AS_007.wav,perfil_softmin_errores_f8,1.8836203711623947e-07,0.5326926196171717,0.149250243080757,0.11668291413822664,0.20137403480180766
AS,New_AS_008.wav,C:\Users\armga\OneDrive\Escritorio\TFG\Programacion objetivo\Bases de Datos\AS_New_3주기\New_AS_008.wav,perfil_softmin_errores_f8,1.2615103301177462e-07,0.5402726206697076,0.10737954774026882,0.13681406499496948,0.215533640444021
AS,New_AS_009.wav,C:\Users\armga\OneDrive\Escritorio\TFG\Programacion objetivo\Bases de Datos\AS_New_3주기\New_AS_009.wav,perfil_softmin_errores_f8,5.860939159790262e-08,0.5821457511613796,0.1253053652401667,0.10303007731015869,0.18951874767890364
AS,New_AS_010.wav,C:\Users\armga\OneDrive\Escritorio\TFG\Programacion objetivo\Bases de Datos\AS_New_3주기\New_AS_010.wav,perfil_softmin_errores_f8,4.7323729389995387e-07,0.49887054950580995,0.16883555855009766,0.10965483137330037,0.2226385873334982
AS,New_AS_011.wav,C:\Users\armga\OneDrive\Escritorio\TFG\Programacion objetivo\Bases de Datos\AS_New_3주기\New_AS_011.wav,perfil_softmin_errores_f8,9.251838642370685e-08,0.5602943013101944,0.1364703699840762,0.10977907331573498,0.19345616287160794
AS,New_AS_012.wav,C:\Users\armga\OneDrive\Escritorio\TFG\Programacion objetivo\Bases de Datos\AS_New_3주기\New_AS_012.wav,perfil_softmin_errores_f8,1.4740209186330646e-07,0.528076106489872,0.18750412682842515,0.10835579585876687,0.1760638234208441
AS,New_AS_013.wav,C:\Users\armga\OneDrive\Escritorio\TFG\Programacion objetivo\Bases de Datos\AS_New_3주기\New_AS_013.wav,perfil_softmin_errores_f8,2.5336510269619366e-07,0.5135706104623265,0.12261693856478845,0.1625002406191977,0.20131195698858464
AS,New_AS_014.wav,C:\Users\armga\OneDrive\Escritorio\TFG\Programacion objetivo\Bases de Datos\AS_New_3주기\New_AS_014.wav,perfil_softmin_errores_f8,5.4199029943523626e-08,0.553410175803168,0.10300836130683687,0.10822611867668057,0.23535529001428465
AS,New_AS_015.wav,C:\Users\armga\OneDrive\Escritorio\TFG\Programacion objetivo\Bases de Datos\AS_New_3주기\New_AS_015.wav,perfil_softmin_errores_f8,2.972295137268997e-07,0.5365309488504417,0.13098948032669006,0.11243198252603709,0.2200472910673172
AS,New_AS_016.wav,C:\Users\armga\OneDrive\Escritorio\TFG\Programacion objetivo\Bases de Datos\AS_New_3주기\New_AS_016.wav,perfil_softmin_errores_f8,2.2974559155884573e-07,0.5257393945102232,0.1549556687887494,0.11561321668765026,0.20369149026778557
AS,New_AS_017.wav,C:\Users\armga\OneDrive\Escritorio\TFG\Programacion objetivo\Bases de Datos\AS_New_3주기\New_AS_017.wav,perfil_softmin_errores_f8,5.30159864961258e-07,0.5126835658868243,0.16736955063984196,0.11283004399352672,0.2071163093199421
AS,New_AS_018.wav,C:\Users\armga\OneDrive\Escritorio\TFG\Programacion objetivo\Bases de Datos\AS_New_3주기\New_AS_018.wav,perfil_softmin_errores_f8,4.412698371887545e-07,0.510847220847082,0.2021689412618036,0.09728972995162453,0.1896936666696526
AS,New_AS_019.wav,C:\Users\armga\OneDrive\Escritorio\TFG\Programacion objetivo\Bases de Datos\AS_New_3주기\New_AS_019.wav,perfil_softmin_errores_f8,1.4028226018839122e-07,0.560818564516914,0.17557683311444125,0.08935909317260256,0.17424536891378206
AS,New_AS_020.wav,C:\Users\armga\OneDrive\Escritorio\TFG\Programacion objetivo\Bases de Datos\AS_New_3주기\New_AS_020.wav,perfil_softmin_errores_f8,2.0315320286218407e-07,0.4711610421469946,0.13708959184315422,0.15523595362750922,0.2365132092291391
AS,New_AS_021.wav,C:\Users\armga\OneDrive\Escritorio\TFG\Programacion objetivo\Bases de Datos\AS_New_3주기\New_AS_021.wav,perfil_softmin_errores_f8,4.382240161522726e-07,0.5377316334915454,0.15250221091469748,0.12546778162817945,0.18429793574156147
AS,New_AS_022.wav,C:\Users\armga\OneDrive\Escritorio\TFG\Programacion objetivo\Bases de Datos\AS_New_3주기\New_AS_022.wav,perfil_softmin_errores_f8,9.657142983754022e-08,0.603449635882233,0.14029163806103956,0.07236675427498819,0.1838918752103095
AS,New_AS_023.wav,C:\Users\armga\OneDrive\Escritorio\TFG\Programacion objetivo\Bases de Datos\AS_New_3주기\New_AS_023.wav,perfil_softmin_errores_f8,1.9770491221711313e-07,0.591467303690142,0.12475228507647126,0.09541654691877906,0.18836366660969545
AS,New_AS_024.wav,C:\Users\armga\OneDrive\Escritorio\TFG\Programacion objetivo\Bases de Datos\AS_New_3주기\New_AS_024.wav,perfil_softmin_errores_f8,7.800635594436515e-08,0.5338154635121588,0.13413726353256517,0.13084396504992468,0.20120322989899533
AS,New_AS_025.wav,C:\Users\armga\OneDrive\Escritorio\TFG\Programacion objetivo\Bases de Datos\AS_New_3주기\New_AS_025.wav,perfil_softmin_errores_f8,9.34601440186647e-08,0.5563584598922029,0.12142562368243326,0.1173757140276091,0.20484010893761073
AS,New_AS_026.wav,C:\Users\armga\OneDrive\Escritorio\TFG\Programacion objetivo\Bases de Datos\AS_New_3주기\New_AS_026.wav,perfil_softmin_errores_f8,1.7454769765753306e-07,0.5154419650338561,0.09903760249709243,0.17156590138287078,0.21395435653848288
AS,New_AS_027.wav,C:\Users\armga\OneDrive\Escritorio\TFG\Programacion objetivo\Bases de Datos\AS_New_3주기\New_AS_027.wav,perfil_softmin_errores_f8,1.0222335290236015e-07,0.5046428878693763,0.09830469082539806,0.1711464836034398,0.22590583547843293
AS,New_AS_028.wav,C:\Users\armga\OneDrive\Escritorio\TFG\Programacion objetivo\Bases de Datos\AS_New_3주기\New_AS_028.wav,perfil_softmin_errores_f8,2.672277525989202e-07,0.5450483751714208,0.11720291315494667,0.14266968018712628,0.1950787642587537
AS,New_AS_029.wav,C:\Users\armga\OneDrive\Escritorio\TFG\Programacion objetivo\Bases de Datos\AS_New_3주기\New_AS_029.wav,perfil_softmin_errores_f8,4.7637144912685577e-07,0.5377920538302409,0.12405337389807994,0.13906992254979753,0.19908417335043258
AS,New_AS_030.wav,C:\Users\armga\OneDrive\Escritorio\TFG\Programacion objetivo\Bases de Datos\AS_New_3주기\New_AS_030.wav,perfil_softmin_errores_f8,5.7180004900578646e-08,0.516487628074727,0.09745655728308311,0.1550804320308396,0.23097532543134527
AS,New_AS_031.wav,C:\Users\armga\OneDrive\Escritorio\TFG\Programacion objetivo\Bases de Datos\AS_New_3주기\New_AS_031.wav,perfil_softmin_errores_f8,5.574692217007268e-07,0.5140268392349848,0.18469104152952376,0.14812779664467715,0.15315376512159268
AS,New_AS_032.wav,C:\Users\armga\OneDrive\Escritorio\TFG\Programacion objetivo\Bases de Datos\AS_New_3주기\New_AS_032.wav,perfil_softmin_errores_f8,7.210835846108053e-08,0.5730792235028147,0.08706438753355306,0.1260605186362174,0.21379579821905642
AS,New_AS_033.wav,C:\Users\armga\OneDrive\Escritorio\TFG\Programacion objetivo\Bases de Datos\AS_New_3주기\New_AS_033.wav,perfil_softmin_errores_f8,2.5952766177130495e-07,0.540005488302334,0.1351691581387305,0.12230556858713999,0.20251952544413374
AS,New_AS_034.wav,C:\Users\armga\OneDrive\Escritorio\TFG\Programacion objetivo\Bases de Datos\AS_New_3주기\New_AS_034.wav,perfil_softmin_errores_f8,3.125064203458528e-07,0.5536340051920983,0.11973976435020701,0.11632235197285422,0.21030356597842023
AS,New_AS_035.wav,C:\Users\armga\OneDrive\Escritorio\TFG\Programacion objetivo\Bases de Datos\AS_New_3주기\New_AS_035.wav,perfil_softmin_errores_f8,1.5920509954859726e-07,0.49767778600379214,0.09497812900277178,0.12111977964955334,0.2862241461387833
AS,New_AS_036.wav,C:\Users\armga\OneDrive\Escritorio\TFG\Programacion objetivo\Bases de Datos\AS_New_3주기\New_AS_036.wav,perfil_softmin_errores_f8,3.1137868851950837e-07,0.4935569441161025,0.14273498247878852,0.1544327280234234,0.20927503400299705
AS,New_AS_037.wav,C:\Users\armga\OneDrive\Escritorio\TFG\Programacion objetivo\Bases de Datos\AS_New_3주기\New_AS_037.wav,perfil_softmin_errores_f8,5.992080572193192e-08,0.5891696779974301,0.12962509164784147,0.11399222248187818,0.16721294795204455
AS,New_AS_038.wav,C:\Users\armga\OneDrive\Escritorio\TFG\Programacion objetivo\Bases de Datos\AS_New_3주기\New_AS_038.wav,perfil_softmin_errores_f8,3.657258972365404e-07,0.5441387418425472,0.11210937627142413,0.12739988673658748,0.21635162942354394
AS,New_AS_039.wav,C:\Users\armga\OneDrive\Escritorio\TFG\Programacion objetivo\Bases de Datos\AS_New_3주기\New_AS_039.wav,perfil_softmin_errores_f8,1.6474107251772703e-07,0.5351365092424658,0.0891859154212562,0.15896412972254786,0.2167132808726577
AS,New_AS_040.wav,C:\Users\armga\OneDrive\Escritorio\TFG\Programacion objetivo\Bases de Datos\AS_New_3주기\New_AS_040.wav,perfil_softmin_errores_f8,9.951923518679353e-08,0.5320364903732263,0.0926829976920079,0.15549447629111465,0.21978593612441588
AS,New_AS_041.wav,C:\Users\armga\OneDrive\Escritorio\TFG\Programacion objetivo\Bases de Datos\AS_New_3주기\New_AS_041.wav,perfil_softmin_errores_f8,2.1324572494816578e-07,0.545374516226956,0.12223158725572919,0.12503306691089675,0.207360616360693
AS,New_AS_042.wav,C:\Users\armga\OneDrive\Escritorio\TFG\Programacion objetivo\Bases de Datos\AS_New_3주기\New_AS_042.wav,perfil_softmin_errores_f8,3.2632603578496613e-07,0.5381856517207173,0.1367322152244353,0.1445165829473623,0.18056522378144935
AS,New_AS_043.wav,C:\Users\armga\OneDrive\Escritorio\TFG\Programacion objetivo\Bases de Datos\AS_New_3주기\New_AS_043.wav,perfil_softmin_errores_f8,1.8144472040955913e-07,0.5679971951714041,0.11248830005426953,0.11501248964025904,0.204501833689347
AS,New_AS_044.wav,C:\Users\armga\OneDrive\Escritorio\TFG\Programacion objetivo\Bases de Datos\AS_New_3주기\New_AS_044.wav,perfil_softmin_errores_f8,1.4888663426969786e-07,0.4946491730355253,0.1265055590915344,0.1748256422434332,0.20401947674287274
AS,New_AS_045.wav,C:\Users\armga\OneDrive\Escritorio\TFG\Programacion objetivo\Bases de Datos\AS_New_3주기\New_AS_045.wav,perfil_softmin_errores_f8,1.5396374364089012e-07,0.5221696683227909,0.0895671572893542,0.1606708119459583,0.22759220847815306
AS,New_AS_046.wav,C:\Users\armga\OneDrive\Escritorio\TFG\Programacion objetivo\Bases de Datos\AS_New_3주기\New_AS_046.wav,perfil_softmin_errores_f8,3.560570206239133e-07,0.49790506175647425,0.1184109102946376,0.1548840893748572,0.22879958251701038
AS,New_AS_047.wav,C:\Users\armga\OneDrive\Escritorio\TFG\Programacion objetivo\Bases de Datos\AS_New_3주기\New_AS_047.wav,perfil_softmin_errores_f8,1.7081286111003816e-07,0.5064371798580035,0.0933118938354178,0.18409183199736848,0.21615892349634896
AS,New_AS_048.wav,C:\Users\armga\OneDrive\Escritorio\TFG\Programacion objetivo\Bases de Datos\AS_New_3주기\New_AS_048.wav,perfil_softmin_errores_f8,1.4505573560468776e-07,0.5781111953109517,0.10679364952301308,0.11897687150936292,0.19611813860093677
AS,New_AS_049.wav,C:\Users\armga\OneDrive\Escritorio\TFG\Programacion objetivo\Bases de Datos\AS_New_3주기\New_AS_049.wav,perfil_softmin_errores_f8,2.385912725624652e-06,0.2618520653116814,0.08326788999696538,0.4875606559165311,0.1673170028620965
AS,New_AS_050.wav,C:\Users\armga\OneDrive\Escritorio\TFG\Programacion objetivo\Bases de Datos\AS_New_3주기\New_AS_050.wav,perfil_softmin_errores_f8,6.259234496059069e-05,0.036949807761142345,0.11960075915748936,0.7985519206788886,0.044834920057519156
AS,New_AS_051.wav,C:\Users\armga\OneDrive\Escritorio\TFG\Programacion objetivo\Bases de Datos\AS_New_3주기\New_AS_051.wav,perfil_softmin_errores_f8,0.0006679011215858638,0.20705536633118424,0.1591942221005991,0.5430779463090307,0.09000456413760001
AS,New_AS_052.wav,C:\Users\armga\OneDrive\Escritorio\TFG\Programacion objetivo\Bases de Datos\AS_New_3주기\New_AS_052.wav,perfil_softmin_errores_f8,0.0008777996423299156,0.10390221996188036,0.17170445531621986,0.6472728010694787,0.07624272401009119
AS,New_AS_053.wav,C:\Users\armga\OneDrive\Escritorio\TFG\Programacion objetivo\Bases de Datos\AS_New_3주기\New_AS_053.wav,perfil_softmin_errores_f8,5.706907639098697e-05,0.019355022433915608,0.12355237551754719,0.822126092575705,0.034909440396441234
AS,New_AS_054.wav,C:\Users\armga\OneDrive\Escritorio\TFG\Programacion objetivo\Bases de Datos\AS_New_3주기\New_AS_054.wav,perfil_softmin_errores_f8,0.00031850012670913086,0.23689589261644603,0.23079362033393927,0.46533405675571543,0.0666579301671901
AS,New_AS_055.wav,C:\Users\armga\OneDrive\Escritorio\TFG\Programacion objetivo\Bases de Datos\AS_New_3주기\New_AS_055.wav,perfil_softmin_errores_f8,0.00019546105690984494,0.15630667314770705,0.1446830737635435,0.5852786903021884,0.11353610172965128
AS,New_AS_056.wav,C:\Users\armga\OneDrive\Escritorio\TFG\Programacion objetivo\Bases de Datos\AS_New_3주기\New_AS_056.wav,perfil_softmin_errores_f8,0.0002988609205898717,0.045538845784778056,0.1475858873524826,0.7579182731798594,0.04865813276229017
AS,New_AS_057.wav,C:\Users\armga\OneDrive\Escritorio\TFG\Programacion objetivo\Bases de Datos\AS_New_3주기\New_AS_057.wav,perfil_softmin_errores_f8,9.534856260796588e-05,0.21301338355958138,0.2073228314789768,0.5054469267112396,0.07412150968759436
AS,New_AS_058.wav,C:\Users\armga\OneDrive\Escritorio\TFG\Programacion objetivo\Bases de Datos\AS_New_3주기\New_AS_058.wav,perfil_softmin_errores_f8,0.000116077981984349,0.28197682361704623,0.19666725159216145,0.4456834337062842,0.07555641310252369
AS,New_AS_059.wav,C:\Users\armga\OneDrive\Escritorio\TFG\Programacion objetivo\Bases de Datos\AS_New_3주기\New_AS_059.wav,perfil_softmin_errores_f8,0.0003664007942019151,0.0460600899230851,0.14457047956304334,0.7661461918439313,0.04285683787573844
AS,New_AS_060.wav,C:\Users\armga\OneDrive\Escritorio\TFG\Programacion objetivo\Bases de Datos\AS_New_3주기\New_AS_060.wav,perfil_softmin_errores_f8,0.0034458305354243823,0.10857550145591437,0.196899287660605,0.6207311826137768,0.07034819773427947
AS,New_AS_061.wav,C:\Users\armga\OneDrive\Escritorio\TFG\Programacion objetivo\Bases de Datos\AS_New_3주기\New_AS_061.wav,perfil_softmin_errores_f8,4.259504460819538e-05,0.11872505845494867,0.1836435278773906,0.6343513168404754,0.06323750178257723
AS,New_AS_062.wav,C:\Users\armga\OneDrive\Escritorio\TFG\Programacion objetivo\Bases de Datos\AS_New_3주기\New_AS_062.wav,perfil_softmin_errores_f8,1.1608086917347293e-05,0.1767937344508797,0.14679357897194448,0.5808225987353638,0.09557847975489459
AS,New_AS_063.wav,C:\Users\armga\OneDrive\Escritorio\TFG\Programacion objetivo\Bases de Datos\AS_New_3주기\New_AS_063.wav,perfil_softmin_errores_f8,0.00236071545161745,0.031427162836290316,0.15102123489463445,0.7674189104802037,0.047771976337254045
AS,New_AS_064.wav,C:\Users\armga\OneDrive\Escritorio\TFG\Programacion objetivo\Bases de Datos\AS_New_3주기\New_AS_064.wav,perfil_softmin_errores_f8,0.0007799030316793619,0.08805325028471638,0.1732790161076705,0.657062291871215,0.08082553870471887
AS,New_AS_065.wav,C:\Users\armga\OneDrive\Escritorio\TFG\Programacion objetivo\Bases de Datos\AS_New_3주기\New_AS_065.wav,perfil_softmin_errores_f8,9.440083061845143e-07,0.23589339415446395,0.04751954166719075,0.5371817310910477,0.1794043890789915
AS,New_AS_066.wav,C:\Users\armga\OneDrive\Escritorio\TFG\Programacion objetivo\Bases de Datos\AS_New_3주기\New_AS_066.wav,perfil_softmin_errores_f8,0.0006628557103866419,0.1589430911182316,0.17091780985258365,0.5741550455905114,0.09532119772828655
AS,New_AS_067.wav,C:\Users\armga\OneDrive\Escritorio\TFG\Programacion objetivo\Bases de Datos\AS_New_3주기\New_AS_067.wav,perfil_softmin_errores_f8,8.631852252177176e-05,0.16038141124087413,0.15706458499524353,0.5805880485623893,0.10187963667897125
AS,New_AS_068.wav,C:\Users\armga\OneDrive\Escritorio\TFG\Programacion objetivo\Bases de Datos\AS_New_3주기\New_AS_068.wav,perfil_softmin_errores_f8,0.0002647120385127837,0.08236919919427854,0.108437161880043,0.7269492375166765,0.08197968937048922
AS,New_AS_069.wav,C:\Users\armga\OneDrive\Escritorio\TFG\Programacion objetivo\Bases de Datos\AS_New_3주기\New_AS_069.wav,perfil_softmin_errores_f8,9.453384672959163e-05,0.2939061268042655,0.10516056277306553,0.4427370224934902,0.1581017540824493
AS,New_AS_070.wav,C:\Users\armga\OneDrive\Escritorio\TFG\Programacion objetivo\Bases de Datos\AS_New_3주기\New_AS_070.wav,perfil_softmin_errores_f8,3.0044880876987152e-05,0.08287160520045994,0.13368777729831036,0.7304424057940918,0.05296816682626101
AS,New_AS_071.wav,C:\Users\armga\OneDrive\Escritorio\TFG\Programacion objetivo\Bases de Datos\AS_New_3주기\New_AS_071.wav,perfil_softmin_errores_f8,8.895918402257729e-05,0.344518530826527,0.1792524295356508,0.3858274048150697,0.09031267563872973
AS,New_AS_072.wav,C:\Users\armga\OneDrive\Escritorio\TFG\Programacion objetivo\Bases de Datos\AS_New_3주기\New_AS_072.wav,perfil_softmin_errores_f8,0.00015505548718451978,0.2370305588637372,0.13153325468665586,0.5489756083104987,0.08230552265192359
AS,New_AS_073.wav,C:\Users\armga\OneDrive\Escritorio\TFG\Programacion objetivo\Bases de Datos\AS_New_3주기\New_AS_073.wav,perfil_softmin_errores_f8,2.9342948897458463e-05,0.3534554485073598,0.10300538290197249,0.4206176699961882,0.122892155645582
AS,New_AS_074.wav,C:\Users\armga\OneDrive\Escritorio\TFG\Programacion objetivo\Bases de Datos\AS_New_3주기\New_AS_074.wav,perfil_softmin_errores_f8,0.00035569177049793785,0.1032145332258022,0.17162368258356395,0.6546979143176168,0.07010817810251901
AS,New_AS_075.wav,C:\Users\armga\OneDrive\Escritorio\TFG\Programacion objetivo\Bases de Datos\AS_New_3주기\New_AS_075.wav,perfil_softmin_errores_f8,6.27825241602603e-06,0.25438202389237285,0.05556303451721205,0.47132446365895364,0.21872419967904533
AS,New_AS_076.wav,C:\Users\armga\OneDrive\Escritorio\TFG\Programacion objetivo\Bases de Datos\AS_New_3주기\New_AS_076.wav,perfil_softmin_errores_f8,0.0005194954616200081,0.22295430083099874,0.17500539480038546,0.5153840898928086,0.08613671901418722
AS,New_AS_077.wav,C:\Users\armga\OneDrive\Escritorio\TFG\Programacion objetivo\Bases de Datos\AS_New_3주기\New_AS_077.wav,perfil_softmin_errores_f8,2.56608834711906e-07,0.4970220768584301,0.1456220651417043,0.1402421608934633,0.21711344049756748
AS,New_AS_078.wav,C:\Users\armga\OneDrive\Escritorio\TFG\Programacion objetivo\Bases de Datos\AS_New_3주기\New_AS_078.wav,perfil_softmin_errores_f8,1.7163501126462884e-07,0.5127688334205147,0.09443512989442458,0.1342904863659699,0.2585053786840796
AS,New_AS_079.wav,C:\Users\armga\OneDrive\Escritorio\TFG\Programacion objetivo\Bases de Datos\AS_New_3주기\New_AS_079.wav,perfil_softmin_errores_f8,1.1126110555657974e-07,0.5556349187744085,0.11727242364245302,0.11722073409679708,0.2098718122252357
AS,New_AS_080.wav,C:\Users\armga\OneDrive\Escritorio\TFG\Programacion objetivo\Bases de Datos\AS_New_3주기\New_AS_080.wav,perfil_softmin_errores_f8,1.541240838633099e-07,0.5102395414844326,0.1321318486945899,0.15379508000565179,0.20383337569124188
AS,New_AS_081.wav,C:\Users\armga\OneDrive\Escritorio\TFG\Programacion objetivo\Bases de Datos\AS_New_3주기\New_AS_081.wav,perfil_softmin_errores_f8,3.1519064904815576e-07,0.4724179994112916,0.1454340523812777,0.1739267552083602,0.20822087780842152
AS,New_AS_082.wav,C:\Users\armga\OneDrive\Escritorio\TFG\Programacion objetivo\Bases de Datos\AS_New_3주기\New_AS_082.wav,perfil_softmin_errores_f8,3.0628747294511143e-08,0.5776208717011052,0.08427548884107273,0.12958491018057078,0.20851869864850414
AS,New_AS_083.wav,C:\Users\armga\OneDrive\Escritorio\TFG\Programacion objetivo\Bases de Datos\AS_New_3주기\New_AS_083.wav,perfil_softmin_errores_f8,1.4399963278896161e-06,0.4583976373954528,0.15913757212721716,0.1826873581924542,0.199775992288548
AS,New_AS_084.wav,C:\Users\armga\OneDrive\Escritorio\TFG\Programacion objetivo\Bases de Datos\AS_New_3주기\New_AS_084.wav,perfil_softmin_errores_f8,2.6441302794621785e-07,0.5303377786521472,0.14067389905868402,0.1295978439999231,0.19939021387621775
AS,New_AS_085.wav,C:\Users\armga\OneDrive\Escritorio\TFG\Programacion objetivo\Bases de Datos\AS_New_3주기\New_AS_085.wav,perfil_softmin_errores_f8,9.741202277456923e-08,0.5909517566408626,0.09403373918884886,0.13026900652432652,0.1847454002339391
AS,New_AS_086.wav,C:\Users\armga\OneDrive\Escritorio\TFG\Programacion objetivo\Bases de Datos\AS_New_3주기\New_AS_086.wav,perfil_softmin_errores_f8,2.9344929540107704e-07,0.5529618454908721,0.11628327654273485,0.11075685251356987,0.21999773200352785
AS,New_AS_087.wav,C:\Users\armga\OneDrive\Escritorio\TFG\Programacion objetivo\Bases de Datos\AS_New_3주기\New_AS_087.wav,perfil_softmin_errores_f8,5.7079862527496036e-08,0.5803476028196721,0.07990055050286346,0.11488856679351753,0.22486322280408444
AS,New_AS_088.wav,C:\Users\armga\OneDrive\Escritorio\TFG\Programacion objetivo\Bases de Datos\AS_New_3주기\New_AS_088.wav,perfil_softmin_errores_f8,7.53441938360696e-08,0.47041090435155686,0.0917841656807657,0.19776096167481919,0.24004389294866443
AS,New_AS_089.wav,C:\Users\armga\OneDrive\Escritorio\TFG\Programacion objetivo\Bases de Datos\AS_New_3주기\New_AS_089.wav,perfil_softmin_errores_f8,4.198410055564671e-08,0.49318555437042366,0.10096527642443977,0.17851875898720834,0.2273303682338277
AS,New_AS_090.wav,C:\Users\armga\OneDrive\Escritorio\TFG\Programacion objetivo\Bases de Datos\AS_New_3주기\New_AS_090.wav,perfil_softmin_errores_f8,1.591966277585835e-07,0.5002475884593496,0.0965691904572582,0.17167175958747855,0.2315113022992859
AS,New_AS_091.wav,C:\Users\armga\OneDrive\Escritorio\TFG\Programacion objetivo\Bases de Datos\AS_New_3주기\New_AS_091.wav,perfil_softmin_errores_f8,2.211521339057694e-07,0.5209880476259532,0.0979558958934402,0.14927166485789428,0.23178417047057848
AS,New_AS_092.wav,C:\Users\armga\OneDrive\Escritorio\TFG\Programacion objetivo\Bases de Datos\AS_New_3주기\New_AS_092.wav,perfil_softmin_errores_f8,1.4727393814393566e-07,0.5316340627512635,0.10727811157241923,0.11686602682641227,0.2442216515759669
AS,New_AS_093.wav,C:\Users\armga\OneDrive\Escritorio\TFG\Programacion objetivo\Bases de Datos\AS_New_3주기\New_AS_093.wav,perfil_softmin_errores_f8,2.998038545938818e-07,0.5148865955399811,0.11537017141970975,0.15929070297148676,0.21045223026496762
AS,New_AS_094.wav,C:\Users\armga\OneDrive\Escritorio\TFG\Programacion objetivo\Bases de Datos\AS_New_3주기\New_AS_094.wav,perfil_softmin_errores_f8,2.501554509447565e-07,0.544065603930717,0.12083117703422065,0.13123328051503985,0.20386968836457137
AS,New_AS_095.wav,C:\Users\armga\OneDrive\Escritorio\TFG\Programacion objetivo\Bases de Datos\AS_New_3주기\New_AS_095.wav,perfil_softmin_errores_f8,9.428588726208629e-07,0.5283959857470045,0.15196912681130328,0.1448726366138669,0.1747613079689527
AS,New_AS_096.wav,C:\Users\armga\OneDrive\Escritorio\TFG\Programacion objetivo\Bases de Datos\AS_New_3주기\New_AS_096.wav,perfil_softmin_errores_f8,2.0118876789280152e-07,0.5883029107471204,0.08535639314242076,0.12034006732842546,0.20600042759326556
AS,New_AS_097.wav,C:\Users\armga\OneDrive\Escritorio\TFG\Programacion objetivo\Bases de Datos\AS_New_3주기\New_AS_097.wav,perfil_softmin_errores_f8,4.2674662203263444e-08,0.5629463120645104,0.08855510551149272,0.11371527006015483,0.2347832696891799
AS,New_AS_098.wav,C:\Users\armga\OneDrive\Escritorio\TFG\Programacion objetivo\Bases de Datos\AS_New_3주기\New_AS_098.wav,perfil_softmin_errores_f8,9.512509993499274e-08,0.4946330944839908,0.10580479656255319,0.15645211677464757,0.2431098970537086
AS,New_AS_099.wav,C:\Users\armga\OneDrive\Escritorio\TFG\Programacion objetivo\Bases de Datos\AS_New_3주기\New_AS_099.wav,perfil_softmin_errores_f8,3.0732150946663606e-07,0.5469093851676392,0.13335318856616796,0.13304907628040136,0.18668804266428202
AS,New_AS_100.wav,C:\Users\armga\OneDrive\Escritorio\TFG\Programacion objetivo\Bases de Datos\AS_New_3주기\New_AS_100.wav,perfil_softmin_errores_f8,1.4347347117659548e-07,0.5743793638942869,0.12660802652031117,0.11954078659728434,0.1794716795146465
AS,New_AS_101.wav,C:\Users\armga\OneDrive\Escritorio\TFG\Programacion objetivo\Bases de Datos\AS_New_3주기\New_AS_101.wav,perfil_softmin_errores_f8,1.5950508558271477e-07,0.5609427436346351,0.11814223125645947,0.11862640788176658,0.2022884577220531
AS,New_AS_102.wav,C:\Users\armga\OneDrive\Escritorio\TFG\Programacion objetivo\Bases de Datos\AS_New_3주기\New_AS_102.wav,perfil_softmin_errores_f8,2.041513615634887e-07,0.5576413836134752,0.11556369829508062,0.12750835495913618,0.19928635898094646
AS,New_AS_103.wav,C:\Users\armga\OneDrive\Escritorio\TFG\Programacion objetivo\Bases de Datos\AS_New_3주기\New_AS_103.wav,perfil_softmin_errores_f8,3.2256297556776406e-07,0.5025515087039565,0.12200261025603441,0.16055343809678002,0.21489212038025335
AS,New_AS_104.wav,C:\Users\armga\OneDrive\Escritorio\TFG\Programacion objetivo\Bases de Datos\AS_New_3주기\New_AS_104.wav,perfil_softmin_errores_f8,7.66090395230486e-08,0.536077458576336,0.09419167867428573,0.14201585840850525,0.2277149277318335
AS,New_AS_105.wav,C:\Users\armga\OneDrive\Escritorio\TFG\Programacion objetivo\Bases de Datos\AS_New_3주기\New_AS_105.wav,perfil_softmin_errores_f8,2.0083180175901161e-07,0.537437586405,0.10725154313282721,0.13216880201894332,0.2231418676114277
AS,New_AS_106.wav,C:\Users\armga\OneDrive\Escritorio\TFG\Programacion objetivo\Bases de Datos\AS_New_3주기\New_AS_106.wav,perfil_softmin_errores_f8,1.8306096606928392e-07,0.5143665587088561,0.1150093574039301,0.12625267061536255,0.24437123021088522
AS,New_AS_107.wav,C:\Users\armga\OneDrive\Escritorio\TFG\Programacion objetivo\Bases de Datos\AS_New_3주기\New_AS_107.wav,perfil_softmin_errores_f8,4.6444692005671313e-08,0.5067217702626587,0.11603811835737556,0.15114297127642648,0.2260970936588472
AS,New_AS_108.wav,C:\Users\armga\OneDrive\Escritorio\TFG\Programacion objetivo\Bases de Datos\AS_New_3주기\New_AS_108.wav,perfil_softmin_errores_f8,2.9566722432607125e-07,0.47159163676995053,0.1434487000856797,0.17536360976626275,0.20959575771088285
AS,New_AS_109.wav,C:\Users\armga\OneDrive\Escritorio\TFG\Programacion objetivo\Bases de Datos\AS_New_3주기\New_AS_109.wav,perfil_softmin_errores_f8,2.8708557468774665e-07,0.48366035713215144,0.10800319951729126,0.1867068850317817,0.22162927123320106
AS,New_AS_110.wav,C:\Users\armga\OneDrive\Escritorio\TFG\Programacion objetivo\Bases de Datos\AS_New_3주기\New_AS_110.wav,perfil_softmin_errores_f8,6.223448802607e-08,0.5556312980266274,0.09571144906364791,0.12795764661852163,0.2206995440567151
AS,New_AS_111.wav,C:\Users\armga\OneDrive\Escritorio\TFG\Programacion objetivo\Bases de Datos\AS_New_3주기\New_AS_111.wav,perfil_softmin_errores_f8,4.660909051467684e-09,0.6019168679580107,0.038943325647193675,0.1285163046177962,0.23062349711609048
AS,New_AS_112.wav,C:\Users\armga\OneDrive\Escritorio\TFG\Programacion objetivo\Bases de Datos\AS_New_3주기\New_AS_112.wav,perfil_softmin_errores_f8,9.389745766877664e-10,0.634141394594162,0.026551411204102725,0.0856190005841558,0.2536881926786049
AS,New_AS_113.wav,C:\Users\armga\OneDrive\Escritorio\TFG\Programacion objetivo\Bases de Datos\AS_New_3주기\New_AS_113.wav,perfil_softmin_errores_f8,7.368170834267627e-09,0.5758247781817518,0.029012264727482095,0.10609144980343967,0.28907149991915565
AS,New_AS_114.wav,C:\Users\armga\OneDrive\Escritorio\TFG\Programacion objetivo\Bases de Datos\AS_New_3주기\New_AS_114.wav,perfil_softmin_errores_f8,4.074765615347354e-09,0.5371997379877643,0.024877553384559853,0.11400935545683194,0.3239133490960782
AS,New_AS_115.wav,C:\Users\armga\OneDrive\Escritorio\TFG\Programacion objetivo\Bases de Datos\AS_New_3주기\New_AS_115.wav,perfil_softmin_errores_f8,2.461684716879183e-07,0.5409585744889831,0.12235930595047605,0.1321192144344042,0.20456265895766487
AS,New_AS_116.wav,C:\Users\armga\OneDrive\Escritorio\TFG\Programacion objetivo\Bases de Datos\AS_New_3주기\New_AS_116.wav,perfil_softmin_errores_f8,1.8823515290252188e-07,0.4413253302146204,0.1720473103237268,0.19376587618263708,0.19286129504386282
AS,New_AS_117.wav,C:\Users\armga\OneDrive\Escritorio\TFG\Programacion objetivo\Bases de Datos\AS_New_3주기\New_AS_117.wav,perfil_softmin_errores_f8,6.396492350653975e-08,0.5141250366193254,0.09327998907818175,0.16416183908293325,0.22843307125463605
AS,New_AS_118.wav,C:\Users\armga\OneDrive\Escritorio\TFG\Programacion objetivo\Bases de Datos\AS_New_3주기\New_AS_118.wav,perfil_softmin_errores_f8,8.213334002424347e-08,0.553106604283023,0.09729825251107638,0.14704849647300186,0.20254656459955875
AS,New_AS_119.wav,C:\Users\armga\OneDrive\Escritorio\TFG\Programacion objetivo\Bases de Datos\AS_New_3주기\New_AS_119.wav,perfil_softmin_errores_f8,1.6443816025630394e-07,0.5293717768841605,0.10572442895922878,0.13177048315489784,0.23313314656355272
AS,New_AS_120.wav,C:\Users\armga\OneDrive\Escritorio\TFG\Programacion objetivo\Bases de Datos\AS_New_3주기\New_AS_120.wav,perfil_softmin_errores_f8,2.1683820606480358e-07,0.5227498376418314,0.09839931644941456,0.14417215524976967,0.23467847382077842
AS,New_AS_121.wav,C:\Users\armga\OneDrive\Escritorio\TFG\Programacion objetivo\Bases de Datos\AS_New_3주기\New_AS_121.wav,perfil_softmin_errores_f8,1.8527227397435204e-07,0.5548865716229063,0.12398989818671476,0.12770545109628262,0.19341789382182228
AS,New_AS_122.wav,C:\Users\armga\OneDrive\Escritorio\TFG\Programacion objetivo\Bases de Datos\AS_New_3주기\New_AS_122.wav,perfil_softmin_errores_f8,2.479565192089854e-07,0.5515694152043837,0.15900834339254044,0.11204089655645427,0.1773810968901023
AS,New_AS_123.wav,C:\Users\armga\OneDrive\Escritorio\TFG\Programacion objetivo\Bases de Datos\AS_New_3주기\New_AS_123.wav,perfil_softmin_errores_f8,2.881055031017327e-07,0.47958127348794866,0.19076908234477397,0.12963556743507318,0.20001378862670113
AS,New_AS_124.wav,C:\Users\armga\OneDrive\Escritorio\TFG\Programacion objetivo\Bases de Datos\AS_New_3주기\New_AS_124.wav,perfil_softmin_errores_f8,8.218337247460742e-08,0.5268673257384096,0.08967119734408954,0.13566074176725781,0.24780065296687062
AS,New_AS_125.wav,C:\Users\armga\OneDrive\Escritorio\TFG\Programacion objetivo\Bases de Datos\AS_New_3주기\New_AS_125.wav,perfil_softmin_errores_f8,1.8530236500784705e-07,0.47394811351404065,0.1165301771583407,0.15939403669945115,0.2501274873258025
AS,New_AS_126.wav,C:\Users\armga\OneDrive\Escritorio\TFG\Programacion objetivo\Bases de Datos\AS_New_3주기\New_AS_126.wav,perfil_softmin_errores_f8,9.890977536449172e-08,0.5778979135281205,0.13691831262893314,0.10071680381463721,0.18446687111853383
AS,New_AS_127.wav,C:\Users\armga\OneDrive\Escritorio\TFG\Programacion objetivo\Bases de Datos\AS_New_3주기\New_AS_127.wav,perfil_softmin_errores_f8,3.591358737415717e-07,0.5848823358234377,0.1317730496325427,0.11579337933729911,0.16755087607084682
AS,New_AS_128.wav,C:\Users\armga\OneDrive\Escritorio\TFG\Programacion objetivo\Bases de Datos\AS_New_3주기\New_AS_128.wav,perfil_softmin_errores_f8,1.921938724760062e-07,0.5316092689772435,0.11761665574292154,0.15003635967794837,0.2007375234080143
AS,New_AS_129.wav,C:\Users\armga\OneDrive\Escritorio\TFG\Programacion objetivo\Bases de Datos\AS_New_3주기\New_AS_129.wav,perfil_softmin_errores_f8,2.6772756413325204e-06,0.4623037154321902,0.4925904168830141,0.00021272058014309107,0.04489046982901126
AS,New_AS_130.wav,C:\Users\armga\OneDrive\Escritorio\TFG\Programacion objetivo\Bases de Datos\AS_New_3주기\New_AS_130.wav,perfil_softmin_errores_f8,1.5560152409560887e-06,0.467169681192719,0.4904658399105523,0.00013390376217208277,0.042229019119315606
AS,New_AS_131.wav,C:\Users\armga\OneDrive\Escritorio\TFG\Programacion objetivo\Bases de Datos\AS_New_3주기\New_AS_131.wav,perfil_softmin_errores_f8,8.091700767378506e-10,0.496009736466022,0.01347023897083482,0.39292811762346513,0.097591906130508
AS,New_AS_132.wav,C:\Users\armga\OneDrive\Escritorio\TFG\Programacion objetivo\Bases de Datos\AS_New_3주기\New_AS_132.wav,perfil_softmin_errores_f8,0.00030867530291723324,0.2632383763051801,0.055797026189210126,0.37070737464685083,0.3099485475558417
AS,New_AS_133.wav,C:\Users\armga\OneDrive\Escritorio\TFG\Programacion objetivo\Bases de Datos\AS_New_3주기\New_AS_133.wav,perfil_softmin_errores_f8,2.8056537768543984e-06,0.5172959190087096,0.4812158098501179,6.151044514979434e-05,0.0014239550422457702
AS,New_AS_134.wav,C:\Users\armga\OneDrive\Escritorio\TFG\Programacion objetivo\Bases de Datos\AS_New_3주기\New_AS_134.wav,perfil_softmin_errores_f8,3.25237795231677e-07,0.5348568224840672,0.15440712742202575,0.1302627088614347,0.18047301599467724
AS,New_AS_135.wav,C:\Users\armga\OneDrive\Escritorio\TFG\Programacion objetivo\Bases de Datos\AS_New_3주기\New_AS_135.wav,perfil_softmin_errores_f8,7.585035358192786e-06,0.5126871764332355,0.4850848395482847,0.00011246317090639738,0.0021079358122152014
AS,New_AS_136.wav,C:\Users\armga\OneDrive\Escritorio\TFG\Programacion objetivo\Bases de Datos\AS_New_3주기\New_AS_136.wav,perfil_softmin_errores_f8,4.515561868091911e-06,0.4286280845069246,0.5214112623015261,0.00024564423430006464,0.04971049339538109
AS,New_AS_137.wav,C:\Users\armga\OneDrive\Escritorio\TFG\Programacion objetivo\Bases de Datos\AS_New_3주기\New_AS_137.wav,perfil_softmin_errores_f8,2.0765714810451214e-06,0.47173200383833963,0.5067838198704802,0.00011591035310045089,0.021366189366598745
AS,New_AS_138.wav,C:\Users\armga\OneDrive\Escritorio\TFG\Programacion objetivo\Bases de Datos\AS_New_3주기\New_AS_138.wav,perfil_softmin_errores_f8,2.1595087360532946e-06,0.4324365308497678,0.5369557219470297,0.00017545414303718883,0.030430133551429265
AS,New_AS_139.wav,C:\Users\armga\OneDrive\Escritorio\TFG\Programacion objetivo\Bases de Datos\AS_New_3주기\New_AS_139.wav,perfil_softmin_errores_f8,1.8584722995962266e-06,0.45668988821359263,0.5222922598259546,0.000101233000563519,0.020914760487589463
AS,New_AS_140.wav,C:\Users\armga\OneDrive\Escritorio\TFG\Programacion objetivo\Bases de Datos\AS_New_3주기\New_AS_140.wav,perfil_softmin_errores_f8,1.0512108079462264e-07,0.3456788400731429,0.08067892760523708,0.25667608930578273,0.31696603789475636
AS,New_AS_141.wav,C:\Users\armga\OneDrive\Escritorio\TFG\Programacion objetivo\Bases de Datos\AS_New_3주기\New_AS_141.wav,perfil_softmin_errores_f8,1.9259494212881647e-07,0.3708845294974334,0.09754017629743826,0.22905724101347474,0.3025178605967114
AS,New_AS_142.wav,C:\Users\armga\OneDrive\Escritorio\TFG\Programacion objetivo\Bases de Datos\AS_New_3주기\New_AS_142.wav,perfil_softmin_errores_f8,3.237952864997199e-08,0.4614225699096263,0.09820167992122145,0.20723617776760753,0.23313954002201615
AS,New_AS_143.wav,C:\Users\armga\OneDrive\Escritorio\TFG\Programacion objetivo\Bases de Datos\AS_New_3주기\New_AS_143.wav,perfil_softmin_errores_f8,5.214942313805996e-09,0.4903701381848651,0.06785247577486823,0.15369685505734224,0.2880805257679821
AS,New_AS_144.wav,C:\Users\armga\OneDrive\Escritorio\TFG\Programacion objetivo\Bases de Datos\AS_New_3주기\New_AS_144.wav,perfil_softmin_errores_f8,6.615122568081213e-08,0.5922607268930317,0.19497648974383758,0.035534968092460144,0.1772277491194448
AS,New_AS_145.wav,C:\Users\armga\OneDrive\Escritorio\TFG\Programacion objetivo\Bases de Datos\AS_New_3주기\New_AS_145.wav,perfil_softmin_errores_f8,9.517418356637653e-08,0.5968993297273633,0.17946687879683018,0.046443569595563075,0.17719012670605994
AS,New_AS_146.wav,C:\Users\armga\OneDrive\Escritorio\TFG\Programacion objetivo\Bases de Datos\AS_New_3주기\New_AS_146.wav,perfil_softmin_errores_f8,3.5832932717025135e-08,0.6448720637414173,0.159002332578383,0.02708827728611819,0.16903729056114883
AS,New_AS_147.wav,C:\Users\armga\OneDrive\Escritorio\TFG\Programacion objetivo\Bases de Datos\AS_New_3주기\New_AS_147.wav,perfil_softmin_errores_f8,3.6619635562681657e-08,0.6535449288586338,0.15000434456812808,0.030753308714638328,0.1656973812389642
AS,New_AS_148.wav,C:\Users\armga\OneDrive\Escritorio\TFG\Programacion objetivo\Bases de Datos\AS_New_3주기\New_AS_148.wav,perfil_softmin_errores_f8,1.5162294973404882e-07,0.5588384455373882,0.16211145761200696,0.0544330639797315,0.22461688124792364
AS,New_AS_149.wav,C:\Users\armga\OneDrive\Escritorio\TFG\Programacion objetivo\Bases de Datos\AS_New_3주기\New_AS_149.wav,perfil_softmin_errores_f8,2.444453637670332e-07,0.5429802183975103,0.2074776804930704,0.050931373225965984,0.1986104834380896
AS,New_AS_150.wav,C:\Users\armga\OneDrive\Escritorio\TFG\Programacion objetivo\Bases de Datos\AS_New_3주기\New_AS_150.wav,perfil_softmin_errores_f8,2.7877315771918873e-08,0.6362948209644258,0.1679070028069983,0.029012749226295303,0.16678539912496498
AS,New_AS_151.wav,C:\Users\armga\OneDrive\Escritorio\TFG\Programacion objetivo\Bases de Datos\AS_New_3주기\New_AS_151.wav,perfil_softmin_errores_f8,3.390764212184496e-07,0.5944415521092034,0.1894726327801473,0.0360483254095241,0.18003715062470393
AS,New_AS_152.wav,C:\Users\armga\OneDrive\Escritorio\TFG\Programacion objetivo\Bases de Datos\AS_New_3주기\New_AS_152.wav,perfil_softmin_errores_f8,5.479137671325013e-06,0.5165369012494898,0.3401174311827317,0.005223817355783973,0.13811637107432315
AS,New_AS_153.wav,C:\Users\armga\OneDrive\Escritorio\TFG\Programacion objetivo\Bases de Datos\AS_New_3주기\New_AS_153.wav,perfil_softmin_errores_f8,1.0989975953541337e-06,0.5237071240113591,0.36007393029684864,0.004128502884574655,0.11208934380962218
AS,New_AS_154.wav,C:\Users\armga\OneDrive\Escritorio\TFG\Programacion objetivo\Bases de Datos\AS_New_3주기\New_AS_154.wav,perfil_softmin_errores_f8,5.935694716609812e-06,0.4464552678096369,0.3748481817976041,0.0074796606213013974,0.1712109540767409
AS,New_AS_155.wav,C:\Users\armga\OneDrive\Escritorio\TFG\Programacion objetivo\Bases de Datos\AS_New_3주기\New_AS_155.wav,perfil_softmin_errores_f8,2.272559399419247e-06,0.5553107272013671,0.2930521781764167,0.005237632303733999,0.1463971897590828
AS,New_AS_156.wav,C:\Users\armga\OneDrive\Escritorio\TFG\Programacion objetivo\Bases de Datos\AS_New_3주기\New_AS_156.wav,perfil_softmin_errores_f8,3.7668483075164496e-06,0.44615124693404296,0.5004703229913954,0.0002404556415982878,0.05313420758465596
AS,New_AS_157.wav,C:\Users\armga\OneDrive\Escritorio\TFG\Programacion objetivo\Bases de Datos\AS_New_3주기\New_AS_157.wav,perfil_softmin_errores_f8,1.5024626105036135e-06,0.47754297769682225,0.5050727862680289,9.953165873278747e-05,0.017283201913805703
AS,New_AS_158.wav,C:\Users\armga\OneDrive\Escritorio\TFG\Programacion objetivo\Bases de Datos\AS_New_3주기\New_AS_158.wav,perfil_softmin_errores_f8,1.5913162710756142e-06,0.4867532264261651,0.4830546053605831,0.00016479818032348582,0.03002577871665724
AS,New_AS_159.wav,C:\Users\armga\OneDrive\Escritorio\TFG\Programacion objetivo\Bases de Datos\AS_New_3주기\New_AS_159.wav,perfil_softmin_errores_f8,1.5790922133126156e-06,0.4849180534044299,0.4942962248232925,8.40670248475077e-05,0.02070007565521688
AS,New_AS_160.wav,C:\Users\armga\OneDrive\Escritorio\TFG\Programacion objetivo\Bases de Datos\AS_New_3주기\New_AS_160.wav,perfil_softmin_errores_f8,1.671600857696812e-06,0.4539142339232231,0.5048702637160773,0.0001320632020117831,0.041081767557830134
AS,New_AS_161.wav,C:\Users\armga\OneDrive\Escritorio\TFG\Programacion objetivo\Bases de Datos\AS_New_3주기\New_AS_161.wav,perfil_softmin_errores_f8,7.670520456150386e-07,0.45040448512041276,0.5262061929783555,6.674474899866765e-05,0.023321810100187527
