clase,archivo,ruta,variante_deep_onmf,F_001,F_002,F_003,F_004,F_005,F_006,F_007,F_008,F_009,F_010,F_011,F_012,F_013,F_014,F_015
AS,New_AS_001.wav,C:\Users\armga\OneDrive\Escritorio\TFG\Programacion objetivo\Bases de Datos\AS_New_3주기\New_AS_001.wav,afinidad_y_diferencias_errores,1.1576186454102657,2.0920675529455286,2.063912230719664,2.1402236786103552,2.081238287110257,-0.9344489075352629,-0.9062935853093983,-0.9826050332000895,-0.9236196416999911,0.028155322225864587,-0.04815612566482663,0.010829265835271773,-0.07631144789069122,-0.017326056390592814,0.058985391500098405
AS,New_AS_002.wav,C:\Users\armga\OneDrive\Escritorio\TFG\Programacion objetivo\Bases de Datos\AS_New_3주기\New_AS_002.wav,afinidad_y_diferencias_errores,1.2509102067116828,2.240324764936194,2.0792522575140953,2.233917025060872,2.1893821508455966,-0.9894145582245113,-0.8283420508024124,-0.9830068183491891,-0.9384719441339138,0.1610725074220989,0.0064077398753221715,0.05094261409059753,-0.15466476754677672,-0.11012989333150136,0.044534874215275355
AS,New_AS_003.wav,C:\Users\armga\OneDrive\Escritorio\TFG\Programacion objetivo\Bases de Datos\AS_New_3주기\New_AS_003.wav,afinidad_y_diferencias_errores,1.1100480470498089,2.1608200067570196,2.035030439955232,2.138005963873157,2.126559712230563,-1.0507719597072107,-0.9249823929054233,-1.0279579168233481,-1.016511665180754,0.12578956680178743,0.022814042883862573,0.034260294526456736,-0.10297552391792486,-0.0915292722753307,0.011446251642594163
AS,New_AS_004.wav,C:\Users\armga\OneDrive\Escritorio\TFG\Programacion objetivo\Bases de Datos\AS_New_3주기\New_AS_004.wav,afinidad_y_diferencias_errores,1.2151063613283277,2.235196646026841,2.088850268081072,2.1844976471777775,2.221496094223056,-1.0200902846985134,-0.8737439067527442,-0.9693912858494498,-1.0063897328947284,0.1463463779457692,0.05069899884906359,0.013700551803784933,-0.09564737909670562,-0.13264582614198428,-0.03699844704527866
AS,New_AS_005.wav,C:\Users\armga\OneDrive\Escritorio\TFG\Programacion objetivo\Bases de Datos\AS_New_3주기\New_AS_005.wav,afinidad_y_diferencias_errores,1.2257949480604826,2.194586023111823,2.070230027041065,2.2246893210213243,2.188482774335055,-0.9687910750513402,-0.8444350789805823,-0.9988943729608417,-0.9626878262745722,0.12435599607075787,-0.030103297909501503,0.006103248776768044,-0.15445929398025937,-0.11825274729398982,0.03620654668626955
AS,New_AS_006.wav,C:\Users\armga\OneDrive\Escritorio\TFG\Programacion objetivo\Bases de Datos\AS_New_3주기\New_AS_006.wav,afinidad_y_diferencias_errores,1.1055421021232177,2.1788674217395774,2.0675350471783487,2.1564054706827522,2.0754995304486297,-1.0733253196163597,-0.961992945055131,-1.0508633685595345,-0.969957428325412,0.11133237456122869,0.022461951056825136,0.1033678912909477,-0.08887042350440355,-0.007964483270280986,0.08090594023412256
AS,New_AS_007.wav,C:\Users\armga\OneDrive\Escritorio\TFG\Programacion objetivo\Bases de Datos\AS_New_3주기\New_AS_007.wav,afinidad_y_diferencias_errores,1.1326563569232118,2.112016340464742,2.026972635284107,2.133040713760942,2.070697493938484,-0.9793599835415301,-0.8943162783608951,-1.0003843568377304,-0.9380411370152721,0.08504370518063498,-0.021024373296200327,0.041318846526257946,-0.1060680784768353,-0.04372485865437703,0.06234321982245827
AS,New_AS_008.wav,C:\Users\armga\OneDrive\Escritorio\TFG\Programacion objetivo\Bases de Datos\AS_New_3주기\New_AS_008.wav,afinidad_y_diferencias_errores,1.1934025854245054,2.234909331900596,2.0982216253237125,2.258104749898017,2.186582570751179,-1.0415067464760905,-0.9048190398992071,-1.0647021644735115,-0.9931799853266734,0.13668770657688345,-0.023195417997420975,0.04832676114941714,-0.15988312457430442,-0.08836094542746631,0.07152217914683812
AS,New_AS_009.wav,C:\Users\armga\OneDrive\Escritorio\TFG\Programacion objetivo\Bases de Datos\AS_New_3주기\New_AS_009.wav,afinidad_y_diferencias_errores,1.1816605260615851,2.216098935794847,2.064976222905146,2.193095754914811,2.118895020150574,-1.034438409733262,-0.8833156968435609,-1.011435228853226,-0.9372344940889887,0.15112271288970103,0.023003180880035945,0.09720391564427322,-0.12811953200966508,-0.05391879724542781,0.07420073476423727
AS,New_AS_010.wav,C:\Users\armga\OneDrive\Escritorio\TFG\Programacion objetivo\Bases de Datos\AS_New_3주기\New_AS_010.wav,afinidad_y_diferencias_errores,1.2004064202508518,2.178272923850679,2.0788923369439263,2.208801157533158,2.171782554102206,-0.9778665035998271,-0.8784859166930745,-1.008394737282306,-0.9713761338513545,0.09938058690675255,-0.030528233682479033,0.006490369748472613,-0.1299088205892316,-0.09289021715827994,0.037018603430951647
AS,New_AS_011.wav,C:\Users\armga\OneDrive\Escritorio\TFG\Programacion objetivo\Bases de Datos\AS_New_3주기\New_AS_011.wav,afinidad_y_diferencias_errores,1.218372979078574,2.21822029756926,2.068319069944622,2.205710535219685,2.1215658677930067,-0.999847318490686,-0.8499460908660479,-0.9873375561411109,-0.9031928887144327,0.1499012276246381,0.012509762349575126,0.09665442977625327,-0.13739146527506296,-0.05324679784838482,0.08414466742667814
AS,New_AS_012.wav,C:\Users\armga\OneDrive\Escritorio\TFG\Programacion objetivo\Bases de Datos\AS_New_3주기\New_AS_012.wav,afinidad_y_diferencias_errores,1.182946462461758,2.1766782941097467,2.1187829690336084,2.232960493200087,2.1558721479578815,-0.9937318316479886,-0.9358365065718504,-1.0500140307383288,-0.9729256854961235,0.05789532507613826,-0.05628219909034016,0.020806146151865157,-0.11417752416647842,-0.0370891789242731,0.07708834524220531
AS,New_AS_013.wav,C:\Users\armga\OneDrive\Escritorio\TFG\Programacion objetivo\Bases de Datos\AS_New_3주기\New_AS_013.wav,afinidad_y_diferencias_errores,1.1472858754592485,2.175105970147633,2.059172743263361,2.1512597285787747,2.060790061349887,-1.0278200946883846,-0.9118868678041123,-1.0039738531195261,-0.9135041858906383,0.11593322688427232,0.023846241568858506,0.11431590879774634,-0.09208698531541382,-0.0016173180865259873,0.09046966722888783
AS,New_AS_014.wav,C:\Users\armga\OneDrive\Escritorio\TFG\Programacion objetivo\Bases de Datos\AS_New_3주기\New_AS_014.wav,afinidad_y_diferencias_errores,1.2429350374710897,2.27905973918807,2.0940887578623046,2.2754644844424985,2.2270982266988297,-1.0361247017169803,-0.851153720391215,-1.0325294469714088,-0.98416318922774,0.1849709813257654,0.003595254745571541,0.0519615124892403,-0.18137572658019385,-0.1330094688365251,0.04836625774366876
AS,New_AS_015.wav,C:\Users\armga\OneDrive\Escritorio\TFG\Programacion objetivo\Bases de Datos\AS_New_3주기\New_AS_015.wav,afinidad_y_diferencias_errores,1.1352554428206658,2.0976146593107527,1.9902326412768192,2.0932019607366663,2.066043097326651,-0.9623592164900869,-0.8549771984561534,-0.9579465179160005,-0.930787654505985,0.10738201803393355,0.004412698574086438,0.03157156198410194,-0.10296931945984711,-0.07581045604983161,0.0271588634100155
AS,New_AS_016.wav,C:\Users\armga\OneDrive\Escritorio\TFG\Programacion objetivo\Bases de Datos\AS_New_3주기\New_AS_016.wav,afinidad_y_diferencias_errores,1.2620288074997241,2.243027584583399,2.0934335629171037,2.231992246805763,2.202886399768436,-0.980998777083675,-0.8314047554173796,-0.9699634393060388,-0.9408575922687119,0.14959402166629543,0.011035337777636212,0.04014118481496309,-0.13855868388865922,-0.10945283685133234,0.029105847037326882
AS,New_AS_017.wav,C:\Users\armga\OneDrive\Escritorio\TFG\Programacion objetivo\Bases de Datos\AS_New_3주기\New_AS_017.wav,afinidad_y_diferencias_errores,1.2704640490157793,2.2020811096434953,2.065346694783221,2.2290574372215026,2.165561988228937,-0.9316170606277161,-0.7948826457674418,-0.9585933882057234,-0.895097939213158,0.13673441486027427,-0.026976327578007275,0.03651912141455815,-0.16371074243828154,-0.10021529344571611,0.06349544899256543
AS,New_AS_018.wav,C:\Users\armga\OneDrive\Escritorio\TFG\Programacion objetivo\Bases de Datos\AS_New_3주기\New_AS_018.wav,afinidad_y_diferencias_errores,1.1841820602551945,2.167930517050161,2.0834709731231404,2.1955302134595307,2.095113118208809,-0.9837484567949666,-0.899288912867946,-1.0113481532043362,-0.9109310579536145,0.0844595439270206,-0.027599696409369656,0.07281739884135208,-0.11205924033639025,-0.01164214508566852,0.10041709525072173
AS,New_AS_019.wav,C:\Users\armga\OneDrive\Escritorio\TFG\Programacion objetivo\Bases de Datos\AS_New_3주기\New_AS_019.wav,afinidad_y_diferencias_errores,1.1167720212438714,2.1023595305569023,2.070548808036065,2.1537640451665228,2.1078526981436383,-0.9855875093130309,-0.9537767867921934,-1.0369920239226513,-0.9910806768997669,0.0318107225208375,-0.05140451460962048,-0.005493167586736014,-0.08321523713045798,-0.03730389010757351,0.04591134702288446
AS,New_AS_020.wav,C:\Users\armga\OneDrive\Escritorio\TFG\Programacion objetivo\Bases de Datos\AS_New_3주기\New_AS_020.wav,afinidad_y_diferencias_errores,1.2075765754341352,2.228293652824644,2.061426484833014,2.247101230324876,2.199702406003305,-1.0207170773905088,-0.853849909398879,-1.0395246548907406,-0.9921258305691698,0.16686716799162982,-0.018807577500231876,0.028591246821338956,-0.1856747454918617,-0.13827592117029086,0.04739882432157083
AS,New_AS_021.wav,C:\Users\armga\OneDrive\Escritorio\TFG\Programacion objetivo\Bases de Datos\AS_New_3주기\New_AS_021.wav,afinidad_y_diferencias_errores,1.1644219334502097,2.1696431372395213,2.0550387520552804,2.1882188149111634,2.125990306179314,-1.0052212037893116,-0.8906168186050707,-1.0237968814609537,-0.9615683727291044,0.11460438518424088,-0.018575677671642143,0.04365283106020712,-0.13318006285588302,-0.07095155412403376,0.062228508731849264
AS,New_AS_022.wav,C:\Users\armga\OneDrive\Escritorio\TFG\Programacion objetivo\Bases de Datos\AS_New_3주기\New_AS_022.wav,afinidad_y_diferencias_errores,1.208413888795187,2.252682010504975,2.124020879756592,2.218184555711858,2.192319603785382,-1.0442681217097882,-0.9156069909614049,-1.0097706669166708,-0.9839057149901951,0.12866113074838337,0.03449745479311739,0.06036240671959314,-0.09416367595526598,-0.06829872402879023,0.025864951926475754
AS,New_AS_023.wav,C:\Users\armga\OneDrive\Escritorio\TFG\Programacion objetivo\Bases de Datos\AS_New_3주기\New_AS_023.wav,afinidad_y_diferencias_errores,1.1721842794694637,2.156291974213702,2.0456217014214952,2.129107539564839,2.0817479735666513,-0.9841076947442384,-0.8734374219520316,-0.9569232600953752,-0.9095636940971876,0.11067027279220687,0.02718443464886322,0.0745440006470508,-0.08348583814334365,-0.03612627214515607,0.04735956599818758
AS,New_AS_024.wav,C:\Users\armga\OneDrive\Escritorio\TFG\Programacion objetivo\Bases de Datos\AS_New_3주기\New_AS_024.wav,afinidad_y_diferencias_errores,1.147334049693058,2.218540376682461,2.0994035672465627,2.20933727813874,2.126553887573356,-1.0712063269894032,-0.9520695175535048,-1.0620032284456822,-0.9792198378802981,0.11913680943589844,0.009203098543721033,0.09198648910910512,-0.1099337108921774,-0.02715032032679332,0.08278339056538409
AS,New_AS_025.wav,C:\Users\armga\OneDrive\Escritorio\TFG\Programacion objetivo\Bases de Datos\AS_New_3주기\New_AS_025.wav,afinidad_y_diferencias_errores,1.1422192231009796,2.16205297898421,2.043666066107419,2.1436483084150706,2.097199664901392,-1.0198337558832302,-0.9014468430064395,-1.001429085314091,-0.9549804418004124,0.1183869128767907,0.018404670569139192,0.0648533140828178,-0.09998224230765151,-0.0535335987939729,0.04644864351367861
AS,New_AS_026.wav,C:\Users\armga\OneDrive\Escritorio\TFG\Programacion objetivo\Bases de Datos\AS_New_3주기\New_AS_026.wav,afinidad_y_diferencias_errores,1.2106805564867216,2.2082216407195627,2.067379568899208,2.299870450499444,2.217803696113528,-0.9975410842328412,-0.8566990124124865,-1.0891898940127223,-1.0071231396268066,0.1408420718203547,-0.0916488097798811,-0.009582055393965394,-0.2324908816002358,-0.15042412721432008,0.08206675438591571
AS,New_AS_027.wav,C:\Users\armga\OneDrive\Escritorio\TFG\Programacion objetivo\Bases de Datos\AS_New_3주기\New_AS_027.wav,afinidad_y_diferencias_errores,1.1791475847201052,2.224883708984962,2.0787379671006683,2.238710998843524,2.1429751227739184,-1.0457361242648568,-0.8995903823805631,-1.059563414123419,-0.9638275380538133,0.14614574188429375,-0.013827289858562075,0.08190858621104358,-0.15997303174285582,-0.06423715567325017,0.09573587606960565
AS,New_AS_028.wav,C:\Users\armga\OneDrive\Escritorio\TFG\Programacion objetivo\Bases de Datos\AS_New_3주기\New_AS_028.wav,afinidad_y_diferencias_errores,1.194956173303624,2.1897825503906314,2.070427802601787,2.2081225585493867,2.1373289361966057,-0.9948263770870074,-0.8754716292981628,-1.0131663852457626,-0.9423727628929817,0.11935474778884458,-0.01834000815875525,0.05245361419402572,-0.13769475594759983,-0.06690113359481886,0.07079362235278097
AS,New_AS_029.wav,C:\Users\armga\OneDrive\Escritorio\TFG\Programacion objetivo\Bases de Datos\AS_New_3주기\New_AS_029.wav,afinidad_y_diferencias_errores,1.2063115230184644,2.194856895448715,2.0616120367567654,2.2245843681412483,2.163479242834158,-0.9885453724302504,-0.855300513738301,-1.0182728451227838,-0.9571677198156934,0.13324485869194946,-0.029727472692533397,0.03137765261455705,-0.16297233138448286,-0.10186720607739241,0.06110512530709045
AS,New_AS_030.wav,C:\Users\armga\OneDrive\Escritorio\TFG\Programacion objetivo\Bases de Datos\AS_New_3주기\New_AS_030.wav,afinidad_y_diferencias_errores,1.1464195195218072,2.1722331914141377,2.0664587200543036,2.1790397770598635,2.131463357147979,-1.0258136718923305,-0.9200392005324964,-1.0326202575380563,-0.9850438376261716,0.10577447135983409,-0.006806585645725782,0.04076983426615888,-0.11258105700555987,-0.06500463709367521,0.04757641991188466
AS,New_AS_031.wav,C:\Users\armga\OneDrive\Escritorio\TFG\Programacion objetivo\Bases de Datos\AS_New_3주기\New_AS_031.wav,afinidad_y_diferencias_errores,1.1609142843893703,2.1204961118095063,2.024401892869516,2.187749189997218,2.0784268432021196,-0.959581827420136,-0.8634876084801459,-1.0268349056078478,-0.9175125588127493,0.09609421893999004,-0.06725307818771187,0.04206926860738669,-0.1633472971277019,-0.05402495033260335,0.10932234679509856
AS,New_AS_032.wav,C:\Users\armga\OneDrive\Escritorio\TFG\Programacion objetivo\Bases de Datos\AS_New_3주기\New_AS_032.wav,afinidad_y_diferencias_errores,1.1760007176045806,2.2239048930733447,2.106213640578939,2.272063088318195,2.206614038188218,-1.0479041754687641,-0.9302129229743585,-1.0960623707136146,-1.0306133205836374,0.1176912524944056,-0.04815819524485043,0.017290854885126716,-0.16584944773925603,-0.10040039760927888,0.06544905012997715
AS,New_AS_033.wav,C:\Users\armga\OneDrive\Escritorio\TFG\Programacion objetivo\Bases de Datos\AS_New_3주기\New_AS_033.wav,afinidad_y_diferencias_errores,1.142728662526527,2.117576644395384,2.020357115540829,2.1318854748979175,2.0843449449153875,-0.9748479818688569,-0.8776284530143021,-0.9891568123713905,-0.9416162823888605,0.09721952885455476,-0.01430883050253362,0.03323169947999638,-0.11152835935708838,-0.06398782937455838,0.04754052998253
AS,New_AS_034.wav,C:\Users\armga\OneDrive\Escritorio\TFG\Programacion objetivo\Bases de Datos\AS_New_3주기\New_AS_034.wav,afinidad_y_diferencias_errores,1.221246751135897,2.2439066221408317,2.104456271280459,2.248074899087415,2.216061645330388,-1.0226598710049346,-0.8832095201445618,-1.026828147951518,-0.994814894194491,0.13945035086037283,-0.0041682769465833935,0.027844976810443622,-0.14361862780695622,-0.1116053740499292,0.032013253757027016
AS,New_AS_035.wav,C:\Users\armga\OneDrive\Escritorio\TFG\Programacion objetivo\Bases de Datos\AS_New_3주기\New_AS_035.wav,afinidad_y_diferencias_errores,1.225327454459838,2.199742950770191,2.0511609783285216,2.198353172504042,2.1801286478565216,-0.9744154963103531,-0.8258335238686836,-0.9730257180442041,-0.9548011933966836,0.14858197244166949,0.0013897782661489444,0.0196143029136695,-0.14719219417552054,-0.12896766952799998,0.018224524647520557
AS,New_AS_036.wav,C:\Users\armga\OneDrive\Escritorio\TFG\Programacion objetivo\Bases de Datos\AS_New_3주기\New_AS_036.wav,afinidad_y_diferencias_errores,1.1357547234676022,2.113438335891706,2.0138487813853727,2.142818866402561,2.0758669827965996,-0.9776836124241037,-0.8780940579177705,-1.0070641429349587,-0.9401122593289974,0.09958955450633322,-0.029380530510854985,0.037571353095106286,-0.1289700850171882,-0.062018201411226936,0.06695188360596127
AS,New_AS_037.wav,C:\Users\armga\OneDrive\Escritorio\TFG\Programacion objetivo\Bases de Datos\AS_New_3주기\New_AS_037.wav,afinidad_y_diferencias_errores,1.1517091500646042,2.175772023774463,2.07651026479617,2.2580284317104393,2.111353071021846,-1.024062873709859,-0.924801114731566,-1.1063192816458352,-0.9596439209572418,0.09926175897829292,-0.08225640793597622,0.06441895275261711,-0.18151816691426914,-0.034842806225675815,0.14667536068859333
AS,New_AS_038.wav,C:\Users\armga\OneDrive\Escritorio\TFG\Programacion objetivo\Bases de Datos\AS_New_3주기\New_AS_038.wav,afinidad_y_diferencias_errores,1.1784040287229478,2.183398779085032,2.070908915718007,2.2153382549839673,2.1654712083477796,-1.0049947503620842,-0.8925048869950591,-1.0369342262610195,-0.9870671796248318,0.11248986336702504,-0.03193947589893531,0.017927570737252374,-0.14442933926596035,-0.09456229262977267,0.049867046636187684
AS,New_AS_039.wav,C:\Users\armga\OneDrive\Escritorio\TFG\Programacion objetivo\Bases de Datos\AS_New_3주기\New_AS_039.wav,afinidad_y_diferencias_errores,1.1962223980372593,2.2163710320320638,2.0757513329396042,2.2183990270589193,2.1617935436139097,-1.0201486339948045,-0.879528934902345,-1.02217662902166,-0.9655711455766505,0.14061969909245953,-0.002027995026855578,0.05457748841815402,-0.1426476941193151,-0.08604221067430551,0.0566054834450096
AS,New_AS_040.wav,C:\Users\armga\OneDrive\Escritorio\TFG\Programacion objetivo\Bases de Datos\AS_New_3주기\New_AS_040.wav,afinidad_y_diferencias_errores,1.187697259412601,2.2324199361077888,2.094647519744713,2.227697401123987,2.1822025265278353,-1.0447226766951878,-0.9069502603321122,-1.040000141711386,-0.9945052671152343,0.13777241636307558,0.004722534983801818,0.050217409579953465,-0.13304988137927376,-0.08755500678312211,0.045494874596151647
AS,New_AS_041.wav,C:\Users\armga\OneDrive\Escritorio\TFG\Programacion objetivo\Bases de Datos\AS_New_3주기\New_AS_041.wav,afinidad_y_diferencias_errores,1.2211668936727662,2.1934459071479293,2.050528701935052,2.2222289994959508,2.150857038636757,-0.9722790134751631,-0.829361808262286,-1.0010621058231846,-0.9296901449639909,0.1429172052128771,-0.028783092348021455,0.04258886851117216,-0.17170029756089855,-0.10032833670170493,0.07137196085919362
AS,New_AS_042.wav,C:\Users\armga\OneDrive\Escritorio\TFG\Programacion objetivo\Bases de Datos\AS_New_3주기\New_AS_042.wav,afinidad_y_diferencias_errores,1.1433283867151,2.1003637066223404,2.0202290394945583,2.15474562010775,2.0643853769314604,-0.9570353199072403,-0.8769006527794583,-1.01141723339265,-0.9210569902163603,0.08013466712778206,-0.05438191348540977,0.035978329690879995,-0.13451658061319183,-0.04415633743690206,0.09036024317628977
AS,New_AS_043.wav,C:\Users\armga\OneDrive\Escritorio\TFG\Programacion objetivo\Bases de Datos\AS_New_3주기\New_AS_043.wav,afinidad_y_diferencias_errores,1.1831388460792072,2.157253506050076,2.072246272392426,2.2471119311467658,2.1640086579521602,-0.9741146599708688,-0.889107426313219,-1.0639730850675586,-0.9808698118729531,0.08500723365764973,-0.08985842509668984,-0.006755151902084311,-0.17486565875433957,-0.09176238555973404,0.08310327319460553
AS,New_AS_044.wav,C:\Users\armga\OneDrive\Escritorio\TFG\Programacion objetivo\Bases de Datos\AS_New_3주기\New_AS_044.wav,afinidad_y_diferencias_errores,1.1706398794193467,2.162234439124564,2.0366487742585084,2.200381336986508,2.1436725230467877,-0.9915945597052174,-0.8660088948391618,-1.0297414575671615,-0.973032643627441,0.1255856648660556,-0.03814689786194414,0.018561916077776353,-0.16373256272799974,-0.10702374878827925,0.05670881393972049
AS,New_AS_045.wav,C:\Users\armga\OneDrive\Escritorio\TFG\Programacion objetivo\Bases de Datos\AS_New_3주기\New_AS_045.wav,afinidad_y_diferencias_errores,1.2166352976641988,2.257515907399759,2.1032878184806973,2.316794335450576,2.2096214125683775,-1.0408806097355603,-0.8866525208164986,-1.1001590377863772,-0.9929861149041788,0.1542280889190617,-0.059278428050816956,0.04789449483138153,-0.21350651696987866,-0.10633359408768017,0.10717292288219848
AS,New_AS_046.wav,C:\Users\armga\OneDrive\Escritorio\TFG\Programacion objetivo\Bases de Datos\AS_New_3주기\New_AS_046.wav,afinidad_y_diferencias_errores,1.1670125031519383,2.154141890014821,2.02984414424942,2.17320037918169,2.1302416094263363,-0.9871293868628828,-0.8628316410974819,-1.0061878760297518,-0.9632291062743981,0.12429774576540087,-0.01905848916686903,0.0239002805884847,-0.1433562349322699,-0.10039746517691617,0.04295876975535373
AS,New_AS_047.wav,C:\Users\armga\OneDrive\Escritorio\TFG\Programacion objetivo\Bases de Datos\AS_New_3주기\New_AS_047.wav,afinidad_y_diferencias_errores,1.237330048984828,2.2393329847098777,2.0753410647977137,2.2587069870485426,2.191664876567862,-1.0020029357250497,-0.8380110158128857,-1.0213769380637145,-0.9543348275830341,0.163991919912164,-0.01937400233866482,0.04766810814201561,-0.18336592225082882,-0.11632381177014839,0.06704211048068043
AS,New_AS_048.wav,C:\Users\armga\OneDrive\Escritorio\TFG\Programacion objetivo\Bases de Datos\AS_New_3주기\New_AS_048.wav,afinidad_y_diferencias_errores,1.1852611588956254,2.2168252997814832,2.0933507315816815,2.2473887403683634,2.1390557205770255,-1.0315641408858578,-0.9080895726860561,-1.062127581472738,-0.9537945616814001,0.12347456819980174,-0.03056344058688021,0.0777695792044577,-0.15403800878668195,-0.04570498899534403,0.10833301979133791
AS,New_AS_049.wav,C:\Users\armga\OneDrive\Escritorio\TFG\Programacion objetivo\Bases de Datos\AS_New_3주기\New_AS_049.wav,afinidad_y_diferencias_errores,1.3332323051378634,2.085416957491699,2.108557024439691,2.3477739279003087,2.160149157434019,-0.7521846523538358,-0.7753247193018276,-1.0145416227624453,-0.8269168522961554,-0.023140066947991755,-0.2623569704086095,-0.07473219994231961,-0.23921690346061775,-0.051592132994327855,0.1876247704662899
AS,New_AS_050.wav,C:\Users\armga\OneDrive\Escritorio\TFG\Programacion objetivo\Bases de Datos\AS_New_3주기\New_AS_050.wav,afinidad_y_diferencias_errores,1.3240937709898084,1.891771393527104,2.097717532735235,2.2311567428543686,1.914192354550558,-0.5676776225372957,-0.7736237617454265,-0.9070629718645602,-0.5900985835607495,-0.20594613920813076,-0.3393853493272645,-0.02242096102345381,-0.13343921011913373,0.18352517818467695,0.3169643883038107
AS,New_AS_051.wav,C:\Users\armga\OneDrive\Escritorio\TFG\Programacion objetivo\Bases de Datos\AS_New_3주기\New_AS_051.wav,afinidad_y_diferencias_errores,1.2603282679423309,1.8328175964226576,1.7626808115097548,1.8611074334525413,1.688169033349808,-0.5724893284803267,-0.5023525435674239,-0.6007791655102104,-0.4278407654074772,0.07013678491290287,-0.028289837029883635,0.14464856307284957,-0.09842662194278651,0.0745117781599467,0.1729384001027332
AS,New_AS_052.wav,C:\Users\armga\OneDrive\Escritorio\TFG\Programacion objetivo\Bases de Datos\AS_New_3주기\New_AS_052.wav,afinidad_y_diferencias_errores,1.1804981306854039,1.6835187700511516,1.7442883560990232,1.7978940780528487,1.6036234573004589,-0.5030206393657477,-0.5637902254136193,-0.6173959473674449,-0.423125326615055,-0.06076958604787164,-0.11437530800169715,0.07989531275069273,-0.053605721953825514,0.14066489879856436,0.19427062075238988
AS,New_AS_053.wav,C:\Users\armga\OneDrive\Escritorio\TFG\Programacion objetivo\Bases de Datos\AS_New_3주기\New_AS_053.wav,afinidad_y_diferencias_errores,1.2776772387212867,1.7698821685277115,2.071238658299585,2.162775719952684,1.834579969559742,-0.49220492980642483,-0.7935614195782985,-0.8850984812313973,-0.5569027308384553,-0.3013564897718737,-0.3928935514249725,-0.06469780103203049,-0.09153706165309883,0.2366586887398432,0.328195750392942
AS,New_AS_054.wav,C:\Users\armga\OneDrive\Escritorio\TFG\Programacion objetivo\Bases de Datos\AS_New_3주기\New_AS_054.wav,afinidad_y_diferencias_errores,1.2780165247752489,1.9663958822926413,1.9026517727814956,2.1061637756589873,1.9167006469851289,-0.6883793575173924,-0.6246352480062467,-0.8281472508837384,-0.63868412220988,0.06374410951114573,-0.13976789336634599,0.04969523530751241,-0.20351200287749172,-0.014048874203633321,0.1894631286738584
AS,New_AS_055.wav,C:\Users\armga\OneDrive\Escritorio\TFG\Programacion objetivo\Bases de Datos\AS_New_3주기\New_AS_055.wav,afinidad_y_diferencias_errores,1.0707732114752537,1.6183253550921575,1.6655802836058882,1.7349891358106784,1.5854011972314608,-0.5475521436169037,-0.5948070721306344,-0.6642159243354246,-0.514627985756207,-0.0472549285137307,-0.1166637807185209,0.03292415786069669,-0.0694088522047902,0.08017908637442739,0.1495879385792176
AS,New_AS_056.wav,C:\Users\armga\OneDrive\Escritorio\TFG\Programacion objetivo\Bases de Datos\AS_New_3주기\New_AS_056.wav,afinidad_y_diferencias_errores,1.135833672121239,1.6873432140169742,1.840215474463174,1.9089712471156237,1.6504824376926868,-0.5515095418957352,-0.704381802341935,-0.7731375749943847,-0.5146487655714478,-0.15287226044619984,-0.22162803309864954,0.036860776324287414,-0.0687557726524497,0.18973303677048725,0.25848880942293695
AS,New_AS_057.wav,C:\Users\armga\OneDrive\Escritorio\TFG\Programacion objetivo\Bases de Datos\AS_New_3주기\New_AS_057.wav,afinidad_y_diferencias_errores,1.2070239369650828,1.8981797190060912,1.8494025398349203,1.9882912086728934,1.8293363228522028,-0.6911557820410084,-0.6423786028698375,-0.7812672717078106,-0.62231238588712,0.04877717917117086,-0.09011148966680227,0.06884339615388835,-0.13888866883797313,0.02006621698271749,0.15895488582069062
AS,New_AS_058.wav,C:\Users\armga\OneDrive\Escritorio\TFG\Programacion objetivo\Bases de Datos\AS_New_3주기\New_AS_058.wav,afinidad_y_diferencias_errores,1.253662628745239,1.9175794826653874,1.9122414988797252,2.023107884904746,1.8348773161148195,-0.6639168539201483,-0.6585788701344861,-0.7694452561595069,-0.5812146873695805,0.0053379837856621926,-0.10552840223935855,0.08270216655056783,-0.11086638602502075,0.07736418276490564,0.1882305687899264
AS,New_AS_059.wav,C:\Users\armga\OneDrive\Escritorio\TFG\Programacion objetivo\Bases de Datos\AS_New_3주기\New_AS_059.wav,afinidad_y_diferencias_errores,1.1952776992323801,1.6731430701727659,1.8911332864340569,1.9379203657290869,1.6359589038694347,-0.4778653709403857,-0.6958555872016767,-0.7426426664967067,-0.4406812046370545,-0.217990216261291,-0.264777295556321,0.03718416630333121,-0.04678707929503001,0.2551743825646222,0.3019614618596522
AS,New_AS_060.wav,C:\Users\armga\OneDrive\Escritorio\TFG\Programacion objetivo\Bases de Datos\AS_New_3주기\New_AS_060.wav,afinidad_y_diferencias_errores,1.1260172990710264,1.5965088747605922,1.6129480973702512,1.6810583178121141,1.4979675198517848,-0.4704915756895658,-0.4869307982992248,-0.5550410187410877,-0.37195022078075834,-0.01643922260965902,-0.0845494430515219,0.09854135490880744,-0.06811022044186288,0.11498057751846646,0.18309079796032934
AS,New_AS_061.wav,C:\Users\armga\OneDrive\Escritorio\TFG\Programacion objetivo\Bases de Datos\AS_New_3주기\New_AS_061.wav,afinidad_y_diferencias_errores,1.2215471355472132,1.9216525196358811,2.0062706078107864,2.161437035115618,1.921530871277164,-0.700105384088668,-0.7847234722635732,-0.9398898995684046,-0.6999837357299508,-0.08461808817490524,-0.23978451547973667,0.00012164835871719681,-0.15516642730483143,0.08473973653362243,0.23990616383845387
AS,New_AS_062.wav,C:\Users\armga\OneDrive\Escritorio\TFG\Programacion objetivo\Bases de Datos\AS_New_3주기\New_AS_062.wav,afinidad_y_diferencias_errores,1.2993606581273678,2.036193720857648,2.131914235328033,2.292219940446753,2.0143321842862734,-0.7368330627302804,-0.8325535772006654,-0.9928592823193854,-0.7149715261589056,-0.09572051447038499,-0.256026219589105,0.021861536571374796,-0.16030570511872,0.11758205104175978,0.2778877561604798
AS,New_AS_063.wav,C:\Users\armga\OneDrive\Escritorio\TFG\Programacion objetivo\Bases de Datos\AS_New_3주기\New_AS_063.wav,afinidad_y_diferencias_errores,1.2543199467164727,1.6530261667297041,1.8194034163291957,1.8849515258104934,1.6687501292474893,-0.3987062200132314,-0.5650834696127229,-0.6306315790940207,-0.4144301825310166,-0.16637724959949152,-0.23192535908078926,-0.015723962517785184,-0.06554810948129774,0.15065328708170633,0.21620139656300408
AS,New_AS_064.wav,C:\Users\armga\OneDrive\Escritorio\TFG\Programacion objetivo\Bases de Datos\AS_New_3주기\New_AS_064.wav,afinidad_y_diferencias_errores,1.1638601035505343,1.704903036027075,1.7716170345283437,1.8126682326671917,1.6362055869732033,-0.5410429324765407,-0.6077569309778095,-0.6488081291166574,-0.472345483422669,-0.0667139985012688,-0.10776519664011674,0.06869744905387165,-0.041051198138847944,0.13541144755514045,0.1764626456939884
AS,New_AS_065.wav,C:\Users\armga\OneDrive\Escritorio\TFG\Programacion objetivo\Bases de Datos\AS_New_3주기\New_AS_065.wav,afinidad_y_diferencias_errores,1.2889200347464647,2.070218527791731,2.0432952869532293,2.2709135676035834,2.134692479424692,-0.7812984930452662,-0.7543752522067646,-0.9819935328571188,-0.8457724446782275,0.026923240838501616,-0.20069503981185255,-0.06447395163296132,-0.22761828065035417,-0.09139719247146294,0.13622108817889123
AS,New_AS_066.wav,C:\Users\armga\OneDrive\Escritorio\TFG\Programacion objetivo\Bases de Datos\AS_New_3주기\New_AS_066.wav,afinidad_y_diferencias_errores,1.1841014538870733,1.7402003402180053,1.7499545326917603,1.7863935336605574,1.6153074223491568,-0.556098886330932,-0.5658530788046869,-0.6022920797734841,-0.4312059684620835,-0.009754192473754975,-0.04619319344255213,0.12489291786884849,-0.03643900096879715,0.13464711034260346,0.1710861113114006
AS,New_AS_067.wav,C:\Users\armga\OneDrive\Escritorio\TFG\Programacion objetivo\Bases de Datos\AS_New_3주기\New_AS_067.wav,afinidad_y_diferencias_errores,1.2553720389779142,1.869468564085513,1.920759017094224,2.0640274680377546,1.8617323248659245,-0.6140965251075989,-0.6653869781163098,-0.8086554290598404,-0.6063602858880104,-0.05129045300871082,-0.1945589039522415,0.007736239219588548,-0.1432684509435307,0.05902669222829937,0.20229514317183006
AS,New_AS_068.wav,C:\Users\armga\OneDrive\Escritorio\TFG\Programacion objetivo\Bases de Datos\AS_New_3주기\New_AS_068.wav,afinidad_y_diferencias_errores,1.2903830777696128,1.8048867224761724,1.871615948733049,1.9576136018457115,1.7478122232775888,-0.5145036447065596,-0.5812328709634362,-0.6672305240760987,-0.457429145507976,-0.0667292262568766,-0.1527268793695391,0.05707449919858365,-0.0859976531126625,0.12380372545546026,0.20980137856812275
AS,New_AS_069.wav,C:\Users\armga\OneDrive\Escritorio\TFG\Programacion objetivo\Bases de Datos\AS_New_3주기\New_AS_069.wav,afinidad_y_diferencias_errores,1.3205320706466588,2.0437030881351888,1.9597239813433325,2.177477614278883,2.0608218174173007,-0.72317101748853,-0.6391919106966737,-0.8569455436322242,-0.740289746770642,0.08397910679185627,-0.13377452614369423,-0.017118729282112,-0.2177536329355505,-0.10109783607396827,0.11665579686158223
AS,New_AS_070.wav,C:\Users\armga\OneDrive\Escritorio\TFG\Programacion objetivo\Bases de Datos\AS_New_3주기\New_AS_070.wav,afinidad_y_diferencias_errores,1.4090529523653892,2.032805759100202,2.150052658527097,2.3699885205710256,2.060361338527523,-0.6237528067348128,-0.7409997061617077,-0.9609355682056364,-0.6513083861621336,-0.11724689942689492,-0.3371827614708236,-0.027555579427320787,-0.21993586204392868,0.08969131999957414,0.3096271820435028
AS,New_AS_071.wav,C:\Users\armga\OneDrive\Escritorio\TFG\Programacion objetivo\Bases de Datos\AS_New_3주기\New_AS_071.wav,afinidad_y_diferencias_errores,1.312433163848688,2.0288563535459447,1.9512605919148653,2.1263840929320397,1.9427531282538129,-0.7164231896972568,-0.6388274280661774,-0.8139509290833518,-0.6303199644051249,0.0775957616310794,-0.09752773938609494,0.08610322529213188,-0.17512350101717433,0.008507463661052483,0.18363096467822682
AS,New_AS_072.wav,C:\Users\armga\OneDrive\Escritorio\TFG\Programacion objetivo\Bases de Datos\AS_New_3주기\New_AS_072.wav,afinidad_y_diferencias_errores,1.2809485517042678,1.9807235199816844,1.8931300664547919,2.0831967871422554,1.911886381075158,-0.6997749682774166,-0.6121815147505241,-0.8022482354379876,-0.6309378293708903,0.08759345352689252,-0.10247326716057104,0.06883713890652632,-0.19006672068746355,-0.0187563146203662,0.17131040606709735
AS,New_AS_073.wav,C:\Users\armga\OneDrive\Escritorio\TFG\Programacion objetivo\Bases de Datos\AS_New_3주기\New_AS_073.wav,afinidad_y_diferencias_errores,1.1772831737579879,1.876000750383818,1.8053730120814533,1.9395181370466121,1.7928431249797319,-0.6987175766258302,-0.6280898383234654,-0.7622349632886243,-0.615559951221744,0.0706277383023648,-0.06351738666279405,0.08315762540408622,-0.13414512496515885,0.012529887101721426,0.14667501206688027
AS,New_AS_074.wav,C:\Users\armga\OneDrive\Escritorio\TFG\Programacion objetivo\Bases de Datos\AS_New_3주기\New_AS_074.wav,afinidad_y_diferencias_errores,1.0887544994787604,1.6733494953931383,1.7799416885064638,1.816456370161716,1.606616405205854,-0.5845949959143779,-0.6911871890277035,-0.7277018706829557,-0.5178619057270937,-0.10659219311332557,-0.14310687476857775,0.06673309018728424,-0.03651468165525218,0.1733252833006098,0.209839964955862
AS,New_AS_075.wav,C:\Users\armga\OneDrive\Escritorio\TFG\Programacion objetivo\Bases de Datos\AS_New_3주기\New_AS_075.wav,afinidad_y_diferencias_errores,1.442978043481265,2.0824284385068754,2.0045472146808794,2.282387586202129,2.1786931660471613,-0.6394503950256105,-0.5615691711996145,-0.8394095427208641,-0.7357151225658964,0.07788122382599605,-0.19995914769525358,-0.09626472754028592,-0.27784037152124963,-0.17414595136628197,0.10369442015496766
AS,New_AS_076.wav,C:\Users\armga\OneDrive\Escritorio\TFG\Programacion objetivo\Bases de Datos\AS_New_3주기\New_AS_076.wav,afinidad_y_diferencias_errores,1.3197806088033615,1.9815144071132422,1.8881149552667496,2.0789410234638206,1.8841733068556414,-0.6617337983098808,-0.5683343464633881,-0.7591604146604591,-0.56439269805228,0.09339945184649268,-0.09742661635057837,0.09734110025760079,-0.19082606819707104,0.003941648411108112,0.19476771660817915
AS,New_AS_077.wav,C:\Users\armga\OneDrive\Escritorio\TFG\Programacion objetivo\Bases de Datos\AS_New_3주기\New_AS_077.wav,afinidad_y_diferencias_errores,1.1947673643189747,2.158637800358358,2.1001739126482475,2.2303857118950168,2.1748164943750847,-0.9638704360393833,-0.9054065483292728,-1.035618347576042,-0.98004913005611,0.05846388771011046,-0.07174791153665883,-0.01617869401672678,-0.1302117992467693,-0.07464258172683724,0.055569217519932046
AS,New_AS_078.wav,C:\Users\armga\OneDrive\Escritorio\TFG\Programacion objetivo\Bases de Datos\AS_New_3주기\New_AS_078.wav,afinidad_y_diferencias_errores,1.172296130196432,2.1595870002611397,2.0382348324865442,2.195770800356459,2.1728257409853238,-0.9872908700647076,-0.8659387022901122,-1.0234746701600268,-1.0005296107888917,0.12135216777459545,-0.036183800095319185,-0.013238740724184073,-0.15753596786991464,-0.13459090849877953,0.022945059371135113
AS,New_AS_079.wav,C:\Users\armga\OneDrive\Escritorio\TFG\Programacion objetivo\Bases de Datos\AS_New_3주기\New_AS_079.wav,afinidad_y_diferencias_errores,1.202438271921358,2.231664886452807,2.081043273727542,2.269987105991021,2.2017298798260736,-1.029226614531449,-0.8786050018061842,-1.0675488340696628,-0.9992916079047156,0.15062161272526486,-0.0383222195382138,0.02993500662673343,-0.18894383226347866,-0.12068660609853143,0.06825722616494723
AS,New_AS_080.wav,C:\Users\armga\OneDrive\Escritorio\TFG\Programacion objetivo\Bases de Datos\AS_New_3주기\New_AS_080.wav,afinidad_y_diferencias_errores,1.2329281303675717,2.2054857248058286,2.0725738766714974,2.2816621377915167,2.1759267006031355,-0.972557594438257,-0.8396457463039257,-1.048734007423945,-0.9429985702355639,0.1329118481343312,-0.07617641298568811,0.029559024202693074,-0.20908826112001933,-0.10335282393163814,0.10573543718838119
AS,New_AS_081.wav,C:\Users\armga\OneDrive\Escritorio\TFG\Programacion objetivo\Bases de Datos\AS_New_3주기\New_AS_081.wav,afinidad_y_diferencias_errores,1.228539761986908,2.1799804955883126,2.0272397997690357,2.216320540844696,2.1606966708539455,-0.9514407336014046,-0.7987000377821276,-0.9877807788577881,-0.9321569088670374,0.15274069581927696,-0.03634004525638357,0.019283824734367183,-0.18908074107566053,-0.13345687108490978,0.05562386999075075
AS,New_AS_082.wav,C:\Users\armga\OneDrive\Escritorio\TFG\Programacion objetivo\Bases de Datos\AS_New_3주기\New_AS_082.wav,afinidad_y_diferencias_errores,1.1551021176391252,2.216175200804556,2.075435545727169,2.2013345057973877,2.119989065032069,-1.0610730831654307,-0.9203334280880437,-1.0462323881582625,-0.9648869473929438,0.14073965507738695,0.014840695007168225,0.09618613577248691,-0.12589896007021872,-0.044553519304900036,0.08134544076531869
AS,New_AS_083.wav,C:\Users\armga\OneDrive\Escritorio\TFG\Programacion objetivo\Bases de Datos\AS_New_3주기\New_AS_083.wav,afinidad_y_diferencias_errores,1.182957846888327,2.0829891317825866,2.042443398774328,2.1947039579043186,2.100462252193079,-0.9000312848942595,-0.8594855518860007,-1.0117461110159915,-0.9175044053047521,0.04054573300825881,-0.111714826121732,-0.017473120410492538,-0.1522605591299908,-0.05801885341875135,0.09424170571123947
AS,New_AS_084.wav,C:\Users\armga\OneDrive\Escritorio\TFG\Programacion objetivo\Bases de Datos\AS_New_3주기\New_AS_084.wav,afinidad_y_diferencias_errores,1.1658237142873735,2.1370866763992633,2.003677746018591,2.1738057789106002,2.112637771361143,-0.9712629621118898,-0.8378540317312175,-1.0079820646232267,-0.9468140570737693,0.13340893038067225,-0.03671910251133692,0.024448905038120472,-0.17012803289200917,-0.10896002534255178,0.06116800754945739
AS,New_AS_085.wav,C:\Users\armga\OneDrive\Escritorio\TFG\Programacion objetivo\Bases de Datos\AS_New_3주기\New_AS_085.wav,afinidad_y_diferencias_errores,1.2138817226560346,2.2432034535791163,2.1078931069515843,2.241795798677137,2.159731901158314,-1.0293217309230818,-0.8940113842955497,-1.0279140760211025,-0.9458501785022795,0.13531034662753205,0.0014076549019792495,0.08347155242080229,-0.1339026917255528,-0.051838794206729766,0.08206389751882304
AS,New_AS_086.wav,C:\Users\armga\OneDrive\Escritorio\TFG\Programacion objetivo\Bases de Datos\AS_New_3주기\New_AS_086.wav,afinidad_y_diferencias_errores,1.2207812271436276,2.1960980548517623,2.080874917633808,2.2098226947705393,2.166345371313182,-0.9753168277081348,-0.8600936904901806,-0.9890414676269117,-0.9455641441695546,0.11522313721795419,-0.013724639918776926,0.029752683538580182,-0.1289477771367311,-0.085470453679374,0.04347732345735711
AS,New_AS_087.wav,C:\Users\armga\OneDrive\Escritorio\TFG\Programacion objetivo\Bases de Datos\AS_New_3주기\New_AS_087.wav,afinidad_y_diferencias_errores,1.2199156201105528,2.2622604570137246,2.108638671320434,2.2719967886516357,2.257716147793644,-1.0423448369031718,-0.8887230512098812,-1.052081168541083,-1.037800527683091,0.15362178569329066,-0.0097363316379111,0.0045443092200807556,-0.16335811733120176,-0.1490774764732099,0.014280640857991855
AS,New_AS_088.wav,C:\Users\armga\OneDrive\Escritorio\TFG\Programacion objetivo\Bases de Datos\AS_New_3주기\New_AS_088.wav,afinidad_y_diferencias_errores,1.142030057148802,2.208216733492617,2.067377491292287,2.217747320388846,2.1248965175331467,-1.066186676343815,-0.9253474341434849,-1.0757172632400438,-0.9828664603843447,0.14083924220033017,-0.009530586896228765,0.08332021595947037,-0.15036982909655894,-0.057519026240859805,0.09285080285569913
AS,New_AS_089.wav,C:\Users\armga\OneDrive\Escritorio\TFG\Programacion objetivo\Bases de Datos\AS_New_3주기\New_AS_089.wav,afinidad_y_diferencias_errores,1.2074848848647517,2.2652337765025705,2.1151642080198507,2.3015046898925755,2.2171396970194195,-1.0577488916378188,-0.907679323155099,-1.0940198050278238,-1.0096548121546678,0.1500695684827198,-0.03627091339000499,0.04809407948315103,-0.18634048187272478,-0.10197548899956876,0.08436499287315602
AS,New_AS_090.wav,C:\Users\armga\OneDrive\Escritorio\TFG\Programacion objetivo\Bases de Datos\AS_New_3주기\New_AS_090.wav,afinidad_y_diferencias_errores,1.2153288970757565,2.2236840846322217,2.0905696141539303,2.2886360337083134,2.2013332414195768,-1.0083551875564651,-0.8752407170781737,-1.0733071366325568,-0.9860043443438202,0.1331144704782914,-0.0649519490760917,0.02235084321264491,-0.1980664195543831,-0.11076362726564648,0.08730279228873661
AS,New_AS_091.wav,C:\Users\armga\OneDrive\Escritorio\TFG\Programacion objetivo\Bases de Datos\AS_New_3주기\New_AS_091.wav,afinidad_y_diferencias_errores,1.1418510158289206,2.125433298702888,2.034341905727232,2.1780548294616824,2.1205653459758906,-0.9835822828739673,-0.8924908898983113,-1.0362038136327618,-0.9787143301469701,0.09109139297565605,-0.0526215307587945,0.004867952726997249,-0.14371292373445055,-0.0862234402486588,0.05748948348579175
AS,New_AS_092.wav,C:\Users\armga\OneDrive\Escritorio\TFG\Programacion objetivo\Bases de Datos\AS_New_3주기\New_AS_092.wav,afinidad_y_diferencias_errores,1.2059226849176556,2.177155421332045,2.045704303482824,2.1968818883794996,2.163591444833787,-0.9712327364143896,-0.8397816185651683,-0.990959203461844,-0.9576687599161313,0.13145111784922126,-0.0197264670474544,0.013563976498258246,-0.15117758489667565,-0.11788714135096301,0.033290443545712645
AS,New_AS_093.wav,C:\Users\armga\OneDrive\Escritorio\TFG\Programacion objetivo\Bases de Datos\AS_New_3주기\New_AS_093.wav,afinidad_y_diferencias_errores,1.2527902007564466,2.2099803467029577,2.0454300038121174,2.2294313610717262,2.1913118167803685,-0.9571901459465111,-0.7926398030556707,-0.9766411603152796,-0.9385216160239218,0.16455034289084036,-0.019451014368768504,0.018668529922589272,-0.18400135725960887,-0.1458818129682511,0.038119544291357776
AS,New_AS_094.wav,C:\Users\armga\OneDrive\Escritorio\TFG\Programacion objetivo\Bases de Datos\AS_New_3주기\New_AS_094.wav,afinidad_y_diferencias_errores,1.1706929839982911,2.1312487606488264,2.067189201051899,2.1956330521904732,2.1298041631958613,-0.9605557766505353,-0.8964962170536079,-1.024940068192182,-0.9591111791975702,0.06405955959692733,-0.06438429154164682,0.0014445974529651018,-0.12844385113857415,-0.06261496214396223,0.06582888899461192
AS,New_AS_095.wav,C:\Users\armga\OneDrive\Escritorio\TFG\Programacion objetivo\Bases de Datos\AS_New_3주기\New_AS_095.wav,afinidad_y_diferencias_errores,1.2166537087920932,2.1181629143980127,2.0042133424171973,2.1501683805952236,2.098882972278133,-0.9015092056059195,-0.7875596336251041,-0.9335146718031304,-0.8822292634860396,0.11394957198081546,-0.0320054661972109,0.019279942119879934,-0.14595503817802635,-0.09466962986093552,0.05128540831709083
AS,New_AS_096.wav,C:\Users\armga\OneDrive\Escritorio\TFG\Programacion objetivo\Bases de Datos\AS_New_3주기\New_AS_096.wav,afinidad_y_diferencias_errores,1.2060356081644956,2.1936045666937085,2.054992832970176,2.2040268798478064,2.166500906515566,-0.9875689585292129,-0.8489572248056803,-0.9979912716833108,-0.9604652983510702,0.13861173372353264,-0.010422313154097917,0.027103660178142697,-0.14903404687763055,-0.11150807354538994,0.037525973332240614
AS,New_AS_097.wav,C:\Users\armga\OneDrive\Escritorio\TFG\Programacion objetivo\Bases de Datos\AS_New_3주기\New_AS_097.wav,afinidad_y_diferencias_errores,1.153512262665004,2.1822241503110407,2.060861063945923,2.201997537835233,2.1848023928164304,-1.0287118876460366,-0.9073488012809188,-1.0484852751702292,-1.0312901301514263,0.12136308636511783,-0.019773387524192554,-0.0025782425053897384,-0.1411364738893104,-0.12394132887050757,0.017195145018802815
AS,New_AS_098.wav,C:\Users\armga\OneDrive\Escritorio\TFG\Programacion objetivo\Bases de Datos\AS_New_3주기\New_AS_098.wav,afinidad_y_diferencias_errores,1.2129691515755017,2.216254837006524,2.0761364894579697,2.2369535877609104,2.2166633174759993,-1.0032856854310221,-0.863167337882468,-1.0239844361854087,-1.0036941659004976,0.14011834754855412,-0.02069875075438654,-0.00040848046947550287,-0.16081709830294066,-0.14052682801802963,0.02029027028491104
AS,New_AS_099.wav,C:\Users\armga\OneDrive\Escritorio\TFG\Programacion objetivo\Bases de Datos\AS_New_3주기\New_AS_099.wav,afinidad_y_diferencias_errores,1.241373004416038,2.2103831539076833,2.0615406182464415,2.276639930509303,2.166152219363917,-0.9690101494916452,-0.8201676138304035,-1.0352669260932648,-0.9247792149478791,0.14884253566124173,-0.06625677660161955,0.04423093454376614,-0.21509931226286128,-0.10461160111747558,0.11048771114538569
AS,New_AS_100.wav,C:\Users\armga\OneDrive\Escritorio\TFG\Programacion objetivo\Bases de Datos\AS_New_3주기\New_AS_100.wav,afinidad_y_diferencias_errores,1.1759593239155097,2.1195945739285156,2.032996008802716,2.1517578041926995,2.0924052972805227,-0.9436352500130059,-0.8570366848872064,-0.9757984802771897,-0.916445973365013,0.08659856512579944,-0.032163230264183884,0.027189276647992866,-0.11876179538998333,-0.05940928847780658,0.05935250691217675
AS,New_AS_101.wav,C:\Users\armga\OneDrive\Escritorio\TFG\Programacion objetivo\Bases de Datos\AS_New_3주기\New_AS_101.wav,afinidad_y_diferencias_errores,1.1912510174852253,2.188710363503204,2.108450686375818,2.253380683467566,2.147921009128167,-0.9974593460179786,-0.9171996688905926,-1.0621296659823407,-0.9566699916429415,0.08025967712738602,-0.06467031996436212,0.04078935437503706,-0.14492999709174814,-0.03947032275234896,0.10545967433939918
AS,New_AS_102.wav,C:\Users\armga\OneDrive\Escritorio\TFG\Programacion objetivo\Bases de Datos\AS_New_3주기\New_AS_102.wav,afinidad_y_diferencias_errores,1.1625046032462247,2.1584405391069867,2.0816047503331396,2.2192167459125707,2.1559791316629697,-0.995935935860762,-0.9191001470869149,-1.056712142666346,-0.993474528416745,0.07683578877384711,-0.06077620680558393,0.0024614074440170164,-0.13761199557943105,-0.0743743813298301,0.06323761424960095
AS,New_AS_103.wav,C:\Users\armga\OneDrive\Escritorio\TFG\Programacion objetivo\Bases de Datos\AS_New_3주기\New_AS_103.wav,afinidad_y_diferencias_errores,1.1736499306228267,2.1563116173961654,2.0563812679158135,2.211715411950859,2.1482568618450384,-0.9826616867733386,-0.8827313372929868,-1.0380654813280323,-0.9746069312222116,0.09993034948035184,-0.055403794554693686,0.008054755551127002,-0.15533414403504553,-0.09187559392922484,0.06345855010582069
AS,New_AS_104.wav,C:\Users\armga\OneDrive\Escritorio\TFG\Programacion objetivo\Bases de Datos\AS_New_3주기\New_AS_104.wav,afinidad_y_diferencias_errores,1.2472943471526767,2.223122220289863,2.086887546638386,2.2505228163631816,2.2003741264014414,-0.9758278731371861,-0.8395931994857093,-1.003228469210505,-0.9530797792487646,0.1362346736514768,-0.027400596073318795,0.022748093888421472,-0.16363526972479558,-0.11348657976305532,0.05014868996174027
AS,New_AS_105.wav,C:\Users\armga\OneDrive\Escritorio\TFG\Programacion objetivo\Bases de Datos\AS_New_3주기\New_AS_105.wav,afinidad_y_diferencias_errores,1.2076852220965875,2.2055845973399673,2.0678728822502306,2.218739345334889,2.1646961371847246,-0.9978993752433798,-0.8601876601536431,-1.0110541232383015,-0.9570109150881372,0.13771171508973667,-0.013154747994921667,0.04088846015524261,-0.15086646308465834,-0.09682325493449406,0.05404320815016428
AS,New_AS_106.wav,C:\Users\armga\OneDrive\Escritorio\TFG\Programacion objetivo\Bases de Datos\AS_New_3주기\New_AS_106.wav,afinidad_y_diferencias_errores,1.1456927027310948,2.1221023448283645,2.0219837695537386,2.1101060463413903,2.0852917116795373,-0.9764096420972697,-0.8762910668226438,-0.9644133436102955,-0.9395990089484425,0.10011857527462587,0.011996298486974144,0.036810633148827154,-0.08812227678765172,-0.06330794212579871,0.02481433466185301
AS,New_AS_107.wav,C:\Users\armga\OneDrive\Escritorio\TFG\Programacion objetivo\Bases de Datos\AS_New_3주기\New_AS_107.wav,afinidad_y_diferencias_errores,1.1755452725285882,2.2484930866688058,2.107912369125755,2.235680085952481,2.137202010078645,-1.0729478141402176,-0.9323670965971669,-1.0601348134238928,-0.9616567375500567,0.14058071754305068,0.01281300071632474,0.11129107659016091,-0.12776771682672594,-0.029289640952889773,0.09847807587383617
AS,New_AS_108.wav,C:\Users\armga\OneDrive\Escritorio\TFG\Programacion objetivo\Bases de Datos\AS_New_3주기\New_AS_108.wav,afinidad_y_diferencias_errores,1.1937560898259711,2.1905369137997184,2.080292276649396,2.2154678411485107,2.1249136724824242,-0.9967808239737472,-0.8865361868234247,-1.0217117513225396,-0.9311575826564531,0.11024463715032251,-0.02493092734879232,0.06562324131729413,-0.13517556449911483,-0.04462139583302838,0.09055416866608645
AS,New_AS_109.wav,C:\Users\armga\OneDrive\Escritorio\TFG\Programacion objetivo\Bases de Datos\AS_New_3주기\New_AS_109.wav,afinidad_y_diferencias_errores,1.2327165830671776,2.2500337335477516,2.1128657211551682,2.2987426834681273,2.222912740477419,-1.017317150480574,-0.8801491380879907,-1.0660261004009497,-0.9901961574102414,0.13716801239258336,-0.048708949920375666,0.027120993070332666,-0.18587696231295903,-0.1100470193222507,0.07582994299070833
AS,New_AS_110.wav,C:\Users\armga\OneDrive\Escritorio\TFG\Programacion objetivo\Bases de Datos\AS_New_3주기\New_AS_110.wav,afinidad_y_diferencias_errores,1.210438696911521,2.2132136739014343,2.0656612888289536,2.2365592477779552,2.17529941028702,-1.0027749769899132,-0.8552225919174326,-1.0261205508664342,-0.9648607133754987,0.1475523850724807,-0.02334557387652092,0.03791426361441452,-0.17089795894900162,-0.10963812145806617,0.06125983749093544
AS,New_AS_111.wav,C:\Users\armga\OneDrive\Escritorio\TFG\Programacion objetivo\Bases de Datos\AS_New_3주기\New_AS_111.wav,afinidad_y_diferencias_errores,1.1981305365091903,2.197928974973485,2.0857423520362675,2.129204988809203,2.1572308783775984,-0.9997984384642948,-0.8876118155270771,-0.9310744523000127,-0.9591003418684081,0.1121866229372177,0.0687239861642821,0.040698096595886746,-0.0434626367729356,-0.07148852634133096,-0.028025889568395357
AS,New_AS_112.wav,C:\Users\armga\OneDrive\Escritorio\TFG\Programacion objetivo\Bases de Datos\AS_New_3주기\New_AS_112.wav,afinidad_y_diferencias_errores,1.2046411555506893,2.2523525417402572,2.106811611593626,2.1908800250592804,2.242097947952925,-1.047711386189568,-0.9021704560429367,-0.9862388695085911,-1.0374567924022355,0.14554093014663128,0.06147251668097686,0.0102545937873324,-0.08406841346565441,-0.13528633635929888,-0.05121792289364446
AS,New_AS_113.wav,C:\Users\armga\OneDrive\Escritorio\TFG\Programacion objetivo\Bases de Datos\AS_New_3주기\New_AS_113.wav,afinidad_y_diferencias_errores,1.2381161017487525,2.177753438823049,2.06697732549587,2.143146922609468,2.26975301843477,-0.9396373370742965,-0.8288612237471173,-0.9050308208607156,-1.0316369166860173,0.11077611332717918,0.03460651621358091,-0.09199957961172078,-0.07616959711359828,-0.20277569293889997,-0.1266060958253017
AS,New_AS_114.wav,C:\Users\armga\OneDrive\Escritorio\TFG\Programacion objetivo\Bases de Datos\AS_New_3주기\New_AS_114.wav,afinidad_y_diferencias_errores,1.230586092549822,2.2074787349322826,2.0468457884898807,2.175198874059091,2.263036261026606,-0.9768926423824607,-0.8162596959400588,-0.9446127815092689,-1.0324501684767842,0.1606329464424019,0.03227986087319179,-0.05555752609432352,-0.1283530855692101,-0.2161904725367254,-0.08783738696751531
AS,New_AS_115.wav,C:\Users\armga\OneDrive\Escritorio\TFG\Programacion objetivo\Bases de Datos\AS_New_3주기\New_AS_115.wav,afinidad_y_diferencias_errores,1.2258263663797264,2.2176138637996186,2.082000446161158,2.225584406870457,2.1892529109010583,-0.9917874974198921,-0.8561740797814317,-0.9997580404907305,-0.9634265445213319,0.13561341763846047,-0.007970543070838332,0.02836095289856022,-0.1435839607092988,-0.10725246473990024,0.03633149596939855
AS,New_AS_116.wav,C:\Users\armga\OneDrive\Escritorio\TFG\Programacion objetivo\Bases de Datos\AS_New_3주기\New_AS_116.wav,afinidad_y_diferencias_errores,1.1348214043184053,2.1684327995490125,2.0495562132228553,2.1634708389080615,2.050692506431388,-1.0336113952306072,-0.91473480890445,-1.0286494345896562,-0.9158711021129828,0.11887658632615716,0.004961960640951002,0.11774029311762435,-0.11391462568520616,-0.0011362932085328126,0.11277833247667335
AS,New_AS_117.wav,C:\Users\armga\OneDrive\Escritorio\TFG\Programacion objetivo\Bases de Datos\AS_New_3주기\New_AS_117.wav,afinidad_y_diferencias_errores,1.1952380380697558,2.2411380724650614,2.096926965061047,2.256049619254424,2.1646714899074544,-1.0459000343953055,-0.9016889269912911,-1.0608115811846683,-0.9694334518376986,0.14421110740401444,-0.014911546789362795,0.07646658255760697,-0.15912265419337723,-0.06774452484640747,0.09137812934696976
AS,New_AS_118.wav,C:\Users\armga\OneDrive\Escritorio\TFG\Programacion objetivo\Bases de Datos\AS_New_3주기\New_AS_118.wav,afinidad_y_diferencias_errores,1.1797324817606618,2.246308803858272,2.1155799141771734,2.2847412600482038,2.1791152085074437,-1.06657632209761,-0.9358474324165116,-1.105008778287542,-0.9993827267467819,0.13072888968109853,-0.03843245618993185,0.06719359535082825,-0.16916134587103038,-0.06353529433027028,0.1056260515407601
AS,New_AS_119.wav,C:\Users\armga\OneDrive\Escritorio\TFG\Programacion objetivo\Bases de Datos\AS_New_3주기\New_AS_119.wav,afinidad_y_diferencias_errores,1.1667130859834243,2.1723927566977568,2.0416387681162584,2.17328262439785,2.1469625481586543,-1.0056796707143325,-0.8749256821328342,-1.0065695384144255,-0.98024946217523,0.13075398858149834,-0.0008898677000930277,0.025430208539102495,-0.13164385628159136,-0.10532378004239584,0.026320076239195522
AS,New_AS_120.wav,C:\Users\armga\OneDrive\Escritorio\TFG\Programacion objetivo\Bases de Datos\AS_New_3주기\New_AS_120.wav,afinidad_y_diferencias_errores,1.201953055554934,2.175502699658293,2.0338754900047333,2.205583723658849,2.1654176906316343,-0.9735496441033589,-0.8319224344497993,-1.003630668103915,-0.9634646350767002,0.14162720965355957,-0.030081024000556233,0.010085009026658653,-0.1717082336541158,-0.13154220062690092,0.04016603302721489
AS,New_AS_121.wav,C:\Users\armga\OneDrive\Escritorio\TFG\Programacion objetivo\Bases de Datos\AS_New_3주기\New_AS_121.wav,afinidad_y_diferencias_errores,1.2272619271515273,2.191499406466537,2.073398433610176,2.205007410733352,2.1618149339684773,-0.9642374793150099,-0.8461365064586486,-0.9777454835818247,-0.9345530068169501,0.11810097285636134,-0.013508004266814755,0.029684472498059833,-0.1316089771231761,-0.08841650035830151,0.04319247676487459
AS,New_AS_122.wav,C:\Users\armga\OneDrive\Escritorio\TFG\Programacion objetivo\Bases de Datos\AS_New_3주기\New_AS_122.wav,afinidad_y_diferencias_errores,1.1615214234899516,2.1069342630184753,2.0531134214976254,2.165931116143312,2.0724212075462223,-0.9454128395285237,-0.8915919980076739,-1.0044096926533603,-0.9108997840562707,0.05382084152084987,-0.0589968531248366,0.03451305547225303,-0.11281769464568647,-0.019307786048596842,0.09350990859708963
AS,New_AS_123.wav,C:\Users\armga\OneDrive\Escritorio\TFG\Programacion objetivo\Bases de Datos\AS_New_3주기\New_AS_123.wav,afinidad_y_diferencias_errores,1.1467035261339038,2.0876864876744796,2.056614999847803,2.1572409430767174,2.065507537897571,-0.9409829615405758,-0.9099114737138991,-1.0105374169428136,-0.9188040117636673,0.03107148782667668,-0.06955445540223781,0.022178949776908485,-0.1006259432289145,-0.008892538049768195,0.0917334051791463
AS,New_AS_124.wav,C:\Users\armga\OneDrive\Escritorio\TFG\Programacion objetivo\Bases de Datos\AS_New_3주기\New_AS_124.wav,afinidad_y_diferencias_errores,1.200711102596727,2.2088744721573956,2.086409941261664,2.206427716007565,2.1738589563405712,-1.0081633695606687,-0.8856988386649369,-1.005716613410838,-0.9731478537438443,0.12246453089573173,0.0024467561498306978,0.03501551581682438,-0.12001777474590103,-0.08744901507890734,0.032568759666993685
AS,New_AS_125.wav,C:\Users\armga\OneDrive\Escritorio\TFG\Programacion objetivo\Bases de Datos\AS_New_3주기\New_AS_125.wav,afinidad_y_diferencias_errores,1.1436924609203627,2.1425500897769667,2.0189296020115126,2.1621479194777775,2.0848099013360404,-0.998857628856604,-0.8752371410911499,-1.0184554585574148,-0.9411174404156777,0.12362048776545409,-0.01959782970081081,0.05774018844092632,-0.1432183174662649,-0.06588029932452777,0.07733801814173713
AS,New_AS_126.wav,C:\Users\armga\OneDrive\Escritorio\TFG\Programacion objetivo\Bases de Datos\AS_New_3주기\New_AS_126.wav,afinidad_y_diferencias_errores,1.1925777308608538,2.2122285207302106,2.068575752675406,2.2297245491507556,2.155563344854646,-1.0196507898693568,-0.8759980218145522,-1.0371468182899017,-0.9629856139937922,0.14365276805480454,-0.017496028420544985,0.05666517587556452,-0.16114879647534952,-0.08698759217924001,0.0741612042961095
AS,New_AS_127.wav,C:\Users\armga\OneDrive\Escritorio\TFG\Programacion objetivo\Bases de Datos\AS_New_3주기\New_AS_127.wav,afinidad_y_diferencias_errores,1.247271178656253,2.2104887631446815,2.072087070568029,2.2642726306741308,2.159295238088171,-0.9632175844884285,-0.8248158919117761,-1.0170014520178778,-0.9120240594319182,0.13840169257665247,-0.0537838675294493,0.051193525056510314,-0.19218556010610177,-0.08720816752014215,0.10497739258595962
AS,New_AS_128.wav,C:\Users\armga\OneDrive\Escritorio\TFG\Programacion objetivo\Bases de Datos\AS_New_3주기\New_AS_128.wav,afinidad_y_diferencias_errores,1.2073928795144975,2.2235036176319807,2.1051703576889285,2.236907757711622,2.1833785022356604,-1.0161107381174832,-0.897777478174431,-1.0295148781971244,-0.975985622721163,0.11833325994305222,-0.013404140079641191,0.04012511539632024,-0.1317374000226934,-0.07820814454673197,0.053529255475961435
AS,New_AS_129.wav,C:\Users\armga\OneDrive\Escritorio\TFG\Programacion objetivo\Bases de Datos\AS_New_3주기\New_AS_129.wav,afinidad_y_diferencias_errores,0.7838255943414798,1.791970796876022,1.7500107111955172,1.1625793345486244,1.5683872164558328,-1.008145202534542,-0.9661851168540374,-0.3787537402071446,-0.784561622114353,0.04196008568050469,0.6293914623273975,0.2235835804201891,0.5874313766468928,0.18162349473968442,-0.4058078819072084
AS,New_AS_130.wav,C:\Users\armga\OneDrive\Escritorio\TFG\Programacion objetivo\Bases de Datos\AS_New_3주기\New_AS_130.wav,afinidad_y_diferencias_errores,0.7763276694089372,1.8203125054149851,1.7824499508864287,1.1615623080211386,1.5501821395599606,-1.043984836006048,-1.0061222814774915,-0.3852346386122014,-0.7738544701510235,0.03786255452855647,0.6587501973938465,0.2701303658550245,0.6208876428652901,0.232267811326468,-0.38861983153882207
AS,New_AS_131.wav,C:\Users\armga\OneDrive\Escritorio\TFG\Programacion objetivo\Bases de Datos\AS_New_3주기\New_AS_131.wav,afinidad_y_diferencias_errores,0.8506553015015935,1.9995925924335538,1.6832287251155305,1.932965701418337,1.4953438126262313,-1.1489372909319604,-0.8325734236139369,-1.0823103999167434,-0.6446885111246378,0.31636386731802335,0.0666268910152168,0.5042487798073225,-0.24973697630280656,0.18788491248929917,0.43762188879210573
AS,New_AS_132.wav,C:\Users\armga\OneDrive\Escritorio\TFG\Programacion objetivo\Bases de Datos\AS_New_3주기\New_AS_132.wav,afinidad_y_diferencias_errores,1.261017581569284,1.7724533819772006,1.4989336223512186,1.8584900682015348,1.7333944704957818,-0.5114358004079167,-0.23791604078193473,-0.5974724866322509,-0.4723768889264979,0.27351975962598196,-0.08603668622433425,0.03905891148141882,-0.3595564458503162,-0.23446084814456314,0.12509559770575307
AS,New_AS_133.wav,C:\Users\armga\OneDrive\Escritorio\TFG\Programacion objetivo\Bases de Datos\AS_New_3주기\New_AS_133.wav,afinidad_y_diferencias_errores,0.4345496971859422,1.4771523202867582,1.366060485252308,0.6442463007304262,0.8457352909190947,-1.042602623100816,-0.9315107880663658,-0.209696603544484,-0.4111855937331525,0.1110918350344503,0.832906019556332,0.6314170293676635,0.7218141845218817,0.5203251943332132,-0.2014889901886685
AS,New_AS_134.wav,C:\Users\armga\OneDrive\Escritorio\TFG\Programacion objetivo\Bases de Datos\AS_New_3주기\New_AS_134.wav,afinidad_y_diferencias_errores,1.2075295365930552,2.1804156567073063,2.0681847226179224,2.235474854846286,2.1692604089825718,-0.9728861201142511,-0.8606551860248672,-1.027945318253231,-0.9617308723895166,0.1122309340893839,-0.05505919813897986,0.01115524772473453,-0.16729013222836375,-0.10107568636464936,0.06621444586371439
AS,New_AS_135.wav,C:\Users\armga\OneDrive\Escritorio\TFG\Programacion objetivo\Bases de Datos\AS_New_3주기\New_AS_135.wav,afinidad_y_diferencias_errores,0.41802479851867796,1.4734729296273985,1.3617576246107979,0.6084516971058435,0.8191481048612298,-1.0554481311087205,-0.9437328260921198,-0.1904268985871655,-0.40112330634255183,0.11171530501660065,0.865021232521555,0.6543248247661687,0.7533059275049544,0.5426095197495681,-0.21069640775538634
AS,New_AS_136.wav,C:\Users\armga\OneDrive\Escritorio\TFG\Programacion objetivo\Bases de Datos\AS_New_3주기\New_AS_136.wav,afinidad_y_diferencias_errores,0.7679592928006619,1.7170415380494646,1.6932886365854856,1.10268161275197,1.5179892936960009,-0.9490822452488027,-0.9253293437848237,-0.3347223199513082,-0.750030000895339,0.023752901463979015,0.6143599252974945,0.1990522443534637,0.5906070238335155,0.17529934288948468,-0.4153076809440308
AS,New_AS_137.wav,C:\Users\armga\OneDrive\Escritorio\TFG\Programacion objetivo\Bases de Datos\AS_New_3주기\New_AS_137.wav,afinidad_y_diferencias_errores,0.7988387782821934,1.828207805961178,1.7478800188921433,1.167300789423065,1.4680489284564353,-1.0293690276789844,-0.9490412406099499,-0.3684620111408715,-0.6692101501742419,0.08032778706903465,0.660907016538113,0.3601588775047426,0.5805792294690784,0.279831090435708,-0.3007481390333704
AS,New_AS_138.wav,C:\Users\armga\OneDrive\Escritorio\TFG\Programacion objetivo\Bases de Datos\AS_New_3주기\New_AS_138.wav,afinidad_y_diferencias_errores,0.8103371795018727,1.8206277435316993,1.7631624162117272,1.1903611729933792,1.530126834830193,-1.0102905640298268,-0.9528252367098545,-0.3800239934915065,-0.7197896553283204,0.057465327319972115,0.6302665705383201,0.29050090870150624,0.572801243218348,0.23303558138153413,-0.3397656618368139
AS,New_AS_139.wav,C:\Users\armga\OneDrive\Escritorio\TFG\Programacion objetivo\Bases de Datos\AS_New_3주기\New_AS_139.wav,afinidad_y_diferencias_errores,0.7616442248894632,1.7941499306283242,1.7769563696664388,1.1052113516193947,1.4229478731346197,-1.0325057057388611,-1.0153121447769755,-0.3435671267299315,-0.6613036482451565,0.0171935609618854,0.6889385790089295,0.3712020574937045,0.6717450180470441,0.3540084965318191,-0.317736521515225
AS,New_AS_140.wav,C:\Users\armga\OneDrive\Escritorio\TFG\Programacion objetivo\Bases de Datos\AS_New_3주기\New_AS_140.wav,afinidad_y_diferencias_errores,1.2023392708364118,2.1145690260631036,2.0219030017709176,2.2813602139075404,2.3220810118662807,-0.9122297552266918,-0.8195637309345059,-1.0790209430711286,-1.119741741029869,0.09266602429218596,-0.1667911878444368,-0.2075119858031771,-0.25945721213662276,-0.30017801009536305,-0.040720797958740285
AS,New_AS_141.wav,C:\Users\armga\OneDrive\Escritorio\TFG\Programacion objetivo\Bases de Datos\AS_New_3주기\New_AS_141.wav,afinidad_y_diferencias_errores,1.2105128857001632,2.1693547167399467,2.036780530474528,2.391147529132238,2.4318377137017086,-0.9588418310397835,-0.8262676447743649,-1.180634643432075,-1.2213248280015454,0.13257418626541861,-0.22179281239229143,-0.2624829969617619,-0.35436699865771004,-0.39505718322718053,-0.04069018456947049
AS,New_AS_142.wav,C:\Users\armga\OneDrive\Escritorio\TFG\Programacion objetivo\Bases de Datos\AS_New_3주기\New_AS_142.wav,afinidad_y_diferencias_errores,1.2017649869954465,2.2125835265244667,2.078508811517751,2.3732118806666587,2.4368855588751424,-1.0108185395290201,-0.8767438245223045,-1.1714468936712121,-1.2351205718796958,0.13407471500671564,-0.160628354142192,-0.2243020323506757,-0.29470306914890765,-0.35837674735739133,-0.06367367820848369
AS,New_AS_143.wav,C:\Users\armga\OneDrive\Escritorio\TFG\Programacion objetivo\Bases de Datos\AS_New_3주기\New_AS_143.wav,afinidad_y_diferencias_errores,1.184933999556732,2.288424994639542,2.097216149007797,2.4002898253391507,2.5081298532425227,-1.1034909950828098,-0.9122821494510651,-1.2153558257824186,-1.3231958536857906,0.19120884563174467,-0.11186483069960884,-0.21970485860298083,-0.3030736763313535,-0.4109137042347255,-0.107840027903372
AS,New_AS_144.wav,C:\Users\armga\OneDrive\Escritorio\TFG\Programacion objetivo\Bases de Datos\AS_New_3주기\New_AS_144.wav,afinidad_y_diferencias_errores,1.0437310965415316,2.0451188266743787,1.9793909324990657,1.98344666212002,2.0453747831350952,-1.001387730132847,-0.9356598359575341,-0.9397155655784883,-1.0016436865935636,0.065727894175313,0.061672164554358755,-0.0002559564607165221,-0.00405572962095424,-0.06598385063602952,-0.06192812101507528
AS,New_AS_145.wav,C:\Users\armga\OneDrive\Escritorio\TFG\Programacion objetivo\Bases de Datos\AS_New_3주기\New_AS_145.wav,afinidad_y_diferencias_errores,1.0683891549578077,2.062732135827161,1.9719758648563404,2.0081085228104185,2.081106405900812,-0.9943429808693534,-0.9035867098985326,-0.9397193678526108,-1.0127172509430045,0.09075627097082073,0.05462361301674257,-0.01837427007365111,-0.03613265795407816,-0.10913054104447184,-0.07299788309039368
AS,New_AS_146.wav,C:\Users\armga\OneDrive\Escritorio\TFG\Programacion objetivo\Bases de Datos\AS_New_3주기\New_AS_146.wav,afinidad_y_diferencias_errores,1.0726994474311227,2.101543494901186,2.0092744472863178,2.0000243070940096,2.0638290321657484,-1.0288440474700635,-0.9365749998551951,-0.9273248596628869,-0.9911295847346258,0.09226904761486843,0.10151918780717661,0.03771446273543777,0.009250140192308187,-0.054554584879430656,-0.06380472507173884
AS,New_AS_147.wav,C:\Users\armga\OneDrive\Escritorio\TFG\Programacion objetivo\Bases de Datos\AS_New_3주기\New_AS_147.wav,afinidad_y_diferencias_errores,1.079127341987767,2.1081664868099685,2.0218289238600993,2.0348825452210084,2.1166239055106906,-1.0290391448222016,-0.9427015818723323,-0.9557552032332415,-1.0374965635229236,0.08633756294986927,0.07328394158896012,-0.00845741870072203,-0.013053621360909151,-0.0947949816505913,-0.08174136028968215
AS,New_AS_148.wav,C:\Users\armga\OneDrive\Escritorio\TFG\Programacion objetivo\Bases de Datos\AS_New_3주기\New_AS_148.wav,afinidad_y_diferencias_errores,1.0471635847879972,2.043375430496231,1.9785945276011172,1.938741252564018,2.0222007934156583,-0.9962118457082336,-0.93143094281312,-0.8915776677760208,-0.9750372086276611,0.06478090289511362,0.10463417793221286,0.021174637080572545,0.039853275037099234,-0.04360626581454108,-0.08345954085164031
AS,New_AS_149.wav,C:\Users\armga\OneDrive\Escritorio\TFG\Programacion objetivo\Bases de Datos\AS_New_3주기\New_AS_149.wav,afinidad_y_diferencias_errores,1.050710331512648,2.0314460606702407,1.9880609826081868,2.017698984143244,2.0768727901044786,-0.9807357291575927,-0.9373506510955387,-0.966988652630596,-1.0261624585918305,0.04338507806205394,0.013747076526996693,-0.04542672943423787,-0.029638001535057246,-0.0888118074962918,-0.05917380596123456
AS,New_AS_150.wav,C:\Users\armga\OneDrive\Escritorio\TFG\Programacion objetivo\Bases de Datos\AS_New_3주기\New_AS_150.wav,afinidad_y_diferencias_errores,1.0873499420491195,2.1244025497026264,2.030954173677669,2.03863540633544,2.0796924677492092,-1.037052607653507,-0.9436042316285496,-0.9512854642863207,-0.9923425257000897,0.09344837602495737,0.08576714336718627,0.04471008195341719,-0.007681232657771098,-0.04873829407154018,-0.04105706141376908
AS,New_AS_151.wav,C:\Users\armga\OneDrive\Escritorio\TFG\Programacion objetivo\Bases de Datos\AS_New_3주기\New_AS_151.wav,afinidad_y_diferencias_errores,1.1064847673409604,2.070388526762484,1.9614427690518186,1.9954092231628056,2.0846562375351585,-0.9639037594215238,-0.8549580017108582,-0.8889244558218452,-0.9781714701941981,0.10894575771066561,0.07497930359967864,-0.014267710772674302,-0.03396645411098698,-0.12321346848333992,-0.08924701437235294
AS,New_AS_152.wav,C:\Users\armga\OneDrive\Escritorio\TFG\Programacion objetivo\Bases de Datos\AS_New_3주기\New_AS_152.wav,afinidad_y_diferencias_errores,0.9918210387003897,1.9376481748261507,1.8789559382172716,1.549915838789938,1.8041464900466886,-0.945827136125761,-0.8871348995168818,-0.5580948000895484,-0.8123254513462989,0.05869223660887912,0.3877323360362126,0.13350168477946212,0.3290400994273335,0.07480944817058299,-0.2542306512567505
AS,New_AS_153.wav,C:\Users\armga\OneDrive\Escritorio\TFG\Programacion objetivo\Bases de Datos\AS_New_3주기\New_AS_153.wav,afinidad_y_diferencias_errores,0.9361871937084133,2.028776480852848,1.9697249883246688,1.5985549440150366,1.912364067320407,-1.0925892871444347,-1.0335377946162554,-0.6623677503066233,-0.9761768736119937,0.059051492528179095,0.4302215368378113,0.11641241353244092,0.3711700443096322,0.05736092100426182,-0.31380912330537036
AS,New_AS_154.wav,C:\Users\armga\OneDrive\Escritorio\TFG\Programacion objetivo\Bases de Datos\AS_New_3주기\New_AS_154.wav,afinidad_y_diferencias_errores,0.9641825481280956,1.9179784743020634,1.9032361129995037,1.564686295510112,1.8484499223100277,-0.9537959261739678,-0.9390535648714081,-0.6005037473820164,-0.8842673741819321,0.014742361302559681,0.3532921787919514,0.06952855199203567,0.3385498174893917,0.05478619068947599,-0.28376362679991574
AS,New_AS_155.wav,C:\Users\armga\OneDrive\Escritorio\TFG\Programacion objetivo\Bases de Datos\AS_New_3주기\New_AS_155.wav,afinidad_y_diferencias_errores,0.9152449463696992,1.966157173674345,1.878984197272739,1.5274550499811848,1.8008243969765714,-1.0509122273046458,-0.9637392509030398,-0.6122101036114855,-0.8855794506068722,0.08717297640160604,0.4387021236931603,0.1653327766977737,0.35152914729155427,0.07815980029616765,-0.2733693469953866
AS,New_AS_156.wav,C:\Users\armga\OneDrive\Escritorio\TFG\Programacion objetivo\Bases de Datos\AS_New_3주기\New_AS_156.wav,afinidad_y_diferencias_errores,0.7618243593515212,1.7276355298959751,1.690841752659244,1.0960747200389303,1.5360209612531948,-0.965811170544454,-0.9290173933077229,-0.3342503606874091,-0.7741966019016736,0.03679377723673105,0.6315608098570449,0.19161456864278037,0.5947670326203138,0.15482079140604932,-0.4399462412142645
AS,New_AS_157.wav,C:\Users\armga\OneDrive\Escritorio\TFG\Programacion objetivo\Bases de Datos\AS_New_3주기\New_AS_157.wav,afinidad_y_diferencias_errores,0.781618054647044,1.8089037196192996,1.7393332154914567,1.1471860566856353,1.4533621830087737,-1.0272856649722555,-0.9577151608444127,-0.3655680020385913,-0.6717441283617297,0.06957050412784294,0.6617176629336643,0.3555415366105259,0.5921471588058214,0.28597103248268296,-0.3061761263231384
AS,New_AS_158.wav,C:\Users\armga\OneDrive\Escritorio\TFG\Programacion objetivo\Bases de Datos\AS_New_3주기\New_AS_158.wav,afinidad_y_diferencias_errores,0.8295786554876095,1.8810669797276927,1.7881280423510018,1.2282438135022304,1.5781594044724019,-1.0514883242400832,-0.9585493868633923,-0.398665158014621,-0.7485807489847924,0.0929389373766909,0.6528231662254622,0.3029075752552908,0.5598842288487713,0.20996863787859987,-0.34991559097017144
AS,New_AS_159.wav,C:\Users\armga\OneDrive\Escritorio\TFG\Programacion objetivo\Bases de Datos\AS_New_3주기\New_AS_159.wav,afinidad_y_diferencias_errores,0.7758973238521221,1.8087318944592001,1.7804359749084258,1.1195931863143962,1.4445381797214225,-1.032834570607078,-1.0045386510563037,-0.3436958624622741,-0.6686408558693004,0.028295919550774373,0.6891387081448039,0.3641937147377776,0.6608427885940296,0.33589779518700325,-0.3249449934070263
AS,New_AS_160.wav,C:\Users\armga\OneDrive\Escritorio\TFG\Programacion objetivo\Bases de Datos\AS_New_3주기\New_AS_160.wav,afinidad_y_diferencias_errores,0.8452771947572375,1.8745332368253451,1.798411385553096,1.2077516219051905,1.6404738744672158,-1.0292560420681076,-0.9531341907958586,-0.36247442714795297,-0.7951966797099783,0.07612185127224902,0.6667816149201546,0.2340593623581293,0.5906597636479056,0.15793751108588028,-0.43272225256202534
AS,New_AS_161.wav,C:\Users\armga\OneDrive\Escritorio\TFG\Programacion objetivo\Bases de Datos\AS_New_3주기\New_AS_161.wav,afinidad_y_diferencias_errores,0.8666868337495859,1.9215777455999115,1.839124453890705,1.2472201470644302,1.599609044050213,-1.0548909118503256,-0.9724376201411191,-0.3805333133148443,-0.7329222103006272,0.08245329170920646,0.6743575985354813,0.32196870154969837,0.5919043068262748,0.2395154098404919,-0.3523888969857829
AS,New_AS_162.wav,C:\Users\armga\OneDrive\Escritorio\TFG\Programacion objetivo\Bases de Datos\AS_New_3주기\New_AS_162.wav,afinidad_y_diferencias_errores,0.8491492882875366,1.8662917292790981,1.7740025579296275,1.230465725951271,1.5761328099759038,-1.0171424409915617,-0.9248532696420909,-0.38131643766373446,-0.7269835216883672,0.09228917134947068,0.6358260033278271,0.2901589193031944,0.5435368319783564,0.1978697479537237,-0.34566708402463275
AS,New_AS_163.wav,C:\Users\armga\OneDrive\Escritorio\TFG\Programacion objetivo\Bases de Datos\AS_New_3주기\New_AS_163.wav,afinidad_y_diferencias_errores,0.8406169752414165,1.9447330232935949,1.8806683894623422,1.2139770344464214,1.5615001487077493,-1.1041160480521783,-1.0400514142209256,-0.3733600592050048,-0.7208831734663328,0.06406463383125272,0.7307559888471735,0.38323287458584554,0.6666913550159208,0.3191682407545928,-0.347523114261328
AS,New_AS_164.wav,C:\Users\armga\OneDrive\Escritorio\TFG\Programacion objetivo\Bases de Datos\AS_New_3주기\New_AS_164.wav,afinidad_y_diferencias_errores,0.12438801342336818,1.25291351346733,1.1651155361959005,0.3831017402953606,0.6080495125748641,-1.1285255000439618,-1.0407275227725323,-0.2587137268719924,-0.48366149915149587,0.08779797727142946,0.8698117731719693,0.6448640008924659,0.7820137959005399,0.5570660236210364,-0.22494777227950347
AS,New_AS_165.wav,C:\Users\armga\OneDrive\Escritorio\TFG\Programacion objetivo\Bases de Datos\AS_New_3주기\New_AS_165.wav,afinidad_y_diferencias_errores,0.12382647187885251,1.3377185114857553,1.2387182028408015,0.3791662300965568,0.6259431839461277,-1.2138920396069028,-1.114891730961949,-0.25533975821770427,-0.5021167120672752,0.0990003086449538,0.9585522813891985,0.7117753275396276,0.8595519727442447,0.6127750188946738,-0.24677695384957088
AS,New_AS_166.wav,C:\Users\armga\OneDrive\Escritorio\TFG\Programacion objetivo\Bases de Datos\AS_New_3주기\New_AS_166.wav,afinidad_y_diferencias_errores,0.2893542339161698,1.5185998284392461,1.4041575430899211,0.6836341299275542,0.8685740003687917,-1.2292455945230762,-1.1148033091737513,-0.3942798960113844,-0.579219766452622,0.11444228534932499,0.8349656985116919,0.6500258280704544,0.7205234131623669,0.5355835427211294,-0.1849398704412375
AS,New_AS_167.wav,C:\Users\armga\OneDrive\Escritorio\TFG\Programacion objetivo\Bases de Datos\AS_New_3주기\New_AS_167.wav,afinidad_y_diferencias_errores,0.33115437660256475,1.595094226834159,1.4545369312974934,0.7387060906896747,0.9229238647586494,-1.2639398502315942,-1.1233825546949285,-0.40755171408711,-0.5917694881560847,0.14055729553666563,0.8563881361444843,0.6721703620755096,0.7158308406078187,0.531613066538844,-0.18421777406897466
AS,New_AS_168.wav,C:\Users\armga\OneDrive\Escritorio\TFG\Programacion objetivo\Bases de Datos\AS_New_3주기\New_AS_168.wav,afinidad_y_diferencias_errores,0.3260037684399828,1.5508881287802034,1.4068195320637904,0.7265584242124871,0.8945451279464288,-1.2248843603402206,-1.0808157636238076,-0.40055465577250426,-0.568541359506446,0.14406859671641303,0.8243297045677164,0.6563430008337746,0.6802611078513033,0.5122744041173616,-0.16798670373394176
AS,New_AS_169.wav,C:\Users\armga\OneDrive\Escritorio\TFG\Programacion objetivo\Bases de Datos\AS_New_3주기\New_AS_169.wav,afinidad_y_diferencias_errores,0.27806684692329875,1.439228213471812,1.3224744242346012,0.6427730670082796,0.7942591140046504,-1.1611613665485132,-1.0444075773113024,-0.3647062200849809,-0.5161922670813517,0.1167537892372108,0.7964551464635323,0.6449690994671615,0.6797013572263215,0.5282153102299507,-0.1514860469963708
AS,New_AS_170.wav,C:\Users\armga\OneDrive\Escritorio\TFG\Programacion objetivo\Bases de Datos\AS_New_3주기\New_AS_170.wav,afinidad_y_diferencias_errores,0.1318861960646141,1.3740572581441248,1.2836573251654615,0.39782382940166555,0.625274499823596,-1.2421710620795108,-1.1517711291008474,-0.26593763333705145,-0.49338830375898185,0.09039993297866333,0.9762334287424592,0.7487827583205289,0.8858334957637959,0.6583828253418655,-0.2274506704219304
AS,New_AS_171.wav,C:\Users\armga\OneDrive\Escritorio\TFG\Programacion objetivo\Bases de Datos\AS_New_3주기\New_AS_171.wav,afinidad_y_diferencias_errores,0.12384347882540826,1.279455077342699,1.1997288019210612,0.37666128257644155,0.6154828009141553,-1.1556115985172906,-1.0758853230956529,-0.2528178037510333,-0.49163932208874705,0.07972627542163768,0.9027937947662574,0.6639722764285436,0.8230675193446197,0.5842460010069059,-0.23882151833771376
AS,New_AS_172.wav,C:\Users\armga\OneDrive\Escritorio\TFG\Programacion objetivo\Bases de Datos\AS_New_3주기\New_AS_172.wav,afinidad_y_diferencias_errores,0.2702312257369757,1.4793389606110103,1.357921468440458,0.6230342316461309,0.8202212289660216,-1.2091077348740347,-1.0876902427034822,-0.3528030059091552,-0.5499900032290459,0.12141749217055242,0.8563047289648794,0.6591177316449888,0.734887236794327,0.5377002394744363,-0.19718699731989064
AS,New_AS_173.wav,C:\Users\armga\OneDrive\Escritorio\TFG\Programacion objetivo\Bases de Datos\AS_New_3주기\New_AS_173.wav,afinidad_y_diferencias_errores,0.32598652935553973,1.577217923472965,1.4135203411885588,0.7054539292705464,0.9075083824639524,-1.2512313941174253,-1.0875338118330191,-0.37946739991500666,-0.5815218531084126,0.16369758228440623,0.8717639942024187,0.6697095410090127,0.7080664119180125,0.5060119587246065,-0.20205445319340598
AS,New_AS_174.wav,C:\Users\armga\OneDrive\Escritorio\TFG\Programacion objetivo\Bases de Datos\AS_New_3주기\New_AS_174.wav,afinidad_y_diferencias_errores,0.32100119259738924,1.6254034407947497,1.4629881621159782,0.721223334955898,0.913660145856051,-1.3044022481973605,-1.141986969518589,-0.4002221423585087,-0.5926589532586618,0.1624152786787716,0.9041801058388518,0.7117432949386987,0.7417648271600802,0.5493280162599271,-0.19243681090015308
AS,New_AS_175.wav,C:\Users\armga\OneDrive\Escritorio\TFG\Programacion objetivo\Bases de Datos\AS_New_3주기\New_AS_175.wav,afinidad_y_diferencias_errores,0.35632514020247774,1.5414416962110644,1.453016349545586,0.7446497322479114,0.9437409037164454,-1.1851165560085866,-1.096691209343108,-0.3883245920454337,-0.5874157635139676,0.08842534666547852,0.796791963963153,0.597700792494619,0.7083666172976745,0.5092754458291405,-0.19909117146853395
AS,New_AS_176.wav,C:\Users\armga\OneDrive\Escritorio\TFG\Programacion objetivo\Bases de Datos\AS_New_3주기\New_AS_176.wav,afinidad_y_diferencias_errores,0.30818701670035814,1.5374773364026184,1.4264358547940374,0.7047508817361461,0.8777197576936107,-1.2292903197022602,-1.1182488380936793,-0.39656386503578794,-0.5695327409932525,0.11104148160858096,0.8327264546664723,0.6597575787090078,0.7216849730578914,0.5487160971004268,-0.17296887595746457
AS,New_AS_177.wav,C:\Users\armga\OneDrive\Escritorio\TFG\Programacion objetivo\Bases de Datos\AS_New_3주기\New_AS_177.wav,afinidad_y_diferencias_errores,0.2976763593103879,1.5249070718679618,1.4043315270279002,0.6570020791067088,0.8657862198796666,-1.2272307125575739,-1.1066551677175123,-0.35932571979632094,-0.5681098605692787,0.12057554484006161,0.867904992761253,0.6591208519882952,0.7473294479211914,0.5385453071482336,-0.20878414077295782
AS,New_AS_178.wav,C:\Users\armga\OneDrive\Escritorio\TFG\Programacion objetivo\Bases de Datos\AS_New_3주기\New_AS_178.wav,afinidad_y_diferencias_errores,0.3603204050935391,1.6038945086952938,1.4938349015523997,0.7980394017020392,0.9368538851520957,-1.2435741036017547,-1.1335144964588606,-0.43771899660850017,-0.5765334800585566,0.11005960714289409,0.8058551069932546,0.6670406235431982,0.6957954998503605,0.5569810164003041,-0.13881448345005643
AS,New_AS_179.wav,C:\Users\armga\OneDrive\Escritorio\TFG\Programacion objetivo\Bases de Datos\AS_New_3주기\New_AS_179.wav,afinidad_y_diferencias_errores,0.3017829862088505,1.5389819645925824,1.4076872235605844,0.6641977762924852,0.8778478927704095,-1.2371989783837318,-1.1059042373517338,-0.3624147900836347,-0.5760649065615591,0.131294741031998,0.8747841883000972,0.6611340718221729,0.7434894472680992,0.5298393307901749,-0.2136501164779243
AS,New_AS_180.wav,C:\Users\armga\OneDrive\Escritorio\TFG\Programacion objetivo\Bases de Datos\AS_New_3주기\New_AS_180.wav,afinidad_y_diferencias_errores,0.19172564087864358,1.3285919556972086,1.2995483759470825,0.490310086419555,0.6950697403141584,-1.136866314818565,-1.1078227350684389,-0.2985844455409114,-0.5033440994355147,0.02904357975012606,0.8382818692776536,0.6335222153830502,0.8092382895275275,0.6044786356329241,-0.20475965389460338
AS,New_AS_181.wav,C:\Users\armga\OneDrive\Escritorio\TFG\Programacion objetivo\Bases de Datos\AS_New_3주기\New_AS_181.wav,afinidad_y_diferencias_errores,0.16742746765202823,1.2328942807905172,1.1845968043256898,0.4167046491955095,0.667883488021382,-1.065466813138489,-1.0171693366736616,-0.24927718154348125,-0.5004560203693538,0.048297476464827405,0.8161896315950077,0.5650107927691352,0.7678921551301803,0.5167133163043078,-0.2511788388258725
AS,New_AS_182.wav,C:\Users\armga\OneDrive\Escritorio\TFG\Programacion objetivo\Bases de Datos\AS_New_3주기\New_AS_182.wav,afinidad_y_diferencias_errores,0.16864271272366807,1.3508572342566338,1.329444656345124,0.445817057196092,0.6572576846576068,-1.1822145215329658,-1.160801943621456,-0.27717434447242395,-0.48861497193393877,0.021412577911509745,0.9050401770605419,0.693599549599027,0.8836275991490321,0.6721869716875173,-0.21144062746151482
AS,New_AS_183.wav,C:\Users\armga\OneDrive\Escritorio\TFG\Programacion objetivo\Bases de Datos\AS_New_3주기\New_AS_183.wav,afinidad_y_diferencias_errores,0.15716388896752786,1.2469499748240185,1.2678665203292652,0.3878618816842729,0.645120697102198,-1.0897860858564905,-1.1107026313617374,-0.23069799271674502,-0.48795680813467013,-0.020916545505246686,0.8590880931397455,0.6018292777218205,0.8800046386449922,0.6227458232270672,-0.2572588154179251
AS,New_AS_184.wav,C:\Users\armga\OneDrive\Escritorio\TFG\Programacion objetivo\Bases de Datos\AS_New_3주기\New_AS_184.wav,afinidad_y_diferencias_errores,0.8045352942746633,1.821363579372898,1.7758011277069103,1.1813744865842788,1.6154615033532824,-1.0168282850982346,-0.971265833432247,-0.3768391923096155,-0.8109262090786191,0.0455624516659876,0.6399890927886192,0.20590207601961552,0.5944266411226315,0.16033962435362792,-0.43408701676900363
AS,New_AS_185.wav,C:\Users\armga\OneDrive\Escritorio\TFG\Programacion objetivo\Bases de Datos\AS_New_3주기\New_AS_185.wav,afinidad_y_diferencias_errores,0.8669524355271421,1.9053778951238067,1.8248135537555081,1.267754440503864,1.6076659946759468,-1.0384254595966647,-0.9578611182283661,-0.400802004976722,-0.7407135591488048,0.0805643413682986,0.6376234546199426,0.2977119004478599,0.557059113251644,0.2171475590795613,-0.33991155417208274
AS,New_AS_186.wav,C:\Users\armga\OneDrive\Escritorio\TFG\Programacion objetivo\Bases de Datos\AS_New_3주기\New_AS_186.wav,afinidad_y_diferencias_errores,0.8085442791861389,1.8199819462712488,1.7506666828837347,1.2115266554216653,1.5514515407777494,-1.0114376670851097,-0.9421224036975958,-0.40298237623552635,-0.7429072615916105,0.06931526338751404,0.6084552908495835,0.2685304054934994,0.5391400274620695,0.19921514210598534,-0.3399248853560841
AS,New_AS_187.wav,C:\Users\armga\OneDrive\Escritorio\TFG\Programacion objetivo\Bases de Datos\AS_New_3주기\New_AS_187.wav,afinidad_y_diferencias_errores,0.8126592168795604,1.8781128622476826,1.8167439801584737,1.1696933988458442,1.5509890940249595,-1.0654536453681223,-1.0040847632789132,-0.3570341819662838,-0.7383298771453991,0.061368882089208876,0.7084194634018384,0.32712376822272304,0.6470505813126295,0.26575488613351417,-0.3812956951791153
AS,New_AS_188.wav,C:\Users\armga\OneDrive\Escritorio\TFG\Programacion objetivo\Bases de Datos\AS_New_3주기\New_AS_188.wav,afinidad_y_diferencias_errores,1.3535843313095324,2.023263688333714,2.0638093488788716,2.0888715048952817,2.0821991371722057,-0.6696793570241817,-0.7102250175693392,-0.7352871735857494,-0.7286148058626734,-0.040545660545157514,-0.06560781656156767,-0.058935448838491666,-0.025062156016410153,-0.018389788293334153,0.006672367723076
AS,New_AS_189.wav,C:\Users\armga\OneDrive\Escritorio\TFG\Programacion objetivo\Bases de Datos\AS_New_3주기\New_AS_189.wav,afinidad_y_diferencias_errores,1.3681083169488126,2.0964593168633483,2.0588796507281355,2.107488663912726,2.1354423328418983,-0.7283509999145357,-0.6907713337793229,-0.7393803469639135,-0.7673340158930857,0.0375796661352128,-0.011029347049377858,-0.03898301597855003,-0.048609013184590655,-0.07656268211376283,-0.02795366892917217
AS,New_AS_190.wav,C:\Users\armga\OneDrive\Escritorio\TFG\Programacion objetivo\Bases de Datos\AS_New_3주기\New_AS_190.wav,afinidad_y_diferencias_errores,0.17740343014083337,1.097048466754607,1.1234923328080597,0.337318918543948,0.5547288143866591,-0.9196450366137736,-0.9460889026672263,-0.15991548840311465,-0.37732538424582573,-0.026443866053452725,0.759729548210659,0.5423196523679479,0.7861734142641117,0.5687635184214006,-0.2174098958427111
AS,New_AS_191.wav,C:\Users\armga\OneDrive\Escritorio\TFG\Programacion objetivo\Bases de Datos\AS_New_3주기\New_AS_191.wav,afinidad_y_diferencias_errores,0.19109412881948695,1.1480973127867733,1.2062128879589185,0.35168683227748954,0.5991105104386922,-0.9570031839672863,-1.0151187591394315,-0.16059270345800258,-0.4080163816192053,-0.05811557517214516,0.7964104805092838,0.5489868023480811,0.8545260556814289,0.6071023775202262,-0.2474236781612027
AS,New_AS_192.wav,C:\Users\armga\OneDrive\Escritorio\TFG\Programacion objetivo\Bases de Datos\AS_New_3주기\New_AS_192.wav,afinidad_y_diferencias_errores,0.9305897665072428,2.0491193279386413,2.0357434104235184,2.1798192265156535,2.3440526002703908,-1.1185295614313984,-1.1051536439162755,-1.2492294600084106,-1.4134628337631479,0.013375917515122904,-0.13069989857701225,-0.2949332723317495,-0.14407581609213516,-0.3083091898468724,-0.16423337375473723
AS,New_AS_193.wav,C:\Users\armga\OneDrive\Escritorio\TFG\Programacion objetivo\Bases de Datos\AS_New_3주기\New_AS_193.wav,afinidad_y_diferencias_errores,0.9491996292630838,2.0108473781730436,2.0069544455289705,2.114088760785996,2.227501502132255,-1.0616477489099598,-1.0577548162658867,-1.1648891315229124,-1.2783018728691713,0.0038929326440730883,-0.10324138261295257,-0.21665412395921146,-0.10713431525702566,-0.22054705660328455,-0.1134127413462589
AS,New_AS_194.wav,C:\Users\armga\OneDrive\Escritorio\TFG\Programacion objetivo\Bases de Datos\AS_New_3주기\New_AS_194.wav,afinidad_y_diferencias_errores,1.0041218849448508,2.084300473085693,2.022163998913491,1.903729742080114,2.09762010561501,-1.0801785881408423,-1.0180421139686402,-0.8996078571352633,-1.0934982206701593,0.06213647417220214,0.18057073100557908,-0.013319632529317005,0.11843425683337694,-0.07545610670151914,-0.19389036353489608
AS,New_AS_195.wav,C:\Users\armga\OneDrive\Escritorio\TFG\Programacion objetivo\Bases de Datos\AS_New_3주기\New_AS_195.wav,afinidad_y_diferencias_errores,1.0128850505911664,2.0091383243865373,1.9409495325890378,1.8676732532012281,2.0405851731943594,-0.9962532737953709,-0.9280644819978714,-0.8547882026100617,-1.027700122603193,0.06818879179749948,0.14146507118530915,-0.031446848807822114,0.07327627938780967,-0.0996356406053216,-0.17291191999313127
AS,New_AS_196.wav,C:\Users\armga\OneDrive\Escritorio\TFG\Programacion objetivo\Bases de Datos\AS_New_3주기\New_AS_196.wav,afinidad_y_diferencias_errores,0.22640063442225472,1.6038712388320595,1.6760713451613916,1.5358079913364768,0.9034774277589034,-1.3774706044098048,-1.449670710739137,-1.3094073569142222,-0.6770767933366486,-0.07220010632933205,0.06806324749558268,0.7003938110731561,0.14026335382491473,0.7725939174024882,0.6323305635775734
AS,New_AS_197.wav,C:\Users\armga\OneDrive\Escritorio\TFG\Programacion objetivo\Bases de Datos\AS_New_3주기\New_AS_197.wav,afinidad_y_diferencias_errores,0.21455045712610757,1.5069497486996006,1.5762030305064607,1.4310994812014608,0.8404818159956492,-1.292399291573493,-1.361652573380353,-1.2165490240753531,-0.6259313588695417,-0.06925328180686008,0.07585026749813983,0.6664679327039514,0.1451035493049999,0.7357212145108115,0.5906176652058116
AS,New_AS_198.wav,C:\Users\armga\OneDrive\Escritorio\TFG\Programacion objetivo\Bases de Datos\AS_New_3주기\New_AS_198.wav,afinidad_y_diferencias_errores,0.2180201983264187,1.4961634175030911,1.596364714704793,1.4637380675380456,0.8659067296819681,-1.2781432191766724,-1.3783445163783743,-1.2457178692116269,-0.6478865313555494,-0.1002012972017019,0.032425349965045536,0.630256687821123,0.13262664716674744,0.7304579850228249,0.5978313378560774
AS,New_AS_199.wav,C:\Users\armga\OneDrive\Escritorio\TFG\Programacion objetivo\Bases de Datos\AS_New_3주기\New_AS_199.wav,afinidad_y_diferencias_errores,0.1745777907379321,1.485314922869429,1.474817977783067,1.408433980264051,0.7971672644487834,-1.310737132131497,-1.300240187045135,-1.233856189526119,-0.6225894737108513,0.010496945086361897,0.07688094260537781,0.6881476584206455,0.06638399751901591,0.6776507133342836,0.6112667158152677
AS,New_AS_200.wav,C:\Users\armga\OneDrive\Escritorio\TFG\Programacion objetivo\Bases de Datos\AS_New_3주기\New_AS_200.wav,afinidad_y_diferencias_errores,0.17661167737759753,1.4540582304620644,1.4862187343883038,1.4475276168252291,0.8324659063582591,-1.277446553084467,-1.3096070570107061,-1.2709159394476317,-0.6558542289806616,-0.03216050392623937,0.00653061363683527,0.6215923241038053,0.03869111756307464,0.6537528280300446,0.61506171046697
MR,New_MR_001.wav,C:\Users\armga\OneDrive\Escritorio\TFG\Programacion objetivo\Bases de Datos\MR_New_3주기\New_MR_001.wav,afinidad_y_diferencias_errores,1.3639463837864991,2.255542652723854,2.07890449559133,2.200617926365064,2.173466647772754,-0.8915962689373547,-0.7149581118048307,-0.8366715425785649,-0.8095202639862549,0.17663815713252395,0.054924726358789755,0.08207600495109979,-0.1217134307737342,-0.09456215218142416,0.027151278592310035
MR,New_MR_002.wav,C:\Users\armga\OneDrive\Escritorio\TFG\Programacion objetivo\Bases de Datos\MR_New_3주기\New_MR_002.wav,afinidad_y_diferencias_errores,1.50830734893316,2.269802592210028,2.109802563106769,2.2509508503021958,2.2070972741099775,-0.761495243276868,-0.601495214173609,-0.7426435013690358,-0.6987899251768175,0.16000002910325906,0.01885174190783223,0.06270531810005053,-0.14114828719542682,-0.09729471100320852,0.0438535761922183
MR,New_MR_003.wav,C:\Users\armga\OneDrive\Escritorio\TFG\Programacion objetivo\Bases de Datos\MR_New_3주기\New_MR_003.wav,afinidad_y_diferencias_errores,1.064356382533958,2.0668891204304485,1.9547168219825999,2.0350692096076166,1.9604693369548243,-1.0025327378964906,-0.890360439448642,-0.9707128270736587,-0.8961129544208664,0.1121722984478486,0.031819910822831865,0.1064197834756242,-0.08035238762501673,-0.0057525149722243984,0.07459987265279233
MR,New_MR_004.wav,C:\Users\armga\OneDrive\Escritorio\TFG\Programacion objetivo\Bases de Datos\MR_New_3주기\New_MR_004.wav,afinidad_y_diferencias_errores,1.0527730321025714,2.0793680801077845,1.9702314372992267,2.082305335502573,1.8298538731865819,-1.026595048005213,-0.9174584051966552,-1.0295323034000017,-0.7770808410840104,0.10913664280855784,-0.002937255394788618,0.24951420692120263,-0.11207389820334646,0.1403775641126448,0.25245146231599125
MR,New_MR_005.wav,C:\Users\armga\OneDrive\Escritorio\TFG\Programacion objetivo\Bases de Datos\MR_New_3주기\New_MR_005.wav,afinidad_y_diferencias_errores,1.3322703325670961,1.863563953726178,1.9089383533605404,2.0979088578813343,1.900981881626614,-0.5312936211590817,-0.5766680207934443,-0.7656385253142381,-0.5687115490595178,-0.04537439963436252,-0.2343449041551564,-0.037417927900436077,-0.1889705045207939,0.00795647173392644,0.19692697625472033
MR,New_MR_006.wav,C:\Users\armga\OneDrive\Escritorio\TFG\Programacion objetivo\Bases de Datos\MR_New_3주기\New_MR_006.wav,afinidad_y_diferencias_errores,1.5063334727899786,2.0757516690215723,2.007590068959299,2.320824538500802,2.1751765306135207,-0.5694181962315936,-0.5012565961693205,-0.8144910657108235,-0.668843057823542,0.06816160006227312,-0.2450728694792299,-0.09942486159194841,-0.313234469541503,-0.16758646165422153,0.1456480078872815
MR,New_MR_007.wav,C:\Users\armga\OneDrive\Escritorio\TFG\Programacion objetivo\Bases de Datos\MR_New_3주기\New_MR_007.wav,afinidad_y_diferencias_errores,1.4057541287887771,1.9353323420152435,1.9710777821585352,2.187639405299613,1.966353546200232,-0.5295782132264664,-0.5653236533697581,-0.7818852765108357,-0.5605994174114548,-0.03574544014329173,-0.25230706328436936,-0.031021204184988438,-0.21656162314107763,0.004724235958303291,0.22128585909938092
MR,New_MR_008.wav,C:\Users\armga\OneDrive\Escritorio\TFG\Programacion objetivo\Bases de Datos\MR_New_3주기\New_MR_008.wav,afinidad_y_diferencias_errores,1.5189609094383518,2.068293566261165,1.9521795579870649,2.29633059841864,2.1605918533489663,-0.549332656822813,-0.43321864854871306,-0.7773696889802884,-0.6416309439106145,0.1161140082740999,-0.2280370321574754,-0.09229828708780152,-0.3441510404315753,-0.20841229536190142,0.13573874506967387
MR,New_MR_009.wav,C:\Users\armga\OneDrive\Escritorio\TFG\Programacion objetivo\Bases de Datos\MR_New_3주기\New_MR_009.wav,afinidad_y_diferencias_errores,1.4186944744598577,1.953704900515447,1.971301535625293,2.232836299398792,2.0215657695807727,-0.5350104260555892,-0.5526070611654352,-0.8141418249389341,-0.602871295120915,-0.017596635109845993,-0.2791313988833448,-0.06786086906532574,-0.2615347637734988,-0.05026423395547974,0.21127052981801908
MR,New_MR_010.wav,C:\Users\armga\OneDrive\Escritorio\TFG\Programacion objetivo\Bases de Datos\MR_New_3주기\New_MR_010.wav,afinidad_y_diferencias_errores,1.555780978730371,2.081147932955806,1.9752291928829262,2.254663053690678,2.194271417945474,-0.5253669542254351,-0.4194482141525553,-0.6988820749603071,-0.638490439215103,0.10591874007287982,-0.17351512073487196,-0.11312348498966784,-0.2794338608077518,-0.21904222506254767,0.06039163574520412
MR,New_MR_011.wav,C:\Users\armga\OneDrive\Escritorio\TFG\Programacion objetivo\Bases de Datos\MR_New_3주기\New_MR_011.wav,afinidad_y_diferencias_errores,0.641958118669666,1.7235767690085109,1.7691323124494103,1.7081976621353443,1.2195486873998589,-1.0816186503388447,-1.1271741937797444,-1.0662395434656782,-0.5775905687301929,-0.045555543440899404,0.01537910687316657,0.504028081608652,0.060934650314065975,0.5495836250495514,0.4886489747354854
MR,New_MR_012.wav,C:\Users\armga\OneDrive\Escritorio\TFG\Programacion objetivo\Bases de Datos\MR_New_3주기\New_MR_012.wav,afinidad_y_diferencias_errores,0.7950319798980042,1.6688092639855232,1.7184851399169532,1.7350059022211355,1.3294470174221587,-0.873777284087519,-0.923453160018949,-0.9399739223231313,-0.5344150375241544,-0.04967587593142997,-0.06619663823561228,0.33936224656336456,-0.016520762304182313,0.3890381224947945,0.40555888479897684
MR,New_MR_013.wav,C:\Users\armga\OneDrive\Escritorio\TFG\Programacion objetivo\Bases de Datos\MR_New_3주기\New_MR_013.wav,afinidad_y_diferencias_errores,0.5270575209302203,1.5246572299102314,1.6706382852185715,1.5358752081687255,1.0640970868233197,-0.9975997089800112,-1.1435807642883513,-1.0088176872385053,-0.5370395658930994,-0.14598105530834005,-0.011217978258494021,0.46056014308691173,0.13476307704984603,0.6065411983952518,0.47177812134540575
MR,New_MR_014.wav,C:\Users\armga\OneDrive\Escritorio\TFG\Programacion objetivo\Bases de Datos\MR_New_3주기\New_MR_014.wav,afinidad_y_diferencias_errores,0.8032012526358909,1.686973102895228,1.8294877669819536,1.780191319047156,1.3790278375101483,-0.883771850259337,-1.0262865143460627,-0.9769900664112652,-0.5758265848742574,-0.14251466408672564,-0.09321821615192816,0.3079452653850796,0.04929644793479748,0.45045992947180524,0.40116348153700776
MR,New_MR_015.wav,C:\Users\armga\OneDrive\Escritorio\TFG\Programacion objetivo\Bases de Datos\MR_New_3주기\New_MR_015.wav,afinidad_y_diferencias_errores,0.7242377506792981,1.8878630360168005,1.9563515027171285,2.0275353967556073,1.6860039800959514,-1.1636252853375024,-1.2321137520378305,-1.3032976460763093,-0.9617662294166534,-0.06848846670032804,-0.13967236073880684,0.20185905592084907,-0.0711838940384788,0.2703475226211771,0.3415314166596559
MR,New_MR_016.wav,C:\Users\armga\OneDrive\Escritorio\TFG\Programacion objetivo\Bases de Datos\MR_New_3주기\New_MR_016.wav,afinidad_y_diferencias_errores,0.8756939409500065,1.9484617796416752,1.9132060276454432,2.049208309276967,1.7894975396316644,-1.0727678386916688,-1.0375120866954366,-1.1735143683269604,-0.9138035986816578,0.03525575199623199,-0.10074652963529163,0.15896424001001086,-0.1360022816315236,0.12370848801377887,0.2597107696453025
MR,New_MR_017.wav,C:\Users\armga\OneDrive\Escritorio\TFG\Programacion objetivo\Bases de Datos\MR_New_3주기\New_MR_017.wav,afinidad_y_diferencias_errores,0.6170027505203567,1.7886423833339382,1.8709636200989235,1.9334101222936684,1.5111697353642684,-1.1716396328135814,-1.2539608695785667,-1.3164073717733116,-0.8941669848439117,-0.08232123676498526,-0.14476773895973016,0.27747264796966986,-0.0624465021947449,0.3597938847346551,0.4222403869294
MR,New_MR_018.wav,C:\Users\armga\OneDrive\Escritorio\TFG\Programacion objetivo\Bases de Datos\MR_New_3주기\New_MR_018.wav,afinidad_y_diferencias_errores,0.6975157348557801,1.8677378029979665,1.9208981127908196,1.9566715958166216,1.6254307863709156,-1.1702220681421864,-1.2233823779350395,-1.2591558609608415,-0.9279150515151355,-0.05316030979285302,-0.0889337928186551,0.2423070166270509,-0.03577348302580208,0.2954673264199039,0.331240809445706
MR,New_MR_019.wav,C:\Users\armga\OneDrive\Escritorio\TFG\Programacion objetivo\Bases de Datos\MR_New_3주기\New_MR_019.wav,afinidad_y_diferencias_errores,0.7541157666876064,1.8917166850412723,1.8970702220505438,2.033262787892683,1.6496352139738184,-1.137600918353666,-1.1429544553629374,-1.2791470212050768,-0.895519447286212,-0.005353537009271436,-0.1415461028514109,0.24208147106745392,-0.13619256584213946,0.24743500807672536,0.3836275739188648
MR,New_MR_020.wav,C:\Users\armga\OneDrive\Escritorio\TFG\Programacion objetivo\Bases de Datos\MR_New_3주기\New_MR_020.wav,afinidad_y_diferencias_errores,0.8545751259686305,1.8498972450882096,1.8934516676899016,1.9784143621901304,1.712609730892147,-0.9953221191195791,-1.038876541721271,-1.1238392362215,-0.8580346049235166,-0.043554422601691956,-0.12851711710192082,0.13728751419606255,-0.08496269450022886,0.1808419367977545,0.2658046312979834
MR,New_MR_021.wav,C:\Users\armga\OneDrive\Escritorio\TFG\Programacion objetivo\Bases de Datos\MR_New_3주기\New_MR_021.wav,afinidad_y_diferencias_errores,1.6200323927564142,2.2164293138917577,2.0154955017353595,2.3170271805571883,2.214881314725517,-0.5963969211353435,-0.3954631089789453,-0.6969947878007741,-0.5948489219691027,0.20093381215639816,-0.10059786666543058,0.001547999166240821,-0.30153167882182874,-0.19938581299015734,0.1021458658316714
MR,New_MR_022.wav,C:\Users\armga\OneDrive\Escritorio\TFG\Programacion objetivo\Bases de Datos\MR_New_3주기\New_MR_022.wav,afinidad_y_diferencias_errores,1.7280155158658745,2.3145981638974304,1.9845943742690255,2.3979561264018447,2.4817040754822117,-0.5865826480315559,-0.256578858403151,-0.6699406105359702,-0.7536885596163372,0.33000378962840493,-0.0833579625044143,-0.16710591158478127,-0.4133617521328192,-0.4971097012131862,-0.08374794908036698
MR,New_MR_023.wav,C:\Users\armga\OneDrive\Escritorio\TFG\Programacion objetivo\Bases de Datos\MR_New_3주기\New_MR_023.wav,afinidad_y_diferencias_errores,1.74025123814756,2.2654891967409148,1.937717410356411,2.348923391868531,2.3360538523769874,-0.5252379585933546,-0.19746617220885088,-0.6086721537209709,-0.5958026142294273,0.32777178638450377,-0.0834341951276163,-0.07056465563607262,-0.41120598151212007,-0.3983364420205764,0.01286953949154368
MR,New_MR_024.wav,C:\Users\armga\OneDrive\Escritorio\TFG\Programacion objetivo\Bases de Datos\MR_New_3주기\New_MR_024.wav,afinidad_y_diferencias_errores,1.7025644794405057,2.395937665425736,2.1464463797085007,2.4811149000145694,2.4114795852559197,-0.6933731859852301,-0.443881900267995,-0.7785504205740637,-0.708915105815414,0.2494912857172351,-0.08517723458883353,-0.015541919830183826,-0.33466852030606864,-0.26503320554741894,0.0696353147586497
MR,New_MR_025.wav,C:\Users\armga\OneDrive\Escritorio\TFG\Programacion objetivo\Bases de Datos\MR_New_3주기\New_MR_025.wav,afinidad_y_diferencias_errores,1.6527351984344076,2.3218589693178724,2.0822593043483044,2.3983167296692405,2.3945234073274815,-0.6691237708834648,-0.4295241059138968,-0.7455815312348328,-0.7417882088930738,0.23959966496956797,-0.07645776035136809,-0.07266443800960909,-0.31605742532093606,-0.31226410297917706,0.003793322341758998
MR,New_MR_026.wav,C:\Users\armga\OneDrive\Escritorio\TFG\Programacion objetivo\Bases de Datos\MR_New_3주기\New_MR_026.wav,afinidad_y_diferencias_errores,0.46308238349931,1.7376137701435117,1.9689499857949664,1.553245752207361,1.2118594618622174,-1.2745313866442016,-1.5058676022956563,-1.090163368708051,-0.7487770783629073,-0.23133621565145468,0.18436801793615065,0.5257543082812943,0.41570423358760533,0.757090523932749,0.3413862903451437
MR,New_MR_027.wav,C:\Users\armga\OneDrive\Escritorio\TFG\Programacion objetivo\Bases de Datos\MR_New_3주기\New_MR_027.wav,afinidad_y_diferencias_errores,0.5203143766617778,1.8957639546969662,2.014679240362903,1.5296271651752396,1.3156083349757972,-1.3754495780351883,-1.4943648637011253,-1.0093127885134616,-0.7952939583140194,-0.11891528566593679,0.3661367895217267,0.580155619721169,0.48505207518766347,0.6990709053871058,0.21401883019944234
MR,New_MR_028.wav,C:\Users\armga\OneDrive\Escritorio\TFG\Programacion objetivo\Bases de Datos\MR_New_3주기\New_MR_028.wav,afinidad_y_diferencias_errores,0.4522172072123335,1.8070391938178318,2.004323895752976,1.5448812055850265,1.2425905575031382,-1.3548219866054985,-1.5521066885406425,-1.092663998372693,-0.7903733502908047,-0.19728470193514425,0.26215798823280534,0.5644486363146937,0.4594426901679496,0.7617333382498379,0.3022906480818883
MR,New_MR_029.wav,C:\Users\armga\OneDrive\Escritorio\TFG\Programacion objetivo\Bases de Datos\MR_New_3주기\New_MR_029.wav,afinidad_y_diferencias_errores,0.5575660092105417,1.824425388739131,1.8819158363705455,1.5649497499761151,1.3582534001017854,-1.2668593795285894,-1.3243498271600038,-1.0073837407655735,-0.8006873908912437,-0.05749044763141442,0.25947563876301594,0.46617198863734566,0.31696608639443036,0.5236624362687601,0.20669634987432972
MR,New_MR_030.wav,C:\Users\armga\OneDrive\Escritorio\TFG\Programacion objetivo\Bases de Datos\MR_New_3주기\New_MR_030.wav,afinidad_y_diferencias_errores,0.5785856447504653,1.9608171226455442,2.0603888903382472,1.5939897447347606,1.378532348702838,-1.382231477895079,-1.4818032455877819,-1.0154040999842953,-0.7999467039523728,-0.09957176769270304,0.36682737791078357,0.5822847739427062,0.4663991456034866,0.6818565416354092,0.2154573960319226
MR,New_MR_031.wav,C:\Users\armga\OneDrive\Escritorio\TFG\Programacion objetivo\Bases de Datos\MR_New_3주기\New_MR_031.wav,afinidad_y_diferencias_errores,0.43211273093001995,1.771919304318084,1.8653683383125084,1.5744595885419195,1.2453717981104133,-1.3398065733880642,-1.4332556073824885,-1.1423468576118996,-0.8132590671803934,-0.09344903399442428,0.1974597157761646,0.5265475062076708,0.2909087497705889,0.619996540202095,0.32908779043150616
MR,New_MR_032.wav,C:\Users\armga\OneDrive\Escritorio\TFG\Programacion objetivo\Bases de Datos\MR_New_3주기\New_MR_032.wav,afinidad_y_diferencias_errores,0.422961342333929,1.8139425092769388,1.833427935657542,1.5173555374215466,1.2000788904177426,-1.3909811669430097,-1.410466593323613,-1.0943941950876175,-0.7771175480838136,-0.019485426380603244,0.2965869718553922,0.6138636188591962,0.3160723982359954,0.6333490452397994,0.317276647003804
MR,New_MR_033.wav,C:\Users\armga\OneDrive\Escritorio\TFG\Programacion objetivo\Bases de Datos\MR_New_3주기\New_MR_033.wav,afinidad_y_diferencias_errores,0.47376941377936926,1.6961737602416733,1.8817872601029575,1.502255385543335,1.246925175924205,-1.222404346462304,-1.4080178463235882,-1.0284859717639656,-0.7731557621448357,-0.18561349986128417,0.1939183746983384,0.4492485843174683,0.37953187455962256,0.6348620841787525,0.2553302096191299
MR,New_MR_034.wav,C:\Users\armga\OneDrive\Escritorio\TFG\Programacion objetivo\Bases de Datos\MR_New_3주기\New_MR_034.wav,afinidad_y_diferencias_errores,1.0550834486572158,1.8409438661441322,1.7518540765281148,1.1462945268229936,1.4839334279090828,-0.7858604174869164,-0.6967706278708989,-0.09121107816577778,-0.42884997925186696,0.08908978961601743,0.6946493393211386,0.3570104382350494,0.6055595497051212,0.267920648619032,-0.3376389010860892
MR,New_MR_035.wav,C:\Users\armga\OneDrive\Escritorio\TFG\Programacion objetivo\Bases de Datos\MR_New_3주기\New_MR_035.wav,afinidad_y_diferencias_errores,1.0782331689666054,1.8813128136741355,1.778810428830672,1.1742792792871626,1.5302742815702395,-0.8030796447075301,-0.7005772598640667,-0.09604611032055721,-0.4520411126036341,0.10250238484346341,0.7070335343869729,0.351038532103896,0.6045311495435095,0.2485361472604326,-0.3559950022830769
MR,New_MR_036.wav,C:\Users\armga\OneDrive\Escritorio\TFG\Programacion objetivo\Bases de Datos\MR_New_3주기\New_MR_036.wav,afinidad_y_diferencias_errores,1.0608662914691496,1.8369918885190188,1.7018900593344144,1.1564794160564882,1.481561277287108,-0.7761255970498693,-0.6410237678652648,-0.09561312458733862,-0.4206949858179585,0.13510182918460445,0.6805124724625307,0.3554306112319108,0.5454106432779262,0.22032878204730633,-0.3250818612306199
MR,New_MR_037.wav,C:\Users\armga\OneDrive\Escritorio\TFG\Programacion objetivo\Bases de Datos\MR_New_3주기\New_MR_037.wav,afinidad_y_diferencias_errores,1.0159290074266236,1.829106023419561,1.6752251681374373,1.114465771448325,1.4475099434610514,-0.8131770159929375,-0.6592961607108137,-0.09853676402170142,-0.4315809360344278,0.1538808552821238,0.714640251971236,0.38159607995850964,0.5607593966891122,0.22771522467638583,-0.3330441720127264
MR,New_MR_038.wav,C:\Users\armga\OneDrive\Escritorio\TFG\Programacion objetivo\Bases de Datos\MR_New_3주기\New_MR_038.wav,afinidad_y_diferencias_errores,1.265244664957791,1.674221641903047,1.753334758222427,1.8515694917120804,1.7404063210047107,-0.4089769769452558,-0.4880900932646359,-0.5863248267542893,-0.4751616560469196,-0.07911311631938012,-0.1773478498090335,-0.06618467910166381,-0.09823473348965339,0.012928437217716304,0.1111631707073697
MR,New_MR_039.wav,C:\Users\armga\OneDrive\Escritorio\TFG\Programacion objetivo\Bases de Datos\MR_New_3주기\New_MR_039.wav,afinidad_y_diferencias_errores,1.3490564458376084,1.770002009179568,1.8746043062773934,2.0040671680629183,1.868214383283328,-0.42094556334195965,-0.525547860439785,-0.6550107222253099,-0.5191579374457196,-0.10460229709782531,-0.23406515888335022,-0.09821237410375994,-0.1294628617855249,0.006389922994065378,0.13585278477959029
MR,New_MR_040.wav,C:\Users\armga\OneDrive\Escritorio\TFG\Programacion objetivo\Bases de Datos\MR_New_3주기\New_MR_040.wav,afinidad_y_diferencias_errores,0.7296455227093671,1.7079194987936495,1.8395714488049655,1.6992161378357695,1.3921637382487384,-0.9782739760842823,-1.1099259260955985,-0.9695706151264024,-0.6625182155393713,-0.13165195001131602,0.008703360957879935,0.31575576054491106,0.14035531096919596,0.4474077105562271,0.3070523995870311
MR,New_MR_041.wav,C:\Users\armga\OneDrive\Escritorio\TFG\Programacion objetivo\Bases de Datos\MR_New_3주기\New_MR_041.wav,afinidad_y_diferencias_errores,0.7019496352677154,1.6973464465062402,1.7972250915027663,1.684506736916937,1.3556396925887793,-0.9953968112385249,-1.095275456235051,-0.9825571016492217,-0.6536900573210639,-0.0998786449965261,0.012839709589303139,0.34170675391746097,0.11271835458582924,0.44158539891398707,0.32886704432815783
MR,New_MR_042.wav,C:\Users\armga\OneDrive\Escritorio\TFG\Programacion objetivo\Bases de Datos\MR_New_3주기\New_MR_042.wav,afinidad_y_diferencias_errores,0.7402317858329789,1.7822835846923057,1.8601063479801883,1.7429839227354225,1.4324625109056228,-1.042051798859327,-1.1198745621472095,-1.0027521369024437,-0.6922307250726439,-0.07782276328788251,0.03929966195688328,0.3498210737866829,0.1171224252447658,0.42764383707456544,0.31052141182979964
MR,New_MR_043.wav,C:\Users\armga\OneDrive\Escritorio\TFG\Programacion objetivo\Bases de Datos\MR_New_3주기\New_MR_043.wav,afinidad_y_diferencias_errores,0.7051746846168017,1.6770785792892857,1.7918143993162938,1.6713649553558867,1.3815375859511574,-0.9719038946724841,-1.0866397146994922,-0.966190270739085,-0.6763629013343557,-0.1147358200270081,0.005713623933399026,0.29554099333812833,0.12044944396040713,0.41027681336513644,0.2898273694047293
MR,New_MR_044.wav,C:\Users\armga\OneDrive\Escritorio\TFG\Programacion objetivo\Bases de Datos\MR_New_3주기\New_MR_044.wav,afinidad_y_diferencias_errores,0.7147623714209645,1.732060077935388,1.8315089701458556,1.6946878615148693,1.3980497652489723,-1.0172977065144235,-1.116746598724891,-0.9799254900939047,-0.6832873938280077,-0.09944889221046749,0.0373722164205188,0.3340103126864158,0.1368211086309863,0.4334592048968833,0.296638096265897
MR,New_MR_045.wav,C:\Users\armga\OneDrive\Escritorio\TFG\Programacion objetivo\Bases de Datos\MR_New_3주기\New_MR_045.wav,afinidad_y_diferencias_errores,0.7201172453721227,1.762344568493247,1.8343371176479124,1.6824749453773709,1.3899497820608255,-1.0422273231211243,-1.1142198722757897,-0.9623577000052481,-0.6698325366887028,-0.07199254915466535,0.0798696231158762,0.3723947864324215,0.15186217227054155,0.4443873355870869,0.2925251633165453
MR,New_MR_046.wav,C:\Users\armga\OneDrive\Escritorio\TFG\Programacion objetivo\Bases de Datos\MR_New_3주기\New_MR_046.wav,afinidad_y_diferencias_errores,1.510670105311183,1.8850788090001247,2.0297016171629583,2.1080446695432618,2.0307664937509764,-0.37440870368894164,-0.5190315118517752,-0.5973745642320787,-0.5200963884397933,-0.14462280816283357,-0.22296586054313705,-0.1456876847508517,-0.07834305238030348,-0.0010648765880181266,0.07727817579228535
MR,New_MR_047.wav,C:\Users\armga\OneDrive\Escritorio\TFG\Programacion objetivo\Bases de Datos\MR_New_3주기\New_MR_047.wav,afinidad_y_diferencias_errores,1.441796703440706,1.8146112944763289,1.868500413456843,1.9886365341400392,1.9327519823973875,-0.37281459103562287,-0.42670371001613705,-0.5468398306993332,-0.49095527895668156,-0.053889118980514183,-0.1740252396637103,-0.1181406879210587,-0.12013612068319612,-0.06425156894054451,0.05588455174265161
MR,New_MR_048.wav,C:\Users\armga\OneDrive\Escritorio\TFG\Programacion objetivo\Bases de Datos\MR_New_3주기\New_MR_048.wav,afinidad_y_diferencias_errores,1.4799102239672703,1.7464393499214086,1.849738779119596,1.9295232622884018,1.8571024724517615,-0.26652912595413825,-0.3698285551523257,-0.4496130383211314,-0.3771922484844912,-0.10329942919818746,-0.18308391236699317,-0.11066312253035293,-0.07978448316880571,-0.007363693332165466,0.07242078983664024
MR,New_MR_049.wav,C:\Users\armga\OneDrive\Escritorio\TFG\Programacion objetivo\Bases de Datos\MR_New_3주기\New_MR_049.wav,afinidad_y_diferencias_errores,1.489089875470638,1.7074661922151357,1.795695087793135,1.8989250115770442,1.816758433298275,-0.21837631674449764,-0.30660521232249693,-0.4098351361064061,-0.3276685578276368,-0.08822889557799929,-0.19145881936190845,-0.10929224108313917,-0.10322992378390916,-0.021063345505139885,0.08216657827876928
MR,New_MR_050.wav,C:\Users\armga\OneDrive\Escritorio\TFG\Programacion objetivo\Bases de Datos\MR_New_3주기\New_MR_050.wav,afinidad_y_diferencias_errores,1.4387693941704698,1.5970213418455332,1.7044388003361604,1.790253779128805,1.7130036944789513,-0.15825194767506345,-0.26566940616569057,-0.3514843849583351,-0.2742343003084815,-0.10741745849062712,-0.19323243728327166,-0.11598235263341805,-0.08581497879264455,-0.008564894142790935,0.07725008464985361
MR,New_MR_051.wav,C:\Users\armga\OneDrive\Escritorio\TFG\Programacion objetivo\Bases de Datos\MR_New_3주기\New_MR_051.wav,afinidad_y_diferencias_errores,1.4540701858116283,1.6968675510828022,1.810758764190639,1.9178152351185065,1.8340372319970883,-0.2427973652711739,-0.3566885783790108,-0.4637450493068782,-0.37996704618546007,-0.1138912131078369,-0.2209476840357043,-0.13716968091428616,-0.10705647092786741,-0.023278467806449266,0.08377800312141814
MR,New_MR_052.wav,C:\Users\armga\OneDrive\Escritorio\TFG\Programacion objetivo\Bases de Datos\MR_New_3주기\New_MR_052.wav,afinidad_y_diferencias_errores,0.41347521502966295,1.6417574677668934,1.841036009951021,1.4407517199116187,1.1516464838683913,-1.2282822527372304,-1.427560794921358,-1.0272765048819557,-0.7381712688387283,-0.19927854218412766,0.2010057478552747,0.49011098389850205,0.40028429003940236,0.6893895260826297,0.28910523604322735
MR,New_MR_053.wav,C:\Users\armga\OneDrive\Escritorio\TFG\Programacion objetivo\Bases de Datos\MR_New_3주기\New_MR_053.wav,afinidad_y_diferencias_errores,0.49759041920638,1.8852642883228035,2.052414885632722,1.6926430567687,1.3152297520537983,-1.3876738691164234,-1.554824466426342,-1.19505263756232,-0.8176393328474183,-0.16715059730991855,0.19262123155410338,0.5700345362690051,0.3597718288640219,0.7371851335789237,0.37741330471490175
MR,New_MR_054.wav,C:\Users\armga\OneDrive\Escritorio\TFG\Programacion objetivo\Bases de Datos\MR_New_3주기\New_MR_054.wav,afinidad_y_diferencias_errores,0.4905117924162257,1.9642957420855305,2.1007366625975177,1.6885419433897968,1.3600678248637048,-1.4737839496693048,-1.610224870181292,-1.1980301509735711,-0.8695560324474791,-0.1364409205119872,0.2757537986957337,0.6042279172218257,0.4121947192077209,0.7406688377338129,0.328474118526092
MR,New_MR_055.wav,C:\Users\armga\OneDrive\Escritorio\TFG\Programacion objetivo\Bases de Datos\MR_New_3주기\New_MR_055.wav,afinidad_y_diferencias_errores,0.5771722915295995,1.8466479842116037,1.907049660046509,1.5343802169036345,1.3501277527932667,-1.269475692682004,-1.3298773685169096,-0.957207925374035,-0.7729554612636672,-0.0604016758349053,0.31226776730796924,0.496520231418337,0.37266944314287453,0.5569219072532423,0.18425246411036778
MR,New_MR_056.wav,C:\Users\armga\OneDrive\Escritorio\TFG\Programacion objetivo\Bases de Datos\MR_New_3주기\New_MR_056.wav,afinidad_y_diferencias_errores,0.5532006597289472,1.8491261033343014,1.8659737988112541,1.5357719363928772,1.3588795190697698,-1.2959254436053542,-1.312773139082307,-0.9825712766639301,-0.8056788593408226,-0.01684769547695275,0.31335416694142415,0.4902465842645316,0.3302018624183769,0.5070942797414844,0.17689241732310745
MR,New_MR_057.wav,C:\Users\armga\OneDrive\Escritorio\TFG\Programacion objetivo\Bases de Datos\MR_New_3주기\New_MR_057.wav,afinidad_y_diferencias_errores,0.42642600646320494,1.8029918327711607,1.8821889084450696,1.5977844396855,1.2293030356275223,-1.3765658263079557,-1.4557629019818648,-1.171358433222295,-0.8028770291643174,-0.07919707567390888,0.2052073930856606,0.5736887971436384,0.2844044687595695,0.6528858728175473,0.3684814040579778
MR,New_MR_058.wav,C:\Users\armga\OneDrive\Escritorio\TFG\Programacion objetivo\Bases de Datos\MR_New_3주기\New_MR_058.wav,afinidad_y_diferencias_errores,0.4436263975012011,1.8123380342902304,1.9957617081838128,1.5907582805113907,1.2410729529881803,-1.3687116367890293,-1.5521353106826117,-1.1471318830101895,-0.7974465554869792,-0.18342367389358238,0.22157975377883976,0.5712650813020501,0.40500342767242214,0.7546887551956325,0.34968532752321035
MR,New_MR_059.wav,C:\Users\armga\OneDrive\Escritorio\TFG\Programacion objetivo\Bases de Datos\MR_New_3주기\New_MR_059.wav,afinidad_y_diferencias_errores,0.4818814397801204,1.9006047403869495,2.0433054366421874,1.65284947833748,1.319709172611529,-1.4187233006068292,-1.5614239968620671,-1.1709680385573598,-0.8378277328314088,-0.14270069625523796,0.2477552620494694,0.5808955677754204,0.39045595830470736,0.7235962640306584,0.333140305725951
MR,New_MR_060.wav,C:\Users\armga\OneDrive\Escritorio\TFG\Programacion objetivo\Bases de Datos\MR_New_3주기\New_MR_060.wav,afinidad_y_diferencias_errores,0.48179588252456845,1.7139498631469878,1.8533971456553835,1.551674121893086,1.3109295039782936,-1.2321539806224193,-1.371601263130815,-1.0698782393685176,-0.829133621453725,-0.13944728250839566,0.16227574125390176,0.4030203591686943,0.3017230237622974,0.5424676416770899,0.2407446179147925
MR,New_MR_061.wav,C:\Users\armga\OneDrive\Escritorio\TFG\Programacion objetivo\Bases de Datos\MR_New_3주기\New_MR_061.wav,afinidad_y_diferencias_errores,0.553765435209434,1.930180284833883,2.042439967096084,1.6057042072521384,1.4215058463207713,-1.376414849624449,-1.4886745318866499,-1.0519387720427043,-0.8677404111113373,-0.11225968226220107,0.32447607758174457,0.5086744385131117,0.43673575984394564,0.6209341207753127,0.1841983609313671
MR,New_MR_062.wav,C:\Users\armga\OneDrive\Escritorio\TFG\Programacion objetivo\Bases de Datos\MR_New_3주기\New_MR_062.wav,afinidad_y_diferencias_errores,0.5619996080782902,1.853181255905505,1.968833084859946,1.5288228053151636,1.303615039922498,-1.291181647827215,-1.4068334767816557,-0.9668231972368734,-0.7416154318442078,-0.11565182895444104,0.3243584505903414,0.549566215983007,0.44001027954478245,0.6652180449374481,0.22520776539266563
MR,New_MR_063.wav,C:\Users\armga\OneDrive\Escritorio\TFG\Programacion objetivo\Bases de Datos\MR_New_3주기\New_MR_063.wav,afinidad_y_diferencias_errores,0.4478464020915014,1.814307966108135,2.03066874987338,1.660311472368385,1.252155758991726,-1.3664615640166335,-1.5828223477818788,-1.2124650702768835,-0.8043093569002246,-0.21636078376524526,0.15399649373975,0.5621522071164089,0.37035727750499525,0.7785129908816542,0.4081557133766589
MR,New_MR_064.wav,C:\Users\armga\OneDrive\Escritorio\TFG\Programacion objetivo\Bases de Datos\MR_New_3주기\New_MR_064.wav,afinidad_y_diferencias_errores,0.4312130257845426,1.873169988424224,1.9565954661258378,1.5874293931122248,1.2357073432354395,-1.4419569626396815,-1.5253824403412952,-1.1562163673276822,-0.804494317450897,-0.08342547770161368,0.28574059531199936,0.6374626451887846,0.36916607301361304,0.7208881228903983,0.35172204987678524
MR,New_MR_065.wav,C:\Users\armga\OneDrive\Escritorio\TFG\Programacion objetivo\Bases de Datos\MR_New_3주기\New_MR_065.wav,afinidad_y_diferencias_errores,0.4875759722962523,1.8893559463747869,2.009923194672044,1.5828037369233363,1.3120487150620377,-1.4017799740785346,-1.5223472223757917,-1.095227764627084,-0.8244727427657854,-0.12056724829725707,0.30655220945145056,0.5773072313127492,0.42711945774870763,0.6978744796100063,0.27075502186129863
MR,New_MR_066.wav,C:\Users\armga\OneDrive\Escritorio\TFG\Programacion objetivo\Bases de Datos\MR_New_3주기\New_MR_066.wav,afinidad_y_diferencias_errores,0.5058017805703727,2.020984858584093,2.1511517778193756,1.7659761399048344,1.3941699970653054,-1.5151830780137203,-1.6453499972490029,-1.2601743593344616,-0.8883682164949327,-0.13016691923528256,0.2550087186792587,0.6268148615187876,0.38517563791454124,0.7569817807540702,0.37180614283952895
MR,New_MR_067.wav,C:\Users\armga\OneDrive\Escritorio\TFG\Programacion objetivo\Bases de Datos\MR_New_3주기\New_MR_067.wav,afinidad_y_diferencias_errores,0.5765599792591064,1.84022227902173,1.9020324441084362,1.5602519612817847,1.3777599576192503,-1.2636622997626237,-1.3254724648493297,-0.9836919820226783,-0.8011999783601439,-0.061810165086706226,0.2799703177399453,0.46246232140247967,0.3417804828266515,0.5242724864891859,0.18249200366253437
MR,New_MR_068.wav,C:\Users\armga\OneDrive\Escritorio\TFG\Programacion objetivo\Bases de Datos\MR_New_3주기\New_MR_068.wav,afinidad_y_diferencias_errores,0.5571289450335983,1.8509757464286185,1.9160316095140018,1.5605439019064349,1.4125159538519192,-1.2938468013950202,-1.3589026644804034,-1.0034149568728365,-0.8553870088183209,-0.06505586308538325,0.2904318445221836,0.4384597925766993,0.35548770760756687,0.5035156556620826,0.1480279480545157
MR,New_MR_069.wav,C:\Users\armga\OneDrive\Escritorio\TFG\Programacion objetivo\Bases de Datos\MR_New_3주기\New_MR_069.wav,afinidad_y_diferencias_errores,0.4212538625609938,1.890360114025776,1.893562871587677,1.5260637899963196,1.1736939555532495,-1.4691062514647821,-1.4723090090266833,-1.1048099274353258,-0.7524400929922557,-0.0032027575619011373,0.36429632402945633,0.7166661584725265,0.36749908159135747,0.7198689160344276,0.35236983444307013
MR,New_MR_070.wav,C:\Users\armga\OneDrive\Escritorio\TFG\Programacion objetivo\Bases de Datos\MR_New_3주기\New_MR_070.wav,afinidad_y_diferencias_errores,0.43631437205796264,1.6905793122596744,1.8971368516000267,1.4591993850375176,1.2054256748319856,-1.2542649402017116,-1.4608224795420641,-1.0228850129795548,-0.769111302774023,-0.20655753934035226,0.23137992722215683,0.4851536374276888,0.4379374665625091,0.6917111767680411,0.25377371020553197
MR,New_MR_071.wav,C:\Users\armga\OneDrive\Escritorio\TFG\Programacion objetivo\Bases de Datos\MR_New_3주기\New_MR_071.wav,afinidad_y_diferencias_errores,0.5341286718142039,1.6455123395337015,1.831619428968415,1.5549654164960849,1.3219589259969606,-1.1113836677194975,-1.2974907571542111,-1.0208367446818811,-0.7878302541827568,-0.18610708943471344,0.09054692303761658,0.32355341353674083,0.27665401247233,0.5096605029714543,0.23300649049912425
MR,New_MR_072.wav,C:\Users\armga\OneDrive\Escritorio\TFG\Programacion objetivo\Bases de Datos\MR_New_3주기\New_MR_072.wav,afinidad_y_diferencias_errores,0.49405132698762627,1.9217169511498045,2.0187946971255375,1.611761036957871,1.2862829775163598,-1.4276656241621781,-1.5247433701379112,-1.1177097099702447,-0.7922316505287335,-0.09707774597573304,0.30995591419193347,0.6354339736334447,0.4070336601676665,0.7325117196091777,0.3254780594415112
MR,New_MR_073.wav,C:\Users\armga\OneDrive\Escritorio\TFG\Programacion objetivo\Bases de Datos\MR_New_3주기\New_MR_073.wav,afinidad_y_diferencias_errores,0.5789474879323067,1.9880851223867997,2.1129370650504495,1.6684536024149974,1.4025494312448004,-1.409137634454493,-1.5339895771181429,-1.0895061144826907,-0.8236019433124937,-0.12485194266364985,0.3196315199718023,0.5855356911419993,0.44448346263545213,0.7103876338056492,0.26590417117019705
MR,New_MR_074.wav,C:\Users\armga\OneDrive\Escritorio\TFG\Programacion objetivo\Bases de Datos\MR_New_3주기\New_MR_074.wav,afinidad_y_diferencias_errores,0.5696938064177373,1.8436632661954704,1.8800931800172,1.5512584912467997,1.357524313642433,-1.2739694597777331,-1.3103993735994628,-0.9815646848290625,-0.7878305072246958,-0.036429913821729665,0.2924047749486707,0.4861389525530373,0.32883468877040034,0.522568866374767,0.19373417760436662
MR,New_MR_075.wav,C:\Users\armga\OneDrive\Escritorio\TFG\Programacion objetivo\Bases de Datos\MR_New_3주기\New_MR_075.wav,afinidad_y_diferencias_errores,0.5097325128864477,1.8301154636638413,1.9738292227955356,1.5574542711762438,1.3283985072333566,-1.3203829507773936,-1.464096709909088,-1.047721758289796,-0.8186659943469089,-0.14371375913169437,0.27266119248759746,0.5017169564304846,0.41637495161929183,0.645430715562179,0.22905576394288718
MR,New_MR_076.wav,C:\Users\armga\OneDrive\Escritorio\TFG\Programacion objetivo\Bases de Datos\MR_New_3주기\New_MR_076.wav,afinidad_y_diferencias_errores,0.46375625788114566,1.7350104338212382,1.9139269669470806,1.5271416583968767,1.2840822583669917,-1.2712541759400926,-1.450170709065935,-1.063385400515731,-0.8203260004858461,-0.17891653312584244,0.20786877542436155,0.45092817545424646,0.386785308550204,0.6298447085800889,0.2430594000298849
MR,New_MR_077.wav,C:\Users\armga\OneDrive\Escritorio\TFG\Programacion objetivo\Bases de Datos\MR_New_3주기\New_MR_077.wav,afinidad_y_diferencias_errores,0.4984292225012407,1.781375308162582,2.0096732800317767,1.628533553999385,1.3733945192133972,-1.2829460856613413,-1.511244057530536,-1.1301043314981443,-0.8749652967121564,-0.22829797186919465,0.152841754163197,0.4079807889491849,0.38113972603239166,0.6362787608183795,0.2551390347859879
MR,New_MR_078.wav,C:\Users\armga\OneDrive\Escritorio\TFG\Programacion objetivo\Bases de Datos\MR_New_3주기\New_MR_078.wav,afinidad_y_diferencias_errores,0.4950577479123437,1.912723533144655,2.0172333435915455,1.5854652777843052,1.3088556359035852,-1.4176657852323113,-1.5221755956792018,-1.0904075298719615,-0.8137978879912415,-0.10450981044689045,0.3272582553603498,0.6038678972410698,0.43176806580724025,0.7083777076879603,0.27660964188072
MR,New_MR_079.wav,C:\Users\armga\OneDrive\Escritorio\TFG\Programacion objetivo\Bases de Datos\MR_New_3주기\New_MR_079.wav,afinidad_y_diferencias_errores,0.5484722349156536,1.9387580485074587,2.0200747369365137,1.601582831773357,1.4275247060436127,-1.390285813591805,-1.4716025020208603,-1.0531105968577035,-0.8790524711279591,-0.08131668842905504,0.3371752167341018,0.511233342463846,0.4184919051631568,0.592550030892901,0.17405812572974422
MR,New_MR_080.wav,C:\Users\armga\OneDrive\Escritorio\TFG\Programacion objetivo\Bases de Datos\MR_New_3주기\New_MR_080.wav,afinidad_y_diferencias_errores,1.5897464549747764,2.3159621812826123,2.001572369856226,2.4494780727669134,2.5329918805024527,-0.7262157263078359,-0.4118259148814496,-0.859731617792137,-0.9432454255276763,0.31438981142638633,-0.1335158914843011,-0.2170296992198404,-0.44790570291068743,-0.5314195106462267,-0.08351380773553929
MR,New_MR_081.wav,C:\Users\armga\OneDrive\Escritorio\TFG\Programacion objetivo\Bases de Datos\MR_New_3주기\New_MR_081.wav,afinidad_y_diferencias_errores,1.564680063449199,2.2799177611178485,1.9639248432829461,2.4293555938302878,2.5269116484100733,-0.7152376976686494,-0.39924477983374707,-0.8646755303810887,-0.9622315849608742,0.31599291783490235,-0.14943783271243927,-0.24699388729222482,-0.4654307505473416,-0.5629868051271272,-0.09755605457978556
MR,New_MR_082.wav,C:\Users\armga\OneDrive\Escritorio\TFG\Programacion objetivo\Bases de Datos\MR_New_3주기\New_MR_082.wav,afinidad_y_diferencias_errores,1.0345406112868234,1.8250609517109788,1.7340229383219286,1.1341129875164877,1.455542857435466,-0.7905203404241554,-0.6994823270351052,-0.0995723762296643,-0.4210022461486427,0.09103801338905027,0.6909479641944911,0.36951809427551274,0.5999099508054409,0.2784800808864625,-0.3214298699189784
MR,New_MR_083.wav,C:\Users\armga\OneDrive\Escritorio\TFG\Programacion objetivo\Bases de Datos\MR_New_3주기\New_MR_083.wav,afinidad_y_diferencias_errores,1.0695290101210182,1.8571689311423045,1.7390944534435255,1.1632714718270583,1.5062691885948483,-0.7876399210212863,-0.6695654433225073,-0.09374246170604006,-0.43674017847383007,0.11807447769877899,0.6938974593152463,0.35089974254745626,0.5758229816164673,0.23282526484867727,-0.34299771676779
MR,New_MR_084.wav,C:\Users\armga\OneDrive\Escritorio\TFG\Programacion objetivo\Bases de Datos\MR_New_3주기\New_MR_084.wav,afinidad_y_diferencias_errores,1.0508734448587456,1.8555893649686435,1.7299954355302143,1.1459623015760814,1.46868033483148,-0.8047159201098979,-0.6791219906714687,-0.0950888567173358,-0.4178068899727345,0.12559392943842917,0.7096270633925621,0.3869090301371634,0.5840331339541329,0.2613151006987342,-0.3227180332553987
MR,New_MR_085.wav,C:\Users\armga\OneDrive\Escritorio\TFG\Programacion objetivo\Bases de Datos\MR_New_3주기\New_MR_085.wav,afinidad_y_diferencias_errores,1.136836571573493,1.9295224292613544,1.796091568807369,1.234955785610008,1.576544743581956,-0.7926858576878615,-0.6592549972338761,-0.09811921403651502,-0.439708172008463,0.13343086045398533,0.6945666436513465,0.35297768567939847,0.5611357831973611,0.21954682522541313,-0.341588957971948
MR,New_MR_086.wav,C:\Users\armga\OneDrive\Escritorio\TFG\Programacion objetivo\Bases de Datos\MR_New_3주기\New_MR_086.wav,afinidad_y_diferencias_errores,1.1044272755804565,1.87399574519442,1.7139316927343407,1.203444320970428,1.5458228521020116,-0.7695684696139635,-0.6095044171538841,-0.09901704538997147,-0.44139557652155514,0.16006405246007938,0.670551424223992,0.3281728930924084,0.5104873717639127,0.168108840632329,-0.3423785311315837
MR,New_MR_087.wav,C:\Users\armga\OneDrive\Escritorio\TFG\Programacion objetivo\Bases de Datos\MR_New_3주기\New_MR_087.wav,afinidad_y_diferencias_errores,1.1085380875536268,1.874662288421125,1.7510019560626462,1.209445395330701,1.5343789196616608,-0.7661242008674982,-0.6424638685090194,-0.10090730777707413,-0.42584083210803403,0.12366033235847884,0.6652168930904241,0.3402833687594642,0.5415565607319452,0.21662303640098535,-0.3249335243309599
MR,New_MR_088.wav,C:\Users\armga\OneDrive\Escritorio\TFG\Programacion objetivo\Bases de Datos\MR_New_3주기\New_MR_088.wav,afinidad_y_diferencias_errores,0.9410866142689049,1.5973494647041193,1.7056738948791514,1.501226097604146,1.4571799283145692,-0.6562628504352144,-0.7645872806102465,-0.5601394833352411,-0.5160933140456643,-0.10832443017503213,0.09612336709997327,0.1401695363895501,0.2044477972750054,0.24849396656458222,0.04404616928957683
MR,New_MR_089.wav,C:\Users\armga\OneDrive\Escritorio\TFG\Programacion objetivo\Bases de Datos\MR_New_3주기\New_MR_089.wav,afinidad_y_diferencias_errores,1.0034184322672368,1.6292940472554918,1.7698625287033234,1.5689482437653341,1.5286380497245182,-0.625875614988255,-0.7664440964360866,-0.5655298114980973,-0.5252196174572814,-0.14056848144783163,0.06034580349015761,0.10065599753097354,0.20091428493798924,0.24122447897880517,0.04031019404081593
MR,New_MR_090.wav,C:\Users\armga\OneDrive\Escritorio\TFG\Programacion objetivo\Bases de Datos\MR_New_3주기\New_MR_090.wav,afinidad_y_diferencias_errores,0.9704980936770348,1.6492903772476295,1.771531187872218,1.5363739584331344,1.5048831284097135,-0.6787922835705947,-0.8010330941951832,-0.5658758647560996,-0.5343850347326787,-0.12224081062458847,0.1129164188144951,0.144407248837916,0.23515722943908357,0.26664805946250447,0.0314908300234209
MR,New_MR_091.wav,C:\Users\armga\OneDrive\Escritorio\TFG\Programacion objetivo\Bases de Datos\MR_New_3주기\New_MR_091.wav,afinidad_y_diferencias_errores,0.9797665215901996,1.660201923215093,1.7910196810277796,1.5455802555641969,1.5080846833849617,-0.6804354016248935,-0.81125315943758,-0.5658137339739973,-0.5283181617947621,-0.13081775781268656,0.11462166765089621,0.15211723983013137,0.24543942546358277,0.28293499764281793,0.03749557217923516
MR,New_MR_092.wav,C:\Users\armga\OneDrive\Escritorio\TFG\Programacion objetivo\Bases de Datos\MR_New_3주기\New_MR_092.wav,afinidad_y_diferencias_errores,0.9840152511240662,1.6475847173949898,1.7730251271589923,1.5682400644399939,1.508997769941654,-0.6635694662709236,-0.7890098760349261,-0.5842248133159277,-0.5249825188175877,-0.1254404097640025,0.07934465295499593,0.13858694745333588,0.20478506271899843,0.2640273572173384,0.059242294498339954
MR,New_MR_093.wav,C:\Users\armga\OneDrive\Escritorio\TFG\Programacion objetivo\Bases de Datos\MR_New_3주기\New_MR_093.wav,afinidad_y_diferencias_errores,0.9731352056583733,1.6439752411097184,1.6994158629230975,1.502482231226235,1.4606966528608853,-0.6708400354513451,-0.7262806572647242,-0.5293470255678616,-0.48756144720251204,-0.055440621813379165,0.14149300988348346,0.18327858824883303,0.19693363169686262,0.2387192100622122,0.041785578365349574
MR,New_MR_094.wav,C:\Users\armga\OneDrive\Escritorio\TFG\Programacion objetivo\Bases de Datos\MR_New_3주기\New_MR_094.wav,afinidad_y_diferencias_errores,0.9847678572799151,1.5965156854777642,1.7637628355961075,1.5585576078668888,1.4777705860305623,-0.6117478281978491,-0.7789949783161924,-0.5737897505869737,-0.4930027287506472,-0.16724715011834324,0.03795807761087544,0.11874509944720191,0.20520522772921868,0.28599224956554514,0.08078702183632647
MR,New_MR_095.wav,C:\Users\armga\OneDrive\Escritorio\TFG\Programacion objetivo\Bases de Datos\MR_New_3주기\New_MR_095.wav,afinidad_y_diferencias_errores,0.9843108217438227,1.58601427672543,1.741673969642591,1.552064090511208,1.4933807914441184,-0.6017034549816073,-0.7573631478987682,-0.5677532687673853,-0.5090699697002957,-0.15565969291716097,0.03395018621422197,0.09263348528131155,0.18960987913138294,0.24829317819847252,0.05868329906708958
MR,New_MR_096.wav,C:\Users\armga\OneDrive\Escritorio\TFG\Programacion objetivo\Bases de Datos\MR_New_3주기\New_MR_096.wav,afinidad_y_diferencias_errores,0.9560614960194093,1.5189337726479866,1.7043459204086162,1.5073193046415012,1.433863969635317,-0.5628722766285773,-0.748284424389207,-0.551257808622092,-0.4778024736159078,-0.18541214776062964,0.011614468006485357,0.08506980301266953,0.197026615767115,0.2704819507732992,0.07345533500618417
MR,New_MR_097.wav,C:\Users\armga\OneDrive\Escritorio\TFG\Programacion objetivo\Bases de Datos\MR_New_3주기\New_MR_097.wav,afinidad_y_diferencias_errores,0.9878580194680499,1.631194273341208,1.7595884486592903,1.556341556996513,1.5128480278893188,-0.6433362538731581,-0.7717304291912405,-0.5684835375284633,-0.524990008421269,-0.1283941753180824,0.07485271634469481,0.1183462454518891,0.2032468916627772,0.2467404207699715,0.043493529107194284
MR,New_MR_098.wav,C:\Users\armga\OneDrive\Escritorio\TFG\Programacion objetivo\Bases de Datos\MR_New_3주기\New_MR_098.wav,afinidad_y_diferencias_errores,0.9707706756908444,1.6120661344763194,1.7540713945928856,1.5499763460751912,1.4960195530034048,-0.641295458785475,-0.7833007189020412,-0.5792056703843468,-0.5252488773125604,-0.14200526011656622,0.06208978840112822,0.11604658147291458,0.20409504851769444,0.2580518415894808,0.05395679307178636
MR,New_MR_099.wav,C:\Users\armga\OneDrive\Escritorio\TFG\Programacion objetivo\Bases de Datos\MR_New_3주기\New_MR_099.wav,afinidad_y_diferencias_errores,0.9732389387067496,1.6413867554045836,1.7772761896507516,1.5572308759911488,1.489486945123476,-0.668147816697834,-0.804037250944002,-0.5839919372843992,-0.5162480064167264,-0.13588943424616806,0.08415587941343472,0.15189981028110755,0.22004531365960278,0.2877892445272756,0.06774393086767283
MR,New_MR_100.wav,C:\Users\armga\OneDrive\Escritorio\TFG\Programacion objetivo\Bases de Datos\MR_New_3주기\New_MR_100.wav,afinidad_y_diferencias_errores,0.9629712981154914,1.6394151565783663,1.7406591765782455,1.5124348212584846,1.490373312001825,-0.6764438584628749,-0.7776878784627541,-0.5494635231429932,-0.5274020138863336,-0.1012440199998792,0.12698033531988173,0.14904184457654135,0.22822435531976093,0.25028586457642055,0.022061509256659617
MR,New_MR_101.wav,C:\Users\armga\OneDrive\Escritorio\TFG\Programacion objetivo\Bases de Datos\MR_New_3주기\New_MR_101.wav,afinidad_y_diferencias_errores,0.9532335256737624,1.529078904644025,1.7195299128674117,1.4876487822586613,1.4263915782095316,-0.5758453789702626,-0.7662963871936493,-0.5344152565848989,-0.47315805253576915,-0.1904510082233868,0.0414301223853637,0.10268732643449341,0.23188113060875049,0.2931383346578802,0.06125720404912971
MR,New_MR_102.wav,C:\Users\armga\OneDrive\Escritorio\TFG\Programacion objetivo\Bases de Datos\MR_New_3주기\New_MR_102.wav,afinidad_y_diferencias_errores,0.4427104574377451,1.819402612976485,1.8909193277127163,1.543779463557941,1.191311873697583,-1.37669215553874,-1.4482088702749711,-1.1010690061201958,-0.7486014162598378,-0.07151671473623122,0.27562314941854416,0.6280907392789021,0.3471398641547754,0.6996074540151334,0.352467589860358
MR,New_MR_103.wav,C:\Users\armga\OneDrive\Escritorio\TFG\Programacion objetivo\Bases de Datos\MR_New_3주기\New_MR_103.wav,afinidad_y_diferencias_errores,0.5062381544949708,1.8879047059069447,1.9530544467973294,1.5111123161210058,1.3024819651883102,-1.381666551411974,-1.4468162923023586,-1.004874161626035,-0.7962438106933394,-0.06514974089038472,0.3767923897859389,0.5854227407186345,0.4419421306763236,0.6505724816090193,0.20863035093269566
MR,New_MR_104.wav,C:\Users\armga\OneDrive\Escritorio\TFG\Programacion objetivo\Bases de Datos\MR_New_3주기\New_MR_104.wav,afinidad_y_diferencias_errores,0.496866928114186,1.7496937508086516,1.8995926362155988,1.5135662376302532,1.2925161327533834,-1.2528268226944657,-1.4027257081014128,-1.0166993095160672,-0.7956492046391974,-0.14989888540694718,0.23612751317839842,0.45717761805526824,0.3860263985853456,0.6070765034622154,0.22105010487686982
MR,New_MR_105.wav,C:\Users\armga\OneDrive\Escritorio\TFG\Programacion objetivo\Bases de Datos\MR_New_3주기\New_MR_105.wav,afinidad_y_diferencias_errores,0.5810687988871314,1.826443028414133,1.9100653776526815,1.5223212865416362,1.3520963633300611,-1.2453742295270018,-1.3289965787655502,-0.9412524876545049,-0.7710275644429297,-0.08362234923854839,0.30412174187249685,0.474346665084072,0.38774409111104524,0.5579690143226204,0.17022492321157512
MR,New_MR_106.wav,C:\Users\armga\OneDrive\Escritorio\TFG\Programacion objetivo\Bases de Datos\MR_New_3주기\New_MR_106.wav,afinidad_y_diferencias_errores,0.5742515106633904,1.864909563477107,1.8678899674583176,1.578839842640702,1.3676271128788855,-1.2906580528137166,-1.2936384567949273,-1.0045883319773115,-0.7933756022154951,-0.0029804039812106886,0.2860697208364049,0.4972824505982214,0.2890501248176156,0.5002628545794321,0.2112127297618165
MR,New_MR_107.wav,C:\Users\armga\OneDrive\Escritorio\TFG\Programacion objetivo\Bases de Datos\MR_New_3주기\New_MR_107.wav,afinidad_y_diferencias_errores,0.42213152465293113,1.7351667112363287,1.8761491899900646,1.5086022283753995,1.1730963069598126,-1.3130351865833976,-1.4540176653371335,-1.0864707037224683,-0.7509647823068815,-0.14098247875373593,0.22656448286092923,0.5620704042765161,0.36754696161466516,0.703052883030252,0.3355059214155869
MR,New_MR_108.wav,C:\Users\armga\OneDrive\Escritorio\TFG\Programacion objetivo\Bases de Datos\MR_New_3주기\New_MR_108.wav,afinidad_y_diferencias_errores,0.43368301481963334,1.825479283677857,1.8558131449503312,1.5082124181686491,1.1814628197706512,-1.3917962688582237,-1.422130130130698,-1.0745294033490158,-0.7477798049510178,-0.030333861272474172,0.3172668655092079,0.6440164639072059,0.3476007267816821,0.6743503251796801,0.326749598397998
MR,New_MR_109.wav,C:\Users\armga\OneDrive\Escritorio\TFG\Programacion objetivo\Bases de Datos\MR_New_3주기\New_MR_109.wav,afinidad_y_diferencias_errores,0.4879683569452058,1.914673219312996,1.9981005549539477,1.5969814757739287,1.3259999636911843,-1.4267048623677903,-1.5101321980087419,-1.1090131188287229,-0.8380316067459785,-0.08342733564095162,0.3176917435390674,0.5886732556218117,0.401119079180019,0.6721005912627633,0.27098151208274435
MR,New_MR_110.wav,C:\Users\armga\OneDrive\Escritorio\TFG\Programacion objetivo\Bases de Datos\MR_New_3주기\New_MR_110.wav,afinidad_y_diferencias_errores,0.47120611517575994,1.7649055827525302,1.969475378877466,1.5103691077956036,1.2653926364006138,-1.2936994675767703,-1.4982692637017059,-1.0391629926198438,-0.7941865212248539,-0.20456979612493575,0.25453647495692655,0.49951294635191634,0.4591062710818623,0.7040827424768521,0.2449764713949898
MR,New_MR_111.wav,C:\Users\armga\OneDrive\Escritorio\TFG\Programacion objetivo\Bases de Datos\MR_New_3주기\New_MR_111.wav,afinidad_y_diferencias_errores,0.5632879500964388,1.9899462340180258,2.0831613780766123,1.6666437409412416,1.3998620622467264,-1.426658283921587,-1.5198734279801736,-1.1033557908448026,-0.8365741121502875,-0.09321514405858644,0.32330249307678427,0.5900841717712995,0.4165176371353707,0.6832993158298859,0.2667816786945152
MR,New_MR_112.wav,C:\Users\armga\OneDrive\Escritorio\TFG\Programacion objetivo\Bases de Datos\MR_New_3주기\New_MR_112.wav,afinidad_y_diferencias_errores,0.6062410431024825,1.898361335321465,2.0127063658109905,1.5683424479369055,1.359184137959994,-1.2921202922189825,-1.406465322708508,-0.962101404834423,-0.7529430948575115,-0.11434503048952549,0.33001888738455953,0.539177197361471,0.444363917874085,0.6535222278509965,0.20915830997691143
MR,New_MR_113.wav,C:\Users\armga\OneDrive\Escritorio\TFG\Programacion objetivo\Bases de Datos\MR_New_3주기\New_MR_113.wav,afinidad_y_diferencias_errores,0.39729274281981036,1.7942723704032064,1.8991845197586403,1.4877317283038325,1.1879386060611221,-1.396979627583396,-1.50189177693883,-1.0904389854840222,-0.7906458632413118,-0.10491214935543391,0.30654064209937393,0.6063337643420843,0.41145279145480784,0.7112459136975182,0.2997931222427104
MR,New_MR_114.wav,C:\Users\armga\OneDrive\Escritorio\TFG\Programacion objetivo\Bases de Datos\MR_New_3주기\New_MR_114.wav,afinidad_y_diferencias_errores,0.4417091459069488,1.7956817710512307,1.9131442236076346,1.533702511892673,1.2735802372290947,-1.3539726251442818,-1.4714350777006857,-1.0919933659857242,-0.8318710913221459,-0.11746245255640386,0.2619792591585577,0.522101533822136,0.37944171171496155,0.6395639863785398,0.2601222746635783
MR,New_MR_115.wav,C:\Users\armga\OneDrive\Escritorio\TFG\Programacion objetivo\Bases de Datos\MR_New_3주기\New_MR_115.wav,afinidad_y_diferencias_errores,0.4920878290500455,1.8989350486622127,2.054717275767593,1.5982416030381363,1.3198788966543056,-1.4068472196121673,-1.5626294467175474,-1.106153773988091,-0.8277910676042601,-0.15578222710538014,0.3006934456240764,0.5790561520079072,0.45647567272945655,0.7348383791132873,0.27836270638383076
MR,New_MR_116.wav,C:\Users\armga\OneDrive\Escritorio\TFG\Programacion objetivo\Bases de Datos\MR_New_3주기\New_MR_116.wav,afinidad_y_diferencias_errores,0.483729920837948,1.8117951219607178,1.9936022542894367,1.642650397693602,1.3103047059001525,-1.3280652011227698,-1.5098723334514887,-1.158920476855654,-0.8265747850622045,-0.18180713232871892,0.1691447242671158,0.5014904160605653,0.3509518565958347,0.6832975483892842,0.3323456917934495
MR,New_MR_117.wav,C:\Users\armga\OneDrive\Escritorio\TFG\Programacion objetivo\Bases de Datos\MR_New_3주기\New_MR_117.wav,afinidad_y_diferencias_errores,0.526639371066634,1.8297658645288601,1.9186016346409225,1.5786248986917715,1.3340078361272174,-1.303126493462226,-1.3919622635742885,-1.0519855276251375,-0.8073684650605834,-0.08883577011206234,0.25114096583708867,0.49575802840164274,0.339976735949151,0.5845937985137051,0.24461706256455407
MR,New_MR_118.wav,C:\Users\armga\OneDrive\Escritorio\TFG\Programacion objetivo\Bases de Datos\MR_New_3주기\New_MR_118.wav,afinidad_y_diferencias_errores,0.5760362198152914,1.8919660935141713,1.9614118835030967,1.559494997329043,1.3448515883702172,-1.31592987369888,-1.3853756636878054,-0.9834587775137517,-0.7688153685549258,-0.06944578998892537,0.33247109618512827,0.5471145051439541,0.40191688617405363,0.6165602951328795,0.21464340895882583
MR,New_MR_119.wav,C:\Users\armga\OneDrive\Escritorio\TFG\Programacion objetivo\Bases de Datos\MR_New_3주기\New_MR_119.wav,afinidad_y_diferencias_errores,0.41183233133215286,1.7513178936547236,1.8218341468094426,1.5318429472537447,1.1650954903649677,-1.3394855623225708,-1.4100018154772898,-1.120010615921592,-0.7532631590328149,-0.07051625315471899,0.21947494640097887,0.5862224032897558,0.28999119955569785,0.6567386564444748,0.36674745688877697
MR,New_MR_120.wav,C:\Users\armga\OneDrive\Escritorio\TFG\Programacion objetivo\Bases de Datos\MR_New_3주기\New_MR_120.wav,afinidad_y_diferencias_errores,0.41350544582749243,1.7986815935529599,1.939328797463134,1.5058963244096653,1.2182373116015826,-1.3851761477254674,-1.5258233516356414,-1.0923908785821728,-0.8047318657740901,-0.14064720391017405,0.2927852691432946,0.5804442819513773,0.43343247305346866,0.7210914858615514,0.2876590128080827
MR,New_MR_121.wav,C:\Users\armga\OneDrive\Escritorio\TFG\Programacion objetivo\Bases de Datos\MR_New_3주기\New_MR_121.wav,afinidad_y_diferencias_errores,0.5107145017299397,1.7933132849985924,1.9612888121113659,1.5836494221208572,1.3303862152320267,-1.2825987832686527,-1.4505743103814261,-1.0729349203909175,-0.819671713502087,-0.16797552711277342,0.2096638628777352,0.4629270697665657,0.3776393899905086,0.6309025968793391,0.2532632068888305
MR,New_MR_122.wav,C:\Users\armga\OneDrive\Escritorio\TFG\Programacion objetivo\Bases de Datos\MR_New_3주기\New_MR_122.wav,afinidad_y_diferencias_errores,0.49613965741175425,1.9296799664184472,2.1397130449313932,1.735276946904637,1.3778105119406912,-1.433540309006693,-1.643573387519639,-1.2391372894928827,-0.8816708545289369,-0.21003307851294606,0.19440301951381023,0.551869454477756,0.4044360980267563,0.7619025329907021,0.3574664349639458
MR,New_MR_123.wav,C:\Users\armga\OneDrive\Escritorio\TFG\Programacion objetivo\Bases de Datos\MR_New_3주기\New_MR_123.wav,afinidad_y_diferencias_errores,0.5510573829155182,1.766621788422547,1.868243560238841,1.5186086684660942,1.2809219713994935,-1.215564405507029,-1.3171861773233227,-0.967551285550576,-0.7298645884839753,-0.10162177181629395,0.2480131199564528,0.48569981702305354,0.34963489177274676,0.5873215888393475,0.23768669706660073
MR,New_MR_124.wav,C:\Users\armga\OneDrive\Escritorio\TFG\Programacion objetivo\Bases de Datos\MR_New_3주기\New_MR_124.wav,afinidad_y_diferencias_errores,0.5792819624853174,1.9127753434735937,1.961127642074129,1.643294439050046,1.4258049706741678,-1.3334933809882763,-1.3818456795888117,-1.0640124765647285,-0.8465230081888504,-0.04835229860053536,0.2694809044235478,0.4869703727994259,0.31783320302408313,0.5353226713999613,0.21748946837587813
MR,New_MR_125.wav,C:\Users\armga\OneDrive\Escritorio\TFG\Programacion objetivo\Bases de Datos\MR_New_3주기\New_MR_125.wav,afinidad_y_diferencias_errores,0.4279287677537602,1.8187634993920048,1.9326869443141577,1.5527444237534398,1.2252661197797905,-1.3908347316382446,-1.5047581765603975,-1.1248156559996796,-0.7973373520260303,-0.1139234449221529,0.266019075638565,0.5934973796122143,0.37994252056071787,0.7074208245343672,0.3274783039736493
MR,New_MR_126.wav,C:\Users\armga\OneDrive\Escritorio\TFG\Programacion objetivo\Bases de Datos\MR_New_3주기\New_MR_126.wav,afinidad_y_diferencias_errores,0.4708659100937241,1.7887927244125434,1.9159508018457418,1.5781486654860422,1.2757546275210907,-1.3179268143188194,-1.4450848917520178,-1.1072827553923181,-0.8048887174273667,-0.1271580774331984,0.2106440589265013,0.5130380968914527,0.3378021363596997,0.6401961743246511,0.30239403796495146
MR,New_MR_127.wav,C:\Users\armga\OneDrive\Escritorio\TFG\Programacion objetivo\Bases de Datos\MR_New_3주기\New_MR_127.wav,afinidad_y_diferencias_errores,0.49437015355963976,2.0082912937581794,2.0918529196754054,1.6813524427635804,1.3608452677221465,-1.5139211401985397,-1.5974827661157658,-1.1869822892039408,-0.8664751141625068,-0.08356162591722605,0.32693885099459896,0.6474460260360329,0.410500476911825,0.7310076519532589,0.3205071750414339
MR,New_MR_128.wav,C:\Users\armga\OneDrive\Escritorio\TFG\Programacion objetivo\Bases de Datos\MR_New_3주기\New_MR_128.wav,afinidad_y_diferencias_errores,0.5191029142554549,1.690944467448538,1.8654773873372652,1.5153393592774458,1.3376243181175027,-1.1718415531930833,-1.3463744730818104,-0.9962364450219909,-0.8185214038620479,-0.1745329198887271,0.17560510817109232,0.3533201493310354,0.3501380280598194,0.5278530692197625,0.17771504115994308
MR,New_MR_129.wav,C:\Users\armga\OneDrive\Escritorio\TFG\Programacion objetivo\Bases de Datos\MR_New_3주기\New_MR_129.wav,afinidad_y_diferencias_errores,0.5659278093076356,1.8403001533354248,1.8993909733960892,1.5250907744034952,1.3139174722551497,-1.2743723440277892,-1.3334631640884536,-0.9591629650958595,-0.747989662947514,-0.05909082006066435,0.3152093789319297,0.5263826810802752,0.37430019899259404,0.5854735011409395,0.2111733021483455
MR,New_MR_130.wav,C:\Users\armga\OneDrive\Escritorio\TFG\Programacion objetivo\Bases de Datos\MR_New_3주기\New_MR_130.wav,afinidad_y_diferencias_errores,0.40663951510493673,1.8061361464445282,1.8638079322125876,1.5323204720285006,1.1950870655026617,-1.3994966313395916,-1.4571684171076509,-1.125680956923564,-0.7884475503977251,-0.057671785768059314,0.2738156744160276,0.6110490809418665,0.3314874601840869,0.6687208667099258,0.3372334065258389
MR,New_MR_131.wav,C:\Users\armga\OneDrive\Escritorio\TFG\Programacion objetivo\Bases de Datos\MR_New_3주기\New_MR_131.wav,afinidad_y_diferencias_errores,0.5034928819884446,1.758988893874479,1.9036410821402023,1.555168591360551,1.347914151759282,-1.2554960118860345,-1.4001482001517578,-1.0516757093721065,-0.8444212697708375,-0.14465218826572324,0.20382030251392802,0.411074742115197,0.34847249077965126,0.5557269303809202,0.207254439601269
MR,New_MR_132.wav,C:\Users\armga\OneDrive\Escritorio\TFG\Programacion objetivo\Bases de Datos\MR_New_3주기\New_MR_132.wav,afinidad_y_diferencias_errores,0.5195118015122391,1.743148828169209,1.8881909421620218,1.5200985477769717,1.288609337318571,-1.2236370266569698,-1.3686791406497827,-1.0005867462647327,-0.7690975358063319,-0.14504211399281286,0.22305028039223718,0.45453949085063794,0.36809239438505004,0.5995816048434508,0.23148921045840076
MR,New_MR_133.wav,C:\Users\armga\OneDrive\Escritorio\TFG\Programacion objetivo\Bases de Datos\MR_New_3주기\New_MR_133.wav,afinidad_y_diferencias_errores,0.5539206042799985,1.8554347624961518,1.8860670278463683,1.5333380738280666,1.3579965718355889,-1.3015141582161533,-1.3321464235663698,-0.9794174695480682,-0.8040759675555904,-0.03063226535021646,0.32209668866808516,0.49743819066056294,0.3527289540183016,0.5280704560107794,0.17534150199247778
MR,New_MR_134.wav,C:\Users\armga\OneDrive\Escritorio\TFG\Programacion objetivo\Bases de Datos\MR_New_3주기\New_MR_134.wav,afinidad_y_diferencias_errores,0.5823447124477834,1.975502920233185,2.057553036141036,1.619787693502828,1.3746882917557244,-1.3931582077854017,-1.4752083236932525,-1.0374429810550445,-0.792343579307941,-0.08205011590785083,0.35571522673035716,0.6008146284774607,0.437765342638208,0.6828647443853115,0.24509940174710354
MR,New_MR_135.wav,C:\Users\armga\OneDrive\Escritorio\TFG\Programacion objetivo\Bases de Datos\MR_New_3주기\New_MR_135.wav,afinidad_y_diferencias_errores,0.42112896339698286,1.7116580785908324,1.8790786265432906,1.5414423461280942,1.1956454229571163,-1.2905291151938496,-1.4579496631463078,-1.1203133827311114,-0.7745164595601335,-0.1674205479524582,0.17021573246273825,0.5160126556337161,0.33763628041519644,0.6834332035861743,0.3457969231709779
MR,New_MR_136.wav,C:\Users\armga\OneDrive\Escritorio\TFG\Programacion objetivo\Bases de Datos\MR_New_3주기\New_MR_136.wav,afinidad_y_diferencias_errores,0.46535057536135,1.79991967953989,1.8955734913167044,1.5707638822693617,1.2901297198065618,-1.33456910417854,-1.4302229159553543,-1.1054133069080117,-0.8247791444452117,-0.09565381177681442,0.22915579727052826,0.5097899597333282,0.3248096090473427,0.6054437715101426,0.28063416246279993
MR,New_MR_137.wav,C:\Users\armga\OneDrive\Escritorio\TFG\Programacion objetivo\Bases de Datos\MR_New_3주기\New_MR_137.wav,afinidad_y_diferencias_errores,0.4925197858971182,1.8924807431770796,2.026512530797633,1.5990785139657553,1.295821626951388,-1.3999609572799614,-1.5339927449005146,-1.106558728068637,-0.8033018410542698,-0.13403178762055323,0.2934022292113243,0.5966591162256916,0.42743401683187754,0.7306909038462448,0.30325688701436726
MR,New_MR_138.wav,C:\Users\armga\OneDrive\Escritorio\TFG\Programacion objetivo\Bases de Datos\MR_New_3주기\New_MR_138.wav,afinidad_y_diferencias_errores,0.4772890034168839,1.6302474773203195,1.8281747818863592,1.4651330610233224,1.2524737345757155,-1.1529584739034355,-1.3508857784694752,-0.9878440576064385,-0.7751847311588316,-0.19792730456603969,0.16511441629699708,0.37777374274460396,0.36304172086303677,0.5757010473106436,0.21265932644760688
MR,New_MR_139.wav,C:\Users\armga\OneDrive\Escritorio\TFG\Programacion objetivo\Bases de Datos\MR_New_3주기\New_MR_139.wav,afinidad_y_diferencias_errores,0.5707883983722576,1.9318940277719845,1.990784243482485,1.5954415535806514,1.4210549187554269,-1.3611056293997268,-1.4199958451102273,-1.024653155208394,-0.8502665203831693,-0.05889021571050046,0.33645247419133306,0.5108391090165576,0.3953426899018335,0.5697293247270581,0.17438663482522454
MR,New_MR_140.wav,C:\Users\armga\OneDrive\Escritorio\TFG\Programacion objetivo\Bases de Datos\MR_New_3주기\New_MR_140.wav,afinidad_y_diferencias_errores,0.5841215689955996,1.9361946352715866,2.0341561400761763,1.6297393619571816,1.3852786212037198,-1.352073066275987,-1.4500345710805767,-1.045617792961582,-0.8011570522081202,-0.09796150480458965,0.30645527331440503,0.5509160140678668,0.4044167781189947,0.6488775188724565,0.2444607407534618
MR,New_MR_141.wav,C:\Users\armga\OneDrive\Escritorio\TFG\Programacion objetivo\Bases de Datos\MR_New_3주기\New_MR_141.wav,afinidad_y_diferencias_errores,0.4700213572729936,1.828305013227487,2.0012651484254245,1.6135236433911733,1.2622733057123767,-1.3582836559544933,-1.5312437911524308,-1.1435022861181796,-0.7922519484393831,-0.17296013519793751,0.21478136983631368,0.5660317075151102,0.3877415050342512,0.7389918427130477,0.35125033767879654
MR,New_MR_142.wav,C:\Users\armga\OneDrive\Escritorio\TFG\Programacion objetivo\Bases de Datos\MR_New_3주기\New_MR_142.wav,afinidad_y_diferencias_errores,0.4620596994427981,1.827073438519203,1.8863734839758939,1.5681238888686224,1.2168402970016439,-1.3650137390764048,-1.4243137845330958,-1.1060641894258243,-0.7547805975588457,-0.059300045456690986,0.2589495496505805,0.610233141517559,0.31824959510727147,0.66953318697425,0.35128359186697855
MR,New_MR_143.wav,C:\Users\armga\OneDrive\Escritorio\TFG\Programacion objetivo\Bases de Datos\MR_New_3주기\New_MR_143.wav,afinidad_y_diferencias_errores,0.5129371366952767,1.8420738959011258,1.927461414613041,1.5284253132930559,1.2862768807393063,-1.329136759205849,-1.4145242779177645,-1.015488176597779,-0.7733397440440296,-0.0853875187119153,0.31364858260806994,0.5557970151618195,0.39903610131998524,0.6411845338737348,0.24214843255374952
MR,New_MR_144.wav,C:\Users\armga\OneDrive\Escritorio\TFG\Programacion objetivo\Bases de Datos\MR_New_3주기\New_MR_144.wav,afinidad_y_diferencias_errores,0.49420946857346854,1.990318905667585,2.157431755086074,1.7342690728002683,1.4142386507949969,-1.4961094370941164,-1.6632222865126054,-1.2400596042267997,-0.9200291822215283,-0.16711284941848903,0.25604983286731664,0.5760802548725881,0.42316268228580567,0.7431931042910771,0.32003042200527143
MR,New_MR_145.wav,C:\Users\armga\OneDrive\Escritorio\TFG\Programacion objetivo\Bases de Datos\MR_New_3주기\New_MR_145.wav,afinidad_y_diferencias_errores,0.5637173133728762,1.8150650410707208,1.8927512860607894,1.5549149194706233,1.3720339881874628,-1.2513477276978446,-1.3290339726879132,-0.9911976060977471,-0.8083166748145866,-0.0776862449900686,0.26015012160009743,0.44303105288325795,0.337836366590166,0.5207172978733265,0.18288093128316052
MR,New_MR_146.wav,C:\Users\armga\OneDrive\Escritorio\TFG\Programacion objetivo\Bases de Datos\MR_New_3주기\New_MR_146.wav,afinidad_y_diferencias_errores,0.5680839527490363,2.0009574387607443,2.116582113116624,1.6579700560177446,1.4111391913251239,-1.432873486011708,-1.5484981603675876,-1.0898861032687082,-0.8430552385760876,-0.11562467435587953,0.34298738274299967,0.5898182474356204,0.4586120570988792,0.7054429217914999,0.24683086469262072
MR,New_MR_147.wav,C:\Users\armga\OneDrive\Escritorio\TFG\Programacion objetivo\Bases de Datos\MR_New_3주기\New_MR_147.wav,afinidad_y_diferencias_errores,0.46961063117548424,1.708013067403125,1.8686145877145588,1.511620957148935,1.2573177032630662,-1.238402436227641,-1.3990039565390746,-1.0420103259734508,-0.7877070720875821,-0.1606015203114337,0.19639211025419012,0.45069536414005884,0.35699363056562383,0.6112968844514926,0.2543032538858687
MR,New_MR_148.wav,C:\Users\armga\OneDrive\Escritorio\TFG\Programacion objetivo\Bases de Datos\MR_New_3주기\New_MR_148.wav,afinidad_y_diferencias_errores,0.4048804495251553,1.8483869034846245,1.9114138289594231,1.51631473504775,1.1867425373274783,-1.4435064539594693,-1.506533379434268,-1.1114342855225947,-0.781862087802323,-0.0630269254747986,0.3320721684368746,0.6616443661571463,0.3950990939116732,0.7246712916319449,0.3295721977202717
MR,New_MR_149.wav,C:\Users\armga\OneDrive\Escritorio\TFG\Programacion objetivo\Bases de Datos\MR_New_3주기\New_MR_149.wav,afinidad_y_diferencias_errores,0.5121103194731453,1.8140860714864102,1.9744809830573185,1.534273676340463,1.3827666459191124,-1.3019757520132649,-1.4623706635841731,-1.0221633568673176,-0.870656326445967,-0.16039491157090824,0.27981239514594725,0.43131942556729785,0.4402073067168555,0.5917143371382061,0.1515070304213506
MR,New_MR_150.wav,C:\Users\armga\OneDrive\Escritorio\TFG\Programacion objetivo\Bases de Datos\MR_New_3주기\New_MR_150.wav,afinidad_y_diferencias_errores,0.4806102164406312,1.635584401067782,1.8519204244841974,1.5186112078267697,1.263427633058661,-1.1549741846271508,-1.3713102080435662,-1.0380009913861385,-0.7828174166180297,-0.21633602341641534,0.1169731932410123,0.3721567680091211,0.33330921665742763,0.5884927914255365,0.2551835747681088
MR,New_MR_151.wav,C:\Users\armga\OneDrive\Escritorio\TFG\Programacion objetivo\Bases de Datos\MR_New_3주기\New_MR_151.wav,afinidad_y_diferencias_errores,0.5729756972502283,1.9367012635964602,2.0606922482683774,1.5976229723699695,1.3534100524858683,-1.3637255663462318,-1.4877165510181491,-1.024647275119741,-0.78043435523564,-0.12399098467191716,0.3390782912264907,0.5832912111105919,0.46306927589840785,0.7072821957825091,0.2442129198841012
MR,New_MR_152.wav,C:\Users\armga\OneDrive\Escritorio\TFG\Programacion objetivo\Bases de Datos\MR_New_3주기\New_MR_152.wav,afinidad_y_diferencias_errores,0.592976310468273,1.9752775183941522,2.085071680767282,1.636737143627043,1.4212081067765285,-1.3823012079258792,-1.4920953702990092,-1.04376083315877,-0.8282317963082555,-0.10979416237313,0.3385403747671092,0.5540694116176237,0.4483345371402392,0.6638635739907537,0.2155290368505145
MR,New_MR_153.wav,C:\Users\armga\OneDrive\Escritorio\TFG\Programacion objetivo\Bases de Datos\MR_New_3주기\New_MR_153.wav,afinidad_y_diferencias_errores,0.4059909126283878,1.597020738483958,1.8401894655201712,1.5197523015723338,1.147251498678458,-1.1910298258555703,-1.4341985528917833,-1.113761388943946,-0.7412605860500703,-0.24316872703621306,0.07726843691162433,0.4497692398055,0.3204371639478374,0.692937966841713,0.37250080289387566
MR,New_MR_154.wav,C:\Users\armga\OneDrive\Escritorio\TFG\Programacion objetivo\Bases de Datos\MR_New_3주기\New_MR_154.wav,afinidad_y_diferencias_errores,0.4353634796758168,1.7876452725257714,1.9966593274084021,1.6098040290627802,1.210008164209965,-1.3522817928499546,-1.5612958477325853,-1.1744405493869634,-0.7746446845341481,-0.2090140548826307,0.17784124346299124,0.5776371083158065,0.38685529834562193,0.7866511631984372,0.39979586485281526
MR,New_MR_155.wav,C:\Users\armga\OneDrive\Escritorio\TFG\Programacion objetivo\Bases de Datos\MR_New_3주기\New_MR_155.wav,afinidad_y_diferencias_errores,0.5309287096431169,1.9856515457218318,2.0605267201788067,1.6696291697518206,1.4200402786237198,-1.454722836078715,-1.5295980105356897,-1.1387004601087036,-0.889111568980603,-0.07487517445697489,0.31602237597001115,0.5656112670981119,0.39089755042698604,0.6404864415550868,0.2495888911281008
MR,New_MR_156.wav,C:\Users\armga\OneDrive\Escritorio\TFG\Programacion objetivo\Bases de Datos\MR_New_3주기\New_MR_156.wav,afinidad_y_diferencias_errores,0.4998658404251026,1.9909006468196058,2.0452039149331047,1.6849627954825463,1.309629324498795,-1.4910348063945031,-1.545338074508002,-1.1850969550574437,-0.8097634840736925,-0.05430326811349895,0.3059378513370594,0.6812713223208107,0.36024111945055837,0.7355745904343096,0.37533347098375125
MR,New_MR_157.wav,C:\Users\armga\OneDrive\Escritorio\TFG\Programacion objetivo\Bases de Datos\MR_New_3주기\New_MR_157.wav,afinidad_y_diferencias_errores,0.5624068375254871,1.799536274241447,1.874670801437718,1.5215970935158303,1.3473212051221166,-1.2371294367159598,-1.3122639639122309,-0.9591902559903431,-0.7849143675966295,-0.07513452719627112,0.27793918072561663,0.4522150691193303,0.35307370792188775,0.5273495963156014,0.17427588839371366
MR,New_MR_158.wav,C:\Users\armga\OneDrive\Escritorio\TFG\Programacion objetivo\Bases de Datos\MR_New_3주기\New_MR_158.wav,afinidad_y_diferencias_errores,0.4313743758506029,1.7783358529097104,1.9798774762700049,1.5859880947215166,1.2054379712216758,-1.3469614770591076,-1.5485031004194019,-1.1546137188709138,-0.7740635953710729,-0.20154162336029446,0.19234775818819383,0.5728978816880346,0.3938893815484883,0.774439505048329,0.38055012349984074
MR,New_MR_159.wav,C:\Users\armga\OneDrive\Escritorio\TFG\Programacion objetivo\Bases de Datos\MR_New_3주기\New_MR_159.wav,afinidad_y_diferencias_errores,0.49392711927319816,1.6879327389211702,1.8857272109806498,1.5749516223797422,1.2979988456270193,-1.194005619647972,-1.3918000917074516,-1.081024503106544,-0.8040717263538211,-0.19779447205947953,0.11298111654142806,0.38993389329415096,0.3107755886009076,0.5877283653536305,0.2769527767527229
MR,New_MR_160.wav,C:\Users\armga\OneDrive\Escritorio\TFG\Programacion objetivo\Bases de Datos\MR_New_3주기\New_MR_160.wav,afinidad_y_diferencias_errores,0.5012350553490337,1.965264816866674,2.0296927549938344,1.6351480796249294,1.3433958991727681,-1.4640297615176403,-1.5284576996448007,-1.1339130242758957,-0.8421608438237345,-0.06442793812716041,0.3301167372417446,0.6218689176939058,0.39454467536890503,0.6862968558210663,0.2917521804521612
MR,New_MR_161.wav,C:\Users\armga\OneDrive\Escritorio\TFG\Programacion objetivo\Bases de Datos\MR_New_3주기\New_MR_161.wav,afinidad_y_diferencias_errores,0.5900750092165594,2.008761371417215,2.0931149391632093,1.6680498542494049,1.4829097163336709,-1.4186863622006556,-1.50303992994665,-1.0779748450328455,-0.8928347071171114,-0.08435356774599434,0.3407115171678101,0.5258516550835441,0.42506508491380446,0.6102052228295385,0.18514013791573403
MR,New_MR_162.wav,C:\Users\armga\OneDrive\Escritorio\TFG\Programacion objetivo\Bases de Datos\MR_New_3주기\New_MR_162.wav,afinidad_y_diferencias_errores,0.5605154008069185,1.8655512080574124,1.8926647373786247,1.5879575149553586,1.3534467201654177,-1.3050358072504937,-1.3321493365717063,-1.0274421141484402,-0.7929313193584991,-0.02711352932121236,0.27759369310205373,0.5121044878919947,0.3047072224232661,0.5392180172132071,0.23451079478994097
MR,New_MR_163.wav,C:\Users\armga\OneDrive\Escritorio\TFG\Programacion objetivo\Bases de Datos\MR_New_3주기\New_MR_163.wav,afinidad_y_diferencias_errores,0.4658467123615106,1.8135212126885623,1.9102726933326313,1.4636924951482115,1.2502044933504655,-1.3476745003270516,-1.4444259809711206,-0.9978457827867009,-0.7843577809889548,-0.09675148064406902,0.3498287175403507,0.5633167193380968,0.44658019818441974,0.6600681999821658,0.21348800179774607
MR,New_MR_164.wav,C:\Users\armga\OneDrive\Escritorio\TFG\Programacion objetivo\Bases de Datos\MR_New_3주기\New_MR_164.wav,afinidad_y_diferencias_errores,0.41533102642052033,1.7873734404136155,1.8932137699654918,1.5109943690302279,1.2068114414585787,-1.3720424139930951,-1.4778827435449715,-1.0956633426097075,-0.7914804150380583,-0.10584032955187639,0.2763790713833876,0.5805619989550368,0.38221940093526396,0.6864023285069132,0.3041829275716492
MR,New_MR_165.wav,C:\Users\armga\OneDrive\Escritorio\TFG\Programacion objetivo\Bases de Datos\MR_New_3주기\New_MR_165.wav,afinidad_y_diferencias_errores,0.4703433439479959,1.7646124846159807,1.9487304414699462,1.5680070615413098,1.2434776766977451,-1.294269140667985,-1.4783870975219504,-1.097663717593314,-0.7731343327497493,-0.18411795685396548,0.196605423074671,0.5211348079182356,0.3807233799286365,0.7052527647722011,0.32452938484356464
MR,New_MR_166.wav,C:\Users\armga\OneDrive\Escritorio\TFG\Programacion objetivo\Bases de Datos\MR_New_3주기\New_MR_166.wav,afinidad_y_diferencias_errores,0.5097027973326185,1.8855315025000963,2.0946296452075455,1.7083255898227159,1.3333900031687496,-1.3758287051674778,-1.584926847874927,-1.1986227924900974,-0.8236872058361311,-0.2090981427074492,0.1772059126773804,0.5521414993313467,0.3863040553848296,0.7612396420387959,0.3749355866539663
MR,New_MR_167.wav,C:\Users\armga\OneDrive\Escritorio\TFG\Programacion objetivo\Bases de Datos\MR_New_3주기\New_MR_167.wav,afinidad_y_diferencias_errores,0.5767519708404505,1.9562640721896765,2.0505784276134285,1.6300734359428477,1.4042035783882876,-1.379512101349226,-1.473826456772978,-1.0533214651023972,-0.8274516075478371,-0.094314355423752,0.32619063624682876,0.5520604938013889,0.42050499167058075,0.6463748492251409,0.22586985755456013
MR,New_MR_168.wav,C:\Users\armga\OneDrive\Escritorio\TFG\Programacion objetivo\Bases de Datos\MR_New_3주기\New_MR_168.wav,afinidad_y_diferencias_errores,0.6088620925321631,1.9152917777964453,1.9898342397570932,1.6222677612513896,1.4694112122354512,-1.3064296852642823,-1.3809721472249301,-1.0134056687192265,-0.8605491197032882,-0.07454246196064784,0.2930240165450557,0.4458805655609941,0.36756647850570356,0.5204230275216419,0.15285654901593837
MR,New_MR_169.wav,C:\Users\armga\OneDrive\Escritorio\TFG\Programacion objetivo\Bases de Datos\MR_New_3주기\New_MR_169.wav,afinidad_y_diferencias_errores,0.4267385691183886,1.7524696424356452,1.968974031454623,1.6165037448179431,1.1913571805458434,-1.3257310733172565,-1.5422354623362344,-1.1897651756995544,-0.7646186114274548,-0.21650438901897773,0.13596589761770206,0.5611124618898018,0.3524702866366798,0.7776168509087795,0.42514656427209974
MR,New_MR_170.wav,C:\Users\armga\OneDrive\Escritorio\TFG\Programacion objetivo\Bases de Datos\MR_New_3주기\New_MR_170.wav,afinidad_y_diferencias_errores,0.4043513994327642,1.7800706865356972,1.8868584557218173,1.5233956946922576,1.1920460648775841,-1.3757192871029331,-1.482507056289053,-1.1190442952594934,-0.7876946654448199,-0.1067877691861201,0.25667499184343967,0.5880246216581131,0.36346276102955977,0.6948123908442332,0.3313496298146734
MR,New_MR_171.wav,C:\Users\armga\OneDrive\Escritorio\TFG\Programacion objetivo\Bases de Datos\MR_New_3주기\New_MR_171.wav,afinidad_y_diferencias_errores,0.45548359195041177,1.9693180448591556,2.023749036586746,1.6748621096434309,1.2850284463546318,-1.513834452908744,-1.5682654446363342,-1.219378517693019,-0.82954485440422,-0.05443099172759047,0.2944559352157248,0.6842895985045239,0.34888692694331525,0.7387205902321143,0.3898336632887991
MR,New_MR_172.wav,C:\Users\armga\OneDrive\Escritorio\TFG\Programacion objetivo\Bases de Datos\MR_New_3주기\New_MR_172.wav,afinidad_y_diferencias_errores,0.511666332561619,1.9121341664877924,2.027441059443449,1.551363356799857,1.3085917202165405,-1.4004678339261734,-1.5157747268818298,-1.039697024238238,-0.7969253876549215,-0.11530689295565644,0.3607708096879354,0.603542446271252,0.47607770264359184,0.7188493392269084,0.24277163658331657
MR,New_MR_173.wav,C:\Users\armga\OneDrive\Escritorio\TFG\Programacion objetivo\Bases de Datos\MR_New_3주기\New_MR_173.wav,afinidad_y_diferencias_errores,0.5876837204108281,1.8434390168352477,1.8942061797960172,1.5032460525748372,1.3389038348481799,-1.2557552964244196,-1.3065224593851892,-0.9155623321640092,-0.7512201144373518,-0.05076716296076955,0.34019296426041046,0.5045351819870678,0.39096012722118,0.5553023449478374,0.16434221772665736
MR,New_MR_174.wav,C:\Users\armga\OneDrive\Escritorio\TFG\Programacion objetivo\Bases de Datos\MR_New_3주기\New_MR_174.wav,afinidad_y_diferencias_errores,0.5567441058395807,1.8842827967911575,1.9504733804585572,1.5803248486329438,1.3722436323952856,-1.327538690951577,-1.3937292746189764,-1.0235807427933632,-0.8154995265557049,-0.06619058366739972,0.30395794815821375,0.5120391643958719,0.37014853182561347,0.5782297480632717,0.20808121623765818
MR,New_MR_175.wav,C:\Users\armga\OneDrive\Escritorio\TFG\Programacion objetivo\Bases de Datos\MR_New_3주기\New_MR_175.wav,afinidad_y_diferencias_errores,0.40814662877583,1.7351707768572928,1.918446776132692,1.5405144524908059,1.185491771803141,-1.3270241480814629,-1.510300147356862,-1.132367823714976,-0.7773451430273111,-0.18327599927539917,0.19465632436648694,0.5496790050541518,0.3779323236418861,0.732955004329551,0.35502268068766485
MR,New_MR_176.wav,C:\Users\armga\OneDrive\Escritorio\TFG\Programacion objetivo\Bases de Datos\MR_New_3주기\New_MR_176.wav,afinidad_y_diferencias_errores,0.4060128748576265,1.822803403459325,1.902959111572775,1.5336184627008036,1.2147605358149542,-1.4167905286016986,-1.4969462367151487,-1.1276055878431772,-0.8087476609573278,-0.08015570811345007,0.2891849407585214,0.6080428676443708,0.3693406488719715,0.6881985757578208,0.31885792688584935
MR,New_MR_177.wav,C:\Users\armga\OneDrive\Escritorio\TFG\Programacion objetivo\Bases de Datos\MR_New_3주기\New_MR_177.wav,afinidad_y_diferencias_errores,0.4998366574157052,1.8868188688360559,2.0493971239358486,1.7486438432540816,1.3780265118718869,-1.3869822114203507,-1.5495604665201435,-1.2488071858383765,-0.8781898544561817,-0.16257825509979273,0.13817502558197425,0.508792356964169,0.300753280681767,0.6713706120639618,0.37061733138219477
MR,New_MR_178.wav,C:\Users\armga\OneDrive\Escritorio\TFG\Programacion objetivo\Bases de Datos\MR_New_3주기\New_MR_178.wav,afinidad_y_diferencias_errores,0.48086016125543984,1.8254775193760837,1.9661458259300295,1.5879576215978228,1.2825274671404427,-1.3446173581206438,-1.4852856646745898,-1.1070974603423829,-0.8016673058850029,-0.1406683065539458,0.23751989777826088,0.542950052235641,0.3781882043322067,0.6836183587895868,0.3054301544573801
MR,New_MR_179.wav,C:\Users\armga\OneDrive\Escritorio\TFG\Programacion objetivo\Bases de Datos\MR_New_3주기\New_MR_179.wav,afinidad_y_diferencias_errores,0.6197634313374891,1.8700138075761517,1.9492879165139831,1.636118143947374,1.4263664484780005,-1.2502503762386625,-1.329524485176494,-1.0163547126098849,-0.8066030171405114,-0.07927410893783149,0.23389566362877767,0.4436473590981511,0.31316977256660916,0.5229214680359826,0.20975169546937344
MR,New_MR_180.wav,C:\Users\armga\OneDrive\Escritorio\TFG\Programacion objetivo\Bases de Datos\MR_New_3주기\New_MR_180.wav,afinidad_y_diferencias_errores,0.537108383617293,1.8404033663665873,1.9192025959824124,1.5678588556487092,1.308695870998459,-1.3032949827492943,-1.3820942123651194,-1.0307504720314162,-0.7715874873811661,-0.07879922961582508,0.2725445107178781,0.5317074953681282,0.3513437403337032,0.6105067249839533,0.2591629846502501
MR,New_MR_181.wav,C:\Users\armga\OneDrive\Escritorio\TFG\Programacion objetivo\Bases de Datos\MR_New_3주기\New_MR_181.wav,afinidad_y_diferencias_errores,0.42808065850095944,1.8486606478700123,1.8821979460256983,1.6014968447567792,1.1835164532182103,-1.420579989369053,-1.4541172875247388,-1.1734161862558197,-0.7554357947172509,-0.03353729815568607,0.24716380311323305,0.665144194651802,0.2807011012689191,0.698681492807488,0.4179803915385689
MR,New_MR_182.wav,C:\Users\armga\OneDrive\Escritorio\TFG\Programacion objetivo\Bases de Datos\MR_New_3주기\New_MR_182.wav,afinidad_y_diferencias_errores,0.4768928450871961,1.6593811088553936,1.8396385964076547,1.509846761535098,1.2549517009068674,-1.1824882637681975,-1.3627457513204586,-1.0329539164479018,-0.7780588558196713,-0.18025748755226112,0.1495343473202957,0.4044294079485262,0.3297918348725568,0.5846868955007873,0.25489506062823053
MR,New_MR_183.wav,C:\Users\armga\OneDrive\Escritorio\TFG\Programacion objetivo\Bases de Datos\MR_New_3주기\New_MR_183.wav,afinidad_y_diferencias_errores,0.5784734902213513,1.9083468645767727,2.0159990901120852,1.6017959076501889,1.4058207767824997,-1.3298733743554214,-1.437525599890734,-1.0233224174288376,-0.8273472865611484,-0.1076522255353125,0.30655095692658385,0.502526087794273,0.41420318246189636,0.6101783133295855,0.19597513086768914
MR,New_MR_184.wav,C:\Users\armga\OneDrive\Escritorio\TFG\Programacion objetivo\Bases de Datos\MR_New_3주기\New_MR_184.wav,afinidad_y_diferencias_errores,0.5271796863952503,1.7066218789007397,1.8461939803972995,1.4743278758894265,1.3137098591583516,-1.1794421925054894,-1.3190142940020493,-0.9471481894941762,-0.7865301727631013,-0.13957210149655985,0.2322940030113132,0.3929120197423881,0.37186610450787305,0.532484121238948,0.1606180167310749
MR,New_MR_185.wav,C:\Users\armga\OneDrive\Escritorio\TFG\Programacion objetivo\Bases de Datos\MR_New_3주기\New_MR_185.wav,afinidad_y_diferencias_errores,0.5678859007591525,1.9490708143111184,2.0596481583759645,1.6647098371755484,1.400949778131353,-1.3811849135519658,-1.491762257616812,-1.096823936416396,-0.8330638773722004,-0.1105773440648461,0.28436097713556996,0.5481210361797655,0.39493832120041605,0.6586983802446116,0.2637600590441955
MR,New_MR_186.wav,C:\Users\armga\OneDrive\Escritorio\TFG\Programacion objetivo\Bases de Datos\MR_New_3주기\New_MR_186.wav,afinidad_y_diferencias_errores,0.05807941244859812,0.9584681473864285,1.1095028652928554,0.12933841215478567,0.4154048002984436,-0.9003887349378303,-1.0514234528442572,-0.07125899970618754,-0.3573253878498455,-0.15103471790642686,0.8291297352316428,0.5430633470879849,0.9801644531380697,0.6940980649944117,-0.2860663881436579
MR,New_MR_187.wav,C:\Users\armga\OneDrive\Escritorio\TFG\Programacion objetivo\Bases de Datos\MR_New_3주기\New_MR_187.wav,afinidad_y_diferencias_errores,0.05212888309243013,0.8885875766515834,1.0647647767584238,0.11142170853394838,0.384114497122638,-0.8364586935591533,-1.0126358936659938,-0.05929282544151825,-0.3319856140302079,-0.17617720010684046,0.777165868117635,0.5044730795289454,0.9533430682244755,0.6806502796357858,-0.2726927885886896
MR,New_MR_188.wav,C:\Users\armga\OneDrive\Escritorio\TFG\Programacion objetivo\Bases de Datos\MR_New_3주기\New_MR_188.wav,afinidad_y_diferencias_errores,0.06364023329625677,0.8785672229202862,1.0603810595597192,0.12860371258730569,0.396026088570948,-0.8149269896240294,-0.9967408262634624,-0.06496347929104891,-0.3323858552746912,-0.18181383663943296,0.7499635103329805,0.4825411343493382,0.9317773469724135,0.6643549709887712,-0.2674223759836423
MR,New_MR_189.wav,C:\Users\armga\OneDrive\Escritorio\TFG\Programacion objetivo\Bases de Datos\MR_New_3주기\New_MR_189.wav,afinidad_y_diferencias_errores,0.058906247355397096,0.8321712017829042,1.0328862496666449,0.12054491099646628,0.3749838324407869,-0.7732649544275071,-0.9739800023112478,-0.06163866364106918,-0.31607758508538986,-0.20071504788374073,0.7116262907864379,0.45718736934211723,0.9123413386701786,0.657902417225858,-0.2544389214443207
MR,New_MR_190.wav,C:\Users\armga\OneDrive\Escritorio\TFG\Programacion objetivo\Bases de Datos\MR_New_3주기\New_MR_190.wav,afinidad_y_diferencias_errores,0.09653540842219446,0.9643211968072387,1.1357568346841602,0.16587546030196007,0.4429596951810877,-0.8677857883850443,-1.0392214262619657,-0.06934005187976561,-0.34642428675889325,-0.1714356378769215,0.7984457365052786,0.521361501626151,0.9698813743822001,0.6927971395030725,-0.2770842348791276
MR,New_MR_191.wav,C:\Users\armga\OneDrive\Escritorio\TFG\Programacion objetivo\Bases de Datos\MR_New_3주기\New_MR_191.wav,afinidad_y_diferencias_errores,0.10295904853008711,0.9254525362685841,1.0623624060073804,0.1781887061543644,0.45083493335240604,-0.8224934877384971,-0.9594033574772933,-0.0752296576242773,-0.3478758848223189,-0.13690986973879626,0.7472638301142197,0.4746176029161781,0.884173699853016,0.6115274726549744,-0.27264622719804166
MR,New_MR_192.wav,C:\Users\armga\OneDrive\Escritorio\TFG\Programacion objetivo\Bases de Datos\MR_New_3주기\New_MR_192.wav,afinidad_y_diferencias_errores,0.10043600911845249,0.8864152480121682,1.0189972312460882,0.16926140799813832,0.43506965053194346,-0.7859792388937157,-0.9185612221276357,-0.06882539887968583,-0.33463364141349095,-0.13258198323392,0.7171538400140298,0.45134559748022474,0.8497358232479499,0.5839275807141447,-0.26580824253380514
MR,New_MR_193.wav,C:\Users\armga\OneDrive\Escritorio\TFG\Programacion objetivo\Bases de Datos\MR_New_3주기\New_MR_193.wav,afinidad_y_diferencias_errores,0.09786359191079383,0.8889748396881965,1.0194135499380363,0.16891772112948386,0.4444345611581696,-0.7911112477774026,-0.9215499580272425,-0.07105412921869003,-0.34657096924737574,-0.13043871024983988,0.7200571185587126,0.44454027853002687,0.8504958288085525,0.5749789887798668,-0.2755168400286857
MR,New_MR_194.wav,C:\Users\armga\OneDrive\Escritorio\TFG\Programacion objetivo\Bases de Datos\MR_New_3주기\New_MR_194.wav,afinidad_y_diferencias_errores,0.9143333986094658,1.6892583596712094,1.710408227204004,1.0063443885198016,1.3675901701966584,-0.7749249610617436,-0.7960748285945382,-0.09201098991033574,-0.4532567715871926,-0.021149867532794575,0.6829139711514078,0.321668189474551,0.7040638386842024,0.3428180570073456,-0.36124578167685684
MR,New_MR_195.wav,C:\Users\armga\OneDrive\Escritorio\TFG\Programacion objetivo\Bases de Datos\MR_New_3주기\New_MR_195.wav,afinidad_y_diferencias_errores,1.005491039479401,1.7267554631937616,1.7571092913798136,1.0849550816140985,1.4072445966946645,-0.7212644237143606,-0.7516182519004126,-0.07946404213469749,-0.4017535572152635,-0.030353828186052034,0.6418003815796631,0.3195108664990971,0.6721542097657152,0.34986469468514914,-0.322289515080566
MR,New_MR_196.wav,C:\Users\armga\OneDrive\Escritorio\TFG\Programacion objetivo\Bases de Datos\MR_New_3주기\New_MR_196.wav,afinidad_y_diferencias_errores,1.0997952843007492,1.7765919306779376,1.7933193570955648,1.1850216978570693,1.4818420035283786,-0.6767966463771884,-0.6935240727948155,-0.0852264135563201,-0.38204671922762934,-0.016727426417627145,0.5915702328208683,0.29474992714955905,0.6082976592384954,0.3114773535671862,-0.29682030567130924
MR,New_MR_197.wav,C:\Users\armga\OneDrive\Escritorio\TFG\Programacion objetivo\Bases de Datos\MR_New_3주기\New_MR_197.wav,afinidad_y_diferencias_errores,1.07276546393243,1.792029834161764,1.7751363854894997,1.1681064899565985,1.4782699460328783,-0.719264370229334,-0.7023709215570697,-0.0953410260241685,-0.4055044821004483,0.016893448672264277,0.6239233442051655,0.31375988812888567,0.6070298955329012,0.2968664394566214,-0.3101634560762798
MR,New_MR_198.wav,C:\Users\armga\OneDrive\Escritorio\TFG\Programacion objetivo\Bases de Datos\MR_New_3주기\New_MR_198.wav,afinidad_y_diferencias_errores,1.073908921713468,1.825723625886389,1.786166168736748,1.1837309297488974,1.5020786774245907,-0.7518147041729208,-0.71225724702328,-0.1098220080354293,-0.4281697557111226,0.03955745714964087,0.6419926961374915,0.32364494846179825,0.6024352389878507,0.2840874913121574,-0.3183477476756933
MR,New_MR_199.wav,C:\Users\armga\OneDrive\Escritorio\TFG\Programacion objetivo\Bases de Datos\MR_New_3주기\New_MR_199.wav,afinidad_y_diferencias_errores,1.051628480078161,1.7954769723533668,1.7509295497963577,1.1514632829737754,1.4505376315722667,-0.7438484922752058,-0.6993010697181967,-0.09983480289561442,-0.39890915149410566,0.04454742255700905,0.6440136893795914,0.3449393407811001,0.5994662668225823,0.30039191822409106,-0.29907434859849125
MR,New_MR_200.wav,C:\Users\armga\OneDrive\Escritorio\TFG\Programacion objetivo\Bases de Datos\MR_New_3주기\New_MR_200.wav,afinidad_y_diferencias_errores,1.0601663399954402,1.7699576940936899,1.7687736754807422,1.1465031182251866,1.4643955292229436,-0.7097913540982497,-0.708607335485302,-0.08633677822974639,-0.4042291892275034,0.0011840186129477015,0.6234545758685033,0.3055621648707463,0.6222705572555556,0.3043781462577986,-0.317892410997757
MS,New_MS_001.wav,C:\Users\armga\OneDrive\Escritorio\TFG\Programacion objetivo\Bases de Datos\MS_New_3주기\New_MS_001.wav,afinidad_y_diferencias_errores,1.8721830436631082,2.0916419761581597,1.9359304265193884,2.285834466819005,2.2263173335752335,-0.21945893249505155,-0.06374738285628023,-0.413651423155897,-0.35413428991212537,0.15571154963877132,-0.19419249066084543,-0.13467535741707382,-0.34990404029961675,-0.29038690705584513,0.059517133243771614
MS,New_MS_002.wav,C:\Users\armga\OneDrive\Escritorio\TFG\Programacion objetivo\Bases de Datos\MS_New_3주기\New_MS_002.wav,afinidad_y_diferencias_errores,1.824163810914454,2.070672661310986,1.9347876792512047,2.2746158624277886,2.2004792773046167,-0.24650885039653203,-0.11062386833675064,-0.45045205151333456,-0.37631546639016267,0.1358849820597814,-0.20394320111680253,-0.12980661599363064,-0.3398281831765839,-0.265691598053412,0.0741365851231719
MS,New_MS_003.wav,C:\Users\armga\OneDrive\Escritorio\TFG\Programacion objetivo\Bases de Datos\MS_New_3주기\New_MS_003.wav,afinidad_y_diferencias_errores,1.9111848268159966,2.128864311675839,1.957011451106618,2.359706479305857,2.3169800643328067,-0.21767948485984245,-0.04582662429062134,-0.4485216524898603,-0.4057952375168101,0.1718528605692211,-0.23084216763001786,-0.18811575265696767,-0.40269502819923897,-0.3599686132261888,0.042726414973050186
MS,New_MS_004.wav,C:\Users\armga\OneDrive\Escritorio\TFG\Programacion objetivo\Bases de Datos\MS_New_3주기\New_MS_004.wav,afinidad_y_diferencias_errores,1.8842815848226102,2.08300377044648,1.9095089147842048,2.2783273688885473,2.23299861221321,-0.1987221856238699,-0.025227329961594602,-0.39404578406593704,-0.34871702739059995,0.1734948556622753,-0.19532359844206715,-0.14999484176673006,-0.36881845410434244,-0.32348969742900535,0.04532875667533709
MS,New_MS_005.wav,C:\Users\armga\OneDrive\Escritorio\TFG\Programacion objetivo\Bases de Datos\MS_New_3주기\New_MS_005.wav,afinidad_y_diferencias_errores,1.8207649243566575,2.2662482104400663,1.8007684456394126,2.488308058950176,2.424107099295636,-0.4454832860834088,0.01999647871724486,-0.6675431345935183,-0.6033421749389785,0.4654797648006537,-0.22205984851010951,-0.15785888885556965,-0.6875396133107632,-0.6233386536562233,0.06420095965453987
MS,New_MS_006.wav,C:\Users\armga\OneDrive\Escritorio\TFG\Programacion objetivo\Bases de Datos\MS_New_3주기\New_MS_006.wav,afinidad_y_diferencias_errores,1.9149296141539949,2.3270930846354134,1.8295324826249846,2.506239622115793,2.489504282275632,-0.41216347048141855,0.0853971315290103,-0.5913100079617981,-0.574574668121637,0.49756060201042884,-0.17914653748037956,-0.1624111976402185,-0.6767071394908084,-0.6599717996506473,0.016735339840161068
MS,New_MS_007.wav,C:\Users\armga\OneDrive\Escritorio\TFG\Programacion objetivo\Bases de Datos\MS_New_3주기\New_MS_007.wav,afinidad_y_diferencias_errores,1.542443528331237,2.0773489742496745,1.854868273501317,2.3249389023587876,2.318408524657793,-0.5349054459184375,-0.3124247451700801,-0.7824953740275506,-0.775964996326556,0.22248070074835735,-0.24758992810911318,-0.24105955040811855,-0.47007062885747053,-0.4635402511564759,0.006530377700994627
MS,New_MS_008.wav,C:\Users\armga\OneDrive\Escritorio\TFG\Programacion objetivo\Bases de Datos\MS_New_3주기\New_MS_008.wav,afinidad_y_diferencias_errores,1.8629609114935648,2.2891443039600894,1.8632146787735684,2.580621557911648,2.546470401631028,-0.4261833924665246,-0.0002537672800035917,-0.717660646418083,-0.683509490137463,0.425929625186521,-0.29147725395155843,-0.2573260976709384,-0.7174068791380794,-0.6832557228574594,0.03415115628062004
MS,New_MS_009.wav,C:\Users\armga\OneDrive\Escritorio\TFG\Programacion objetivo\Bases de Datos\MS_New_3주기\New_MS_009.wav,afinidad_y_diferencias_errores,1.6073958056131514,2.2082648005436676,1.8720441451234668,2.3861009937407665,2.325943415810103,-0.6008689949305162,-0.2646483395103154,-0.778705188127615,-0.7185476101969515,0.33622065542020074,-0.17783619319709887,-0.1176786152664353,-0.5140568486172996,-0.45389927068663605,0.060157577930663564
MS,New_MS_010.wav,C:\Users\armga\OneDrive\Escritorio\TFG\Programacion objetivo\Bases de Datos\MS_New_3주기\New_MS_010.wav,afinidad_y_diferencias_errores,1.7973988296594587,2.238284433701658,1.8112321414746586,2.487892235714929,2.517793708280947,-0.4408856040421991,-0.013833311815199867,-0.6904934060554702,-0.7203948786214882,0.42705229222699925,-0.24960780201327104,-0.2795092745792891,-0.6766600942402703,-0.7065615668062883,-0.02990147256601805
MS,New_MS_011.wav,C:\Users\armga\OneDrive\Escritorio\TFG\Programacion objetivo\Bases de Datos\MS_New_3주기\New_MS_011.wav,afinidad_y_diferencias_errores,1.8767594992144938,2.3056644090049994,1.9074462832172683,2.5409792324772176,2.530460193834107,-0.42890490979050555,-0.03068678400277447,-0.6642197332627238,-0.6537006946196133,0.3982181257877311,-0.23531482347221822,-0.22479578482910778,-0.6335329492599493,-0.6230139106168389,0.010519038643110434
MS,New_MS_012.wav,C:\Users\armga\OneDrive\Escritorio\TFG\Programacion objetivo\Bases de Datos\MS_New_3주기\New_MS_012.wav,afinidad_y_diferencias_errores,1.8171511921140717,2.258485655464379,1.8402296583879982,2.4619681045797384,2.4563025962677965,-0.44133446335030735,-0.023078466273926512,-0.6448169124656666,-0.6391514041537247,0.41825599707638084,-0.2034824491153593,-0.19781694080341738,-0.6217384461917401,-0.6160729378797982,0.0056655083119419025
MS,New_MS_013.wav,C:\Users\armga\OneDrive\Escritorio\TFG\Programacion objetivo\Bases de Datos\MS_New_3주기\New_MS_013.wav,afinidad_y_diferencias_errores,1.8004182616382765,2.248974497083941,1.8363107976057997,2.510651792351219,2.472558504763001,-0.4485562354456647,-0.03589253596752329,-0.7102335307129426,-0.6721402431247245,0.4126636994781414,-0.2616772952672779,-0.22358400767905984,-0.6743409947454193,-0.6362477071572012,0.03809328758821806
MS,New_MS_014.wav,C:\Users\armga\OneDrive\Escritorio\TFG\Programacion objetivo\Bases de Datos\MS_New_3주기\New_MS_014.wav,afinidad_y_diferencias_errores,2.004752701197491,2.3543268765960503,1.849151367561004,2.6385611552255814,2.555611329561731,-0.3495741753985593,0.15560133363648698,-0.6338084540280904,-0.55085862836424,0.5051755090350463,-0.2842342786295311,-0.20128445296568076,-0.7894097876645774,-0.706459962000727,0.08294982566385034
MS,New_MS_015.wav,C:\Users\armga\OneDrive\Escritorio\TFG\Programacion objetivo\Bases de Datos\MS_New_3주기\New_MS_015.wav,afinidad_y_diferencias_errores,1.8153858937305876,2.316530938393864,1.7905770588850851,2.6176092179892945,2.522444833390436,-0.5011450446632766,0.024808834845502448,-0.8022233242587069,-0.7070589396598483,0.525953879508779,-0.3010782795954303,-0.20591389499657176,-0.8270321591042094,-0.7318677745053508,0.09516438459885856
MS,New_MS_016.wav,C:\Users\armga\OneDrive\Escritorio\TFG\Programacion objetivo\Bases de Datos\MS_New_3주기\New_MS_016.wav,afinidad_y_diferencias_errores,0.8858704448976165,2.008895224374951,1.70260579626507,2.068453585846345,1.533097404925658,-1.1230247794773345,-0.8167353513674536,-1.1825831409487286,-0.6472269600280416,0.3062894281098809,-0.05955836147139415,0.4757978194492929,-0.36584778958127506,0.16950839133941198,0.535356180920687
MS,New_MS_017.wav,C:\Users\armga\OneDrive\Escritorio\TFG\Programacion objetivo\Bases de Datos\MS_New_3주기\New_MS_017.wav,afinidad_y_diferencias_errores,2.155140662425486,2.3574979726219296,2.019368327458535,2.5024502924254204,2.5840180185032957,-0.20235731019644376,0.13577233496695085,-0.34730962999993453,-0.42887735607780986,0.3381296451633946,-0.14495231980349077,-0.2265200458813661,-0.4830819649668854,-0.5646496910447607,-0.08156772607787532
MS,New_MS_018.wav,C:\Users\armga\OneDrive\Escritorio\TFG\Programacion objetivo\Bases de Datos\MS_New_3주기\New_MS_018.wav,afinidad_y_diferencias_errores,2.249486505271089,2.325020981665828,1.9466430363421448,2.489332799913698,2.6473186094617667,-0.07553447639473898,0.3028434689289443,-0.23984629464260898,-0.3978321041906776,0.3783779453236833,-0.16431181824787,-0.3222976277959386,-0.5426897635715533,-0.7006755731196219,-0.15798580954806862
MS,New_MS_019.wav,C:\Users\armga\OneDrive\Escritorio\TFG\Programacion objetivo\Bases de Datos\MS_New_3주기\New_MS_019.wav,afinidad_y_diferencias_errores,2.1787416807321054,2.276977583813044,1.9247768529418288,2.432389458154558,2.60856495311666,-0.09823590308093877,0.2539648277902766,-0.2536477774224526,-0.42982327238455476,0.3522007308712154,-0.15541187434151382,-0.331587369303616,-0.5076126052127292,-0.6837881001748314,-0.17617549496210216
MS,New_MS_020.wav,C:\Users\armga\OneDrive\Escritorio\TFG\Programacion objetivo\Bases de Datos\MS_New_3주기\New_MS_020.wav,afinidad_y_diferencias_errores,2.231658377025234,2.3496532434037234,1.9527589127795106,2.510293165326257,2.6575106711456837,-0.11799486637848933,0.2788994642457234,-0.27863478830102295,-0.42585229412044967,0.39689433062421275,-0.16063992192253362,-0.30785742774196034,-0.5575342525467464,-0.7047517583661731,-0.14721750581942672
MS,New_MS_021.wav,C:\Users\armga\OneDrive\Escritorio\TFG\Programacion objetivo\Bases de Datos\MS_New_3주기\New_MS_021.wav,afinidad_y_diferencias_errores,1.7675600116960253,2.237508959317858,2.0245858065461952,2.2865529618564464,2.297280911354304,-0.4699489476218328,-0.25702579485016996,-0.5189929501604211,-0.5297208996582785,0.21292315277166285,-0.049044002538588316,-0.0597719520364457,-0.26196715531025117,-0.27269510480810855,-0.01072794949785738
MS,New_MS_022.wav,C:\Users\armga\OneDrive\Escritorio\TFG\Programacion objetivo\Bases de Datos\MS_New_3주기\New_MS_022.wav,afinidad_y_diferencias_errores,1.7915524788380273,2.3279424943952725,2.1467461677453263,2.499984405365058,2.4531246189168012,-0.5363900155572452,-0.3551936889072991,-0.7084319265270307,-0.661572140078774,0.18119632664994612,-0.1720419109697855,-0.12518212452152877,-0.3532382376197316,-0.3063784511714749,0.046859786448256724
MS,New_MS_023.wav,C:\Users\armga\OneDrive\Escritorio\TFG\Programacion objetivo\Bases de Datos\MS_New_3주기\New_MS_023.wav,afinidad_y_diferencias_errores,1.6941564515142153,2.1972296943247405,2.0549408432979686,2.352784193061198,2.2702445250378043,-0.5030732428105251,-0.3607843917837532,-0.6586277415469826,-0.5760880735235889,0.1422888510267719,-0.15555449873645744,-0.0730148307130638,-0.29784334976322935,-0.21530368173983572,0.08253966802339363
MS,New_MS_024.wav,C:\Users\armga\OneDrive\Escritorio\TFG\Programacion objetivo\Bases de Datos\MS_New_3주기\New_MS_024.wav,afinidad_y_diferencias_errores,1.8431409395695442,2.2002737844029077,2.07031951389547,2.4339721223618023,2.367581397860237,-0.3571328448333635,-0.22717857432592603,-0.5908311827922581,-0.524440458290693,0.12995427050743746,-0.2336983379588946,-0.16730761345732947,-0.3636526084663321,-0.29726188396476694,0.06639072450156513
MS,New_MS_025.wav,C:\Users\armga\OneDrive\Escritorio\TFG\Programacion objetivo\Bases de Datos\MS_New_3주기\New_MS_025.wav,afinidad_y_diferencias_errores,1.775570404560921,2.2301146944265,2.0620135486863718,2.401612151992595,2.3506909437470234,-0.4545442898655787,-0.2864431441254507,-0.626041747431674,-0.5751205391861023,0.16810114574012802,-0.17149745756609525,-0.12057624932052358,-0.33959860330622327,-0.2886773950606516,0.05092120824557167
MS,New_MS_026.wav,C:\Users\armga\OneDrive\Escritorio\TFG\Programacion objetivo\Bases de Datos\MS_New_3주기\New_MS_026.wav,afinidad_y_diferencias_errores,1.7441775530859274,2.176356460796231,2.031474395702834,2.3440625381095246,2.356837010168788,-0.43217890771030376,-0.28729684261690647,-0.5998849850235972,-0.6126594570828607,0.1448820650933973,-0.16770607731329346,-0.18048054937255698,-0.31258814240669075,-0.32536261446595427,-0.01277447205926352
MS,New_MS_027.wav,C:\Users\armga\OneDrive\Escritorio\TFG\Programacion objetivo\Bases de Datos\MS_New_3주기\New_MS_027.wav,afinidad_y_diferencias_errores,1.850187711036711,2.3347476184698697,2.082622266862949,2.5399042434896812,2.4757400063600494,-0.4845599074331586,-0.23243455582623773,-0.6897165324529702,-0.6255522953233383,0.25212535160692084,-0.20515662501981158,-0.14099238789017976,-0.4572819766267324,-0.3931177394971006,0.06416423712963182
MS,New_MS_028.wav,C:\Users\armga\OneDrive\Escritorio\TFG\Programacion objetivo\Bases de Datos\MS_New_3주기\New_MS_028.wav,afinidad_y_diferencias_errores,1.8317054571219518,2.164401296293638,2.015005912421991,2.3978924437364775,2.351381664338314,-0.3326958391716861,-0.18330045530003902,-0.5661869866145257,-0.5196762072163623,0.14939538387164708,-0.2334911474428396,-0.18698036804467622,-0.3828865313144867,-0.3363757519163233,0.04651077939816339
MS,New_MS_029.wav,C:\Users\armga\OneDrive\Escritorio\TFG\Programacion objetivo\Bases de Datos\MS_New_3주기\New_MS_029.wav,afinidad_y_diferencias_errores,1.8705448018070807,2.27392879234905,2.1021422067095608,2.492242084883378,2.436013814825001,-0.4033839905419694,-0.23159740490248004,-0.6216972830762975,-0.5654690130179201,0.17178658563948934,-0.21831329253432807,-0.1620850224759507,-0.3900998781738174,-0.33387160811544003,0.05622827005837738
MS,New_MS_030.wav,C:\Users\armga\OneDrive\Escritorio\TFG\Programacion objetivo\Bases de Datos\MS_New_3주기\New_MS_030.wav,afinidad_y_diferencias_errores,1.8449509424548305,2.3016311853221985,2.1321265527043898,2.450746862040462,2.3755264068194646,-0.45668024286736797,-0.2871756102495593,-0.6057959195856317,-0.5305754643646341,0.16950463261780868,-0.14911567671826376,-0.07389522149726613,-0.31862030933607244,-0.2433998541150748,0.07522045522099763
MS,New_MS_031.wav,C:\Users\armga\OneDrive\Escritorio\TFG\Programacion objetivo\Bases de Datos\MS_New_3주기\New_MS_031.wav,afinidad_y_diferencias_errores,1.9118440998945572,2.2909458823443436,2.063905954095296,2.3757597532132757,2.385832861162204,-0.37910178244978643,-0.15206185420073903,-0.46391565331871853,-0.4739887612676468,0.2270399282490474,-0.0848138708689321,-0.09488697881786035,-0.3118537991179795,-0.32192690706690774,-0.01007310794892824
MS,New_MS_032.wav,C:\Users\armga\OneDrive\Escritorio\TFG\Programacion objetivo\Bases de Datos\MS_New_3주기\New_MS_032.wav,afinidad_y_diferencias_errores,1.7329227494513673,2.1810536347682135,1.9737645013923035,2.322007465842633,2.302710847054641,-0.4481308853168462,-0.24084175194093627,-0.5890847163912658,-0.5697880976032736,0.20728913337590993,-0.1409538310744196,-0.12165721228642745,-0.34824296445032954,-0.3289463456623374,0.01929661878799216
MS,New_MS_033.wav,C:\Users\armga\OneDrive\Escritorio\TFG\Programacion objetivo\Bases de Datos\MS_New_3주기\New_MS_033.wav,afinidad_y_diferencias_errores,1.8168293033267227,2.166881385400476,2.0805589065543386,2.4064958145087054,2.350894259544935,-0.3500520820737534,-0.26372960322761596,-0.5896665111819828,-0.5340649562182125,0.08632247884613742,-0.2396144291082294,-0.1840128741444591,-0.3259369079543668,-0.2703353529905965,0.05560155496377028
MS,New_MS_034.wav,C:\Users\armga\OneDrive\Escritorio\TFG\Programacion objetivo\Bases de Datos\MS_New_3주기\New_MS_034.wav,afinidad_y_diferencias_errores,1.8401566519306987,2.1739065205495813,2.023402071340297,2.3454886456917494,2.329182688951141,-0.3337498686188827,-0.1832454194095985,-0.5053319937610508,-0.48902603702044223,0.15050444920928419,-0.17158212514216808,-0.15527616840155956,-0.32208657435145227,-0.30578061761084374,0.01630595674060853
MS,New_MS_035.wav,C:\Users\armga\OneDrive\Escritorio\TFG\Programacion objetivo\Bases de Datos\MS_New_3주기\New_MS_035.wav,afinidad_y_diferencias_errores,1.7807462925631283,2.192740573070315,2.0339381602882596,2.4315518015989346,2.371747652774099,-0.41199428050718656,-0.25319186772513125,-0.6508055090358063,-0.5910013602109705,0.1588024127820553,-0.2388112285286197,-0.17900707970378393,-0.397613641310675,-0.33780949248583925,0.05980414882483576
MS,New_MS_036.wav,C:\Users\armga\OneDrive\Escritorio\TFG\Programacion objetivo\Bases de Datos\MS_New_3주기\New_MS_036.wav,afinidad_y_diferencias_errores,1.8200012150070188,2.2313185948082324,2.083114162468679,2.4314799466281887,2.350301934578581,-0.4113173798012135,-0.26311294746166025,-0.6114787316211698,-0.5303007195715623,0.14820443233955327,-0.2001613518199563,-0.1189833397703488,-0.3483657841595096,-0.2671877721099021,0.0811780120496075
MS,New_MS_037.wav,C:\Users\armga\OneDrive\Escritorio\TFG\Programacion objetivo\Bases de Datos\MS_New_3주기\New_MS_037.wav,afinidad_y_diferencias_errores,1.8311378657301682,2.237412319455835,2.0272150028686,2.3771316034328325,2.36154080065772,-0.40627445372566684,-0.19607713713843178,-0.5459937377026642,-0.5304029349275516,0.21019731658723506,-0.1397192839769974,-0.1241284812018848,-0.34991660056423246,-0.33432579778911986,0.0155908027751126
MS,New_MS_038.wav,C:\Users\armga\OneDrive\Escritorio\TFG\Programacion objetivo\Bases de Datos\MS_New_3주기\New_MS_038.wav,afinidad_y_diferencias_errores,1.8569487148092736,2.30055334871708,2.127787292393476,2.3929362361094664,2.3868183022426814,-0.44360463390780636,-0.2708385775842026,-0.5359875213001928,-0.5298695874334078,0.17276605632360376,-0.09238288739238643,-0.08626495352560148,-0.2651489437159902,-0.25903100984920524,0.0061179338667849414
MS,New_MS_039.wav,C:\Users\armga\OneDrive\Escritorio\TFG\Programacion objetivo\Bases de Datos\MS_New_3주기\New_MS_039.wav,afinidad_y_diferencias_errores,1.9070489583195354,2.2350172548289646,2.048632464427297,2.4024269173469754,2.370983667917005,-0.32796829650942927,-0.14158350610776171,-0.4953779590274401,-0.46393470959746974,0.18638479040166755,-0.16740966251801082,-0.13596641308804047,-0.35379445291967837,-0.322351203489708,0.031443249429970344
MS,New_MS_040.wav,C:\Users\armga\OneDrive\Escritorio\TFG\Programacion objetivo\Bases de Datos\MS_New_3주기\New_MS_040.wav,afinidad_y_diferencias_errores,1.8219547357910453,2.1046222364219602,2.0087760826314947,2.318782104351442,2.321678001745819,-0.28266750063091495,-0.18682134684044938,-0.49682736856039655,-0.4997232659547737,0.09584615379046557,-0.2141598679294816,-0.21705576532385873,-0.3100060217199472,-0.3129019191143243,-0.0028958973943771227
MS,New_MS_041.wav,C:\Users\armga\OneDrive\Escritorio\TFG\Programacion objetivo\Bases de Datos\MS_New_3주기\New_MS_041.wav,afinidad_y_diferencias_errores,1.8731742125304012,2.239441482559389,2.0710606526242406,2.4297751553622122,2.382870352692378,-0.36626727002898796,-0.19788644009383938,-0.556600942831811,-0.5096961401619768,0.16838082993514858,-0.1903336728028231,-0.14342887013298888,-0.3587145027379717,-0.31180970006813746,0.04690480266983421
MS,New_MS_042.wav,C:\Users\armga\OneDrive\Escritorio\TFG\Programacion objetivo\Bases de Datos\MS_New_3주기\New_MS_042.wav,afinidad_y_diferencias_errores,1.778710270179561,2.2096983169412536,2.069037650196743,2.4130567498765587,2.362301418700393,-0.43098804676169267,-0.29032738001718195,-0.6343464796969978,-0.583591148520832,0.14066066674451072,-0.2033584329353051,-0.15260310175913938,-0.3440190996798158,-0.2932637685036501,0.05075533117616571
MS,New_MS_043.wav,C:\Users\armga\OneDrive\Escritorio\TFG\Programacion objetivo\Bases de Datos\MS_New_3주기\New_MS_043.wav,afinidad_y_diferencias_errores,1.856212337796756,2.2227283778472025,2.1154238531131115,2.443269282982027,2.3486773310889224,-0.36651604005044636,-0.25921151531635545,-0.587056945185271,-0.4924649932921663,0.10730452473409091,-0.2205409051348246,-0.12594895324171995,-0.3278454298689155,-0.23325347797581086,0.09459195189310465
MS,New_MS_044.wav,C:\Users\armga\OneDrive\Escritorio\TFG\Programacion objetivo\Bases de Datos\MS_New_3주기\New_MS_044.wav,afinidad_y_diferencias_errores,1.8117104300649591,2.2524047648538117,2.0722773049912324,2.4111609386118826,2.3248912220255,-0.44069433478885256,-0.2605668749262733,-0.5994505085469235,-0.5131807919605407,0.18012745986257928,-0.15875617375807094,-0.07248645717168811,-0.3388836336206502,-0.2526139170342674,0.08626971658638283
MS,New_MS_045.wav,C:\Users\armga\OneDrive\Escritorio\TFG\Programacion objetivo\Bases de Datos\MS_New_3주기\New_MS_045.wav,afinidad_y_diferencias_errores,1.8131199408484655,2.1952596104299587,2.033494072656971,2.3211476266692443,2.2913367629707193,-0.38213966958149315,-0.2203741318085053,-0.5080276858207788,-0.4782168221222538,0.16176553777298786,-0.1258880162392857,-0.09607715254076066,-0.28765355401227355,-0.2578426903137485,0.029810863698525036
MS,New_MS_046.wav,C:\Users\armga\OneDrive\Escritorio\TFG\Programacion objetivo\Bases de Datos\MS_New_3주기\New_MS_046.wav,afinidad_y_diferencias_errores,1.7735735679004057,2.1636057276320777,2.079520506939829,2.282748138147718,2.220601670030303,-0.39003215973167205,-0.30594693903942316,-0.5091745702473123,-0.4470281021298974,0.08408522069224889,-0.11914241051564023,-0.05699594239822536,-0.20322763120788911,-0.14108116309047425,0.062146468117414866
MS,New_MS_047.wav,C:\Users\armga\OneDrive\Escritorio\TFG\Programacion objetivo\Bases de Datos\MS_New_3주기\New_MS_047.wav,afinidad_y_diferencias_errores,1.8703131850785821,2.1573213240944793,1.9826601719384356,2.3858616265561436,2.3595730281444314,-0.28700813901589717,-0.11234698685985345,-0.5155484414775615,-0.48925984306584924,0.17466115215604372,-0.22854030246166435,-0.20225170404995207,-0.40320145461770807,-0.3769128562059958,0.026288598411712272
MS,New_MS_048.wav,C:\Users\armga\OneDrive\Escritorio\TFG\Programacion objetivo\Bases de Datos\MS_New_3주기\New_MS_048.wav,afinidad_y_diferencias_errores,1.7552959654885272,2.1041314023643745,1.9584375771811435,2.2875164987764562,2.292022943702589,-0.3488354368758473,-0.20314161169261635,-0.5322205332879291,-0.536726978214062,0.14569382518323093,-0.18338509641208178,-0.18789154133821473,-0.3290789215953127,-0.33358536652144566,-0.0045064449261329464
MS,New_MS_049.wav,C:\Users\armga\OneDrive\Escritorio\TFG\Programacion objetivo\Bases de Datos\MS_New_3주기\New_MS_049.wav,afinidad_y_diferencias_errores,2.1809070620029662,2.3077053652830917,1.92385889729767,2.602994482999494,2.6700778975112454,-0.12679830328012542,0.25704816470529623,-0.42208742099652774,-0.4891708355082791,0.38384646798542166,-0.2952891177164023,-0.3623725322281537,-0.679135585701824,-0.7462190002135753,-0.06708341451175137
MS,New_MS_050.wav,C:\Users\armga\OneDrive\Escritorio\TFG\Programacion objetivo\Bases de Datos\MS_New_3주기\New_MS_050.wav,afinidad_y_diferencias_errores,2.268352274733015,2.3081698343092993,1.9098721061820758,2.536439024454533,2.638850694063211,-0.03981755957628419,0.35848016855093934,-0.268086749721518,-0.3704984193301959,0.3982977281272235,-0.22826919014523384,-0.3306808597539117,-0.6265669182724574,-0.7289785878811352,-0.10241166960867787
MS,New_MS_051.wav,C:\Users\armga\OneDrive\Escritorio\TFG\Programacion objetivo\Bases de Datos\MS_New_3주기\New_MS_051.wav,afinidad_y_diferencias_errores,2.235040000928445,2.316365453766888,1.9039676180007574,2.535006568096685,2.669861151324993,-0.08132545283844284,0.3310723829276876,-0.2999665671682399,-0.434821150396548,0.4123978357661304,-0.21864111432979705,-0.35349569755810517,-0.6310389500959275,-0.7658935333242356,-0.13485458322830812
MS,New_MS_052.wav,C:\Users\armga\OneDrive\Escritorio\TFG\Programacion objetivo\Bases de Datos\MS_New_3주기\New_MS_052.wav,afinidad_y_diferencias_errores,2.250544216923931,2.3428527065366507,1.8964329861103497,2.5857347433382056,2.6853339901624205,-0.09230848961271976,0.3541112308135812,-0.3351905264142747,-0.43478977323848955,0.44641972042630096,-0.24288203680155496,-0.3424812836257698,-0.6893017572278559,-0.7889010040520708,-0.09959924682421484
MS,New_MS_053.wav,C:\Users\armga\OneDrive\Escritorio\TFG\Programacion objetivo\Bases de Datos\MS_New_3주기\New_MS_053.wav,afinidad_y_diferencias_errores,1.3024432096834553,2.0255544775890137,2.079646979679994,2.047621766616361,2.0430443818579165,-0.7231112679055585,-0.7772037699965386,-0.7451785569329057,-0.7406011721744612,-0.054092502090980155,-0.022067289027347226,-0.017489904268902734,0.03202521306363293,0.03660259782207742,0.0045773847584444916
MS,New_MS_054.wav,C:\Users\armga\OneDrive\Escritorio\TFG\Programacion objetivo\Bases de Datos\MS_New_3주기\New_MS_054.wav,afinidad_y_diferencias_errores,1.3894036818788547,2.03092216272677,2.040739918005193,2.069141949403557,2.0847342496907157,-0.6415184808479155,-0.6513362361263384,-0.6797382675247021,-0.6953305678118611,-0.00981775527842288,-0.038219786676786605,-0.05381208696394557,-0.028402031398363725,-0.04399433168552269,-0.015592300287158967
MS,New_MS_055.wav,C:\Users\armga\OneDrive\Escritorio\TFG\Programacion objetivo\Bases de Datos\MS_New_3주기\New_MS_055.wav,afinidad_y_diferencias_errores,1.3016399481376673,2.0061821971265164,2.0555314623444794,2.02724140072443,2.025493825252076,-0.7045422489888491,-0.7538915142068121,-0.7256014525867629,-0.7238538771144087,-0.04934926521796301,-0.0210592035979138,-0.019311628125559643,0.02829006162004921,0.03003763709240337,0.001747575472354157
MS,New_MS_056.wav,C:\Users\armga\OneDrive\Escritorio\TFG\Programacion objetivo\Bases de Datos\MS_New_3주기\New_MS_056.wav,afinidad_y_diferencias_errores,1.3345946884003996,1.9867892046733413,2.0491263737772005,2.083446136111309,2.059161902441964,-0.6521945162729417,-0.7145316853768009,-0.7488514477109092,-0.7245672140415642,-0.062337169103859225,-0.0966569314379675,-0.07237269776862254,-0.03431976233410827,-0.010035528664763316,0.024284233669344957
MS,New_MS_057.wav,C:\Users\armga\OneDrive\Escritorio\TFG\Programacion objetivo\Bases de Datos\MS_New_3주기\New_MS_057.wav,afinidad_y_diferencias_errores,1.2458644620519905,2.0196137187953185,2.031846161205811,1.9886472719757946,2.0196232906305505,-0.773749256743328,-0.7859816991538207,-0.7427828099238041,-0.7737588285785599,-0.012232442410492705,0.030966446819523874,-9.571835231980685e-06,0.04319888923001658,0.012222870575260725,-0.030976018654755855
MS,New_MS_058.wav,C:\Users\armga\OneDrive\Escritorio\TFG\Programacion objetivo\Bases de Datos\MS_New_3주기\New_MS_058.wav,afinidad_y_diferencias_errores,1.35039321600141,2.0019393781914494,2.014986247166088,2.035495505544799,2.056536132759384,-0.6515461621900394,-0.6645930311646779,-0.6851022895433889,-0.7061429167579738,-0.013046868974638581,-0.03355612735334956,-0.05459675456793445,-0.02050925837871098,-0.041549885593295866,-0.021040627214584884
MS,New_MS_059.wav,C:\Users\armga\OneDrive\Escritorio\TFG\Programacion objetivo\Bases de Datos\MS_New_3주기\New_MS_059.wav,afinidad_y_diferencias_errores,1.8546707349781084,2.1346553663125856,1.9710502631986944,2.3686990660570966,2.343852610249045,-0.27998463133447715,-0.11637952822058595,-0.5140283310789882,-0.4891818752709367,0.1636051031138912,-0.234043699744511,-0.20919724393645955,-0.3976488028584022,-0.37280234705035076,0.02484645580805145
MS,New_MS_060.wav,C:\Users\armga\OneDrive\Escritorio\TFG\Programacion objetivo\Bases de Datos\MS_New_3주기\New_MS_060.wav,afinidad_y_diferencias_errores,1.743030382684905,2.2086545980210683,2.1120222021452824,2.336746320411203,2.239265973280187,-0.4656242153361634,-0.3689918194603774,-0.5937159377262982,-0.4962355905952822,0.09663239587578598,-0.12809172239013478,-0.030611375259118834,-0.22472411826592076,-0.12724377113490482,0.09748034713101594
MS,New_MS_061.wav,C:\Users\armga\OneDrive\Escritorio\TFG\Programacion objetivo\Bases de Datos\MS_New_3주기\New_MS_061.wav,afinidad_y_diferencias_errores,1.800017278192281,2.242496814989422,2.084610309031994,2.397005185823808,2.3756336859776,-0.44247953679714125,-0.2845930308397129,-0.596987907631527,-0.5756164077853192,0.15788650595742837,-0.15450837083438573,-0.13313687098817795,-0.3123948767918141,-0.2910233769456063,0.021371499846207787
MS,New_MS_062.wav,C:\Users\armga\OneDrive\Escritorio\TFG\Programacion objetivo\Bases de Datos\MS_New_3주기\New_MS_062.wav,afinidad_y_diferencias_errores,1.8241758865601165,2.2618972418475476,2.0481328839841457,2.4475221750452794,2.406325875046425,-0.43772135528743106,-0.2239569974240292,-0.6233462884851628,-0.5821499884863084,0.21376435786340187,-0.18562493319773177,-0.14442863319887733,-0.39938929106113363,-0.3581929910622792,0.041196299998854435
MS,New_MS_063.wav,C:\Users\armga\OneDrive\Escritorio\TFG\Programacion objetivo\Bases de Datos\MS_New_3주기\New_MS_063.wav,afinidad_y_diferencias_errores,1.7932201542513582,2.143559512941186,1.9750186263912148,2.341416866695709,2.3604710330546497,-0.350339358689828,-0.18179847213985667,-0.548196712444351,-0.5672508788032915,0.16854088654997135,-0.19785735375452296,-0.21691152011346349,-0.3663982403044943,-0.38545240666343483,-0.019054166358940527
MS,New_MS_064.wav,C:\Users\armga\OneDrive\Escritorio\TFG\Programacion objetivo\Bases de Datos\MS_New_3주기\New_MS_064.wav,afinidad_y_diferencias_errores,1.8635344267152698,2.2516824525056816,2.103087740773346,2.4008724081208612,2.3400447386347363,-0.38814802579041174,-0.23955331405807634,-0.5373379814055914,-0.47651031191946647,0.1485947117323354,-0.14918995561517967,-0.08836228612905472,-0.2977846673475151,-0.23695699786139013,0.06082766948612495
MS,New_MS_065.wav,C:\Users\armga\OneDrive\Escritorio\TFG\Programacion objetivo\Bases de Datos\MS_New_3주기\New_MS_065.wav,afinidad_y_diferencias_errores,1.7868880555609439,2.2161028676719847,2.072730061591861,2.3559117083818895,2.3260959900043585,-0.42921481211104084,-0.28584200603091703,-0.5690236528209456,-0.5392079344434146,0.14337280608012382,-0.13980884070990474,-0.1099931223323738,-0.28318164679002855,-0.2533659284124976,0.029815718377530942
MS,New_MS_066.wav,C:\Users\armga\OneDrive\Escritorio\TFG\Programacion objetivo\Bases de Datos\MS_New_3주기\New_MS_066.wav,afinidad_y_diferencias_errores,1.7786221681991017,2.0853199448940796,2.0151197198462456,2.33146818393005,2.276030174008148,-0.3066977766949779,-0.23649755164714392,-0.5528460157309483,-0.4974080058090462,0.07020022504783396,-0.24614823903597038,-0.19071022911406832,-0.31634846408380435,-0.2609104541619023,0.055438009921902065
MS,New_MS_067.wav,C:\Users\armga\OneDrive\Escritorio\TFG\Programacion objetivo\Bases de Datos\MS_New_3주기\New_MS_067.wav,afinidad_y_diferencias_errores,1.8088163424906645,2.2168965979255564,2.0246197702749664,2.3730253836791473,2.37030878858099,-0.4080802554348919,-0.21580342778430195,-0.5642090411884828,-0.5614924460903254,0.19227682765058995,-0.1561287857535909,-0.15341219065543354,-0.34840561340418086,-0.3456890183060235,0.0027165950981573594
MS,New_MS_068.wav,C:\Users\armga\OneDrive\Escritorio\TFG\Programacion objetivo\Bases de Datos\MS_New_3주기\New_MS_068.wav,afinidad_y_diferencias_errores,1.7357219671686333,2.2988638926066276,2.126141191778945,2.5461198638361893,2.4510588085790532,-0.5631419254379944,-0.39041922461031153,-0.810397896667556,-0.71533684141042,0.17272270082768282,-0.24725597122956167,-0.15219491597242563,-0.4199786720572445,-0.32491761680010844,0.09506105525713604
MS,New_MS_069.wav,C:\Users\armga\OneDrive\Escritorio\TFG\Programacion objetivo\Bases de Datos\MS_New_3주기\New_MS_069.wav,afinidad_y_diferencias_errores,1.7868172227079677,2.277390614144592,2.114610951736832,2.4023910143571627,2.3998540228810765,-0.4905733914366244,-0.32779372902886417,-0.615573791649195,-0.6130368001731088,0.1627796624077602,-0.12500040021257064,-0.12246340873648442,-0.28778006262033085,-0.28524307114424463,0.0025369914760862144
MS,New_MS_070.wav,C:\Users\armga\OneDrive\Escritorio\TFG\Programacion objetivo\Bases de Datos\MS_New_3주기\New_MS_070.wav,afinidad_y_diferencias_errores,1.7645446519113592,2.1208961362447893,2.04421295267796,2.347332147525642,2.3181096578917595,-0.3563514843334301,-0.27966830076660076,-0.5827874956142829,-0.5535650059804003,0.07668318356682935,-0.22643601128085278,-0.19721352164697015,-0.3031191948476821,-0.2738967052137995,0.02922248963388263
MS,New_MS_071.wav,C:\Users\armga\OneDrive\Escritorio\TFG\Programacion objetivo\Bases de Datos\MS_New_3주기\New_MS_071.wav,afinidad_y_diferencias_errores,1.7922117191487956,2.0849386297847032,1.973534108921154,2.221015432982149,2.232936662040334,-0.2927269106359076,-0.18132238977235837,-0.4288037138333536,-0.4407249428915385,0.11140452086354924,-0.13607680319744597,-0.1479980322556309,-0.2474813240609952,-0.25940255311918015,-0.011921229058184935
MS,New_MS_072.wav,C:\Users\armga\OneDrive\Escritorio\TFG\Programacion objetivo\Bases de Datos\MS_New_3주기\New_MS_072.wav,afinidad_y_diferencias_errores,1.7218610176997124,2.192094476233973,2.06134965631887,2.291432931851917,2.2699837475680047,-0.4702334585342607,-0.33948863861915735,-0.5695719141522044,-0.5481227298682922,0.13074481991510334,-0.09933845561794374,-0.07788927133403156,-0.23008327553304708,-0.2086340912491349,0.02144918428391218
MS,New_MS_073.wav,C:\Users\armga\OneDrive\Escritorio\TFG\Programacion objetivo\Bases de Datos\MS_New_3주기\New_MS_073.wav,afinidad_y_diferencias_errores,1.7994169805159044,2.2105584051653357,2.0353987447951987,2.3743944525540757,2.379507614842433,-0.4111414246494314,-0.2359817642792943,-0.5749774720381713,-0.5800906343265284,0.17515966037013708,-0.1638360473887399,-0.16894920967709703,-0.338995707758877,-0.3441088700472341,-0.00511316228835712
MS,New_MS_074.wav,C:\Users\armga\OneDrive\Escritorio\TFG\Programacion objetivo\Bases de Datos\MS_New_3주기\New_MS_074.wav,afinidad_y_diferencias_errores,1.8509220544145668,2.3599189970304915,2.1659181676952857,2.5578724469874974,2.489661125307103,-0.5089969426159247,-0.31499611328071886,-0.7069503925729306,-0.638739070892536,0.1940008293352058,-0.19795344995700592,-0.12974212827661136,-0.3919542792922117,-0.32374295761181715,0.06821132168039457
MS,New_MS_075.wav,C:\Users\armga\OneDrive\Escritorio\TFG\Programacion objetivo\Bases de Datos\MS_New_3주기\New_MS_075.wav,afinidad_y_diferencias_errores,1.88727247898281,2.243518595443091,2.167579314332985,2.484596434743321,2.3564999023462336,-0.35624611646028126,-0.280306835350175,-0.5973239557605112,-0.4692274233634237,0.07593928111010628,-0.24107783930022997,-0.11298130690314245,-0.31701712041033625,-0.18892058801324874,0.12809653239708751
MS,New_MS_076.wav,C:\Users\armga\OneDrive\Escritorio\TFG\Programacion objetivo\Bases de Datos\MS_New_3주기\New_MS_076.wav,afinidad_y_diferencias_errores,1.9093043448738494,2.277159357565871,2.1203845020301566,2.408576172532419,2.351284160789116,-0.3678550126920215,-0.21108015715630724,-0.4992718276585697,-0.4419798159152666,0.15677485553571424,-0.13141681496654822,-0.0741248032232451,-0.28819167050226246,-0.23089965875895935,0.05729201174330312
MS,New_MS_077.wav,C:\Users\armga\OneDrive\Escritorio\TFG\Programacion objetivo\Bases de Datos\MS_New_3주기\New_MS_077.wav,afinidad_y_diferencias_errores,1.7929476037846372,2.195419784609917,1.9755073020722442,2.3789389382674164,2.2809761655434957,-0.4024721808252796,-0.182559698287607,-0.5859913344827792,-0.48802856175885845,0.2199124825376726,-0.1835191536574996,-0.08555638093357887,-0.4034316361951722,-0.30546886347125146,0.09796277272392073
MS,New_MS_078.wav,C:\Users\armga\OneDrive\Escritorio\TFG\Programacion objetivo\Bases de Datos\MS_New_3주기\New_MS_078.wav,afinidad_y_diferencias_errores,1.9189816827000123,2.2606198712491077,2.0148159311616642,2.3595950222117406,2.396066501171949,-0.34163818854909533,-0.0958342484616519,-0.4406133395117282,-0.47708481847193673,0.24580394008744344,-0.09897515096263287,-0.1354466299228414,-0.3447790910500763,-0.38125057001028484,-0.036471478960208525
MS,New_MS_079.wav,C:\Users\armga\OneDrive\Escritorio\TFG\Programacion objetivo\Bases de Datos\MS_New_3주기\New_MS_079.wav,afinidad_y_diferencias_errores,1.7524087632571121,2.175787273152235,2.0248548887802196,2.410588341471085,2.350951403515125,-0.42337850989512305,-0.27244612552310743,-0.6581795782139728,-0.598542640258013,0.15093238437201562,-0.23480106831884973,-0.1751641303628899,-0.38573345269086534,-0.32609651473490553,0.05963693795595981
MS,New_MS_080.wav,C:\Users\armga\OneDrive\Escritorio\TFG\Programacion objetivo\Bases de Datos\MS_New_3주기\New_MS_080.wav,afinidad_y_diferencias_errores,1.7742086875306937,2.1811099785227266,2.0237582392819533,2.3431291914625683,2.357073792000614,-0.40690129099203287,-0.2495495517512596,-0.5689205039318745,-0.5828651044699205,0.15735173924077328,-0.16201921293984167,-0.1759638134778876,-0.31937095218061495,-0.33331555271866087,-0.013944600538045915
MS,New_MS_081.wav,C:\Users\armga\OneDrive\Escritorio\TFG\Programacion objetivo\Bases de Datos\MS_New_3주기\New_MS_081.wav,afinidad_y_diferencias_errores,1.8018712119644829,2.223409280604095,2.0677236458847603,2.40409913356236,2.392631083551723,-0.42153806863961196,-0.26585243392027746,-0.602227921597877,-0.5907598715872402,0.1556856347193345,-0.180689852958265,-0.16922180294762823,-0.3363754876775995,-0.32490743766696273,0.011468050010636777
MS,New_MS_082.wav,C:\Users\armga\OneDrive\Escritorio\TFG\Programacion objetivo\Bases de Datos\MS_New_3주기\New_MS_082.wav,afinidad_y_diferencias_errores,1.6821168375507836,2.1007181490671294,1.9564019095554566,2.1989551018824867,2.146985440469666,-0.41860131151634583,-0.274285072004673,-0.5168382643317031,-0.46486860291888243,0.14431623951167283,-0.09823695281535727,-0.0462672914025366,-0.2425531923270301,-0.19058353091420943,0.05196966141282067
MS,New_MS_083.wav,C:\Users\armga\OneDrive\Escritorio\TFG\Programacion objetivo\Bases de Datos\MS_New_3주기\New_MS_083.wav,afinidad_y_diferencias_errores,1.777680065062095,2.2111539924989043,2.0267203661149873,2.3255456122702887,2.2760749909210944,-0.43347392743680935,-0.24904030105289232,-0.5478655472081937,-0.49839492585899947,0.18443362638391703,-0.11439161977138435,-0.06492099842219012,-0.29882524615530137,-0.24935462480610715,0.04947062134919422
MS,New_MS_084.wav,C:\Users\armga\OneDrive\Escritorio\TFG\Programacion objetivo\Bases de Datos\MS_New_3주기\New_MS_084.wav,afinidad_y_diferencias_errores,1.8560805921490744,2.2025653779839405,2.0706830266568903,2.4008842635725682,2.36499239755768,-0.3464847858348661,-0.2146024345078159,-0.5448036714234938,-0.5089118054086057,0.13188235132705017,-0.19831888558862776,-0.16242701957373962,-0.33020123691567793,-0.2943093709007898,0.03589186601488814
MS,New_MS_085.wav,C:\Users\armga\OneDrive\Escritorio\TFG\Programacion objetivo\Bases de Datos\MS_New_3주기\New_MS_085.wav,afinidad_y_diferencias_errores,1.821400390623426,2.232152195390443,2.082255432002465,2.442838288288636,2.4071886045886712,-0.4107518047670171,-0.2608550413790389,-0.6214378976652102,-0.5857882139652453,0.1498967633879782,-0.21068609289819307,-0.17503640919822816,-0.36058285628617126,-0.32493317258620635,0.03564968369996491
MS,New_MS_086.wav,C:\Users\armga\OneDrive\Escritorio\TFG\Programacion objetivo\Bases de Datos\MS_New_3주기\New_MS_086.wav,afinidad_y_diferencias_errores,1.8256897658747475,2.20551948912378,2.0449575632023405,2.416376007545757,2.3604945621820668,-0.3798297232490324,-0.21926779732759294,-0.5906862416710095,-0.5348047963073193,0.16056192592143947,-0.21085651842197706,-0.15497507305828684,-0.37141844434341653,-0.3155369989797263,0.05588144536369022
MS,New_MS_087.wav,C:\Users\armga\OneDrive\Escritorio\TFG\Programacion objetivo\Bases de Datos\MS_New_3주기\New_MS_087.wav,afinidad_y_diferencias_errores,0.6650293972536323,1.9259730222505795,1.8088346174157721,1.8685576052574608,1.3401142846923069,-1.2609436249969472,-1.1438052201621398,-1.2035282080038285,-0.6750848874386746,0.11713840483480742,0.057415416993118695,0.5858587375582727,-0.059722987841688724,0.46872033272346525,0.528443320565154
MS,New_MS_088.wav,C:\Users\armga\OneDrive\Escritorio\TFG\Programacion objetivo\Bases de Datos\MS_New_3주기\New_MS_088.wav,afinidad_y_diferencias_errores,1.8192758441479884,2.281261833679812,1.7523825518146905,2.5841792633176306,2.5086703489983564,-0.4619859895318237,0.06689329233329788,-0.7649034191696422,-0.689394504850368,0.5288792818651216,-0.30291742963781854,-0.22740851531854434,-0.8317967115029401,-0.7562877971836659,0.0755089143192742
MS,New_MS_089.wav,C:\Users\armga\OneDrive\Escritorio\TFG\Programacion objetivo\Bases de Datos\MS_New_3주기\New_MS_089.wav,afinidad_y_diferencias_errores,0.9033742939915392,2.032483439509339,1.7092926262398347,2.0808074913469983,1.5377259028762167,-1.1291091455178,-0.8059183322482955,-1.177433197355459,-0.6343516088846775,0.3231908132695045,-0.04832405183765909,0.4947575366331225,-0.3715148651071636,0.171566723363618,0.5430815884707816
MS,New_MS_090.wav,C:\Users\armga\OneDrive\Escritorio\TFG\Programacion objetivo\Bases de Datos\MS_New_3주기\New_MS_090.wav,afinidad_y_diferencias_errores,1.8851276239737993,2.4130886940735463,2.1650080977065262,2.5053648194620424,2.607864407294682,-0.527961070099747,-0.27988047373272695,-0.6202371954882431,-0.7227367833208829,0.24808059636702007,-0.09227612538849606,-0.19477571322113585,-0.3403567217555161,-0.4428563095881559,-0.1024995878326398
MS,New_MS_091.wav,C:\Users\armga\OneDrive\Escritorio\TFG\Programacion objetivo\Bases de Datos\MS_New_3주기\New_MS_091.wav,afinidad_y_diferencias_errores,1.83876861148438,2.442941759066324,2.142996320020434,2.5981656084002522,2.6550563560556624,-0.6041731475819438,-0.30422770853605385,-0.7593969969158723,-0.8162877445712824,0.29994543904589,-0.1552238493339284,-0.21211459698933854,-0.4551692883798184,-0.5120600360352285,-0.056890747655410134
MS,New_MS_092.wav,C:\Users\armga\OneDrive\Escritorio\TFG\Programacion objetivo\Bases de Datos\MS_New_3주기\New_MS_092.wav,afinidad_y_diferencias_errores,1.6605516286575246,2.301302132621438,2.0752940022954816,2.362701851284599,2.2900197723506683,-0.6407505039639134,-0.41474237363795696,-0.7021502226270746,-0.6294681436931437,0.22600813032595646,-0.061399718663161185,0.011282360270769676,-0.28740784898911764,-0.21472577005518678,0.07268207893393086
MS,New_MS_093.wav,C:\Users\armga\OneDrive\Escritorio\TFG\Programacion objetivo\Bases de Datos\MS_New_3주기\New_MS_093.wav,afinidad_y_diferencias_errores,1.8105951882985576,2.304824758666643,2.0777500870897985,2.420122278784922,2.4179332691521696,-0.49422957036808524,-0.2671548987912409,-0.6095270904863643,-0.607338080853612,0.22707467157684436,-0.1152975201182791,-0.11310851048552673,-0.34237219169512345,-0.3401831820623711,0.00218900963275237
MS,New_MS_094.wav,C:\Users\armga\OneDrive\Escritorio\TFG\Programacion objetivo\Bases de Datos\MS_New_3주기\New_MS_094.wav,afinidad_y_diferencias_errores,1.904190107827522,2.376181419634949,2.0764540276493855,2.545223352373164,2.6313327900918555,-0.4719913118074268,-0.1722639198218634,-0.6410332445456419,-0.7271426822643334,0.2997273919855634,-0.1690419327382151,-0.2551513704569066,-0.4687693247237785,-0.55487876244247,-0.0861094377186915
MS,New_MS_095.wav,C:\Users\armga\OneDrive\Escritorio\TFG\Programacion objetivo\Bases de Datos\MS_New_3주기\New_MS_095.wav,afinidad_y_diferencias_errores,1.9050574765496309,2.4103131439761425,2.161420042943334,2.6001243804051293,2.6399897734560303,-0.5052556674265116,-0.25636256639370303,-0.6950669038554984,-0.7349322969063994,0.2488931010328086,-0.18981123642898678,-0.22967662947988776,-0.4387043374617954,-0.47856973051269636,-0.03986539305090098
MS,New_MS_096.wav,C:\Users\armga\OneDrive\Escritorio\TFG\Programacion objetivo\Bases de Datos\MS_New_3주기\New_MS_096.wav,afinidad_y_diferencias_errores,1.4607447400943163,2.1541914333217007,2.0650680398403223,2.3476293690989474,2.1849374506173653,-0.6934466932273844,-0.604323299746006,-0.886884629004631,-0.724192710523049,0.08912339348137843,-0.19343793577724666,-0.03074601729566462,-0.2825613292586251,-0.11986941077704305,0.16269191848158204
MS,New_MS_097.wav,C:\Users\armga\OneDrive\Escritorio\TFG\Programacion objetivo\Bases de Datos\MS_New_3주기\New_MS_097.wav,afinidad_y_diferencias_errores,1.7158499536931988,2.3033811498187644,2.044338135620685,2.5109670842498115,2.493629850078077,-0.5875311961255656,-0.3284881819274863,-0.7951171305566127,-0.7777798963848783,0.2590430141980793,-0.20758593443104711,-0.19024870025931273,-0.4666289486291264,-0.449291714457392,0.017337234171734384
MS,New_MS_098.wav,C:\Users\armga\OneDrive\Escritorio\TFG\Programacion objetivo\Bases de Datos\MS_New_3주기\New_MS_098.wav,afinidad_y_diferencias_errores,1.647509846242502,2.2490820249271373,2.0869739747816247,2.352267727138263,2.3556012405983475,-0.6015721786846353,-0.43946412853912276,-0.7047578808957609,-0.7080913943558456,0.16210805014551255,-0.10318570221112555,-0.10651921567121025,-0.2652937523566381,-0.2686272658167228,-0.0033335134600847027
MS,New_MS_099.wav,C:\Users\armga\OneDrive\Escritorio\TFG\Programacion objetivo\Bases de Datos\MS_New_3주기\New_MS_099.wav,afinidad_y_diferencias_errores,1.824408668342387,2.2263352171357735,2.0096037069811694,2.3247561150831966,2.341976967099947,-0.4019265487933865,-0.1851950386387824,-0.5003474467408096,-0.51756829875756,0.21673151015460412,-0.09842089794742304,-0.11564174996417353,-0.31515240810202716,-0.33237326011877766,-0.0172208520167505
MS,New_MS_100.wav,C:\Users\armga\OneDrive\Escritorio\TFG\Programacion objetivo\Bases de Datos\MS_New_3주기\New_MS_100.wav,afinidad_y_diferencias_errores,1.6412058795609326,2.2928614669329557,2.118211631476159,2.4664762143441243,2.433000108097297,-0.6516555873720231,-0.47700575191522643,-0.8252703347831918,-0.7917942285363646,0.1746498354567967,-0.17361474741116867,-0.1401386411643415,-0.34826458286796536,-0.3147884766211382,0.033476106246827175
MS,New_MS_101.wav,C:\Users\armga\OneDrive\Escritorio\TFG\Programacion objetivo\Bases de Datos\MS_New_3주기\New_MS_101.wav,afinidad_y_diferencias_errores,1.863171946319968,2.3788612657209796,2.177738821758985,2.5340704462551193,2.581525679345474,-0.5156893194010115,-0.31456687543901696,-0.6708984999351513,-0.7183537330255061,0.20112244396199452,-0.1552091805341398,-0.2026644136244946,-0.3563316244961343,-0.40378685758648913,-0.04745523309035482
MS,New_MS_102.wav,C:\Users\armga\OneDrive\Escritorio\TFG\Programacion objetivo\Bases de Datos\MS_New_3주기\New_MS_102.wav,afinidad_y_diferencias_errores,1.7314537962505725,2.316935860325034,2.0711303795600675,2.413088873412631,2.392499351796424,-0.5854820640744614,-0.339676583309495,-0.6816350771620583,-0.6610455555458514,0.24580548076496633,-0.09615301308759694,-0.07556349147139008,-0.34195849385256327,-0.3213689722363564,0.020589521616206863
MS,New_MS_103.wav,C:\Users\armga\OneDrive\Escritorio\TFG\Programacion objetivo\Bases de Datos\MS_New_3주기\New_MS_103.wav,afinidad_y_diferencias_errores,1.953083353507129,2.3710672380902005,2.1773773488407593,2.501437414951057,2.5559402260221353,-0.41798388458307145,-0.22429399533363026,-0.5483540614439282,-0.6028568725150063,0.1936898892494412,-0.13037017686085672,-0.18487298793193485,-0.3240600661102979,-0.37856287718137605,-0.05450281107107813
MS,New_MS_104.wav,C:\Users\armga\OneDrive\Escritorio\TFG\Programacion objetivo\Bases de Datos\MS_New_3주기\New_MS_104.wav,afinidad_y_diferencias_errores,1.9157271679674552,2.403418987155491,2.1600629960740823,2.636111722949312,2.58670595454661,-0.4876918191880357,-0.24433582810662702,-0.7203845549818568,-0.6709787865791548,0.2433559910814087,-0.2326927357938211,-0.18328696739111905,-0.4760487268752298,-0.42664295847252776,0.049405768402702055
MS,New_MS_105.wav,C:\Users\armga\OneDrive\Escritorio\TFG\Programacion objetivo\Bases de Datos\MS_New_3주기\New_MS_105.wav,afinidad_y_diferencias_errores,2.0829288855189994,2.3574972225388735,2.0396054930720724,2.496015434954589,2.65229239484387,-0.27456833701987415,0.043323392446926956,-0.41308654943558976,-0.5693635093248708,0.3178917294668011,-0.1385182124157156,-0.29479517230499663,-0.4564099418825167,-0.6126869017717977,-0.15627695988928103
MS,New_MS_106.wav,C:\Users\armga\OneDrive\Escritorio\TFG\Programacion objetivo\Bases de Datos\MS_New_3주기\New_MS_106.wav,afinidad_y_diferencias_errores,1.9422873763018245,2.470704903300702,2.189138190274842,2.5515286557728287,2.5322301994988545,-0.5284175269988773,-0.24685081397301745,-0.6092412794710043,-0.5899428231970301,0.2815667130258599,-0.08082375247212692,-0.061525296198152724,-0.3623904654979868,-0.3430920092240126,0.019298456273974196
MS,New_MS_107.wav,C:\Users\armga\OneDrive\Escritorio\TFG\Programacion objetivo\Bases de Datos\MS_New_3주기\New_MS_107.wav,afinidad_y_diferencias_errores,1.9027770374135724,2.348518970606737,2.0850194814381244,2.4549378755025195,2.411839805712618,-0.4457419331931647,-0.18224244402455203,-0.5521608380889471,-0.5090627682990456,0.26349948916861266,-0.10641890489578243,-0.06332083510588093,-0.3699183940643951,-0.3268203242744936,0.043098069789901494
MS,New_MS_108.wav,C:\Users\armga\OneDrive\Escritorio\TFG\Programacion objetivo\Bases de Datos\MS_New_3주기\New_MS_108.wav,afinidad_y_diferencias_errores,1.8332866747664227,2.4003171878491516,2.1501536718572765,2.557566829551941,2.5786263706325805,-0.5670305130827289,-0.31686699709085375,-0.7242801547855182,-0.7453396958661578,0.25016351599187514,-0.15724964170278932,-0.1783091827834289,-0.40741315769466446,-0.42847269877530403,-0.021059541080639566
MS,New_MS_109.wav,C:\Users\armga\OneDrive\Escritorio\TFG\Programacion objetivo\Bases de Datos\MS_New_3주기\New_MS_109.wav,afinidad_y_diferencias_errores,1.711017578225803,2.237652013531857,2.068189424567559,2.369511590210992,2.4414364017347716,-0.5266344353060541,-0.35717184634175614,-0.6584940119851888,-0.7304188235089686,0.169462588964298,-0.13185957667913462,-0.20378438820291445,-0.3013221656434326,-0.37324697716721245,-0.07192481152377983
MS,New_MS_110.wav,C:\Users\armga\OneDrive\Escritorio\TFG\Programacion objetivo\Bases de Datos\MS_New_3주기\New_MS_110.wav,afinidad_y_diferencias_errores,1.846752540422904,2.350843238000699,2.1141742995404504,2.43019997274449,2.4690611800688194,-0.504090697577795,-0.2674217591175465,-0.5834474323215859,-0.6223086396459154,0.2366689384602485,-0.0793567347437909,-0.11821794206812042,-0.3160256732040394,-0.3548868805283689,-0.038861207324329516
MS,New_MS_111.wav,C:\Users\armga\OneDrive\Escritorio\TFG\Programacion objetivo\Bases de Datos\MS_New_3주기\New_MS_111.wav,afinidad_y_diferencias_errores,1.7795255330269246,2.269518464703363,2.0692031816324215,2.3843585633327886,2.3714767524265867,-0.4899929316764384,-0.28967764860549683,-0.604833030305864,-0.5919512193996621,0.2003152830709416,-0.11484009862942557,-0.10195828772322368,-0.31515538170036717,-0.3022735707941653,0.012881810906201885
MS,New_MS_112.wav,C:\Users\armga\OneDrive\Escritorio\TFG\Programacion objetivo\Bases de Datos\MS_New_3주기\New_MS_112.wav,afinidad_y_diferencias_errores,1.758877831533015,2.3776241362386434,2.1313481988685434,2.4741328635822852,2.4944267641777653,-0.6187463047056285,-0.3724703673355285,-0.7152550320492703,-0.7355489326447504,0.2462759373701,-0.0965087273436418,-0.11680262793912188,-0.3427846647137418,-0.3630785653092219,-0.020293900595480086
MS,New_MS_113.wav,C:\Users\armga\OneDrive\Escritorio\TFG\Programacion objetivo\Bases de Datos\MS_New_3주기\New_MS_113.wav,afinidad_y_diferencias_errores,1.49297053565841,2.260468731070934,2.1055054924515186,2.451464686297077,2.3629086538169926,-0.767498195412524,-0.6125349567931087,-0.958494150638667,-0.8699381181585826,0.1549632386194153,-0.1909959552261431,-0.10243992274605862,-0.3459591938455584,-0.2574031613654739,0.08855603248008448
MS,New_MS_114.wav,C:\Users\armga\OneDrive\Escritorio\TFG\Programacion objetivo\Bases de Datos\MS_New_3주기\New_MS_114.wav,afinidad_y_diferencias_errores,1.8091068547145492,2.223323722669417,2.0256881599177565,2.332693805626264,2.352572490151642,-0.4142168679548677,-0.21658130520320729,-0.5235869509117146,-0.5434656354370926,0.1976355627516604,-0.10937008295684691,-0.1292487674822249,-0.3070056457085073,-0.3268843302338853,-0.019878684525378
MS,New_MS_115.wav,C:\Users\armga\OneDrive\Escritorio\TFG\Programacion objetivo\Bases de Datos\MS_New_3주기\New_MS_115.wav,afinidad_y_diferencias_errores,1.7130921008004234,2.310748486629597,2.0896704972940485,2.4301927874192133,2.4992956494320593,-0.5976563858291735,-0.3765783964936251,-0.7171006866187899,-0.7862035486316359,0.22107798933554834,-0.11944430078961643,-0.18854716280246242,-0.3405222901251648,-0.40962515213801076,-0.06910286201284599
MS,New_MS_116.wav,C:\Users\armga\OneDrive\Escritorio\TFG\Programacion objetivo\Bases de Datos\MS_New_3주기\New_MS_116.wav,afinidad_y_diferencias_errores,1.8475458594282672,2.454206223606968,2.181286519043133,2.6470456828373368,2.6785795252550564,-0.606660364178701,-0.33374065961486576,-0.7994998234090696,-0.8310336658267892,0.2729197045638352,-0.1928394592303686,-0.22437330164808822,-0.4657591637942038,-0.4972930062119234,-0.031533842417719615
MS,New_MS_117.wav,C:\Users\armga\OneDrive\Escritorio\TFG\Programacion objetivo\Bases de Datos\MS_New_3주기\New_MS_117.wav,afinidad_y_diferencias_errores,1.6351898855987523,2.3199081080694044,2.125963675037102,2.4639611236944945,2.48450214247937,-0.6847182224706521,-0.4907737894383495,-0.8287712380957422,-0.8493122568806177,0.19394443303230258,-0.1440530156250901,-0.16459403440996567,-0.3379974486573927,-0.35853846744226825,-0.020541018784875575
MS,New_MS_118.wav,C:\Users\armga\OneDrive\Escritorio\TFG\Programacion objetivo\Bases de Datos\MS_New_3주기\New_MS_118.wav,afinidad_y_diferencias_errores,0.8998732377269651,2.01423696061882,1.6972866828238977,2.058835276508765,1.5261864755663723,-1.1143637228918548,-0.7974134450969326,-1.1589620387817998,-0.6263132378394072,0.31695027779492224,-0.044598315889945006,0.48805048505244764,-0.36154859368486725,0.1711002072575254,0.5326488009423926
MS,New_MS_119.wav,C:\Users\armga\OneDrive\Escritorio\TFG\Programacion objetivo\Bases de Datos\MS_New_3주기\New_MS_119.wav,afinidad_y_diferencias_errores,1.8780391258252833,2.1243855417334885,1.8961931285728164,2.4411820990157027,2.4211112814551425,-0.24634641590820516,-0.018154002747533093,-0.5631429731904194,-0.5430721556298592,0.22819241316067207,-0.31679655728221423,-0.29672573972165406,-0.5449889704428863,-0.5249181528823261,0.020070817560560172
MS,New_MS_120.wav,C:\Users\armga\OneDrive\Escritorio\TFG\Programacion objetivo\Bases de Datos\MS_New_3주기\New_MS_120.wav,afinidad_y_diferencias_errores,1.960926517371197,2.164172714564524,1.8646387222528906,2.460083540290662,2.4625297251956324,-0.20324619719332726,0.09628779511830632,-0.49915702291946507,-0.5016032078244355,0.2995339923116336,-0.2959108257261378,-0.2983570106311082,-0.5954448180377714,-0.5978910029427418,-0.0024461849049703943
MS,New_MS_121.wav,C:\Users\armga\OneDrive\Escritorio\TFG\Programacion objetivo\Bases de Datos\MS_New_3주기\New_MS_121.wav,afinidad_y_diferencias_errores,1.9699365019897177,2.1609301435037556,1.8756003492509847,2.44810502073253,2.443823458223905,-0.19099364151403786,0.09433615273873297,-0.4781685187428122,-0.4738869562341874,0.28532979425277083,-0.28717487722877433,-0.28289331472014956,-0.5725046714815452,-0.5682231089729204,0.00428156250862477
MS,New_MS_122.wav,C:\Users\armga\OneDrive\Escritorio\TFG\Programacion objetivo\Bases de Datos\MS_New_3주기\New_MS_122.wav,afinidad_y_diferencias_errores,1.91774816722297,2.1431278051270057,1.8534727001518267,2.3990125224632823,2.408000885868726,-0.2253796379040358,0.06427546707114318,-0.4812643552403124,-0.4902527186457559,0.289655104975179,-0.2558847173362766,-0.2648730807417201,-0.5455398223114556,-0.5545281857168991,-0.008988363405443511
MS,New_MS_123.wav,C:\Users\armga\OneDrive\Escritorio\TFG\Programacion objetivo\Bases de Datos\MS_New_3주기\New_MS_123.wav,afinidad_y_diferencias_errores,1.9266563777346577,2.1791059027866475,1.8665360979609984,2.4524850225748476,2.480347970697663,-0.2524495250519898,0.0601202797736593,-0.5258286448401899,-0.5536915929630055,0.3125698048256491,-0.27337911978820006,-0.3012420679110157,-0.5859489246138492,-0.6138118727366648,-0.027862948122815645
MS,New_MS_124.wav,C:\Users\armga\OneDrive\Escritorio\TFG\Programacion objetivo\Bases de Datos\MS_New_3주기\New_MS_124.wav,afinidad_y_diferencias_errores,1.9372338596903922,2.152002627554739,1.8689894296291845,2.4265940912408026,2.425294972995358,-0.21476876786434662,0.06824443006120773,-0.4893602315504104,-0.48806111330496593,0.28301319792555435,-0.2745914636860638,-0.2732923454406193,-0.5576046616116181,-0.5563055433661737,0.001299118245444486
MS,New_MS_125.wav,C:\Users\armga\OneDrive\Escritorio\TFG\Programacion objetivo\Bases de Datos\MS_New_3주기\New_MS_125.wav,afinidad_y_diferencias_errores,1.951035838301919,1.9070340139077784,1.8172304091713096,2.173522818238885,2.1709387897608727,0.04400182439414069,0.13380542913060944,-0.22248697993696576,-0.21990295145895367,0.08980360473646876,-0.26648880433110644,-0.26390477585309435,-0.3562924090675752,-0.3537083805895631,0.0025840284780120903
MS,New_MS_126.wav,C:\Users\armga\OneDrive\Escritorio\TFG\Programacion objetivo\Bases de Datos\MS_New_3주기\New_MS_126.wav,afinidad_y_diferencias_errores,1.9477145676945289,1.8887309440375446,1.7512365113307957,2.136376599078152,2.1669995535344104,0.058983623656984285,0.19647805636373317,-0.18866203138362292,-0.21928498583988154,0.13749443270674888,-0.2476456550406072,-0.2782686094968658,-0.3851400877473561,-0.4157630422036147,-0.030622954456258622
MS,New_MS_127.wav,C:\Users\armga\OneDrive\Escritorio\TFG\Programacion objetivo\Bases de Datos\MS_New_3주기\New_MS_127.wav,afinidad_y_diferencias_errores,1.8933004854975635,1.8764660312819548,1.757892485105134,2.1005222314708396,2.097118507225868,0.016834454215608696,0.1354080003924294,-0.20722174597327614,-0.20381802172830454,0.1185735461768207,-0.22405620018888484,-0.22065247594391324,-0.34262974636570553,-0.33922602212073394,0.0034037242449715954
MS,New_MS_128.wav,C:\Users\armga\OneDrive\Escritorio\TFG\Programacion objetivo\Bases de Datos\MS_New_3주기\New_MS_128.wav,afinidad_y_diferencias_errores,1.8873956118959823,1.7932961387942272,1.7462878212165576,2.0953135014073094,2.0765552949167425,0.09409947310175504,0.1411077906794247,-0.20791788951132717,-0.18915968302076025,0.047008317577669656,-0.3020173626130822,-0.2832591561225153,-0.34902568019075186,-0.33026747370018494,0.01875820649056692
MS,New_MS_129.wav,C:\Users\armga\OneDrive\Escritorio\TFG\Programacion objetivo\Bases de Datos\MS_New_3주기\New_MS_129.wav,afinidad_y_diferencias_errores,0.8814704052946555,2.149355310868262,2.042931327521522,2.2001269393241034,1.7730113292416818,-1.2678849055736068,-1.1614609222268668,-1.318656534029448,-0.8915409239470263,0.10642398334673997,-0.05077162845584127,0.37634398162658034,-0.15719561180258124,0.26991999827984037,0.4271156100824216
MS,New_MS_130.wav,C:\Users\armga\OneDrive\Escritorio\TFG\Programacion objetivo\Bases de Datos\MS_New_3주기\New_MS_130.wav,afinidad_y_diferencias_errores,1.3243321888467474,2.3056242731381147,2.1262274541218447,2.3419432287551376,2.2050669721546736,-0.9812920842913673,-0.8018952652750972,-1.0176110399083902,-0.8807347833079262,0.17939681901627003,-0.03631895561702292,0.10055730098344107,-0.21571577463329294,-0.07883951803282896,0.13687625660046399
MS,New_MS_131.wav,C:\Users\armga\OneDrive\Escritorio\TFG\Programacion objetivo\Bases de Datos\MS_New_3주기\New_MS_131.wav,afinidad_y_diferencias_errores,1.1143552443016123,2.2824616159875593,2.1110051598691824,2.241426658069369,2.0403053649915113,-1.168106371685947,-0.9966499155675701,-1.1270714137677567,-0.925950120689899,0.1714564561183769,0.04103495791819034,0.24215625099604798,-0.13042149820018656,0.07069979487767108,0.20112129307785764
MS,New_MS_132.wav,C:\Users\armga\OneDrive\Escritorio\TFG\Programacion objetivo\Bases de Datos\MS_New_3주기\New_MS_132.wav,afinidad_y_diferencias_errores,1.1017898882126909,2.2442870970953197,2.054802806828592,2.2070975053109483,1.8531423808125866,-1.1424972088826288,-0.9530129186159011,-1.1053076170982574,-0.7513524925998958,0.18948429026672775,0.03718959178437142,0.39114471628273306,-0.15229469848235633,0.2016604260160053,0.35395512449836164
MS,New_MS_133.wav,C:\Users\armga\OneDrive\Escritorio\TFG\Programacion objetivo\Bases de Datos\MS_New_3주기\New_MS_133.wav,afinidad_y_diferencias_errores,1.0323795062969088,2.137269558633609,2.021397835183663,2.1570896444310277,2.1117579147143166,-1.1048900523367002,-0.9890183288867542,-1.124710138134119,-1.0793784084174078,0.115871723449946,-0.019820085797418674,0.025511643919292393,-0.13569180924736468,-0.09036007953065361,0.04533172971671107
MS,New_MS_134.wav,C:\Users\armga\OneDrive\Escritorio\TFG\Programacion objetivo\Bases de Datos\MS_New_3주기\New_MS_134.wav,afinidad_y_diferencias_errores,1.1826887358551053,2.3103169416193916,2.154988235111835,2.275382764178122,2.1169295480538706,-1.1276282057642864,-0.9722994992567295,-1.0926940283230169,-0.9342408121987653,0.1553287065075568,0.034934177441269476,0.19338739356552104,-0.12039452906628734,0.038058687057964224,0.15845321612425156
MS,New_MS_135.wav,C:\Users\armga\OneDrive\Escritorio\TFG\Programacion objetivo\Bases de Datos\MS_New_3주기\New_MS_135.wav,afinidad_y_diferencias_errores,1.3962410175587319,2.329032221970792,2.0834144960788286,2.217160693465199,1.9447247059887152,-0.9327912044120603,-0.6871734785200967,-0.820919675906467,-0.5484836884299833,0.24561772589196362,0.11187152850559334,0.384307515982077,-0.13374619738637028,0.1386897900901134,0.2724359874764837
MS,New_MS_136.wav,C:\Users\armga\OneDrive\Escritorio\TFG\Programacion objetivo\Bases de Datos\MS_New_3주기\New_MS_136.wav,afinidad_y_diferencias_errores,1.5024780766784158,2.341039244797863,2.072614795088317,2.4409774275849134,2.3532879009697085,-0.8385611681194474,-0.5701367184099013,-0.9384993509064976,-0.8508098242912927,0.26842444970954604,-0.09993818278705024,-0.01224865617184534,-0.3683626324965963,-0.2806731058813914,0.0876895266152049
MS,New_MS_137.wav,C:\Users\armga\OneDrive\Escritorio\TFG\Programacion objetivo\Bases de Datos\MS_New_3주기\New_MS_137.wav,afinidad_y_diferencias_errores,1.7534676867059584,2.352343639082159,2.084452402775917,2.4070443189173405,2.365866017943943,-0.5988759523762006,-0.3309847160699584,-0.6535766322113821,-0.6123983312379844,0.26789123630624223,-0.054700679835181454,-0.013522378861783757,-0.3225919161414237,-0.281413615168026,0.0411783009733977
MS,New_MS_138.wav,C:\Users\armga\OneDrive\Escritorio\TFG\Programacion objetivo\Bases de Datos\MS_New_3주기\New_MS_138.wav,afinidad_y_diferencias_errores,1.5734522601521082,2.3455202967304847,2.072190875631988,2.326565485879232,2.2588889638843126,-0.7720680365783765,-0.49873861547987963,-0.7531132257271238,-0.6854367037322044,0.2733294210984969,0.018954810851252724,0.08663133284617208,-0.25437461024724417,-0.1866980882523248,0.06767652199491936
MS,New_MS_139.wav,C:\Users\armga\OneDrive\Escritorio\TFG\Programacion objetivo\Bases de Datos\MS_New_3주기\New_MS_139.wav,afinidad_y_diferencias_errores,1.1228356528060874,2.298465569301999,2.1221524938542986,2.2183769250252214,1.9309415408584392,-1.1756299164959116,-0.9993168410482112,-1.095541272219134,-0.8081058880523517,0.17631307544770047,0.08008864427677764,0.3675240284435599,-0.09622443117092283,0.19121095299585944,0.28743538416678227
MS,New_MS_140.wav,C:\Users\armga\OneDrive\Escritorio\TFG\Programacion objetivo\Bases de Datos\MS_New_3주기\New_MS_140.wav,afinidad_y_diferencias_errores,1.5430446377364413,2.455899232392321,2.157888743721582,2.5117657603936605,2.437744624491876,-0.9128545946558797,-0.6148441059851406,-0.9687211226572192,-0.8946999867554346,0.2980104886707391,-0.05586652800133951,0.018154607900445097,-0.3538770166720786,-0.279855880770294,0.07402113590178461
MS,New_MS_141.wav,C:\Users\armga\OneDrive\Escritorio\TFG\Programacion objetivo\Bases de Datos\MS_New_3주기\New_MS_141.wav,afinidad_y_diferencias_errores,1.3936451134057863,2.3803912393545312,2.1772354773618123,2.42764347877035,2.2116735673942416,-0.9867461259487449,-0.783590363956026,-1.0339983653645635,-0.8180284539884553,0.2031557619927189,-0.047252239415818575,0.16871767196028964,-0.2504080014085375,-0.03443809003242926,0.21596991137610821
MS,New_MS_142.wav,C:\Users\armga\OneDrive\Escritorio\TFG\Programacion objetivo\Bases de Datos\MS_New_3주기\New_MS_142.wav,afinidad_y_diferencias_errores,1.0810462111980095,2.262058234490091,2.0550903095689486,2.3434739214354328,1.925563136971805,-1.1810120232920815,-0.9740440983709391,-1.2624277102374233,-0.8445169257737954,0.20696792492114247,-0.08141568694534174,0.3364950975182861,-0.2883836118664842,0.12952717259714364,0.41791078446362784
MS,New_MS_143.wav,C:\Users\armga\OneDrive\Escritorio\TFG\Programacion objetivo\Bases de Datos\MS_New_3주기\New_MS_143.wav,afinidad_y_diferencias_errores,1.0334522327721116,2.2552056059760437,2.1640299410012194,2.3147582980819346,2.0154421705370567,-1.221753373203932,-1.1305777082291077,-1.281306065309823,-0.981989937764945,0.09117566497482432,-0.05955269210589087,0.23976343543898704,-0.1507283570807152,0.14858777046416272,0.2993161275448779
MS,New_MS_144.wav,C:\Users\armga\OneDrive\Escritorio\TFG\Programacion objetivo\Bases de Datos\MS_New_3주기\New_MS_144.wav,afinidad_y_diferencias_errores,1.2678322134810576,2.2105085338925408,2.0164169205204745,2.264040670662544,2.1124451302794705,-0.9426763204114832,-0.7485847070394169,-0.9962084571814867,-0.8446129167984129,0.19409161337206626,-0.05353213677000346,0.09806340361307031,-0.24762375014206972,-0.09602820975899595,0.15159554038307377
MS,New_MS_145.wav,C:\Users\armga\OneDrive\Escritorio\TFG\Programacion objetivo\Bases de Datos\MS_New_3주기\New_MS_145.wav,afinidad_y_diferencias_errores,1.0731921186130633,2.2190657105942617,1.9945880371869458,2.098010176544493,2.0569739972477317,-1.1458735919811984,-0.9213959185738825,-1.0248180579314299,-0.9837818786346684,0.22447767340731595,0.12105553404976854,0.16209171334653005,-0.1034221393575474,-0.062385960060785894,0.04103617929676151
MS,New_MS_146.wav,C:\Users\armga\OneDrive\Escritorio\TFG\Programacion objetivo\Bases de Datos\MS_New_3주기\New_MS_146.wav,afinidad_y_diferencias_errores,1.1131151597435143,2.124959077834538,1.9526313315128818,2.136219268568099,1.879379556018023,-1.0118439180910237,-0.8395161717693675,-1.0231041088245847,-0.7662643962745088,0.17232774632165615,-0.011260190733560993,0.24557952181651488,-0.18358793705521714,0.07325177549485873,0.25683971255007587
MS,New_MS_147.wav,C:\Users\armga\OneDrive\Escritorio\TFG\Programacion objetivo\Bases de Datos\MS_New_3주기\New_MS_147.wav,afinidad_y_diferencias_errores,1.1101074459277311,2.2656397851803973,2.1054171368703574,2.2599571366024893,2.250486777427621,-1.1555323392526662,-0.9953096909426262,-1.1498496906747582,-1.1403793314998898,0.16022264831003996,0.005682648577908012,0.015153007752776393,-0.15453999973213195,-0.14506964055726357,0.009470359174868381
MS,New_MS_148.wav,C:\Users\armga\OneDrive\Escritorio\TFG\Programacion objetivo\Bases de Datos\MS_New_3주기\New_MS_148.wav,afinidad_y_diferencias_errores,1.2543863736112117,2.395091972247403,2.1955277922940324,2.241648737518244,2.116671027096397,-1.1407055986361911,-0.9411414186828206,-0.9872623639070321,-0.8622846534851851,0.1995641799533705,0.153443234729159,0.278420945151006,-0.04612094522421151,0.07885676519763551,0.12497771042184702
MS,New_MS_149.wav,C:\Users\armga\OneDrive\Escritorio\TFG\Programacion objetivo\Bases de Datos\MS_New_3주기\New_MS_149.wav,afinidad_y_diferencias_errores,1.467082840102974,2.45615875870397,2.162546500557701,2.2921660002820947,2.0916433662614975,-0.9890759186009961,-0.6954636604547269,-0.8250831601791206,-0.6245605261585234,0.29361225814626923,0.16399275842187544,0.36451539244247266,-0.1296194997243938,0.07090313429620343,0.20052263402059722
MS,New_MS_150.wav,C:\Users\armga\OneDrive\Escritorio\TFG\Programacion objetivo\Bases de Datos\MS_New_3주기\New_MS_150.wav,afinidad_y_diferencias_errores,1.4627676742594042,2.383206640136961,2.0974198540845155,2.5130659860605977,2.372035029460488,-0.9204389658775569,-0.6346521798251112,-1.0502983118011935,-0.9092673552010839,0.2857867860524457,-0.12985934592363657,0.011171610676472987,-0.41564613197608224,-0.2746151753759727,0.14103095660010956
MS,New_MS_151.wav,C:\Users\armga\OneDrive\Escritorio\TFG\Programacion objetivo\Bases de Datos\MS_New_3주기\New_MS_151.wav,afinidad_y_diferencias_errores,1.7092433921243664,2.553388585155896,2.20168871121063,2.624599707406705,2.532272954393175,-0.8441451930315298,-0.49244531908626343,-0.9153563152823387,-0.8230295622688086,0.35169987394526636,-0.07121112225080894,0.02111563076272116,-0.4229109961960753,-0.3305842431825452,0.0923267530135301
MS,New_MS_152.wav,C:\Users\armga\OneDrive\Escritorio\TFG\Programacion objetivo\Bases de Datos\MS_New_3주기\New_MS_152.wav,afinidad_y_diferencias_errores,1.600927960874524,2.3414371939873533,2.0739816858581506,2.3266754001040897,2.2495890055625267,-0.7405092331128293,-0.47305372498362663,-0.7257474392295657,-0.6486610446880028,0.2674555081292027,0.014761793883263596,0.09184818842482656,-0.2526937142459391,-0.17560731970437615,0.07708639454156296
MS,New_MS_153.wav,C:\Users\armga\OneDrive\Escritorio\TFG\Programacion objetivo\Bases de Datos\MS_New_3주기\New_MS_153.wav,afinidad_y_diferencias_errores,1.158639140371742,2.333519808744843,2.073906470397176,2.2936247248579855,2.012555736895495,-1.174880668373101,-0.9152673300254339,-1.1349855844862435,-0.8539165965237532,0.2596133383476671,0.039895083886857474,0.32096407184934783,-0.21971825446080961,0.06135073350168074,0.28106898796249036
MS,New_MS_154.wav,C:\Users\armga\OneDrive\Escritorio\TFG\Programacion objetivo\Bases de Datos\MS_New_3주기\New_MS_154.wav,afinidad_y_diferencias_errores,1.4786873918658139,2.4335502505592332,2.144953272704673,2.495335253547981,2.465295332585983,-0.9548628586934194,-0.6662658808388593,-1.0166478616821673,-0.9866079407201691,0.28859697785456007,-0.061785002988747895,-0.03174508202674975,-0.35038198084330796,-0.3203420598813098,0.030039920961998146
MS,New_MS_155.wav,C:\Users\armga\OneDrive\Escritorio\TFG\Programacion objetivo\Bases de Datos\MS_New_3주기\New_MS_155.wav,afinidad_y_diferencias_errores,1.3203538240738126,2.3333883547144354,2.0812838340763813,2.328953653195201,2.03167358842354,-1.0130345306406228,-0.7609300100025687,-1.0085998291213882,-0.7113197643497275,0.2521045206380541,0.00443470151923453,0.3017147662908952,-0.24766981911881958,0.04961024565284111,0.2972800647716607
MS,New_MS_156.wav,C:\Users\armga\OneDrive\Escritorio\TFG\Programacion objetivo\Bases de Datos\MS_New_3주기\New_MS_156.wav,afinidad_y_diferencias_errores,1.0651751367564293,2.1759263927275887,1.9957508795916818,2.2815274670561463,1.8563370536396973,-1.1107512559711594,-0.9305757428352526,-1.216352330299717,-0.791161916883268,0.18017551313590685,-0.10560107432855759,0.31958933908789144,-0.28577658746446444,0.1394138259519846,0.42519041341644903
MS,New_MS_157.wav,C:\Users\armga\OneDrive\Escritorio\TFG\Programacion objetivo\Bases de Datos\MS_New_3주기\New_MS_157.wav,afinidad_y_diferencias_errores,1.0254602669557338,2.163958503939938,2.1019991450403723,2.2200938190912067,2.026042195408314,-1.138498236984204,-1.0765388780846386,-1.194633552135473,-1.00058192845258,0.0619593588995655,-0.056135315151268905,0.13791630853162395,-0.1180946740508344,0.07595694963205846,0.19405162368289286
MS,New_MS_158.wav,C:\Users\armga\OneDrive\Escritorio\TFG\Programacion objetivo\Bases de Datos\MS_New_3주기\New_MS_158.wav,afinidad_y_diferencias_errores,1.3431986922554036,2.412029438030315,2.1674899790037445,2.4032008977066175,2.292186015610947,-1.0688307457749116,-0.824291286748341,-1.060002205451214,-0.9489873233555433,0.2445394590265706,0.00882854032369762,0.1198434224193683,-0.23571091870287297,-0.1246960366072023,0.11101488209567067
MS,New_MS_159.wav,C:\Users\armga\OneDrive\Escritorio\TFG\Programacion objetivo\Bases de Datos\MS_New_3주기\New_MS_159.wav,afinidad_y_diferencias_errores,1.0482103143071275,2.3367328110629173,2.1328391977687153,2.1854364421526147,2.0096175903642295,-1.2885224967557898,-1.0846288834615878,-1.1372261278454872,-0.961407276057102,0.20389361329420197,0.15129636891030263,0.3271152206986878,-0.052597244383899344,0.12322160740448584,0.1758188517883852
MS,New_MS_160.wav,C:\Users\armga\OneDrive\Escritorio\TFG\Programacion objetivo\Bases de Datos\MS_New_3주기\New_MS_160.wav,afinidad_y_diferencias_errores,1.1404135770530155,2.335692468337016,2.1054794107215016,2.2201038303014236,1.950861886249761,-1.1952788912840007,-0.9650658336684861,-1.079690253248408,-0.8104483091967456,0.23021305761551458,0.1155886380355926,0.38483058208725507,-0.11462441957992198,0.1546175244717405,0.26924194405166246
MS,New_MS_161.wav,C:\Users\armga\OneDrive\Escritorio\TFG\Programacion objetivo\Bases de Datos\MS_New_3주기\New_MS_161.wav,afinidad_y_diferencias_errores,1.1002395588202283,2.263781695908663,2.0999037869886394,2.290064038771286,2.2307752605726345,-1.1635421370884347,-0.9996642281684112,-1.1898244799510576,-1.1305357017524063,0.16387790892002352,-0.026282342862622876,0.03300643533602843,-0.1901602517826464,-0.1308714735839951,0.059288778198651304
MS,New_MS_162.wav,C:\Users\armga\OneDrive\Escritorio\TFG\Programacion objetivo\Bases de Datos\MS_New_3주기\New_MS_162.wav,afinidad_y_diferencias_errores,1.217533611182509,2.3604172228289144,2.1471203548538873,2.303540037056414,2.1964024275715963,-1.1428836116464054,-0.9295867436713783,-1.0860064258739048,-0.9788688163890873,0.21329686797502712,0.05687718577250056,0.1640147952573181,-0.15641968220252656,-0.04928207271770901,0.10713760948481754
MS,New_MS_163.wav,C:\Users\armga\OneDrive\Escritorio\TFG\Programacion objetivo\Bases de Datos\MS_New_3주기\New_MS_163.wav,afinidad_y_diferencias_errores,1.7681329418315794,2.41008297659221,2.0821330204432713,2.5046912440645324,2.4798363680499373,-0.6419500347606304,-0.3140000786116919,-0.7365583022329529,-0.7117034262183579,0.3279499561489385,-0.09460826747232254,-0.06975339145772752,-0.42255822362126105,-0.39770334760666604,0.024854876014595018
MS,New_MS_164.wav,C:\Users\armga\OneDrive\Escritorio\TFG\Programacion objetivo\Bases de Datos\MS_New_3주기\New_MS_164.wav,afinidad_y_diferencias_errores,1.5142884574788729,2.2707217924586502,2.048106308576297,2.285355446858826,2.2118888123248945,-0.7564333349797774,-0.5338178510974243,-0.7710669893799531,-0.6976003548460217,0.22261548388235308,-0.014633654400175722,0.05883298013375571,-0.2372491382825288,-0.16378250374859737,0.07346663453393143
MS,New_MS_165.wav,C:\Users\armga\OneDrive\Escritorio\TFG\Programacion objetivo\Bases de Datos\MS_New_3주기\New_MS_165.wav,afinidad_y_diferencias_errores,0.9286113579995593,1.979549390642497,1.8851334574765115,1.9094428615368162,1.5524536932906243,-1.0509380326429376,-0.9565220994769522,-0.9808315035372569,-0.623842335291065,0.09441593316598551,0.07010652910568083,0.4270956973518727,-0.024309404060304685,0.3326797641858872,0.35698916824619187
MS,New_MS_166.wav,C:\Users\armga\OneDrive\Escritorio\TFG\Programacion objetivo\Bases de Datos\MS_New_3주기\New_MS_166.wav,afinidad_y_diferencias_errores,1.3929260881806123,2.2850677110845634,2.074036299135457,2.3556057639854338,2.2344228405806006,-0.8921416229039512,-0.6811102109548446,-0.9626796758048215,-0.8414967523999883,0.21103141194910657,-0.07053805290087034,0.050644870503962824,-0.2815694648499769,-0.16038654144514375,0.12118292340483316
MS,New_MS_167.wav,C:\Users\armga\OneDrive\Escritorio\TFG\Programacion objetivo\Bases de Datos\MS_New_3주기\New_MS_167.wav,afinidad_y_diferencias_errores,1.4391215625711353,2.454017071100745,2.1526635198981157,2.56486627007193,2.3010820099302127,-1.0148955085296099,-0.7135419573269803,-1.1257447075007947,-0.8619604473590774,0.3013535512026295,-0.11084919897118484,0.15293506117053246,-0.41220275017381436,-0.14841849003209706,0.2637842601417173
MS,New_MS_168.wav,C:\Users\armga\OneDrive\Escritorio\TFG\Programacion objetivo\Bases de Datos\MS_New_3주기\New_MS_168.wav,afinidad_y_diferencias_errores,1.2111509399649245,2.185742792273873,2.0067367902658177,2.2447426290907337,1.9743842771645257,-0.9745918523089485,-0.7955858503008932,-1.0335916891258092,-0.7632333371996012,0.17900600200805528,-0.05899983681686072,0.21135851510934733,-0.238005838824916,0.03235251310129206,0.27035835192620805
MS,New_MS_169.wav,C:\Users\armga\OneDrive\Escritorio\TFG\Programacion objetivo\Bases de Datos\MS_New_3주기\New_MS_169.wav,afinidad_y_diferencias_errores,0.6806163077290104,1.8728755890933453,1.9415543782116926,1.6671594188018806,1.6100247701791814,-1.192259281364335,-1.2609380704826822,-0.9865431110728702,-0.9294084624501711,-0.06867878911834735,0.20571617029146472,0.26285081891416384,0.27439495940981207,0.3315296080325112,0.057134648622699125
MS,New_MS_170.wav,C:\Users\armga\OneDrive\Escritorio\TFG\Programacion objetivo\Bases de Datos\MS_New_3주기\New_MS_170.wav,afinidad_y_diferencias_errores,0.6103295886447423,1.8820638663515814,1.979688099129833,1.7787227830669337,1.479802459079171,-1.2717342777068392,-1.3693585104850907,-1.1683931944221913,-0.8694728704344287,-0.0976242327782515,0.10334108328464775,0.40226140727241044,0.20096531606289925,0.49988564005066194,0.2989203239877627
MS,New_MS_171.wav,C:\Users\armga\OneDrive\Escritorio\TFG\Programacion objetivo\Bases de Datos\MS_New_3주기\New_MS_171.wav,afinidad_y_diferencias_errores,0.6557826336141654,1.78400789307459,1.9377124390618334,1.721551513571532,1.625820239977423,-1.1282252594604245,-1.281929805447668,-1.0657688799573666,-0.9700376063632576,-0.15370454598724348,0.062456379503057935,0.15818765309716687,0.21616092549030141,0.31189219908441035,0.09573127359410893
MS,New_MS_172.wav,C:\Users\armga\OneDrive\Escritorio\TFG\Programacion objetivo\Bases de Datos\MS_New_3주기\New_MS_172.wav,afinidad_y_diferencias_errores,1.4927987511788965,1.634102551907253,1.8481876520342393,1.9226549195213112,1.8095311987511415,-0.14130380072835647,-0.3553889008553428,-0.4298561683424147,-0.31673244757224506,-0.21408510012698634,-0.2885523676140582,-0.1754286468438886,-0.07446726748707189,0.03865645328309775,0.11312372077016963
MS,New_MS_173.wav,C:\Users\armga\OneDrive\Escritorio\TFG\Programacion objetivo\Bases de Datos\MS_New_3주기\New_MS_173.wav,afinidad_y_diferencias_errores,1.502526324252959,1.6806068369845084,1.8694646689824561,1.931832161573287,1.8479257715757809,-0.17808051273154946,-0.36693834472949716,-0.429305837320328,-0.3453994473228219,-0.1888578319979477,-0.25122532458877855,-0.16731893459127245,-0.06236749259083085,0.02153889740667525,0.0839063899975061
MS,New_MS_174.wav,C:\Users\armga\OneDrive\Escritorio\TFG\Programacion objetivo\Bases de Datos\MS_New_3주기\New_MS_174.wav,afinidad_y_diferencias_errores,1.4328667832946325,1.5669995955650704,1.7045306128110618,1.817503664806441,1.7165874003426362,-0.13413281227043794,-0.2716638295164293,-0.38463688151180864,-0.2837206170480038,-0.13753101724599137,-0.2505040692413707,-0.14958780477756584,-0.11297305199537933,-0.012056787531574464,0.10091626446380486
MS,New_MS_175.wav,C:\Users\armga\OneDrive\Escritorio\TFG\Programacion objetivo\Bases de Datos\MS_New_3주기\New_MS_175.wav,afinidad_y_diferencias_errores,1.4665845853421562,1.613755594143593,1.7479087279898398,1.864198520390663,1.7646715443883603,-0.14717100880143685,-0.2813241426476836,-0.39761393504850684,-0.2980869590462041,-0.13415313384624672,-0.25044292624707,-0.15091595024476723,-0.11628979240082327,-0.016762816398520508,0.09952697600230276
MS,New_MS_176.wav,C:\Users\armga\OneDrive\Escritorio\TFG\Programacion objetivo\Bases de Datos\MS_New_3주기\New_MS_176.wav,afinidad_y_diferencias_errores,1.4852654763520592,1.6697938490259907,1.8250404313405673,1.9521987767484574,1.8281834091589015,-0.18452837267393152,-0.33977495498850807,-0.46693330039639824,-0.34291793280684235,-0.15524658231457655,-0.2824049277224667,-0.15838956013291083,-0.12715834540789017,-0.0031429778183342805,0.12401536758955589
MS,New_MS_177.wav,C:\Users\armga\OneDrive\Escritorio\TFG\Programacion objetivo\Bases de Datos\MS_New_3주기\New_MS_177.wav,afinidad_y_diferencias_errores,1.5608013127118925,1.7861047944814508,1.8762651395291217,1.9996536828902394,1.93089159066874,-0.22530348176955828,-0.3154638268172292,-0.4388523701783469,-0.37009027795684757,-0.0901603450476709,-0.2135488884087886,-0.1447867961872893,-0.12338854336111771,-0.05462645113961839,0.06876209222149932
MS,New_MS_178.wav,C:\Users\armga\OneDrive\Escritorio\TFG\Programacion objetivo\Bases de Datos\MS_New_3주기\New_MS_178.wav,afinidad_y_diferencias_errores,1.5680408087602455,1.7132075310789494,1.904937245391849,2.08175407003486,1.9303961289570095,-0.14516672231870387,-0.3368964366316034,-0.5137132612746143,-0.362355320196764,-0.19172971431289954,-0.3685465389559104,-0.2171885978780601,-0.17681682464301085,-0.025458883565160573,0.15135794107785028
MS,New_MS_179.wav,C:\Users\armga\OneDrive\Escritorio\TFG\Programacion objetivo\Bases de Datos\MS_New_3주기\New_MS_179.wav,afinidad_y_diferencias_errores,1.5006976692953196,1.6308267863980428,1.7818360817950887,1.9275663558209861,1.8098018703824552,-0.13012911710272324,-0.2811384124997691,-0.42686868652566656,-0.30910420108713565,-0.15100929539704588,-0.29673956942294333,-0.17897508398441242,-0.14573027402589744,-0.027965788587366536,0.11776448543853091
MS,New_MS_180.wav,C:\Users\armga\OneDrive\Escritorio\TFG\Programacion objetivo\Bases de Datos\MS_New_3주기\New_MS_180.wav,afinidad_y_diferencias_errores,1.8316236155221481,2.2878245033223688,2.0841960580597165,2.448467754633524,2.4006934092513106,-0.4562008878002206,-0.2525724425375684,-0.6168441391113759,-0.5690697937291624,0.20362844526265222,-0.1606432513111553,-0.11286890592894183,-0.36427169657380754,-0.31649735119159406,0.04777434538221348
MS,New_MS_181.wav,C:\Users\armga\OneDrive\Escritorio\TFG\Programacion objetivo\Bases de Datos\MS_New_3주기\New_MS_181.wav,afinidad_y_diferencias_errores,1.868514421282569,2.2544099926745473,2.081684731912381,2.391563623199709,2.386578948203293,-0.3858955713919783,-0.21317031062981195,-0.5230492019171398,-0.5180645269207238,0.17272526076216632,-0.1371536305251615,-0.13216895552874552,-0.3098788912873278,-0.30489421629091185,0.004984674996415972
MS,New_MS_182.wav,C:\Users\armga\OneDrive\Escritorio\TFG\Programacion objetivo\Bases de Datos\MS_New_3주기\New_MS_182.wav,afinidad_y_diferencias_errores,1.801404486802926,2.1870426190814496,2.0555435717168433,2.3683852879186222,2.3316241090112912,-0.3856381322785236,-0.25413908491391735,-0.5669808011156963,-0.5302196222083653,0.13149904736460627,-0.18134266883717265,-0.14458148992984166,-0.3128417162017789,-0.2760805372944479,0.036761178907330994
MS,New_MS_183.wav,C:\Users\armga\OneDrive\Escritorio\TFG\Programacion objetivo\Bases de Datos\MS_New_3주기\New_MS_183.wav,afinidad_y_diferencias_errores,1.7949897860729853,2.1916878330049383,2.0839494966073446,2.3509433282614687,2.3251884187847027,-0.396698046931953,-0.2889597105343593,-0.5559535421884834,-0.5301986327117174,0.10773833639759367,-0.15925549525653038,-0.13350058577976442,-0.26699383165412405,-0.2412389221773581,0.025754909476765953
MS,New_MS_184.wav,C:\Users\armga\OneDrive\Escritorio\TFG\Programacion objetivo\Bases de Datos\MS_New_3주기\New_MS_184.wav,afinidad_y_diferencias_errores,1.8099421492519367,2.215207079267187,2.0398959616543486,2.352646645323209,2.3221266496844586,-0.4052649300152502,-0.22995381240241186,-0.5427044960712724,-0.5121845004325218,0.17531111761283835,-0.13743956605602214,-0.10691957041727163,-0.3127506836688605,-0.28223068803011,0.03051999563875052
MS,New_MS_185.wav,C:\Users\armga\OneDrive\Escritorio\TFG\Programacion objetivo\Bases de Datos\MS_New_3주기\New_MS_185.wav,afinidad_y_diferencias_errores,1.7580156929813961,2.1306866529965665,1.9310945611723696,2.2524234200170974,2.238286150784791,-0.3726709600151703,-0.1730788681909734,-0.49440772703570124,-0.4802704578033947,0.1995920918241969,-0.12173676702053093,-0.10759949778822442,-0.32132885884472784,-0.3071915896124213,0.014137269232306515
MS,New_MS_186.wav,C:\Users\armga\OneDrive\Escritorio\TFG\Programacion objetivo\Bases de Datos\MS_New_3주기\New_MS_186.wav,afinidad_y_diferencias_errores,1.8137459787440426,2.28284874262777,2.0234277074363773,2.4452400030274632,2.4924993172137415,-0.4691027638837273,-0.2096817286923347,-0.6314940242834206,-0.6787533384696989,0.2594210351913926,-0.16239126039969332,-0.20965057458597158,-0.4218122955910859,-0.4690716097773642,-0.04725931418627827
MS,New_MS_187.wav,C:\Users\armga\OneDrive\Escritorio\TFG\Programacion objetivo\Bases de Datos\MS_New_3주기\New_MS_187.wav,afinidad_y_diferencias_errores,1.8004759308921185,2.1138986470196075,2.0069817322029264,2.3280024732875395,2.3334319368727567,-0.31342271612748895,-0.20650580131080787,-0.527526542395421,-0.5329560059806382,0.10691691481668109,-0.214103826267932,-0.21953328985314924,-0.3210207410846131,-0.3264502046698303,-0.005429463585217231
MS,New_MS_188.wav,C:\Users\armga\OneDrive\Escritorio\TFG\Programacion objetivo\Bases de Datos\MS_New_3주기\New_MS_188.wav,afinidad_y_diferencias_errores,1.8035233841670313,2.290472629454644,2.100014044884364,2.354099246725228,2.3284987739405287,-0.4869492452876125,-0.29649066071733277,-0.5505758625581967,-0.5249753897734974,0.19045858457027975,-0.06362661727058416,-0.03802614448588493,-0.2540852018408639,-0.22848472905616468,0.025600472784699235
MS,New_MS_189.wav,C:\Users\armga\OneDrive\Escritorio\TFG\Programacion objetivo\Bases de Datos\MS_New_3주기\New_MS_189.wav,afinidad_y_diferencias_errores,1.8474326588485694,2.2085412057648046,2.0314775615854184,2.30196137009528,2.2488636961213233,-0.3611085469162352,-0.18404490273684893,-0.4545287112467107,-0.40143103727275387,0.17706364417938625,-0.09342016433047551,-0.04032249035651869,-0.27048380850986176,-0.21738613453590494,0.053097673973956816
MS,New_MS_190.wav,C:\Users\armga\OneDrive\Escritorio\TFG\Programacion objetivo\Bases de Datos\MS_New_3주기\New_MS_190.wav,afinidad_y_diferencias_errores,1.7346606313534638,2.166925214514199,1.981359736668651,2.2431048790312644,2.3037877476212665,-0.432264583160735,-0.24669910531518724,-0.5084442476778006,-0.5691271162678027,0.18556547784554778,-0.07617966451706559,-0.13686253310706764,-0.26174514236261337,-0.3224280109526154,-0.06068286859000205
MS,New_MS_191.wav,C:\Users\armga\OneDrive\Escritorio\TFG\Programacion objetivo\Bases de Datos\MS_New_3주기\New_MS_191.wav,afinidad_y_diferencias_errores,1.8147150105167424,2.2113409820643732,1.9982707452577286,2.392961098385319,2.3911691710964287,-0.3966259715476308,-0.1835557347409862,-0.5782460878685767,-0.5764541605796862,0.2130702368066446,-0.18162011632094588,-0.17982818903205544,-0.3946903531275905,-0.39289842583870005,0.001791927288890438
MS,New_MS_192.wav,C:\Users\armga\OneDrive\Escritorio\TFG\Programacion objetivo\Bases de Datos\MS_New_3주기\New_MS_192.wav,afinidad_y_diferencias_errores,1.6721457921061973,2.230305504990494,2.104675639561244,2.415859662324269,2.3045052855273576,-0.5581597128842966,-0.4325298474550465,-0.7437138702180717,-0.6323594934211603,0.12562986542925003,-0.18555415733377512,-0.07419978053686371,-0.31118402276302515,-0.19982964596611374,0.1113543767969114
MS,New_MS_193.wav,C:\Users\armga\OneDrive\Escritorio\TFG\Programacion objetivo\Bases de Datos\MS_New_3주기\New_MS_193.wav,afinidad_y_diferencias_errores,1.8281015127007498,2.248312154898268,2.110814571485174,2.4348861691326493,2.3707254168643495,-0.420210642197518,-0.282713058784424,-0.6067846564318995,-0.5426239041635996,0.13749758341309404,-0.18657401423438147,-0.1224132619660816,-0.3240715976474755,-0.25991084537917564,0.06416075226829987
MS,New_MS_194.wav,C:\Users\armga\OneDrive\Escritorio\TFG\Programacion objetivo\Bases de Datos\MS_New_3주기\New_MS_194.wav,afinidad_y_diferencias_errores,1.8512385731742156,2.20355621306449,2.0758683539499025,2.4306377687407017,2.3672070687556332,-0.3523176398902743,-0.22462978077568696,-0.5793991955664861,-0.5159684955814177,0.12768785911458735,-0.2270815556762118,-0.16365085569114335,-0.35476941479079915,-0.2913387148057307,0.06343069998506845
MS,New_MS_195.wav,C:\Users\armga\OneDrive\Escritorio\TFG\Programacion objetivo\Bases de Datos\MS_New_3주기\New_MS_195.wav,afinidad_y_diferencias_errores,1.6829739788313651,2.20106223775065,2.0358100408601865,2.3602249040823793,2.3578799223723625,-0.518088258919285,-0.35283606202882134,-0.6772509252510142,-0.6749059435409974,0.16525219689046367,-0.15916266633172915,-0.15681768462171242,-0.3244148632221928,-0.3220698815121761,0.002344981710016736
MS,New_MS_196.wav,C:\Users\armga\OneDrive\Escritorio\TFG\Programacion objetivo\Bases de Datos\MS_New_3주기\New_MS_196.wav,afinidad_y_diferencias_errores,1.7555373800765415,2.2197335147831962,2.037223007965812,2.373691991264007,2.378640197895315,-0.4641961347066548,-0.28168562788927054,-0.6181546111874654,-0.6231028178187736,0.18251050681738423,-0.15395847648081062,-0.15890668311211886,-0.33646898329819486,-0.3414171899295031,-0.0049482066313082385
MS,New_MS_197.wav,C:\Users\armga\OneDrive\Escritorio\TFG\Programacion objetivo\Bases de Datos\MS_New_3주기\New_MS_197.wav,afinidad_y_diferencias_errores,1.8903237836342959,2.2577113886451046,2.1174421015798197,2.4003408081663515,2.3367561284688576,-0.3673876050108087,-0.22711831794552384,-0.5100170245320557,-0.44643234483456173,0.14026928706528485,-0.14262941952124697,-0.07904473982375304,-0.2828987065865318,-0.2193140268890379,0.06358467969749393
MS,New_MS_198.wav,C:\Users\armga\OneDrive\Escritorio\TFG\Programacion objetivo\Bases de Datos\MS_New_3주기\New_MS_198.wav,afinidad_y_diferencias_errores,1.8424469117748261,2.1941199999836076,2.0928168308525037,2.456800021831159,2.404510550977544,-0.3516730882087815,-0.2503699190776776,-0.6143531100563329,-0.5620636392027181,0.10130316913110393,-0.26268002184755135,-0.21039055099393655,-0.3639831909786553,-0.3116937201250405,0.052289470853614795
MS,New_MS_199.wav,C:\Users\armga\OneDrive\Escritorio\TFG\Programacion objetivo\Bases de Datos\MS_New_3주기\New_MS_199.wav,afinidad_y_diferencias_errores,1.8477901895819067,2.2120781923076165,2.0385194932831636,2.388258491374199,2.383066102304605,-0.3642880027257098,-0.19072930370125696,-0.5404683017922924,-0.5352759127226985,0.17355869902445287,-0.1761802990665826,-0.17098790999698865,-0.3497389980910355,-0.3445466090214415,0.005192389069593961
MS,New_MS_200.wav,C:\Users\armga\OneDrive\Escritorio\TFG\Programacion objetivo\Bases de Datos\MS_New_3주기\New_MS_200.wav,afinidad_y_diferencias_errores,1.8694743498461357,2.210518264094914,2.0627314966512764,2.412712868587663,2.359255013848889,-0.3410439142487782,-0.19325714680514072,-0.5432385187415274,-0.4897806640027531,0.1477867674436375,-0.20219460449274917,-0.14873674975397488,-0.3499813719363867,-0.2965235171976124,0.05345785473877429
MVP,New_MVP_001.wav,C:\Users\armga\OneDrive\Escritorio\TFG\Programacion objetivo\Bases de Datos\MVP_New_3주기\New_MVP_001.wav,afinidad_y_diferencias_errores,0.8161001025806914,1.5570341583508076,1.3950977142088534,1.0859287668698927,1.3877540413762854,-0.7409340557701162,-0.578997611628162,-0.26982866428920127,-0.571653938795594,0.16193644414195418,0.4711053914809149,0.16928011697452217,0.3091689473389607,0.007343672832567982,-0.30182527450639274
MVP,New_MVP_002.wav,C:\Users\armga\OneDrive\Escritorio\TFG\Programacion objetivo\Bases de Datos\MVP_New_3주기\New_MVP_002.wav,afinidad_y_diferencias_errores,0.6263277692816548,1.3878648614001465,1.3097214270805746,0.85518398728922,1.1667847065299541,-0.7615370921184917,-0.6833936577989198,-0.22885621800756517,-0.5404569372482994,0.07814343431957194,0.5326808741109266,0.2210801548701924,0.45453743979135464,0.14293672055062046,-0.3116007192407342
MVP,New_MVP_003.wav,C:\Users\armga\OneDrive\Escritorio\TFG\Programacion objetivo\Bases de Datos\MVP_New_3주기\New_MVP_003.wav,afinidad_y_diferencias_errores,0.6310399067558773,1.395699291167066,1.3192029290970393,0.8724923586793962,1.1900270294122897,-0.7646593844111887,-0.688163022341162,-0.24145245192351894,-0.5589871226564124,0.07649636207002675,0.5232069324876698,0.20567226175477638,0.44671057041764306,0.12917589968474963,-0.31753467073289343
MVP,New_MVP_004.wav,C:\Users\armga\OneDrive\Escritorio\TFG\Programacion objetivo\Bases de Datos\MVP_New_3주기\New_MVP_004.wav,afinidad_y_diferencias_errores,2.2414603543463882,2.4953544371011174,2.3111169670025475,2.5940136249724906,2.7202674462669028,-0.25389408275472913,-0.0696566126561593,-0.3525532706261023,-0.4788070919205145,0.18423747009856983,-0.09865918787137318,-0.22491300916578538,-0.282896657969943,-0.4091504792643552,-0.1262538212944122
MVP,New_MVP_005.wav,C:\Users\armga\OneDrive\Escritorio\TFG\Programacion objetivo\Bases de Datos\MVP_New_3주기\New_MVP_005.wav,afinidad_y_diferencias_errores,2.0065326103179437,2.3703840014243447,2.1840927552647362,2.509359309895064,2.630578684236416,-0.36385139110640097,-0.1775601449467925,-0.5028266995771205,-0.6240460739184721,0.18629124615960846,-0.13897530847071948,-0.26019468281207114,-0.32526655463032794,-0.4464859289716796,-0.12121937434135166
MVP,New_MVP_006.wav,C:\Users\armga\OneDrive\Escritorio\TFG\Programacion objetivo\Bases de Datos\MVP_New_3주기\New_MVP_006.wav,afinidad_y_diferencias_errores,2.2326214225806766,2.3211243357377254,2.169312827887673,2.477695162157078,2.6303158160177853,-0.08850291315704872,0.06330859469300343,-0.24507373957640155,-0.39769439343710866,0.15181150785005215,-0.15657082641935283,-0.30919148028005994,-0.308382334269405,-0.4610029881301121,-0.1526206538607071
MVP,New_MVP_007.wav,C:\Users\armga\OneDrive\Escritorio\TFG\Programacion objetivo\Bases de Datos\MVP_New_3주기\New_MVP_007.wav,afinidad_y_diferencias_errores,2.2527638035368875,2.426082565623588,2.179981987720065,2.5104558912616617,2.6527713218213345,-0.1733187620867005,0.07278181581682253,-0.25769208772477414,-0.4000075182844469,0.24610057790352302,-0.08437332563807365,-0.22668875619774642,-0.33047390354159667,-0.47278933410126944,-0.14231543055967277
MVP,New_MVP_008.wav,C:\Users\armga\OneDrive\Escritorio\TFG\Programacion objetivo\Bases de Datos\MVP_New_3주기\New_MVP_008.wav,afinidad_y_diferencias_errores,2.30261540942443,2.3500812425188684,2.1039324407771725,2.4205637031636202,2.634087071662659,-0.04746583309443819,0.19868296864725776,-0.11794829373919002,-0.33147166223822877,0.24614880174169596,-0.07048246064475183,-0.2840058291437906,-0.3166312623864478,-0.5301546308854865,-0.21352336849903875
MVP,New_MVP_009.wav,C:\Users\armga\OneDrive\Escritorio\TFG\Programacion objetivo\Bases de Datos\MVP_New_3주기\New_MVP_009.wav,afinidad_y_diferencias_errores,2.1938944044456252,2.4116454004664476,2.210486879724489,2.5298778214903503,2.761680051283118,-0.21775099602082237,-0.016592475278863983,-0.3359834170447251,-0.5677856468374927,0.2011585207419584,-0.11823242102390275,-0.3500346508166703,-0.31939094176586114,-0.5511931715586287,-0.23180222979276754
MVP,New_MVP_010.wav,C:\Users\armga\OneDrive\Escritorio\TFG\Programacion objetivo\Bases de Datos\MVP_New_3주기\New_MVP_010.wav,afinidad_y_diferencias_errores,2.1782684163838106,2.262379304796945,2.1061930633355286,2.4172636207483,2.586002165136446,-0.08411088841313452,0.07207535304828205,-0.2389952043644894,-0.40773374875263535,0.15618624146141658,-0.15488431595135488,-0.32362286033950083,-0.31107055741277145,-0.4798091018009174,-0.16873854438814595
MVP,New_MVP_011.wav,C:\Users\armga\OneDrive\Escritorio\TFG\Programacion objetivo\Bases de Datos\MVP_New_3주기\New_MVP_011.wav,afinidad_y_diferencias_errores,2.35909813661024,2.4409158739162593,2.2146601161183925,2.6299775004029646,2.8442779003068814,-0.08181773730601938,0.1444380204918474,-0.2708793637927247,-0.4851797636966415,0.22625575779786677,-0.18906162648670533,-0.40336202639062213,-0.4153173842845721,-0.6296177841884889,-0.2143003999039168
MVP,New_MVP_012.wav,C:\Users\armga\OneDrive\Escritorio\TFG\Programacion objetivo\Bases de Datos\MVP_New_3주기\New_MVP_012.wav,afinidad_y_diferencias_errores,2.2958148357994363,2.413309768378264,2.1786481666555573,2.500636499698644,2.7342066994475296,-0.1174949325788277,0.11716666914387908,-0.20482166389920753,-0.43839186364809324,0.23466160172270678,-0.08732673132037982,-0.32089693106926553,-0.3219883330430866,-0.5555585327919723,-0.2335701997488857
MVP,New_MVP_013.wav,C:\Users\armga\OneDrive\Escritorio\TFG\Programacion objetivo\Bases de Datos\MVP_New_3주기\New_MVP_013.wav,afinidad_y_diferencias_errores,2.255935364053923,2.440900215571383,2.238043882384362,2.5124227317771237,2.6971425640006026,-0.18496485151746,0.017891481669561227,-0.2564873677232007,-0.44120719994667956,0.20285633318702123,-0.07152251620574068,-0.25624234842921956,-0.2743788493927619,-0.4590986816162408,-0.18471983222347887
MVP,New_MVP_014.wav,C:\Users\armga\OneDrive\Escritorio\TFG\Programacion objetivo\Bases de Datos\MVP_New_3주기\New_MVP_014.wav,afinidad_y_diferencias_errores,2.3167678528584963,2.3089840671131316,2.072409851084135,2.4264796631349013,2.6349426680911705,0.007783785745364646,0.24435800177436118,-0.10971181027640498,-0.3181748152326742,0.23657421602899653,-0.11749559602176962,-0.32595860097803886,-0.35406981205076615,-0.5625328170070354,-0.20846300495626924
MVP,New_MVP_015.wav,C:\Users\armga\OneDrive\Escritorio\TFG\Programacion objetivo\Bases de Datos\MVP_New_3주기\New_MVP_015.wav,afinidad_y_diferencias_errores,2.515976057664167,2.4349679144190848,2.2409019537560324,2.5302190843245826,2.771755511582087,0.08100814324508221,0.2750741039081346,-0.014243026660415659,-0.2557794539179201,0.19406596066305237,-0.09525116990549787,-0.33678759716300233,-0.28931713056855024,-0.5308535578260547,-0.24153642725750446
MVP,New_MVP_016.wav,C:\Users\armga\OneDrive\Escritorio\TFG\Programacion objetivo\Bases de Datos\MVP_New_3주기\New_MVP_016.wav,afinidad_y_diferencias_errores,2.0897825137303903,2.4527911451129274,2.234049480375678,2.5248761577064096,2.703478391633268,-0.36300863138253714,-0.14426696664528782,-0.43509364397601935,-0.6136958779028778,0.21874166473724932,-0.07208501259348221,-0.2506872465203407,-0.29082667733073153,-0.46942891125759,-0.17860223392685848
MVP,New_MVP_017.wav,C:\Users\armga\OneDrive\Escritorio\TFG\Programacion objetivo\Bases de Datos\MVP_New_3주기\New_MVP_017.wav,afinidad_y_diferencias_errores,2.1754399702861433,2.5052202248904902,2.2503198072369694,2.5867220684293426,2.7676235020423174,-0.3297802546043469,-0.07487983695082612,-0.41128209814319927,-0.5921835317561741,0.2549004176535208,-0.08150184353885237,-0.2624032771518272,-0.33640226119237315,-0.517303694805348,-0.18090143361297484
MVP,New_MVP_018.wav,C:\Users\armga\OneDrive\Escritorio\TFG\Programacion objetivo\Bases de Datos\MVP_New_3주기\New_MVP_018.wav,afinidad_y_diferencias_errores,2.3885637505442254,2.324553488661193,2.0933901807090876,2.4459673494305085,2.709801528119545,0.06401026188303227,0.2951735698351379,-0.0574035988862831,-0.3212377775753197,0.2311633079521056,-0.12141386076931537,-0.38524803945835195,-0.352577168721421,-0.6164113474104576,-0.2638341786890366
MVP,New_MVP_019.wav,C:\Users\armga\OneDrive\Escritorio\TFG\Programacion objetivo\Bases de Datos\MVP_New_3주기\New_MVP_019.wav,afinidad_y_diferencias_errores,2.4421397482988723,2.365177667140425,2.1562229246295286,2.435180716787507,2.704697278007492,0.07696208115844705,0.2859168236693437,0.006959031511365232,-0.2625575297086198,0.20895474251089663,-0.07000304964708182,-0.33951961086706683,-0.27895779215797845,-0.5484743533779635,-0.269516561219985
MVP,New_MVP_020.wav,C:\Users\armga\OneDrive\Escritorio\TFG\Programacion objetivo\Bases de Datos\MVP_New_3주기\New_MVP_020.wav,afinidad_y_diferencias_errores,2.324126246773992,2.4354795720730746,2.1933090738951475,2.5272290761213374,2.7073196809445648,-0.1113533252990826,0.13081717287884453,-0.20310282934734536,-0.3831934341705727,0.24217049817792713,-0.09174950404826276,-0.2718401088714901,-0.3339200022261899,-0.5140106070494173,-0.18009060482322736
MVP,New_MVP_021.wav,C:\Users\armga\OneDrive\Escritorio\TFG\Programacion objetivo\Bases de Datos\MVP_New_3주기\New_MVP_021.wav,afinidad_y_diferencias_errores,2.1011403658918892,2.256897682906218,2.1042411899146383,2.3811558110990187,2.428232767145756,-0.15575731701432893,-0.003100824022749027,-0.2800154452071295,-0.32709240125386696,0.1526564929915799,-0.12425812819280058,-0.17133508423953803,-0.2769146211843805,-0.32399157723111793,-0.04707695604673745
MVP,New_MVP_022.wav,C:\Users\armga\OneDrive\Escritorio\TFG\Programacion objetivo\Bases de Datos\MVP_New_3주기\New_MVP_022.wav,afinidad_y_diferencias_errores,2.350841844731102,2.3636488973131677,2.165861785716299,2.489427403096418,2.722230549048554,-0.012807052582065825,0.18498005901480274,-0.13858555836531616,-0.37138870431745197,0.19778711159686857,-0.12577850578325034,-0.35858165173538614,-0.3235656173801189,-0.5563687633322547,-0.2328031459521358
MVP,New_MVP_023.wav,C:\Users\armga\OneDrive\Escritorio\TFG\Programacion objetivo\Bases de Datos\MVP_New_3주기\New_MVP_023.wav,afinidad_y_diferencias_errores,2.462237106704166,2.429052004560235,2.2199828841359226,2.586326833157736,2.7663000609237387,0.03318510214393111,0.24225422256824336,-0.12408972645356986,-0.30406295421957275,0.20906912042431225,-0.15727482859750097,-0.33724805636350386,-0.3663439490218132,-0.5463171767878161,-0.17997322776600289
MVP,New_MVP_024.wav,C:\Users\armga\OneDrive\Escritorio\TFG\Programacion objetivo\Bases de Datos\MVP_New_3주기\New_MVP_024.wav,afinidad_y_diferencias_errores,2.2096112543407043,2.279463793621298,2.0938405418440067,2.3946458164331093,2.553290730671939,-0.06985253928059354,0.11577071249669757,-0.18503456209240499,-0.34367947633123475,0.1856232517772911,-0.11518202281181145,-0.2738269370506412,-0.30080527458910256,-0.4594501888279323,-0.15864491423882976
MVP,New_MVP_025.wav,C:\Users\armga\OneDrive\Escritorio\TFG\Programacion objetivo\Bases de Datos\MVP_New_3주기\New_MVP_025.wav,afinidad_y_diferencias_errores,2.4268121434144994,2.450969532679394,2.2818715936979035,2.596788385098264,2.7880924260285314,-0.024157389264894746,0.14494054971659587,-0.16997624168376468,-0.361280282614032,0.16909793898149061,-0.14581885241886994,-0.33712289334913725,-0.31491679140036055,-0.5062208323306279,-0.19130404093026732
MVP,New_MVP_026.wav,C:\Users\armga\OneDrive\Escritorio\TFG\Programacion objetivo\Bases de Datos\MVP_New_3주기\New_MVP_026.wav,afinidad_y_diferencias_errores,2.3032329186805875,2.435304332330354,2.205804406957751,2.5101834476880045,2.721794103206086,-0.13207141364976627,0.0974285117228364,-0.20695052900741695,-0.4185611845254984,0.22949992537260266,-0.07487911535765068,-0.28648977087573213,-0.30437904073025335,-0.5159896962483348,-0.21161065551808145
MVP,New_MVP_027.wav,C:\Users\armga\OneDrive\Escritorio\TFG\Programacion objetivo\Bases de Datos\MVP_New_3주기\New_MVP_027.wav,afinidad_y_diferencias_errores,2.2470092840907454,2.513799414567481,2.2804579391158537,2.619541882450825,2.797571782630893,-0.2667901304767355,-0.0334486550251083,-0.3725325983600798,-0.5505624985401476,0.2333414754516272,-0.1057424678833443,-0.2837723680634121,-0.3390839433349715,-0.5171138435150393,-0.1780299001800678
MVP,New_MVP_028.wav,C:\Users\armga\OneDrive\Escritorio\TFG\Programacion objetivo\Bases de Datos\MVP_New_3주기\New_MVP_028.wav,afinidad_y_diferencias_errores,2.240683299984903,2.375686647461249,2.134440030699261,2.483229547367479,2.729433622552178,-0.13500334747634612,0.10624326928564187,-0.24254624738257613,-0.48875032256727513,0.241246616761988,-0.10754289990623,-0.353746975090929,-0.348789516668218,-0.594993591852917,-0.246204075184699
MVP,New_MVP_029.wav,C:\Users\armga\OneDrive\Escritorio\TFG\Programacion objetivo\Bases de Datos\MVP_New_3주기\New_MVP_029.wav,afinidad_y_diferencias_errores,2.4481699352813684,2.488390207179666,2.248425072810406,2.6041124899519175,2.8380372982956636,-0.0402202718982978,0.19974486247096257,-0.15594255467054907,-0.38986736301429525,0.23996513436926037,-0.11572228277225127,-0.34964709111599745,-0.35568741714151164,-0.5896122254852578,-0.23392480834374618
MVP,New_MVP_030.wav,C:\Users\armga\OneDrive\Escritorio\TFG\Programacion objetivo\Bases de Datos\MVP_New_3주기\New_MVP_030.wav,afinidad_y_diferencias_errores,1.566287344708627,2.188995399000452,2.0398889425664812,2.0682091331421084,2.225196374368067,-0.6227080542918251,-0.4736015978578543,-0.5019217884334815,-0.6589090296594402,0.1491064564339708,0.12078626585834362,-0.03620097536761513,-0.02832019057562718,-0.18530743180158593,-0.15698724122595875
MVP,New_MVP_031.wav,C:\Users\armga\OneDrive\Escritorio\TFG\Programacion objetivo\Bases de Datos\MVP_New_3주기\New_MVP_031.wav,afinidad_y_diferencias_errores,1.5013752975438495,2.1768930346873363,2.0197161456227346,2.0625641218736592,2.2616123635578895,-0.6755177371434868,-0.5183408480788851,-0.5611888243298098,-0.7602370660140401,0.1571768890646017,0.11432891281367707,-0.08471932887055322,-0.042847976250924624,-0.24189621793515492,-0.1990482416842303
MVP,New_MVP_032.wav,C:\Users\armga\OneDrive\Escritorio\TFG\Programacion objetivo\Bases de Datos\MVP_New_3주기\New_MVP_032.wav,afinidad_y_diferencias_errores,1.7625422639648554,2.2094981430021634,2.029328339543427,2.056687366825421,2.4400705403767065,-0.44695587903730805,-0.2667860755785718,-0.2941451028605655,-0.6775282764118511,0.18016980345873623,0.15281077617674255,-0.23057239737454305,-0.027359027281993686,-0.4107422008332793,-0.3833831735512856
MVP,New_MVP_033.wav,C:\Users\armga\OneDrive\Escritorio\TFG\Programacion objetivo\Bases de Datos\MVP_New_3주기\New_MVP_033.wav,afinidad_y_diferencias_errores,1.65042102645586,2.1803232048137042,2.0191863877089267,2.0903535961891033,2.2666825714224803,-0.5299021783578441,-0.3687653612530666,-0.43993256973324324,-0.6162615449666202,0.16113681710477756,0.0899696086246009,-0.08635936660877608,-0.07116720848017666,-0.24749618371355364,-0.17632897523337698
MVP,New_MVP_034.wav,C:\Users\armga\OneDrive\Escritorio\TFG\Programacion objetivo\Bases de Datos\MVP_New_3주기\New_MVP_034.wav,afinidad_y_diferencias_errores,1.7760439925075953,2.2219870715181593,2.042043960087716,2.109451719817912,2.468683021172329,-0.44594307901056407,-0.2659999675801208,-0.33340772731031665,-0.6926390286647339,0.17994311143044328,0.11253535170024742,-0.24669594965416985,-0.06740775973019586,-0.42663906108461314,-0.3592313013544173
MVP,New_MVP_035.wav,C:\Users\armga\OneDrive\Escritorio\TFG\Programacion objetivo\Bases de Datos\MVP_New_3주기\New_MVP_035.wav,afinidad_y_diferencias_errores,1.6606175408186288,2.1655867208440363,1.9757950522137118,2.066988578121521,2.332283223468651,-0.5049691800254075,-0.315177511395083,-0.40637103730289237,-0.6716656826500222,0.18979166863032448,0.0985981427225151,-0.16669650262461477,-0.09119352590780938,-0.35648817125493926,-0.2652946453471299
MVP,New_MVP_036.wav,C:\Users\armga\OneDrive\Escritorio\TFG\Programacion objetivo\Bases de Datos\MVP_New_3주기\New_MVP_036.wav,afinidad_y_diferencias_errores,1.8531335466835652,2.171479030746781,1.9830333517897734,2.0512089206655046,2.4352667072778704,-0.3183454840632156,-0.12989980510620813,-0.19807537398193942,-0.5821331605943052,0.18844567895700748,0.1202701100812762,-0.2637876765310896,-0.06817556887573128,-0.45223335548809707,-0.3840577866123658
MVP,New_MVP_037.wav,C:\Users\armga\OneDrive\Escritorio\TFG\Programacion objetivo\Bases de Datos\MVP_New_3주기\New_MVP_037.wav,afinidad_y_diferencias_errores,1.801655567215837,2.230679686526665,2.0198742859257615,2.0621629451852503,2.391567244316399,-0.4290241193108282,-0.2182187187099245,-0.26050737796941337,-0.5899116771005619,0.2108054006009037,0.1685167413414148,-0.16088755778973374,-0.04228865925948888,-0.37169295839063743,-0.32940429913114855
MVP,New_MVP_038.wav,C:\Users\armga\OneDrive\Escritorio\TFG\Programacion objetivo\Bases de Datos\MVP_New_3주기\New_MVP_038.wav,afinidad_y_diferencias_errores,1.8095306888154497,2.173012036300122,2.0348073454860596,2.08039603185077,2.3874821251427014,-0.3634813474846723,-0.22527665667060992,-0.2708653430353203,-0.5779514363272518,0.1382046908140624,0.09261600444935203,-0.21447008884257945,-0.04558868636471036,-0.35267477965664185,-0.3070860932919315
MVP,New_MVP_039.wav,C:\Users\armga\OneDrive\Escritorio\TFG\Programacion objetivo\Bases de Datos\MVP_New_3주기\New_MVP_039.wav,afinidad_y_diferencias_errores,1.7111290553142882,2.1488513906508366,1.9953169167493527,2.0622116226253837,2.2545103859068094,-0.4377223353365485,-0.2841878614350646,-0.35108256731109555,-0.5433813305925213,0.1535344739014839,0.08663976802545292,-0.10565899525597278,-0.06689470587603097,-0.25919346915745667,-0.1922987632814257
MVP,New_MVP_040.wav,C:\Users\armga\OneDrive\Escritorio\TFG\Programacion objetivo\Bases de Datos\MVP_New_3주기\New_MVP_040.wav,afinidad_y_diferencias_errores,1.734683134679578,2.1742831518151307,2.010845164116371,2.0508543644377344,2.3805452995448593,-0.43960001713555275,-0.276162029436793,-0.3161712297581565,-0.6458621648652814,0.16343798769875972,0.12342878737739627,-0.20626214772972862,-0.04000920032136346,-0.36970013542848834,-0.3296909351071249
MVP,New_MVP_041.wav,C:\Users\armga\OneDrive\Escritorio\TFG\Programacion objetivo\Bases de Datos\MVP_New_3주기\New_MVP_041.wav,afinidad_y_diferencias_errores,1.6520404113229517,2.223018718592658,2.029395559516049,2.0772289185698427,2.3706892633919883,-0.5709783072697063,-0.37735514819309746,-0.42518850724689106,-0.7186488520690366,0.19362315907660888,0.14578980002281527,-0.14767054479933028,-0.0478333590537936,-0.34129370387593916,-0.29346034482214556
MVP,New_MVP_042.wav,C:\Users\armga\OneDrive\Escritorio\TFG\Programacion objetivo\Bases de Datos\MVP_New_3주기\New_MVP_042.wav,afinidad_y_diferencias_errores,1.7175136821232995,2.1743546662432824,2.0148613452272532,2.1004939143229104,2.333668299839539,-0.456840984119983,-0.2973476631039538,-0.38298023219961097,-0.6161546177162394,0.1594933210160292,0.073860751920372,-0.1593136335962564,-0.0856325690956572,-0.3188069546122856,-0.2331743855166284
MVP,New_MVP_043.wav,C:\Users\armga\OneDrive\Escritorio\TFG\Programacion objetivo\Bases de Datos\MVP_New_3주기\New_MVP_043.wav,afinidad_y_diferencias_errores,1.7207266384452296,2.1001655153241443,1.9790239564542453,2.0363891546860766,2.2963607454367936,-0.37943887687891475,-0.2582973180090158,-0.31566251624084707,-0.575634106991564,0.12114155886989897,0.06377636063806769,-0.19619523011264928,-0.05736519823183128,-0.31733678898254825,-0.25997159075071696
MVP,New_MVP_044.wav,C:\Users\armga\OneDrive\Escritorio\TFG\Programacion objetivo\Bases de Datos\MVP_New_3주기\New_MVP_044.wav,afinidad_y_diferencias_errores,1.6546004231094142,2.2271434073289975,2.051129595373521,2.082627778930963,2.2854133877126888,-0.5725429842195833,-0.3965291722641069,-0.4280273558215486,-0.6308129646032745,0.17601381195547638,0.14451562839803467,-0.058269980383691244,-0.03149818355744172,-0.23428379233916763,-0.2027856087817259
MVP,New_MVP_045.wav,C:\Users\armga\OneDrive\Escritorio\TFG\Programacion objetivo\Bases de Datos\MVP_New_3주기\New_MVP_045.wav,afinidad_y_diferencias_errores,1.8134441462650697,2.1813099675211456,2.0252548861861452,2.09881647583785,2.458709503017972,-0.3678658212560759,-0.21181073992107557,-0.28537232957278014,-0.6452653567529023,0.15605508133500035,0.08249349168329578,-0.2773995354968264,-0.07356158965170456,-0.43345461683182673,-0.35989302718012217
MVP,New_MVP_046.wav,C:\Users\armga\OneDrive\Escritorio\TFG\Programacion objetivo\Bases de Datos\MVP_New_3주기\New_MVP_046.wav,afinidad_y_diferencias_errores,1.6572113202362864,2.176647334315688,2.004078755239784,2.0534132537681087,2.317971578198553,-0.5194360140794017,-0.3468674350034975,-0.3962019335318223,-0.6607602579622667,0.17256857907590417,0.12323408054757934,-0.14132424388286502,-0.04933449852832483,-0.3138928229587692,-0.26455832443044436
MVP,New_MVP_047.wav,C:\Users\armga\OneDrive\Escritorio\TFG\Programacion objetivo\Bases de Datos\MVP_New_3주기\New_MVP_047.wav,afinidad_y_diferencias_errores,1.577507092107074,2.076194212808511,1.915546874532367,1.9913736638590072,2.1410810789064145,-0.49868712070143695,-0.338039782425293,-0.4138665717519332,-0.5635739867993406,0.16064733827614397,0.08482054894950375,-0.06488686609790362,-0.07582678932664022,-0.2255342043740476,-0.14970741504740737
MVP,New_MVP_048.wav,C:\Users\armga\OneDrive\Escritorio\TFG\Programacion objetivo\Bases de Datos\MVP_New_3주기\New_MVP_048.wav,afinidad_y_diferencias_errores,1.7655167094553386,2.2482762179154667,2.0358292620532543,2.088742249878089,2.3811221270903924,-0.48275950846012816,-0.27031255259791576,-0.32322554042275065,-0.6156054176350538,0.2124469558622124,0.15953396803737752,-0.13284590917492567,-0.05291298782483489,-0.3452928650371381,-0.2923798772123032
MVP,New_MVP_049.wav,C:\Users\armga\OneDrive\Escritorio\TFG\Programacion objetivo\Bases de Datos\MVP_New_3주기\New_MVP_049.wav,afinidad_y_diferencias_errores,1.4793447742742813,2.133457844259987,1.9958107571296464,2.042163739153049,2.063179631716815,-0.6541130699857058,-0.516465982855365,-0.5628189648787676,-0.5838348574425338,0.1376470871303408,0.09129410510693825,0.07027821254317201,-0.046352982023402545,-0.06736887458716878,-0.021015892563766236
MVP,New_MVP_050.wav,C:\Users\armga\OneDrive\Escritorio\TFG\Programacion objetivo\Bases de Datos\MVP_New_3주기\New_MVP_050.wav,afinidad_y_diferencias_errores,1.8304990406152708,2.1159480942262556,1.963630418825279,2.0726423393747124,2.3953981641058046,-0.2854490536109848,-0.1331313782100081,-0.24214329875944163,-0.5648991234905338,0.15231767540097674,0.0433057548515432,-0.279450069879549,-0.10901192054943354,-0.43176774528052575,-0.3227558247310922
MVP,New_MVP_051.wav,C:\Users\armga\OneDrive\Escritorio\TFG\Programacion objetivo\Bases de Datos\MVP_New_3주기\New_MVP_051.wav,afinidad_y_diferencias_errores,1.679854581233837,2.2258432070381,2.0493112105417866,2.081740591021544,2.2839083271437843,-0.5459886258042628,-0.36945662930794954,-0.40188600978770705,-0.6040537459099473,0.17653199649631324,0.14410261601655572,-0.05806512010568454,-0.03242938047975752,-0.23459711660199778,-0.20216773612224026
MVP,New_MVP_052.wav,C:\Users\armga\OneDrive\Escritorio\TFG\Programacion objetivo\Bases de Datos\MVP_New_3주기\New_MVP_052.wav,afinidad_y_diferencias_errores,1.6325688809032408,2.14428867203105,1.9961411021776354,1.9995115797215746,2.3386192110356494,-0.5117197911278091,-0.3635722212743946,-0.36694269881833375,-0.7060503301324086,0.14814756985341448,0.14477709230947533,-0.1943305390045995,-0.0033704775439391543,-0.342478108858014,-0.33910763131407484
MVP,New_MVP_053.wav,C:\Users\armga\OneDrive\Escritorio\TFG\Programacion objetivo\Bases de Datos\MVP_New_3주기\New_MVP_053.wav,afinidad_y_diferencias_errores,1.730090876579294,2.1845802655246227,2.00816550669641,2.0727879914955296,2.428568125483174,-0.45448938894532875,-0.2780746301171162,-0.34269711491623567,-0.69847724890388,0.17641475882821256,0.11179227402909309,-0.2439878599585512,-0.06462248479911947,-0.42040261878676377,-0.3557801339876443
MVP,New_MVP_054.wav,C:\Users\armga\OneDrive\Escritorio\TFG\Programacion objetivo\Bases de Datos\MVP_New_3주기\New_MVP_054.wav,afinidad_y_diferencias_errores,1.7067899520774343,2.2055680656669625,2.051192040291681,2.1234422249797515,2.3826113252652226,-0.49877811358952817,-0.34440208821424667,-0.4166522729023172,-0.6758213731877882,0.1543760253752815,0.08212584068721096,-0.17704325959826006,-0.07225018468807054,-0.33141928497354156,-0.259169100285471
MVP,New_MVP_055.wav,C:\Users\armga\OneDrive\Escritorio\TFG\Programacion objetivo\Bases de Datos\MVP_New_3주기\New_MVP_055.wav,afinidad_y_diferencias_errores,1.7395045132989702,2.143753354754971,1.969634355423068,2.059306914065945,2.4245377146497584,-0.4042488414560008,-0.23012984212409782,-0.31980240076697486,-0.6850332013507883,0.174118999331903,0.08444644068902596,-0.28078435989478745,-0.08967255864287704,-0.45490335922669045,-0.3652308005838134
MVP,New_MVP_056.wav,C:\Users\armga\OneDrive\Escritorio\TFG\Programacion objetivo\Bases de Datos\MVP_New_3주기\New_MVP_056.wav,afinidad_y_diferencias_errores,1.6636163193332734,2.149435916718794,1.996064766658049,2.0370128143686244,2.3456548582789716,-0.48581959738552083,-0.33244844732477574,-0.373396495035351,-0.6820385389456982,0.1533711500607451,0.11242310235016983,-0.19621894156017738,-0.04094804771057525,-0.34959009162092247,-0.3086420439103472
MVP,New_MVP_057.wav,C:\Users\armga\OneDrive\Escritorio\TFG\Programacion objetivo\Bases de Datos\MVP_New_3주기\New_MVP_057.wav,afinidad_y_diferencias_errores,1.5779342254129338,2.160168533642364,1.9810834710655558,2.0389613544454055,2.3524634470782555,-0.5822343082294303,-0.403149245652622,-0.46102712903247167,-0.7745292216653217,0.17908506257680834,0.12120717919695867,-0.19229491343589133,-0.05787788337984967,-0.3713799760126997,-0.31350209263285
MVP,New_MVP_058.wav,C:\Users\armga\OneDrive\Escritorio\TFG\Programacion objetivo\Bases de Datos\MVP_New_3주기\New_MVP_058.wav,afinidad_y_diferencias_errores,1.7103880110109617,2.133947715179369,1.9716158580598053,1.9939306422920986,2.2124526220852876,-0.4235597041684074,-0.2612278470488436,-0.2835426312811369,-0.5020646110743259,0.16233185711956377,0.1400170728872705,-0.07850490690591849,-0.022314784232293272,-0.24083676402548226,-0.218521979793189
MVP,New_MVP_059.wav,C:\Users\armga\OneDrive\Escritorio\TFG\Programacion objetivo\Bases de Datos\MVP_New_3주기\New_MVP_059.wav,afinidad_y_diferencias_errores,1.676558081965427,2.2075808304984545,2.0494539487808905,2.074141873184619,2.3015672948729247,-0.5310227485330274,-0.3728958668154634,-0.39758379121919174,-0.6250092129074976,0.15812688171756406,0.1334389573138357,-0.09398646437447011,-0.024687924403728356,-0.2521133460920342,-0.22742542168830582
MVP,New_MVP_060.wav,C:\Users\armga\OneDrive\Escritorio\TFG\Programacion objetivo\Bases de Datos\MVP_New_3주기\New_MVP_060.wav,afinidad_y_diferencias_errores,1.827447165991618,2.1586158511664477,1.9875024534613408,2.0345936592182983,2.390196408960202,-0.33116868517482967,-0.16005528746972275,-0.20714649322668022,-0.5627492429685841,0.17111339770510692,0.12402219194814945,-0.23158055779375442,-0.047091205756957466,-0.40269395549886133,-0.35560274974190387
MVP,New_MVP_061.wav,C:\Users\armga\OneDrive\Escritorio\TFG\Programacion objetivo\Bases de Datos\MVP_New_3주기\New_MVP_061.wav,afinidad_y_diferencias_errores,1.7849897749347896,2.1804546838256336,1.9906859862091233,2.0875179565329756,2.4376076057991614,-0.39546490889084396,-0.20569621127433368,-0.30252818159818595,-0.6526178308643718,0.18976869761651027,0.092936727292658,-0.2571529219735278,-0.09683197032385227,-0.44692161959003807,-0.3500896492661858
MVP,New_MVP_062.wav,C:\Users\armga\OneDrive\Escritorio\TFG\Programacion objetivo\Bases de Datos\MVP_New_3주기\New_MVP_062.wav,afinidad_y_diferencias_errores,1.7122198475875274,2.123640823065539,1.9688718335406425,2.0609959141655243,2.325909645713931,-0.4114209754780114,-0.2566519859531151,-0.34877606657799687,-0.6136897981264036,0.15476898952489626,0.0626449089000145,-0.2022688226483922,-0.09212408062488175,-0.35703781217328845,-0.2649137315484067
MVP,New_MVP_063.wav,C:\Users\armga\OneDrive\Escritorio\TFG\Programacion objetivo\Bases de Datos\MVP_New_3주기\New_MVP_063.wav,afinidad_y_diferencias_errores,1.835538249807698,2.175712596790086,2.0020633402506087,2.0532575252298564,2.3995474154454652,-0.34017434698238813,-0.16652509044291075,-0.2177192754221584,-0.5640091656377673,0.17364925653947738,0.12245507156022972,-0.22383481865537913,-0.05119418497924766,-0.3974840751948565,-0.34628989021560885
MVP,New_MVP_064.wav,C:\Users\armga\OneDrive\Escritorio\TFG\Programacion objetivo\Bases de Datos\MVP_New_3주기\New_MVP_064.wav,afinidad_y_diferencias_errores,2.0463220180948625,2.3115697892455276,2.1615161894975867,2.4121719153109145,2.586337325664336,-0.2652477711506651,-0.11519417140272425,-0.365849897216052,-0.5400153075694734,0.15005359974794086,-0.10060212606538688,-0.27476753641880824,-0.25065572581332773,-0.4248211361667491,-0.17416541035342137
MVP,New_MVP_065.wav,C:\Users\armga\OneDrive\Escritorio\TFG\Programacion objetivo\Bases de Datos\MVP_New_3주기\New_MVP_065.wav,afinidad_y_diferencias_errores,2.0981718191550542,2.2764187212820954,2.1363259126083882,2.352605634940401,2.609608415407648,-0.1782469021270412,-0.03815409345333398,-0.25443381578534696,-0.5114365962525937,0.14009280867370721,-0.07618691365830577,-0.33318969412555255,-0.21627972233201298,-0.47328250279925976,-0.2570027804672468
MVP,New_MVP_066.wav,C:\Users\armga\OneDrive\Escritorio\TFG\Programacion objetivo\Bases de Datos\MVP_New_3주기\New_MVP_066.wav,afinidad_y_diferencias_errores,2.1029295274177917,2.3252506365340606,2.136354285276376,2.399523972685248,2.6860887600858034,-0.2223211091162689,-0.03342475785858445,-0.2965944452674565,-0.5831592326680117,0.18889635125768445,-0.07427333615118759,-0.36083812355174283,-0.26316968740887203,-0.5497344748094273,-0.28656478740055524
MVP,New_MVP_067.wav,C:\Users\armga\OneDrive\Escritorio\TFG\Programacion objetivo\Bases de Datos\MVP_New_3주기\New_MVP_067.wav,afinidad_y_diferencias_errores,1.952654267779442,2.282236378864893,2.1296953548559356,2.3757302577894857,2.598996892261963,-0.3295821110854509,-0.17704108707649358,-0.4230759900100436,-0.646342624482521,0.1525410240089573,-0.09349387892459271,-0.3167605133970701,-0.24603490293355001,-0.4693015374060274,-0.2232666344724774
MVP,New_MVP_068.wav,C:\Users\armga\OneDrive\Escritorio\TFG\Programacion objetivo\Bases de Datos\MVP_New_3주기\New_MVP_068.wav,afinidad_y_diferencias_errores,2.1364231455127336,2.2993972219535967,2.0594659257544614,2.3511942929665106,2.6177589366962803,-0.16297407644086315,0.07695721975827219,-0.214771147453777,-0.48133579118354675,0.23993129619913534,-0.051797071012913865,-0.3183617147426836,-0.2917283672120492,-0.5582930109418189,-0.26656464372976973
MVP,New_MVP_069.wav,C:\Users\armga\OneDrive\Escritorio\TFG\Programacion objetivo\Bases de Datos\MVP_New_3주기\New_MVP_069.wav,afinidad_y_diferencias_errores,2.073845377408445,2.2948901732721843,2.116063250183979,2.3547598660686555,2.569326623967656,-0.22104479586373937,-0.042217872775534016,-0.2809144886602106,-0.4954812465592111,0.17882692308820536,-0.05986969279647125,-0.27443645069547173,-0.2386966158846766,-0.4532633737836771,-0.21456675789900048
MVP,New_MVP_070.wav,C:\Users\armga\OneDrive\Escritorio\TFG\Programacion objetivo\Bases de Datos\MVP_New_3주기\New_MVP_070.wav,afinidad_y_diferencias_errores,2.169767051142869,2.2468831980154116,2.0810785477134806,2.3234083563196783,2.59074270588977,-0.07711614687254276,0.08868850342938828,-0.15364130517680952,-0.420975654746901,0.16580465030193103,-0.07652515830426676,-0.34385950787435826,-0.2423298086061978,-0.5096641581762893,-0.2673343495700915
MVP,New_MVP_071.wav,C:\Users\armga\OneDrive\Escritorio\TFG\Programacion objetivo\Bases de Datos\MVP_New_3주기\New_MVP_071.wav,afinidad_y_diferencias_errores,2.0677327185912104,2.2562185228814773,2.135216416738351,2.423809284451186,2.5881536346522287,-0.18848580429026685,-0.06748369814714072,-0.3560765658599756,-0.5204209160610183,0.12100210614312612,-0.16759076156970876,-0.3319351117707514,-0.2885928677128349,-0.45293721791387753,-0.16434435020104265
MVP,New_MVP_072.wav,C:\Users\armga\OneDrive\Escritorio\TFG\Programacion objetivo\Bases de Datos\MVP_New_3주기\New_MVP_072.wav,afinidad_y_diferencias_errores,2.0220813851592245,2.271644841957825,2.1202023663275713,2.352514032813002,2.576147804698578,-0.24956345679860048,-0.09812098116834678,-0.33043264765377733,-0.5540664195393536,0.1514424756302537,-0.08086919085517685,-0.30450296274075317,-0.23231166648543056,-0.4559454383710069,-0.22363377188557632
MVP,New_MVP_073.wav,C:\Users\armga\OneDrive\Escritorio\TFG\Programacion objetivo\Bases de Datos\MVP_New_3주기\New_MVP_073.wav,afinidad_y_diferencias_errores,1.8250645920691024,2.2630538003211544,2.10206478344935,2.3521130923881968,2.478313730957463,-0.437989208252052,-0.2770001913802478,-0.5270485003190943,-0.6532491388883606,0.16098901687180422,-0.08905929206704233,-0.21525993063630855,-0.25004830893884655,-0.3762489475081128,-0.12620063856926622
MVP,New_MVP_074.wav,C:\Users\armga\OneDrive\Escritorio\TFG\Programacion objetivo\Bases de Datos\MVP_New_3주기\New_MVP_074.wav,afinidad_y_diferencias_errores,2.047999091014092,2.2737599158010418,2.123534924143389,2.3900835679900645,2.5439491295808425,-0.2257608247869496,-0.07553583312929701,-0.34208447697597233,-0.49595003856675035,0.15022499165765257,-0.11632365218902274,-0.27018921377980076,-0.2665486438466753,-0.42041420543745334,-0.15386556159077802
MVP,New_MVP_075.wav,C:\Users\armga\OneDrive\Escritorio\TFG\Programacion objetivo\Bases de Datos\MVP_New_3주기\New_MVP_075.wav,afinidad_y_diferencias_errores,2.0637933192965106,2.298407509554432,2.1235261794310905,2.3614680354237256,2.571885033153122,-0.23461419025792152,-0.0597328601345799,-0.2976747161272151,-0.5080917138566114,0.17488133012334162,-0.06306052586929356,-0.27347752359868993,-0.23794185599263518,-0.44835885372203155,-0.21041699772939637
MVP,New_MVP_076.wav,C:\Users\armga\OneDrive\Escritorio\TFG\Programacion objetivo\Bases de Datos\MVP_New_3주기\New_MVP_076.wav,afinidad_y_diferencias_errores,2.0259997877672427,2.3251093560343215,2.152931911491724,2.430863634910927,2.608997243127152,-0.2991095682670788,-0.12693212372448137,-0.4048638471436843,-0.5829974553599095,0.17217744454259742,-0.10575427887660549,-0.28388788709283075,-0.2779317234192029,-0.4560653316354282,-0.17813360821622526
MVP,New_MVP_077.wav,C:\Users\armga\OneDrive\Escritorio\TFG\Programacion objetivo\Bases de Datos\MVP_New_3주기\New_MVP_077.wav,afinidad_y_diferencias_errores,2.078087906618055,2.3284124177831265,2.1139937119247434,2.403635610179883,2.639962591952853,-0.2503245111650716,-0.03590580530668852,-0.32554770356182816,-0.5618746853347982,0.21441870585838307,-0.07522319239675657,-0.31155017416972663,-0.28964189825513964,-0.5259688800281097,-0.23632698177297007
MVP,New_MVP_078.wav,C:\Users\armga\OneDrive\Escritorio\TFG\Programacion objetivo\Bases de Datos\MVP_New_3주기\New_MVP_078.wav,afinidad_y_diferencias_errores,1.9286045369454994,2.3149695519937423,2.1639484744667903,2.3298554306780863,2.4642969853541197,-0.38636501504824294,-0.2353439375212909,-0.40125089373258693,-0.5356924484086203,0.15102107752695204,-0.01488587868434399,-0.14932743336037735,-0.16590695621129603,-0.3003485108873294,-0.13444155467603336
MVP,New_MVP_079.wav,C:\Users\armga\OneDrive\Escritorio\TFG\Programacion objetivo\Bases de Datos\MVP_New_3주기\New_MVP_079.wav,afinidad_y_diferencias_errores,1.7701751225646196,2.333912340923874,2.159147175441998,2.4030082418869063,2.501973270340093,-0.5637372183592542,-0.38897205287737857,-0.6328331193222867,-0.7317981477754734,0.1747651654818756,-0.06909590096303253,-0.1680609294162192,-0.24386106644490813,-0.3428260948980948,-0.09896502845318667
MVP,New_MVP_080.wav,C:\Users\armga\OneDrive\Escritorio\TFG\Programacion objetivo\Bases de Datos\MVP_New_3주기\New_MVP_080.wav,afinidad_y_diferencias_errores,1.961926210741202,2.3705443326223645,2.1442870780593886,2.3792815418040445,2.5851824584826253,-0.4086181218811624,-0.18236086731818646,-0.4173553310628424,-0.6232562477414232,0.22625725456297596,-0.008737209181679972,-0.21463812586026076,-0.23499446374465593,-0.4408953804232367,-0.2059009166785808
MVP,New_MVP_081.wav,C:\Users\armga\OneDrive\Escritorio\TFG\Programacion objetivo\Bases de Datos\MVP_New_3주기\New_MVP_081.wav,afinidad_y_diferencias_errores,1.8972711815187058,2.1636683464469018,2.0346500638399188,2.257306413938214,2.357011318307129,-0.266397164928196,-0.13737888232121298,-0.3600352324195084,-0.4597401367884233,0.129018282606983,-0.09363806749131243,-0.1933429718602273,-0.22265635009829543,-0.3223612544672103,-0.09970490436891488
MVP,New_MVP_082.wav,C:\Users\armga\OneDrive\Escritorio\TFG\Programacion objetivo\Bases de Datos\MVP_New_3주기\New_MVP_082.wav,afinidad_y_diferencias_errores,2.098962712757268,2.2497863914998586,2.1038584130009546,2.3425604819003714,2.568040210710976,-0.1508236787425905,-0.004895700243686463,-0.24359776914310327,-0.469077497953708,0.14592797849890404,-0.09277409040051277,-0.3182538192111175,-0.2387020688994168,-0.46418179771002155,-0.22547972881060474
MVP,New_MVP_083.wav,C:\Users\armga\OneDrive\Escritorio\TFG\Programacion objetivo\Bases de Datos\MVP_New_3주기\New_MVP_083.wav,afinidad_y_diferencias_errores,1.846867608917955,2.1898807945210774,2.0295320623110396,2.2823573474868497,2.404532842064648,-0.34301318560312244,-0.18266445339308457,-0.4354897385688947,-0.5576652331466929,0.16034873221003787,-0.09247655296577229,-0.21465204754357048,-0.25282528517581015,-0.37500077975360835,-0.1221754945777982
MVP,New_MVP_084.wav,C:\Users\armga\OneDrive\Escritorio\TFG\Programacion objetivo\Bases de Datos\MVP_New_3주기\New_MVP_084.wav,afinidad_y_diferencias_errores,2.074633709738793,2.2626512833012944,2.1242814415957842,2.3699315452056378,2.590319800128158,-0.18801757356250137,-0.04964773185699123,-0.29529783546684474,-0.515686090389365,0.13836984170551014,-0.10728026190434337,-0.3276685168268636,-0.2456501036098535,-0.46603835853237374,-0.22038825492252023
MVP,New_MVP_085.wav,C:\Users\armga\OneDrive\Escritorio\TFG\Programacion objetivo\Bases de Datos\MVP_New_3주기\New_MVP_085.wav,afinidad_y_diferencias_errores,1.9423628078559791,2.257211485955722,2.0753969962584633,2.3108672891606683,2.481261059336422,-0.31484867809974304,-0.13303418840248415,-0.36850448130468916,-0.5388982514804428,0.18181448969725889,-0.05365580320494612,-0.22404957338069975,-0.235470292902205,-0.40586406307795864,-0.17039377017575363
MVP,New_MVP_086.wav,C:\Users\armga\OneDrive\Escritorio\TFG\Programacion objetivo\Bases de Datos\MVP_New_3주기\New_MVP_086.wav,afinidad_y_diferencias_errores,2.0340526251635933,2.2690208229160342,2.1268770227280633,2.36346476000251,2.6565872577448406,-0.23496819775244093,-0.09282439756447003,-0.3294121348389165,-0.6225346325812473,0.1421438001879709,-0.09444393708647558,-0.38756643482880637,-0.23658773727444649,-0.5297102350167773,-0.2931224977423308
MVP,New_MVP_087.wav,C:\Users\armga\OneDrive\Escritorio\TFG\Programacion objetivo\Bases de Datos\MVP_New_3주기\New_MVP_087.wav,afinidad_y_diferencias_errores,2.1541152022251095,2.369385533830135,2.156346333093789,2.414292393371717,2.738524138828331,-0.2152703316050255,-0.002231130868679543,-0.26017719114660753,-0.5844089366032215,0.21303920073634597,-0.04490685954158202,-0.36913860499819595,-0.257946060277928,-0.5821778057345419,-0.32423174545661393
MVP,New_MVP_088.wav,C:\Users\armga\OneDrive\Escritorio\TFG\Programacion objetivo\Bases de Datos\MVP_New_3주기\New_MVP_088.wav,afinidad_y_diferencias_errores,2.050790665948066,2.312125137891497,2.160597262955212,2.3907321421817995,2.6498485319029275,-0.26133447194343074,-0.10980659700714579,-0.3399414762337334,-0.5990578659548613,0.15152787493628495,-0.07860700429030265,-0.3377233940114306,-0.2301348792265876,-0.48925126894771553,-0.25911638972112794
MVP,New_MVP_089.wav,C:\Users\armga\OneDrive\Escritorio\TFG\Programacion objetivo\Bases de Datos\MVP_New_3주기\New_MVP_089.wav,afinidad_y_diferencias_errores,2.1223521136560954,2.3449552625154304,2.1355392586300685,2.434129231584123,2.719585145673033,-0.22260314885933496,-0.013187144973973108,-0.31177711792802754,-0.5972330320169377,0.20941600388536186,-0.08917396906869257,-0.3746298831576027,-0.29858997295405443,-0.5840458870429646,-0.28545591408891013
MVP,New_MVP_090.wav,C:\Users\armga\OneDrive\Escritorio\TFG\Programacion objetivo\Bases de Datos\MVP_New_3주기\New_MVP_090.wav,afinidad_y_diferencias_errores,2.0921791987173783,2.2607536816191747,2.1488743677635296,2.41681282604817,2.59131505707659,-0.16857448290179633,-0.05669516904615124,-0.3246336273307917,-0.4991358583592116,0.11187931385564509,-0.15605914442899538,-0.33056137545741526,-0.26793845828464047,-0.44244068931306035,-0.17450223102841989
MVP,New_MVP_091.wav,C:\Users\armga\OneDrive\Escritorio\TFG\Programacion objetivo\Bases de Datos\MVP_New_3주기\New_MVP_091.wav,afinidad_y_diferencias_errores,1.877128160926798,2.2760669900485677,2.1397060943878987,2.3790078026222177,2.5731023971993117,-0.3989388291217697,-0.2625779334611007,-0.5018796416954197,-0.6959742362725136,0.136360895660669,-0.10294081257364995,-0.29703540715074395,-0.23930170823431895,-0.43339630281141295,-0.194094594577094
MVP,New_MVP_092.wav,C:\Users\armga\OneDrive\Escritorio\TFG\Programacion objetivo\Bases de Datos\MVP_New_3주기\New_MVP_092.wav,afinidad_y_diferencias_errores,2.0246762952354147,2.2445479947619664,2.0794356540743695,2.290656064494089,2.511044296242822,-0.21987169952655172,-0.054759358838954775,-0.2659797692586743,-0.4863680010074072,0.16511234068759695,-0.04610806973212256,-0.26649630148085546,-0.2112204104197195,-0.4316086421684524,-0.2203882317487329
MVP,New_MVP_093.wav,C:\Users\armga\OneDrive\Escritorio\TFG\Programacion objetivo\Bases de Datos\MVP_New_3주기\New_MVP_093.wav,afinidad_y_diferencias_errores,1.9748189093092705,2.174116212799191,2.089867945753251,2.3437526727964797,2.4562694306738657,-0.19929730348992036,-0.11504903644398068,-0.3689337634872092,-0.4814505213645952,0.08424826704593968,-0.16963645999728882,-0.28215321787467484,-0.2538847270432285,-0.36640148492061453,-0.11251675787738602
MVP,New_MVP_094.wav,C:\Users\armga\OneDrive\Escritorio\TFG\Programacion objetivo\Bases de Datos\MVP_New_3주기\New_MVP_094.wav,afinidad_y_diferencias_errores,2.1811741683433676,2.4064288463137387,2.1887753555750935,2.428841636411192,2.741550181944503,-0.22525467797037102,-0.00760118723172587,-0.24766746806782436,-0.5603760136011355,0.21765349073864515,-0.02241279009745334,-0.3351213356307645,-0.2400662808360985,-0.5527748263694097,-0.3127085455333112
MVP,New_MVP_095.wav,C:\Users\armga\OneDrive\Escritorio\TFG\Programacion objetivo\Bases de Datos\MVP_New_3주기\New_MVP_095.wav,afinidad_y_diferencias_errores,2.080145772057125,2.3426036086927224,2.1584789875966854,2.401177831066232,2.6986235994586067,-0.26245783663559763,-0.07833321553956063,-0.32103205900910714,-0.6184778274014819,0.184124621096037,-0.05857422237350951,-0.3560199907658843,-0.2426988434695465,-0.5401446118619213,-0.2974457683923748
MVP,New_MVP_096.wav,C:\Users\armga\OneDrive\Escritorio\TFG\Programacion objetivo\Bases de Datos\MVP_New_3주기\New_MVP_096.wav,afinidad_y_diferencias_errores,2.1266371528773362,2.305260267340292,2.200011125397001,2.4789356279213832,2.6444502896212603,-0.17862311446295598,-0.07337397251966493,-0.352298475044047,-0.517813136743924,0.10524914194329105,-0.173675360581091,-0.33919002228096806,-0.27892450252438206,-0.4444391642242591,-0.16551466169987705
MVP,New_MVP_097.wav,C:\Users\armga\OneDrive\Escritorio\TFG\Programacion objetivo\Bases de Datos\MVP_New_3주기\New_MVP_097.wav,afinidad_y_diferencias_errores,2.1405976816241785,2.386651236778839,2.196511323155646,2.430563406706904,2.68800457566928,-0.24605355515466032,-0.055913641531467384,-0.28996572508272545,-0.5474068940451016,0.19013991362319294,-0.043912169928065126,-0.30135333889044125,-0.23405208355125806,-0.4914932525136342,-0.2574411689623761
MVP,New_MVP_098.wav,C:\Users\armga\OneDrive\Escritorio\TFG\Programacion objetivo\Bases de Datos\MVP_New_3주기\New_MVP_098.wav,afinidad_y_diferencias_errores,1.6333254413394818,2.200808082861355,2.0688855961145984,2.2997947749637415,2.229856534880337,-0.5674826415218732,-0.43556015477511667,-0.6664693336242598,-0.5965310935408554,0.13192248674675655,-0.09898669210238653,-0.029048452018982207,-0.23090917884914308,-0.16097093876573876,0.06993824008340432
MVP,New_MVP_099.wav,C:\Users\armga\OneDrive\Escritorio\TFG\Programacion objetivo\Bases de Datos\MVP_New_3주기\New_MVP_099.wav,afinidad_y_diferencias_errores,1.9238800785145478,2.2751340349337337,1.994377911649947,2.350020866528038,2.3261325253549012,-0.3512539564191859,-0.07049783313539915,-0.4261407880134902,-0.40225244684035344,0.28075612328378674,-0.07488683159430432,-0.05099849042116755,-0.35564295487809106,-0.3317546137049543,0.023888341173136762
MVP,New_MVP_100.wav,C:\Users\armga\OneDrive\Escritorio\TFG\Programacion objetivo\Bases de Datos\MVP_New_3주기\New_MVP_100.wav,afinidad_y_diferencias_errores,1.6995693428333454,2.194181970060932,2.0826879912208875,2.288110168857204,2.196678902871811,-0.4946126272275866,-0.38311864838754217,-0.5885408260238585,-0.4971095600384656,0.11149397884004442,-0.0939281987962719,-0.002496932810879038,-0.20542217763631632,-0.11399091165092345,0.09143126598539286
MVP,New_MVP_101.wav,C:\Users\armga\OneDrive\Escritorio\TFG\Programacion objetivo\Bases de Datos\MVP_New_3주기\New_MVP_101.wav,afinidad_y_diferencias_errores,1.6451252294880274,2.288332181161293,2.091996925256949,2.2851285637008054,2.264948309596186,-0.6432069516732657,-0.4468716957689214,-0.640003334212778,-0.6198230801081586,0.1963352559043443,0.0032036174604876955,0.02338387156510713,-0.1931316384438566,-0.17295138433923718,0.020180254104619433
MVP,New_MVP_102.wav,C:\Users\armga\OneDrive\Escritorio\TFG\Programacion objetivo\Bases de Datos\MVP_New_3주기\New_MVP_102.wav,afinidad_y_diferencias_errores,1.5777279730195526,2.1497262526791765,2.0655270756207478,2.1954679827000985,2.1821681558209205,-0.5719982796596239,-0.4877991026011952,-0.6177400096805459,-0.6044401828013679,0.08419917705842872,-0.04574173002092197,-0.032441903141744,-0.1299409070793507,-0.11664108020017272,0.013299826879177967
MVP,New_MVP_103.wav,C:\Users\armga\OneDrive\Escritorio\TFG\Programacion objetivo\Bases de Datos\MVP_New_3주기\New_MVP_103.wav,afinidad_y_diferencias_errores,1.4262764039216813,2.2286364730163193,2.164524656702847,2.266049933878014,2.2738210917377777,-0.802360069094638,-0.7382482527811656,-0.8397735299563325,-0.8475446878160964,0.0641118163134724,-0.0374134608616945,-0.0451846187214584,-0.1015252771751669,-0.1092964350349308,-0.0077711578597639
MVP,New_MVP_104.wav,C:\Users\armga\OneDrive\Escritorio\TFG\Programacion objetivo\Bases de Datos\MVP_New_3주기\New_MVP_104.wav,afinidad_y_diferencias_errores,0.8536148284196348,2.019599640478369,1.8888954106888205,1.4676481563271726,1.6216908407643311,-1.1659848120587342,-1.0352805822691857,-0.6140333279075378,-0.7680760123446964,0.13070422978954843,0.5519514841511963,0.3979087997140378,0.4212472543616479,0.2672045699244894,-0.15404268443715852
MVP,New_MVP_105.wav,C:\Users\armga\OneDrive\Escritorio\TFG\Programacion objetivo\Bases de Datos\MVP_New_3주기\New_MVP_105.wav,afinidad_y_diferencias_errores,1.3440582870143376,2.307873792902195,2.2159978111197463,2.345341344180882,2.266521608136367,-0.9638155058878572,-0.8719395241054086,-1.0012830571665443,-0.9224633211220294,0.0918759817824486,-0.03746755127868706,0.041352184765827804,-0.12934353306113566,-0.0505237970166208,0.07881973604451487
MVP,New_MVP_106.wav,C:\Users\armga\OneDrive\Escritorio\TFG\Programacion objetivo\Bases de Datos\MVP_New_3주기\New_MVP_106.wav,afinidad_y_diferencias_errores,1.2529637904403237,2.020293514917927,2.021227894403301,1.9843116428786332,1.9558460953658388,-0.7673297244776034,-0.7682641039629772,-0.7313478524383095,-0.7028823049255151,-0.0009343794853737819,0.03598187203929393,0.06444741955208833,0.03691625152466771,0.06538179903746211,0.028465547512794398
MVP,New_MVP_107.wav,C:\Users\armga\OneDrive\Escritorio\TFG\Programacion objetivo\Bases de Datos\MVP_New_3주기\New_MVP_107.wav,afinidad_y_diferencias_errores,1.0565458412577484,2.1671207513179156,2.1543529281164306,2.1782115402224305,2.0958980602114696,-1.1105749100601672,-1.0978070868586822,-1.121665698964682,-1.0393522189537212,0.012767823201484951,-0.01109078890451487,0.07122269110644597,-0.02385861210599982,0.058454867904961016,0.08231348001096084
MVP,New_MVP_108.wav,C:\Users\armga\OneDrive\Escritorio\TFG\Programacion objetivo\Bases de Datos\MVP_New_3주기\New_MVP_108.wav,afinidad_y_diferencias_errores,0.9550025173639186,2.191570847561336,2.1204109395694943,1.8552396912211333,1.9518325505015868,-1.236568330197417,-1.1654084222055756,-0.9002371738572147,-0.9968300331376682,0.07115990799184146,0.3363311563402025,0.23973829705974903,0.26517124834836103,0.16857838906790756,-0.09659285928045347
MVP,New_MVP_109.wav,C:\Users\armga\OneDrive\Escritorio\TFG\Programacion objetivo\Bases de Datos\MVP_New_3주기\New_MVP_109.wav,afinidad_y_diferencias_errores,0.49618887441805687,1.8409804466315303,1.9398176374874023,1.4941125569145168,1.2761200845459784,-1.3447915722134733,-1.4436287630693454,-0.9979236824964599,-0.7799312101279214,-0.09883719085587206,0.34686788971701343,0.5648603620855519,0.4457050805728855,0.663697552941424,0.21799247236853847
MVP,New_MVP_110.wav,C:\Users\armga\OneDrive\Escritorio\TFG\Programacion objetivo\Bases de Datos\MVP_New_3주기\New_MVP_110.wav,afinidad_y_diferencias_errores,0.48866796745163577,1.7481878982485533,1.828247432886909,1.411487145371223,1.1822160360239327,-1.2595199307969174,-1.339579465435273,-0.9228191779195872,-0.6935480685722969,-0.08005953463835569,0.33670075287733026,0.5659718622246206,0.41676028751568595,0.6460313968629763,0.22927110934729034
MVP,New_MVP_111.wav,C:\Users\armga\OneDrive\Escritorio\TFG\Programacion objetivo\Bases de Datos\MVP_New_3주기\New_MVP_111.wav,afinidad_y_diferencias_errores,0.3193012499648372,1.6988058033610267,1.6154124928520863,1.122303686544681,0.9077533880437869,-1.3795045533961896,-1.2961112428872492,-0.8030024365798437,-0.5884521380789497,0.08339331050894039,0.5765021168163458,0.7910524153172398,0.4931088063074054,0.7076591048082994,0.21455029850089402
MVP,New_MVP_112.wav,C:\Users\armga\OneDrive\Escritorio\TFG\Programacion objetivo\Bases de Datos\MVP_New_3주기\New_MVP_112.wav,afinidad_y_diferencias_errores,0.33443356451966555,1.6267297554471734,1.6456692978586935,1.2356975802408203,0.8965981754494746,-1.292296190927508,-1.311235733339028,-0.9012640157211548,-0.5621646109298091,-0.018939542411520183,0.391032175206353,0.7301315799976987,0.4099717176178732,0.7490711224092189,0.3390994047913457
MVP,New_MVP_113.wav,C:\Users\armga\OneDrive\Escritorio\TFG\Programacion objetivo\Bases de Datos\MVP_New_3주기\New_MVP_113.wav,afinidad_y_diferencias_errores,0.3812161266609854,1.6881864471942714,1.6467404376941304,1.2171326420363227,1.013450175141374,-1.3069703205332859,-1.2655243110331449,-0.8359165153753372,-0.6322340484803886,0.04144600950014099,0.4710538051579487,0.6747362720528973,0.4296077956578077,0.6332902625527563,0.20368246689494862
MVP,New_MVP_114.wav,C:\Users\armga\OneDrive\Escritorio\TFG\Programacion objetivo\Bases de Datos\MVP_New_3주기\New_MVP_114.wav,afinidad_y_diferencias_errores,0.29044847752407654,1.6842141213763204,1.6084680227557222,1.210182357913501,0.8736540281697656,-1.3937656438522439,-1.3180195452316457,-0.9197338803894244,-0.583205550645689,0.07574609862059822,0.4740317634628195,0.8105600932065549,0.3982856648422213,0.7348139945859566,0.33652832974373537
MVP,New_MVP_115.wav,C:\Users\armga\OneDrive\Escritorio\TFG\Programacion objetivo\Bases de Datos\MVP_New_3주기\New_MVP_115.wav,afinidad_y_diferencias_errores,0.31599857061062353,1.6940246911696013,1.6723346110677915,1.226453641316148,0.8767823052312965,-1.3780261205589777,-1.356336040457168,-0.9104550707055244,-0.560783734620673,0.02169008010180984,0.4675710498534533,0.8172423859383048,0.4458809697516435,0.7955523058364949,0.34967133608485146
MVP,New_MVP_116.wav,C:\Users\armga\OneDrive\Escritorio\TFG\Programacion objetivo\Bases de Datos\MVP_New_3주기\New_MVP_116.wav,afinidad_y_diferencias_errores,0.333920135067733,1.626283824697808,1.5927042504044298,1.1885550094084787,0.9107589249485469,-1.292363689630075,-1.2587841153366968,-0.8546348743407457,-0.5768387898808139,0.03357957429337821,0.4377288152893293,0.715524899749261,0.40414924099595106,0.6819453254558828,0.27779608445993176
MVP,New_MVP_117.wav,C:\Users\armga\OneDrive\Escritorio\TFG\Programacion objetivo\Bases de Datos\MVP_New_3주기\New_MVP_117.wav,afinidad_y_diferencias_errores,0.2972847062088325,1.738549284410072,1.6567169636806067,1.2780167558000353,0.9050862165294482,-1.4412645782012397,-1.359432257471774,-0.9807320495912027,-0.6078015103206157,0.08183232072946534,0.4605325286100368,0.8334630678806239,0.37870020788057146,0.7516307471511585,0.37293053927058706
MVP,New_MVP_118.wav,C:\Users\armga\OneDrive\Escritorio\TFG\Programacion objetivo\Bases de Datos\MVP_New_3주기\New_MVP_118.wav,afinidad_y_diferencias_errores,0.3541841446353928,1.7601483729880238,1.768525961492371,1.298571090924616,0.9688266866042657,-1.405964228352631,-1.4143418168569781,-0.9443869462892232,-0.614642541968873,-0.008377588504347111,0.46157728206340787,0.7913216863837581,0.469954870567755,0.7996992748881052,0.32974440432035024
MVP,New_MVP_119.wav,C:\Users\armga\OneDrive\Escritorio\TFG\Programacion objetivo\Bases de Datos\MVP_New_3주기\New_MVP_119.wav,afinidad_y_diferencias_errores,0.31970089641173466,1.7000543857914683,1.670208409137739,1.1992432201800687,0.9190050287899747,-1.3803534893797336,-1.3505075127260042,-0.879542323768334,-0.59930413237824,0.029845976653729345,0.5008111656113996,0.7810493570014936,0.47096518895767026,0.7512033803477642,0.280238191390094
MVP,New_MVP_120.wav,C:\Users\armga\OneDrive\Escritorio\TFG\Programacion objetivo\Bases de Datos\MVP_New_3주기\New_MVP_120.wav,afinidad_y_diferencias_errores,0.3321287914050061,1.6602994183142494,1.6625210744053516,1.2404848974121476,0.9239701587419159,-1.3281706269092433,-1.3303922830003454,-0.9083561060071415,-0.5918413673369098,-0.002221656091102142,0.4198145209021018,0.7363292595723335,0.42203617699320395,0.7385509156634357,0.3165147386702317
MVP,New_MVP_121.wav,C:\Users\armga\OneDrive\Escritorio\TFG\Programacion objetivo\Bases de Datos\MVP_New_3주기\New_MVP_121.wav,afinidad_y_diferencias_errores,0.37349261962298186,1.7118427546269477,1.6728869736134588,1.2241752444529064,0.9881379620954646,-1.338350135003966,-1.2993943539904769,-0.8506826248299245,-0.6146453424724827,0.038955781013488844,0.4876675101740413,0.7237047925314831,0.44871172916055246,0.6847490115179943,0.2360372823574418
MVP,New_MVP_122.wav,C:\Users\armga\OneDrive\Escritorio\TFG\Programacion objetivo\Bases de Datos\MVP_New_3주기\New_MVP_122.wav,afinidad_y_diferencias_errores,0.32859750528686926,1.728610156740245,1.6732259839012698,1.2493027634139657,0.9359488250999196,-1.4000126514533757,-1.3446284786144005,-0.9207052581270965,-0.6073513198130503,0.05538417283897523,0.47930739332627925,0.7926613316403254,0.423923220487304,0.7372771588013501,0.3133539383140461
MVP,New_MVP_123.wav,C:\Users\armga\OneDrive\Escritorio\TFG\Programacion objetivo\Bases de Datos\MVP_New_3주기\New_MVP_123.wav,afinidad_y_diferencias_errores,1.132157544948641,2.2535007517744967,2.0256193153168374,2.1849342539052703,2.5076659697174084,-1.1213432068258558,-0.8934617703681964,-1.0527767089566293,-1.3755084247687674,0.22788143645765935,0.06856649786922642,-0.2541652179429117,-0.15931493858843293,-0.48204665440057104,-0.3227317158121381
MVP,New_MVP_124.wav,C:\Users\armga\OneDrive\Escritorio\TFG\Programacion objetivo\Bases de Datos\MVP_New_3주기\New_MVP_124.wav,afinidad_y_diferencias_errores,1.1620688304432887,2.2379004057149077,2.063440219070491,2.1759925545571948,2.5337010297626192,-1.075831575271619,-0.9013713886272023,-1.013923724113906,-1.3716321993193306,0.17446018664441665,0.06190785115771291,-0.29580062404771157,-0.11255233548670374,-0.4702608106921282,-0.3577084752054245
MVP,New_MVP_125.wav,C:\Users\armga\OneDrive\Escritorio\TFG\Programacion objetivo\Bases de Datos\MVP_New_3주기\New_MVP_125.wav,afinidad_y_diferencias_errores,1.1249651488101113,2.2264420154733147,2.0240347718226,2.1468008032601706,2.536173528077343,-1.1014768666632033,-0.8990696230124886,-1.0218356544500593,-1.4112083792672316,0.20240724365071472,0.07964121221314402,-0.3097315126040283,-0.1227660314375707,-0.512138756254743,-0.38937272481717233
MVP,New_MVP_126.wav,C:\Users\armga\OneDrive\Escritorio\TFG\Programacion objetivo\Bases de Datos\MVP_New_3주기\New_MVP_126.wav,afinidad_y_diferencias_errores,1.1455592056496273,2.22949329877294,2.009352481376142,2.0836273493081943,2.4997040162492192,-1.0839340931233126,-0.8637932757265145,-0.9380681436585669,-1.354144810599592,0.22014081739679803,0.14586594946474563,-0.27021071747627934,-0.0742748679320524,-0.49035153487307737,-0.41607666694102496
MVP,New_MVP_127.wav,C:\Users\armga\OneDrive\Escritorio\TFG\Programacion objetivo\Bases de Datos\MVP_New_3주기\New_MVP_127.wav,afinidad_y_diferencias_errores,1.0519425864276115,2.160411278394134,1.9894850631787195,2.023630441287462,2.552644452999583,-1.1084686919665223,-0.937542476751108,-0.9716878548598504,-1.5007018665719716,0.1709262152154143,0.13678083710667188,-0.39223317460544926,-0.03414537810874241,-0.5631593898208636,-0.5290140117121211
MVP,New_MVP_128.wav,C:\Users\armga\OneDrive\Escritorio\TFG\Programacion objetivo\Bases de Datos\MVP_New_3주기\New_MVP_128.wav,afinidad_y_diferencias_errores,1.0426756169115476,2.0987536596082346,1.9759385859204774,1.979083544342201,2.3999809777248755,-1.056078042696687,-0.9332629690089298,-0.9364079274306534,-1.3573053608133279,0.12281507368775713,0.11967011526603355,-0.30122731811664094,-0.003144958421723576,-0.42404239180439807,-0.4208974333826745
MVP,New_MVP_129.wav,C:\Users\armga\OneDrive\Escritorio\TFG\Programacion objetivo\Bases de Datos\MVP_New_3주기\New_MVP_129.wav,afinidad_y_diferencias_errores,1.0069389170980247,2.190267278185688,2.0783992160131035,2.0309007918273583,2.309255751533605,-1.183328361087663,-1.0714602989150788,-1.0239618747293335,-1.3023168344355802,0.11186806217258427,0.1593664863583295,-0.11898847334791718,0.047498424185745236,-0.23085653552050145,-0.2783549597062467
MVP,New_MVP_130.wav,C:\Users\armga\OneDrive\Escritorio\TFG\Programacion objetivo\Bases de Datos\MVP_New_3주기\New_MVP_130.wav,afinidad_y_diferencias_errores,1.0527838820031437,2.16094163992239,1.9845607523066546,1.943316228823966,2.4874541522507183,-1.1081577579192463,-0.931776870303511,-0.8905323468208224,-1.4346702702475747,0.17638088761573534,0.21762541109842393,-0.32651251232832834,0.04124452348268859,-0.5028933999440637,-0.5441379234267523
MVP,New_MVP_131.wav,C:\Users\armga\OneDrive\Escritorio\TFG\Programacion objetivo\Bases de Datos\MVP_New_3주기\New_MVP_131.wav,afinidad_y_diferencias_errores,1.1448676414593153,2.186706446876622,1.9717421075538457,2.0767635221752823,2.542400369545013,-1.0418388054173067,-0.8268744660945304,-0.931895880715967,-1.3975327280856977,0.21496433932277625,0.1099429247013397,-0.35569392266839106,-0.10502141462143655,-0.5706582619911673,-0.46563684736973077
MVP,New_MVP_132.wav,C:\Users\armga\OneDrive\Escritorio\TFG\Programacion objetivo\Bases de Datos\MVP_New_3주기\New_MVP_132.wav,afinidad_y_diferencias_errores,1.1478997676675393,2.287724824865664,2.0644733027055855,2.1774650225262375,2.6296376185066843,-1.1398250571981248,-0.9165735350380462,-1.0295652548586982,-1.481737850839145,0.2232515221600786,0.11025980233942656,-0.34191279364102023,-0.11299171982065204,-0.5651643158010988,-0.4521725959804468
MVP,New_MVP_133.wav,C:\Users\armga\OneDrive\Escritorio\TFG\Programacion objetivo\Bases de Datos\MVP_New_3주기\New_MVP_133.wav,afinidad_y_diferencias_errores,1.1243774380326992,2.2330148614574648,2.0258496813062967,2.146902025938351,2.584148554873917,-1.1086374234247656,-0.9014722432735975,-1.0225245879056517,-1.4597711168412177,0.20716518015116803,0.08611283551911386,-0.3511336934164522,-0.12105234463205417,-0.5582988735676202,-0.43724652893556604
MVP,New_MVP_134.wav,C:\Users\armga\OneDrive\Escritorio\TFG\Programacion objetivo\Bases de Datos\MVP_New_3주기\New_MVP_134.wav,afinidad_y_diferencias_errores,1.1165728351807875,2.214382995608765,2.028804472177941,2.0535133242478123,2.616081547398208,-1.0978101604279773,-0.9122316369971533,-0.9369404890670248,-1.4995087122174204,0.18557852343082404,0.16086967136095254,-0.40169855178944314,-0.0247088520698715,-0.5872770752202672,-0.5625682231503957
MVP,New_MVP_135.wav,C:\Users\armga\OneDrive\Escritorio\TFG\Programacion objetivo\Bases de Datos\MVP_New_3주기\New_MVP_135.wav,afinidad_y_diferencias_errores,1.0605403967571048,2.16636270706119,2.002989000417699,1.9816548909213223,2.5215667702225457,-1.1058223103040852,-0.9424486036605944,-0.9211144941642175,-1.461026373465441,0.16337370664349082,0.18470781613986764,-0.3552040631613558,0.02133410949637682,-0.5185777698048466,-0.5399118793012234
MVP,New_MVP_136.wav,C:\Users\armga\OneDrive\Escritorio\TFG\Programacion objetivo\Bases de Datos\MVP_New_3주기\New_MVP_136.wav,afinidad_y_diferencias_errores,1.029177513948075,2.1723360963880487,2.034860272589185,2.001290891010566,2.4269184390112657,-1.1431585824399737,-1.0056827586411101,-0.9721133770624908,-1.3977409250631907,0.13747582379886358,0.1710452053774829,-0.254582342623217,0.03356938157861933,-0.3920581664220806,-0.4256275480006999
MVP,New_MVP_137.wav,C:\Users\armga\OneDrive\Escritorio\TFG\Programacion objetivo\Bases de Datos\MVP_New_3주기\New_MVP_137.wav,afinidad_y_diferencias_errores,1.0038508681027707,2.126372529478969,2.013405835610974,1.9781080721131734,2.431427050128849,-1.1225216613761984,-1.0095549675082032,-0.9742572040104027,-1.4275761820260782,0.11296669386799518,0.14826445736579563,-0.3050545206498798,0.03529776349780045,-0.418021214517875,-0.45331897801567544
MVP,New_MVP_138.wav,C:\Users\armga\OneDrive\Escritorio\TFG\Programacion objetivo\Bases de Datos\MVP_New_3주기\New_MVP_138.wav,afinidad_y_diferencias_errores,1.0173549542780114,2.1021934890641227,1.9577900284028271,1.989332869955917,2.489893295938736,-1.0848385347861114,-0.9404350741248158,-0.9719779156779056,-1.4725383416607247,0.1444034606612956,0.11286061910820577,-0.38769980687461336,-0.03154284155308984,-0.532103267535909,-0.5005604259828191
MVP,New_MVP_139.wav,C:\Users\armga\OneDrive\Escritorio\TFG\Programacion objetivo\Bases de Datos\MVP_New_3주기\New_MVP_139.wav,afinidad_y_diferencias_errores,1.1687973414910453,2.2449298488237575,2.0041370934481177,2.182012954486315,2.5938222166630056,-1.0761325073327122,-0.8353397519570724,-1.0132156129952699,-1.4250248751719603,0.2407927553756397,0.0629168943374423,-0.34889236783924815,-0.1778758610381974,-0.5896851232148879,-0.41180926217669045
MVP,New_MVP_140.wav,C:\Users\armga\OneDrive\Escritorio\TFG\Programacion objetivo\Bases de Datos\MVP_New_3주기\New_MVP_140.wav,afinidad_y_diferencias_errores,1.0671388630188785,2.2145865129761764,2.0215129150325466,2.1096684216780535,2.5107279652285084,-1.1474476499572979,-0.9543740520136681,-1.042529558659175,-1.4435891022096299,0.19307359794362977,0.1049180912981229,-0.296141452252332,-0.08815550664550686,-0.4892150501959618,-0.4010595435504549
MVP,New_MVP_141.wav,C:\Users\armga\OneDrive\Escritorio\TFG\Programacion objetivo\Bases de Datos\MVP_New_3주기\New_MVP_141.wav,afinidad_y_diferencias_errores,1.130104849329574,2.182346181239102,1.987543561488081,2.0342876719589102,2.4809836162526424,-1.0522413319095278,-0.857438712158507,-0.9041828226293362,-1.3508787669230684,0.19480261975102087,0.1480585092801916,-0.29863743501354056,-0.04674411047082927,-0.49344005476456143,-0.44669594429373216
MVP,New_MVP_142.wav,C:\Users\armga\OneDrive\Escritorio\TFG\Programacion objetivo\Bases de Datos\MVP_New_3주기\New_MVP_142.wav,afinidad_y_diferencias_errores,1.0916581418044085,2.260652442036182,2.0412493086818353,2.1135888175742945,2.5943045534123255,-1.1689943002317738,-0.9495911668774268,-1.021930675769886,-1.502646411607917,0.2194031333543469,0.1470636244618877,-0.33365211137614326,-0.07233950889245921,-0.5530552447304902,-0.48071573583803096
MVP,New_MVP_143.wav,C:\Users\armga\OneDrive\Escritorio\TFG\Programacion objetivo\Bases de Datos\MVP_New_3주기\New_MVP_143.wav,afinidad_y_diferencias_errores,1.0345020006059182,2.1304749665177765,1.9839066539546721,1.939976300816276,2.4222058194536893,-1.0959729659118582,-0.9494046533487539,-0.9054743002103578,-1.387703818847771,0.14656831256310432,0.19049866570150042,-0.29173085293591283,0.043930353138396105,-0.43829916549901715,-0.48222951863741326
MVP,New_MVP_144.wav,C:\Users\armga\OneDrive\Escritorio\TFG\Programacion objetivo\Bases de Datos\MVP_New_3주기\New_MVP_144.wav,afinidad_y_diferencias_errores,1.0383283349012635,2.161822466561393,1.9987616806386155,1.9967894488272442,2.3789133494181525,-1.1234941316601295,-0.960433345737352,-0.9584611139259807,-1.340585014516889,0.1630607859227775,0.1650330177341488,-0.21709088285675948,0.0019722318113712944,-0.380151668779537,-0.3821239005909083
MVP,New_MVP_145.wav,C:\Users\armga\OneDrive\Escritorio\TFG\Programacion objetivo\Bases de Datos\MVP_New_3주기\New_MVP_145.wav,afinidad_y_diferencias_errores,1.0322741010926912,2.1760294064248025,2.024945233706643,1.9863533446483637,2.5552107558544157,-1.1437553053321112,-0.9926711326139519,-0.9540792435556724,-1.5229366547617245,0.15108417271815933,0.1896760617764388,-0.37918134942961323,0.03859188905827948,-0.5302655221477726,-0.568857411206052
MVP,New_MVP_146.wav,C:\Users\armga\OneDrive\Escritorio\TFG\Programacion objetivo\Bases de Datos\MVP_New_3주기\New_MVP_146.wav,afinidad_y_diferencias_errores,1.158538941905133,2.263984632276155,2.0149993377418527,2.1322086099456445,2.5580453944882793,-1.1054456903710221,-0.8564603958367196,-0.9736696680405115,-1.3995064525831462,0.24898529453430251,0.13177602233051067,-0.29406076221212407,-0.11720927220379185,-0.5430460567464266,-0.42583678454263474
MVP,New_MVP_147.wav,C:\Users\armga\OneDrive\Escritorio\TFG\Programacion objetivo\Bases de Datos\MVP_New_3주기\New_MVP_147.wav,afinidad_y_diferencias_errores,1.1023288935211308,2.29864111640263,2.069470839928016,2.1646718937012115,2.63015388616869,-1.1963122228814993,-0.9671419464068851,-1.0623430001800807,-1.527824992647559,0.2291702764746142,0.13396922270141864,-0.3315127697660598,-0.09520105377319554,-0.560683046240674,-0.46548199246747846
MVP,New_MVP_148.wav,C:\Users\armga\OneDrive\Escritorio\TFG\Programacion objetivo\Bases de Datos\MVP_New_3주기\New_MVP_148.wav,afinidad_y_diferencias_errores,1.1146787265185603,2.1611456447709734,1.9984369007449598,2.11851339988158,2.506759497714601,-1.0464669182524131,-0.8837581742263996,-1.0038346733630197,-1.3920807711960406,0.16270874402601354,0.042632244889393434,-0.34561385294362745,-0.12007649913662011,-0.508322596969641,-0.3882460978330209
MVP,New_MVP_149.wav,C:\Users\armga\OneDrive\Escritorio\TFG\Programacion objetivo\Bases de Datos\MVP_New_3주기\New_MVP_149.wav,afinidad_y_diferencias_errores,1.114489064953092,2.1655251633526102,1.9992000666740688,2.0245533600936985,2.491885450460717,-1.0510360983995182,-0.8847110017209767,-0.9100642951406064,-1.377396385507625,0.16632509667854145,0.1409718032589118,-0.32636028710810683,-0.025353293419629663,-0.4926853837866483,-0.4673320903670186
MVP,New_MVP_150.wav,C:\Users\armga\OneDrive\Escritorio\TFG\Programacion objetivo\Bases de Datos\MVP_New_3주기\New_MVP_150.wav,afinidad_y_diferencias_errores,1.035420397456082,2.1490734379472007,2.008751264247775,1.9928737436387682,2.5122667671009675,-1.1136530404911187,-0.9733308667916929,-0.9574533461826862,-1.4768463696448855,0.1403221736994258,0.1561996943084325,-0.3631933291537668,0.015877520609006712,-0.5035155028531926,-0.5193930234621993
MVP,New_MVP_151.wav,C:\Users\armga\OneDrive\Escritorio\TFG\Programacion objetivo\Bases de Datos\MVP_New_3주기\New_MVP_151.wav,afinidad_y_diferencias_errores,1.007778393826725,2.1217221519201503,1.975669497406524,1.9276859016585206,2.425550485593882,-1.1139437580934253,-0.967891103579799,-0.9199075078317955,-1.4177720917671568,0.14605265451362626,0.19403625026162974,-0.3038283336737315,0.04798359574800348,-0.4498809881873578,-0.49786458393536126
MVP,New_MVP_152.wav,C:\Users\armga\OneDrive\Escritorio\TFG\Programacion objetivo\Bases de Datos\MVP_New_3주기\New_MVP_152.wav,afinidad_y_diferencias_errores,1.0131058596857592,2.082100005940266,1.9734807725678132,1.8844507463258937,2.215593212079319,-1.068994146254507,-0.960374912882054,-0.8713448866401345,-1.20248735239356,0.10861923337245294,0.1976492596143724,-0.13349320613905302,0.08903002624191947,-0.24211243951150596,-0.33114246575342543
MVP,New_MVP_153.wav,C:\Users\armga\OneDrive\Escritorio\TFG\Programacion objetivo\Bases de Datos\MVP_New_3주기\New_MVP_153.wav,afinidad_y_diferencias_errores,1.0499967028995654,2.15660044887798,1.9885601236938906,1.994586135505474,2.5677830038204106,-1.1066037459784148,-0.9385634207943252,-0.9445894326059086,-1.5177863009208452,0.16804032518408962,0.16201431337250627,-0.4111825549424304,-0.006026011811583354,-0.57922288012652,-0.5731968683149367
MVP,New_MVP_154.wav,C:\Users\armga\OneDrive\Escritorio\TFG\Programacion objetivo\Bases de Datos\MVP_New_3주기\New_MVP_154.wav,afinidad_y_diferencias_errores,1.148323091162898,2.300865239116429,2.0795087499213056,2.1950481843572787,2.6531431342896314,-1.1525421479535307,-0.9311856587584075,-1.0467250931943806,-1.5048200431267333,0.22135648919512318,0.10581705475915015,-0.3522778951732026,-0.11553943443597303,-0.5736343843683258,-0.4580949499323528
MVP,New_MVP_155.wav,C:\Users\armga\OneDrive\Escritorio\TFG\Programacion objetivo\Bases de Datos\MVP_New_3주기\New_MVP_155.wav,afinidad_y_diferencias_errores,1.109363375940707,2.2206158893012975,2.0219273568045377,2.1487865710470304,2.5935476518032416,-1.1112525133605904,-0.9125639808638306,-1.0394231951063233,-1.4841842758625345,0.19868853249675977,0.07182931825426708,-0.37293176250194415,-0.1268592142424927,-0.5716202949987039,-0.44476108075621124
MVP,New_MVP_156.wav,C:\Users\armga\OneDrive\Escritorio\TFG\Programacion objetivo\Bases de Datos\MVP_New_3주기\New_MVP_156.wav,afinidad_y_diferencias_errores,1.0848468071115167,2.168702222797636,1.9713413563320525,2.0343728014967346,2.486717528475826,-1.0838554156861193,-0.8864945492205358,-0.9495259943852179,-1.4018707213643091,0.19736086646558348,0.13432942130090142,-0.3180153056781898,-0.06303144516468207,-0.5153761721437733,-0.4523447269790912
MVP,New_MVP_157.wav,C:\Users\armga\OneDrive\Escritorio\TFG\Programacion objetivo\Bases de Datos\MVP_New_3주기\New_MVP_157.wav,afinidad_y_diferencias_errores,1.0868061130255777,2.2428978200897522,2.0375934507995352,2.0977554526672924,2.5494908775214635,-1.1560917070641745,-0.9507873377739575,-1.0109493396417146,-1.4626847644958858,0.205304369290217,0.1451423674224599,-0.3065930574317113,-0.06016200186775711,-0.5118974267219283,-0.4517354248541712
MVP,New_MVP_158.wav,C:\Users\armga\OneDrive\Escritorio\TFG\Programacion objetivo\Bases de Datos\MVP_New_3주기\New_MVP_158.wav,afinidad_y_diferencias_errores,1.0610601083322513,2.1717919479104824,1.9910646026857026,1.9977771185107929,2.5081573910976114,-1.110731839578231,-0.9300044943534513,-0.9367170101785416,-1.44709728276536,0.18072734522477973,0.17401482939968949,-0.336365443187129,-0.006712515825090248,-0.5170927884119088,-0.5103802725868185
MVP,New_MVP_159.wav,C:\Users\armga\OneDrive\Escritorio\TFG\Programacion objetivo\Bases de Datos\MVP_New_3주기\New_MVP_159.wav,afinidad_y_diferencias_errores,1.0548163374731985,2.1574517108401547,1.9964811718157203,1.9686690579868336,2.366855255342297,-1.1026353733669563,-0.9416648343425218,-0.9138527205136351,-1.3120389178690983,0.16097053902443448,0.1887826528533212,-0.20940354450214205,0.02781211382888671,-0.3703740835265765,-0.39818619735546323
MVP,New_MVP_160.wav,C:\Users\armga\OneDrive\Escritorio\TFG\Programacion objetivo\Bases de Datos\MVP_New_3주기\New_MVP_160.wav,afinidad_y_diferencias_errores,1.0039296019626225,2.129432304080215,1.975010635974102,1.9606484476511208,2.3953179218297325,-1.1255027021175927,-0.9710810340114795,-0.9567188456884983,-1.39138831986711,0.15442166810611324,0.16878385642909444,-0.26588561774951724,0.014362188322981195,-0.4203072858556305,-0.4346694741786117
MVP,New_MVP_161.wav,C:\Users\armga\OneDrive\Escritorio\TFG\Programacion objetivo\Bases de Datos\MVP_New_3주기\New_MVP_161.wav,afinidad_y_diferencias_errores,1.1630142495319633,2.2163230743269446,2.001543124456703,2.18319663720842,2.583350495785837,-1.0533088247949813,-0.8385288749247397,-1.0201823876764566,-1.4203362462538738,0.21477994987024163,0.0331264371185247,-0.36702742145889244,-0.18165351275171693,-0.5818073713291341,-0.40015385857741714
MVP,New_MVP_162.wav,C:\Users\armga\OneDrive\Escritorio\TFG\Programacion objetivo\Bases de Datos\MVP_New_3주기\New_MVP_162.wav,afinidad_y_diferencias_errores,1.1739354180515509,2.2305571231857724,1.9984302982282358,2.1973239716471658,2.576767154633672,-1.0566217051342215,-0.8244948801766849,-1.0233885535956149,-1.402831736582121,0.23212682495753656,0.03323315153860662,-0.3462100314478995,-0.19889367341892994,-0.5783368564054361,-0.37944318298650614
MVP,New_MVP_163.wav,C:\Users\armga\OneDrive\Escritorio\TFG\Programacion objetivo\Bases de Datos\MVP_New_3주기\New_MVP_163.wav,afinidad_y_diferencias_errores,1.0477667722598936,2.2423377539959946,2.1065548210510983,2.120957099528682,2.4803603957798592,-1.194570981736101,-1.0587880487912047,-1.0731903272687884,-1.4325936235199657,0.1357829329448963,0.12138065446731261,-0.23802264178386467,-0.014402278477583685,-0.37380557472876097,-0.3594032962511773
MVP,New_MVP_164.wav,C:\Users\armga\OneDrive\Escritorio\TFG\Programacion objetivo\Bases de Datos\MVP_New_3주기\New_MVP_164.wav,afinidad_y_diferencias_errores,1.1055590291540645,2.1939335848290757,2.0180695346188395,2.035943577653731,2.515709222665225,-1.0883745556750113,-0.9125105054647751,-0.9303845484996667,-1.4101501935111607,0.1758640502102362,0.15799000717534462,-0.3217756378361494,-0.017874043034891596,-0.4976396880463856,-0.479765645011494
MVP,New_MVP_165.wav,C:\Users\armga\OneDrive\Escritorio\TFG\Programacion objetivo\Bases de Datos\MVP_New_3주기\New_MVP_165.wav,afinidad_y_diferencias_errores,1.050576741008969,2.137004646674342,1.9645934216073107,1.992990818496759,2.5253289141303714,-1.0864279056653732,-0.9140166805983416,-0.94241407748779,-1.4747521731214024,0.17241122506703155,0.14401382817758313,-0.3883242674560292,-0.028397396889448423,-0.5607354925230608,-0.5323380956336123
MVP,New_MVP_166.wav,C:\Users\armga\OneDrive\Escritorio\TFG\Programacion objetivo\Bases de Datos\MVP_New_3주기\New_MVP_166.wav,afinidad_y_diferencias_errores,1.0209567586843877,2.1466893446636224,2.012063445164692,1.9610370262580705,2.419909761493829,-1.1257325859792346,-0.9911066864803044,-0.9400802675736828,-1.3989530028094412,0.13462589949893022,0.18565231840555185,-0.2732204168302066,0.05102641890662163,-0.4078463163291368,-0.45887273523575844
MVP,New_MVP_167.wav,C:\Users\armga\OneDrive\Escritorio\TFG\Programacion objetivo\Bases de Datos\MVP_New_3주기\New_MVP_167.wav,afinidad_y_diferencias_errores,1.006055180946679,2.1371371128879555,1.9917315468834633,1.9630673684221422,2.2880512428871875,-1.1310819319412766,-0.9856763659367844,-0.9570121874754633,-1.2819960619405086,0.14540556600449217,0.17406974446581325,-0.15091412999923204,0.028664178461321077,-0.2963196960037242,-0.3249838744650453
MVP,New_MVP_168.wav,C:\Users\armga\OneDrive\Escritorio\TFG\Programacion objetivo\Bases de Datos\MVP_New_3주기\New_MVP_168.wav,afinidad_y_diferencias_errores,1.0492564639398856,2.112893111824458,1.9447322705531978,1.9510036859363165,2.437660745926297,-1.0636366478845722,-0.8954758066133122,-0.9017472219964309,-1.3884042819864113,0.16816084127126008,0.16188942588814137,-0.32476763410183906,-0.006271415383118706,-0.49292847537309914,-0.48665705998998043
MVP,New_MVP_169.wav,C:\Users\armga\OneDrive\Escritorio\TFG\Programacion objetivo\Bases de Datos\MVP_New_3주기\New_MVP_169.wav,afinidad_y_diferencias_errores,1.14144148737389,2.210743538760732,2.0020322061157816,2.1129978811418164,2.4998746448264852,-1.0693020513868419,-0.8605907187418915,-0.9715563937679264,-1.3584331574525952,0.20871133264495034,0.09774565761891552,-0.2891311060657533,-0.11096567502603483,-0.49784243871070366,-0.38687676368466883
MVP,New_MVP_170.wav,C:\Users\armga\OneDrive\Escritorio\TFG\Programacion objetivo\Bases de Datos\MVP_New_3주기\New_MVP_170.wav,afinidad_y_diferencias_errores,1.1305777824759378,2.2522803402061897,2.0056396390169002,2.1519372522213356,2.6298892824674778,-1.121702557730252,-0.8750618565409625,-1.0213594697453978,-1.49931149999154,0.2466407011892895,0.10034308798485414,-0.37760894226128805,-0.14629761320443535,-0.6242496434505775,-0.4779520302461422
MVP,New_MVP_171.wav,C:\Users\armga\OneDrive\Escritorio\TFG\Programacion objetivo\Bases de Datos\MVP_New_3주기\New_MVP_171.wav,afinidad_y_diferencias_errores,1.1256740356735895,2.2371174151952373,2.038756819485747,2.106143799857865,2.5368071803080623,-1.1114433795216478,-0.9130827838121576,-0.9804697641842757,-1.4111331446344728,0.19836059570949027,0.13097361533737217,-0.29968976511282497,-0.0673869803721181,-0.49805036082231524,-0.43066338045019714
MVP,New_MVP_172.wav,C:\Users\armga\OneDrive\Escritorio\TFG\Programacion objetivo\Bases de Datos\MVP_New_3주기\New_MVP_172.wav,afinidad_y_diferencias_errores,1.1225949724903435,2.200319011657662,2.0230174715887124,2.0861169165138858,2.5813166594443704,-1.0777240391673184,-0.9004224990983689,-0.9635219440235423,-1.458721686954027,0.1773015400689495,0.1142020951437761,-0.3809976477867085,-0.06309944492517339,-0.558299187855658,-0.49519974293048463
MVP,New_MVP_173.wav,C:\Users\armga\OneDrive\Escritorio\TFG\Programacion objetivo\Bases de Datos\MVP_New_3주기\New_MVP_173.wav,afinidad_y_diferencias_errores,1.071673745135181,2.1692821366425217,1.9988382579301374,1.9737635762749668,2.4666923080313046,-1.0976083915073407,-0.9271645127949564,-0.9020898311397858,-1.3950185628961236,0.1704438787123843,0.19551856036755488,-0.2974101713887829,0.025074681655170572,-0.4678540501011672,-0.4929287317563378
MVP,New_MVP_174.wav,C:\Users\armga\OneDrive\Escritorio\TFG\Programacion objetivo\Bases de Datos\MVP_New_3주기\New_MVP_174.wav,afinidad_y_diferencias_errores,1.031543285618461,2.157000487006961,2.0055973697314213,1.940839487001316,2.454628119561165,-1.1254572013885,-0.9740540841129603,-0.9092962013828549,-1.423084833942704,0.15140311727553968,0.2161610000056451,-0.297627632554204,0.06475788273010541,-0.44903074982974367,-0.5137886325598491
MVP,New_MVP_175.wav,C:\Users\armga\OneDrive\Escritorio\TFG\Programacion objetivo\Bases de Datos\MVP_New_3주기\New_MVP_175.wav,afinidad_y_diferencias_errores,0.3263118177164828,1.6982165029429963,1.6579341871221187,1.1479161757132967,0.9716254332814568,-1.3719046852265135,-1.331622369405636,-0.821604357996814,-0.6453136155649739,0.0402823158208776,0.5503003272296996,0.7265910696615395,0.510018011408822,0.6863087538406619,0.17629074243183995
MVP,New_MVP_176.wav,C:\Users\armga\OneDrive\Escritorio\TFG\Programacion objetivo\Bases de Datos\MVP_New_3주기\New_MVP_176.wav,afinidad_y_diferencias_errores,0.3537451610358306,1.7258437957757475,1.6779022663038536,1.2478950858796418,0.9904287963106743,-1.372098634739917,-1.324157105268023,-0.8941499248438112,-0.6366836352748437,0.047941529471893896,0.4779487098961057,0.7354149994650733,0.4300071804242118,0.6874734699931794,0.25746628956896755
MVP,New_MVP_177.wav,C:\Users\armga\OneDrive\Escritorio\TFG\Programacion objetivo\Bases de Datos\MVP_New_3주기\New_MVP_177.wav,afinidad_y_diferencias_errores,0.5356288666472838,1.4822748707780005,1.5146058872574926,0.9219275456412539,1.2541517942414684,-0.9466460041307166,-0.9789770206102087,-0.3862986789939701,-0.7185229275941846,-0.0323310164794921,0.5603473251367466,0.22812307653653208,0.5926783416162387,0.2604540930160242,-0.3322242486002145
MVP,New_MVP_178.wav,C:\Users\armga\OneDrive\Escritorio\TFG\Programacion objetivo\Bases de Datos\MVP_New_3주기\New_MVP_178.wav,afinidad_y_diferencias_errores,0.5049803669007459,1.5070887598092455,1.5457370915434574,0.9468708681408956,1.1460716710065932,-1.0021083929084997,-1.0407567246427116,-0.4418905012401497,-0.6410913041058474,-0.038648331734211894,0.5602178916683499,0.36101708880265226,0.5988662234025618,0.39966542053686416,-0.19920080286569763
MVP,New_MVP_179.wav,C:\Users\armga\OneDrive\Escritorio\TFG\Programacion objetivo\Bases de Datos\MVP_New_3주기\New_MVP_179.wav,afinidad_y_diferencias_errores,0.6552484456472727,1.6460052997701455,1.6325416995546747,1.178026852727727,1.3428288155855093,-0.9907568541228728,-0.977293253907402,-0.5227784070804542,-0.6875803699382366,0.013463600215470883,0.46797844704241864,0.3031764841846363,0.45451484682694776,0.2897128839691654,-0.16480196285778237
MVP,New_MVP_180.wav,C:\Users\armga\OneDrive\Escritorio\TFG\Programacion objetivo\Bases de Datos\MVP_New_3주기\New_MVP_180.wav,afinidad_y_diferencias_errores,0.7070726644890475,1.750219347581415,1.80688821134395,1.175227078514892,1.5225496702838885,-1.0431466830923675,-1.0998155468549025,-0.46815441402584446,-0.8154770057948411,-0.05666886376253499,0.574992269066523,0.2276696772975264,0.631661132829058,0.2843385410600614,-0.3473225917689966
MVP,New_MVP_181.wav,C:\Users\armga\OneDrive\Escritorio\TFG\Programacion objetivo\Bases de Datos\MVP_New_3주기\New_MVP_181.wav,afinidad_y_diferencias_errores,0.7152180189118188,1.757497000075476,1.80453616622452,1.2591369859387143,1.5631465153221311,-1.042278981163657,-1.0893181473127012,-0.5439189670268955,-0.8479284964103123,-0.04703916614904413,0.4983600141367617,0.19435048475334482,0.5453991802858058,0.24138965090238895,-0.30400952938341685
MVP,New_MVP_182.wav,C:\Users\armga\OneDrive\Escritorio\TFG\Programacion objetivo\Bases de Datos\MVP_New_3주기\New_MVP_182.wav,afinidad_y_diferencias_errores,0.6242723285629759,1.5989211699753072,1.6389143138535236,0.9695859384850163,1.4694239608021127,-0.9746488414123313,-1.0146419852905477,-0.3453136099220404,-0.8451516322391368,-0.0399931438782164,0.6293352314902909,0.12949720917319452,0.6693283753685073,0.1694903530514109,-0.4998380223170964
MVP,New_MVP_183.wav,C:\Users\armga\OneDrive\Escritorio\TFG\Programacion objetivo\Bases de Datos\MVP_New_3주기\New_MVP_183.wav,afinidad_y_diferencias_errores,0.7650992377163365,1.8373351351833704,1.8851248828818885,1.2968911102240672,1.6372642813899014,-1.072235897467034,-1.1200256451655521,-0.5317918725077307,-0.872165043673565,-0.04778974769851807,0.5404440249593032,0.200070853793469,0.5882337726578213,0.24786060149198708,-0.3403731711658342
MVP,New_MVP_184.wav,C:\Users\armga\OneDrive\Escritorio\TFG\Programacion objetivo\Bases de Datos\MVP_New_3주기\New_MVP_184.wav,afinidad_y_diferencias_errores,0.8145685499906334,1.858408664678976,1.879568169916631,1.31999547970978,1.5699560342006855,-1.0438401146883425,-1.0649996199259975,-0.5054269297191465,-0.7553874842100521,-0.021159505237654974,0.538413184969196,0.2884526304782904,0.559572690206851,0.30961213571594537,-0.2499605544909056
MVP,New_MVP_185.wav,C:\Users\armga\OneDrive\Escritorio\TFG\Programacion objetivo\Bases de Datos\MVP_New_3주기\New_MVP_185.wav,afinidad_y_diferencias_errores,0.32332109012075405,1.696899997033538,1.6420100511835116,1.1403553265654702,0.9524675648049595,-1.3735789069127842,-1.3186889610627577,-0.8170342364447162,-0.6291464746842055,0.05488994585002649,0.5565446704680679,0.7444324322285786,0.5016547246180414,0.6895424863785521,0.1878877617605107
MVP,New_MVP_186.wav,C:\Users\armga\OneDrive\Escritorio\TFG\Programacion objetivo\Bases de Datos\MVP_New_3주기\New_MVP_186.wav,afinidad_y_diferencias_errores,0.34400689071954665,1.763472318398723,1.6597570466992704,1.240872956511392,0.9542031618562803,-1.4194654276791765,-1.3157501559797238,-0.8968660657918455,-0.6101962711367337,0.10371527169945272,0.522599361887331,0.8092691565424428,0.4188840901878783,0.7055538848429901,0.2866697946551118
MVP,New_MVP_187.wav,C:\Users\armga\OneDrive\Escritorio\TFG\Programacion objetivo\Bases de Datos\MVP_New_3주기\New_MVP_187.wav,afinidad_y_diferencias_errores,0.3234099051221683,1.7220693868375583,1.6608473799868797,1.1680164497398673,0.9343072175944256,-1.3986594817153901,-1.3374374748647115,-0.844606544617699,-0.6108973124722573,0.06122200685067858,0.554052937097691,0.7877621692431327,0.4928309302470124,0.7265401623924541,0.2337092321454417
MVP,New_MVP_188.wav,C:\Users\armga\OneDrive\Escritorio\TFG\Programacion objetivo\Bases de Datos\MVP_New_3주기\New_MVP_188.wav,afinidad_y_diferencias_errores,0.33891785342142433,1.6497613359534584,1.6099806519011033,1.1923022560941046,0.9103842611880015,-1.310843482532034,-1.271062798479679,-0.8533844026726802,-0.5714664077665772,0.03978068405235513,0.45745907985935386,0.7393770747654569,0.4176783958069987,0.6995963907131018,0.28191799490610303
MVP,New_MVP_189.wav,C:\Users\armga\OneDrive\Escritorio\TFG\Programacion objetivo\Bases de Datos\MVP_New_3주기\New_MVP_189.wav,afinidad_y_diferencias_errores,0.396914175620813,1.64975335206487,1.6818923561850774,1.186475162251441,1.157539346454052,-1.252839176444057,-1.2849781805642644,-0.7895609866306279,-0.760625170833239,-0.032139004120207426,0.46327818981342905,0.49221400561081796,0.4954171939336365,0.5243530097310254,0.02893581579738891
MVP,New_MVP_190.wav,C:\Users\armga\OneDrive\Escritorio\TFG\Programacion objetivo\Bases de Datos\MVP_New_3주기\New_MVP_190.wav,afinidad_y_diferencias_errores,0.35947822933787477,1.6795996837014249,1.694811540861902,1.244824434174576,1.1259953995323493,-1.3201214543635502,-1.3353333115240273,-0.8853462048367012,-0.7665171701944745,-0.015211857160477127,0.4347752495268489,0.5536042841690756,0.449987106687326,0.5688161413295527,0.11882903464222672
MVP,New_MVP_191.wav,C:\Users\armga\OneDrive\Escritorio\TFG\Programacion objetivo\Bases de Datos\MVP_New_3주기\New_MVP_191.wav,afinidad_y_diferencias_errores,1.8405655868328163,2.265713551097056,2.1138711144520967,2.3642995898615906,2.30647409588738,-0.4251479642642395,-0.2733055276192804,-0.5237340030287743,-0.4659085090545636,0.1518424366449591,-0.09858603876453476,-0.040760544790324094,-0.25042847540949387,-0.1926029814352832,0.05782549397421066
MVP,New_MVP_192.wav,C:\Users\armga\OneDrive\Escritorio\TFG\Programacion objetivo\Bases de Datos\MVP_New_3주기\New_MVP_192.wav,afinidad_y_diferencias_errores,1.7411098532350997,2.2415886985948323,2.0949917662474884,2.3255777200982894,2.2629288930906246,-0.5004788453597326,-0.3538819130123887,-0.5844678668631897,-0.5218190398555249,0.14659693234734394,-0.0839890215034571,-0.021340194495792275,-0.23058595385080105,-0.16793712684313622,0.06264882700766483
MVP,New_MVP_193.wav,C:\Users\armga\OneDrive\Escritorio\TFG\Programacion objetivo\Bases de Datos\MVP_New_3주기\New_MVP_193.wav,afinidad_y_diferencias_errores,1.689426998769944,2.2449582183031,2.0877807892338183,2.2609651260296344,2.2436159510301406,-0.5555312195331561,-0.3983537904638743,-0.5715381272596904,-0.5541889522601966,0.15717742906928178,-0.016006907726534347,0.0013422672729594964,-0.17318433679581613,-0.15583516179632229,0.017349174999493844
MVP,New_MVP_194.wav,C:\Users\armga\OneDrive\Escritorio\TFG\Programacion objetivo\Bases de Datos\MVP_New_3주기\New_MVP_194.wav,afinidad_y_diferencias_errores,1.6367644706707953,2.2137500282853395,2.0972932121846193,2.238901948215907,2.282293871273875,-0.5769855576145442,-0.46052874151382395,-0.6021374775451116,-0.6455294006030796,0.11645681610072023,-0.025151919930567423,-0.06854384298853544,-0.14160873603128765,-0.18500065908925567,-0.04339192305796802
MVP,New_MVP_195.wav,C:\Users\armga\OneDrive\Escritorio\TFG\Programacion objetivo\Bases de Datos\MVP_New_3주기\New_MVP_195.wav,afinidad_y_diferencias_errores,1.5110360327115124,2.1299882191450066,2.0965312548517385,2.1721273215616392,2.1798340325162147,-0.6189521864334941,-0.5854952221402261,-0.6610912888501268,-0.6687979998047022,0.033456964293268054,-0.04213910241663266,-0.04984581337120808,-0.07559606670990071,-0.08330277766447614,-0.007706710954575424
MVP,New_MVP_196.wav,C:\Users\armga\OneDrive\Escritorio\TFG\Programacion objetivo\Bases de Datos\MVP_New_3주기\New_MVP_196.wav,afinidad_y_diferencias_errores,1.2666221499314656,2.0515254944199275,1.9887389940821552,2.026198773197292,2.0674878813566595,-0.7849033444884619,-0.7221168441506896,-0.7595766232658263,-0.8008657314251939,0.06278650033777233,0.025326721222635573,-0.01596238693673202,-0.03745977911513676,-0.07874888727450435,-0.041289108159367593
MVP,New_MVP_197.wav,C:\Users\armga\OneDrive\Escritorio\TFG\Programacion objetivo\Bases de Datos\MVP_New_3주기\New_MVP_197.wav,afinidad_y_diferencias_errores,1.3167797811042619,2.3686839259500387,2.1302594125564043,2.0935115997880644,2.240220163855622,-1.0519041448457769,-0.8134796314521424,-0.7767318186838026,-0.92344038275136,0.23842451339363446,0.2751723261619743,0.1284637620944169,0.03674781276833983,-0.10996075129921756,-0.1467085640675574
MVP,New_MVP_198.wav,C:\Users\armga\OneDrive\Escritorio\TFG\Programacion objetivo\Bases de Datos\MVP_New_3주기\New_MVP_198.wav,afinidad_y_diferencias_errores,1.3623550044114927,2.3525954247358314,2.113404284652843,2.0667899278972177,2.279283099506616,-0.9902404203243387,-0.7510492802413504,-0.704434923485725,-0.9169280950951231,0.23919114008298825,0.28580549683861367,0.0733123252292156,0.04661435675562542,-0.16587881485377265,-0.21249317160939807
MVP,New_MVP_199.wav,C:\Users\armga\OneDrive\Escritorio\TFG\Programacion objetivo\Bases de Datos\MVP_New_3주기\New_MVP_199.wav,afinidad_y_diferencias_errores,0.27778877800365764,1.2627740737518574,1.395668562019426,0.49867672264104956,0.7160362985068252,-0.9849852957481997,-1.1178797840157684,-0.22088794463739192,-0.4382475205031675,-0.13289448826756867,0.7640973511108078,0.5467377752450322,0.8969918393783765,0.6796322635126009,-0.2173595758657756
MVP,New_MVP_200.wav,C:\Users\armga\OneDrive\Escritorio\TFG\Programacion objetivo\Bases de Datos\MVP_New_3주기\New_MVP_200.wav,afinidad_y_diferencias_errores,0.2054014790315598,1.0881737632318889,1.2128801004664345,0.3880582249255674,0.6278422357604493,-0.882772284200329,-1.0074786214348745,-0.1826567458940076,-0.4224407567288895,-0.1247063372345456,0.7001155383063214,0.46033152747143957,0.824821875540867,0.5850378647059852,-0.23978401083488188
N,New_N_001.wav,C:\Users\armga\OneDrive\Escritorio\TFG\Programacion objetivo\Bases de Datos\N_New_3주기\New_N_001.wav,afinidad_y_diferencias_errores,2.509433380559785,2.350136931942804,2.1537499134569122,2.4100645910157232,2.6067534570628803,0.15929644861698122,0.3556834671028728,0.09936878954406181,-0.09732007650309527,0.19638701848589157,-0.059927659072919415,-0.2566165251200765,-0.256314677558811,-0.45300354360596806,-0.19668886604715707
N,New_N_002.wav,C:\Users\armga\OneDrive\Escritorio\TFG\Programacion objetivo\Bases de Datos\N_New_3주기\New_N_002.wav,afinidad_y_diferencias_errores,2.4634608071491497,2.3206608786007368,2.1424032393881225,2.4583111126769093,2.579604048888535,0.14279992854841295,0.32105756776102723,0.005149694472240451,-0.11614324173938506,0.17825763921261428,-0.1376502340761725,-0.258943170287798,-0.3159078732887868,-0.4372008095004123,-0.12129293621162551
N,New_N_003.wav,C:\Users\armga\OneDrive\Escritorio\TFG\Programacion objetivo\Bases de Datos\N_New_3주기\New_N_003.wav,afinidad_y_diferencias_errores,2.483370086127938,2.3166895956549722,2.1194326958200698,2.443391727738677,2.61718811948874,0.16668049047296574,0.3639373903078682,0.039978358389261004,-0.1338180333608019,0.19725689983490247,-0.12670213208370473,-0.30049852383376763,-0.3239590319186072,-0.4977554236686701,-0.1737963917500629
N,New_N_004.wav,C:\Users\armga\OneDrive\Escritorio\TFG\Programacion objetivo\Bases de Datos\N_New_3주기\New_N_004.wav,afinidad_y_diferencias_errores,2.485063311085821,2.3159307952909276,2.1464615099807225,2.460270238445145,2.64106114286265,0.1691325157948933,0.3386018011050984,0.024793072640675984,-0.1559978317768289,0.1694692853102051,-0.14433944315421732,-0.3251303475717222,-0.3138087284644224,-0.4945996328819273,-0.1807909044175049
N,New_N_005.wav,C:\Users\armga\OneDrive\Escritorio\TFG\Programacion objetivo\Bases de Datos\N_New_3주기\New_N_005.wav,afinidad_y_diferencias_errores,2.343953873980969,2.1737009380025984,2.0780836203528117,2.381084897188759,2.5223969914695377,0.17025293597837043,0.2658702536281572,-0.03713102320778994,-0.17844311748856878,0.09561731764978676,-0.20738395918616037,-0.3486960534669392,-0.30300127683594713,-0.444313371116726,-0.14131209428077884
N,New_N_006.wav,C:\Users\armga\OneDrive\Escritorio\TFG\Programacion objetivo\Bases de Datos\N_New_3주기\New_N_006.wav,afinidad_y_diferencias_errores,2.425001639187964,2.2808776854584827,2.0776553904217088,2.377349019221582,2.5711105379795947,0.14412395372948117,0.3473462487662551,0.04765261996638204,-0.1461088987916308,0.20322229503677391,-0.09647133376309913,-0.290232852521112,-0.29969362879987305,-0.4934551475578859,-0.19376151875801284
N,New_N_007.wav,C:\Users\armga\OneDrive\Escritorio\TFG\Programacion objetivo\Bases de Datos\N_New_3주기\New_N_007.wav,afinidad_y_diferencias_errores,2.4093065940086857,2.283162429036712,2.0922980732763774,2.3779371987478894,2.5678346537305647,0.1261441649719739,0.31700852073230834,0.031369395260796296,-0.158528059721879,0.19086435576033445,-0.0947747697111776,-0.2846722246938529,-0.28563912547151205,-0.47553658045418734,-0.1898974549826753
N,New_N_008.wav,C:\Users\armga\OneDrive\Escritorio\TFG\Programacion objetivo\Bases de Datos\N_New_3주기\New_N_008.wav,afinidad_y_diferencias_errores,2.4359529583023307,2.2891653346473593,2.1031010290369134,2.4049657462072407,2.609668412711204,0.14678762365497144,0.3328519292654173,0.030987212095090033,-0.17371545440887326,0.18606430561044585,-0.11580041155988141,-0.3205030780638447,-0.30186471717032726,-0.5065673836742906,-0.2047026665039633
N,New_N_009.wav,C:\Users\armga\OneDrive\Escritorio\TFG\Programacion objetivo\Bases de Datos\N_New_3주기\New_N_009.wav,afinidad_y_diferencias_errores,2.4807957394872275,2.337244884031179,2.1009803104834757,2.435670008083088,2.6538450918989858,0.1435508554560485,0.37981542900375187,0.04512573140413956,-0.17304935241175823,0.23626457354770336,-0.09842512405190895,-0.31660020786780674,-0.3346896975996123,-0.5528647814155101,-0.21817508381589779
N,New_N_010.wav,C:\Users\armga\OneDrive\Escritorio\TFG\Programacion objetivo\Bases de Datos\N_New_3주기\New_N_010.wav,afinidad_y_diferencias_errores,2.4235331178570334,2.286430694997343,2.0669757045770205,2.3993629297939707,2.615048828271973,0.13710242285969043,0.3565574132800129,0.024170188063062703,-0.19151571041493964,0.21945499042032246,-0.11293223479662773,-0.3286181332746301,-0.3323872252169502,-0.5480731236949525,-0.21568589847800235
N,New_N_011.wav,C:\Users\armga\OneDrive\Escritorio\TFG\Programacion objetivo\Bases de Datos\N_New_3주기\New_N_011.wav,afinidad_y_diferencias_errores,2.3869169389711096,2.2774885510672043,2.1301580772525286,2.382967403795983,2.51421917631248,0.1094283879039053,0.256758861718581,0.003949535175126417,-0.12730223734137036,0.14733047381467568,-0.10547885272877888,-0.23673062524527566,-0.25280932654345456,-0.38406109905995134,-0.13125177251649678
N,New_N_012.wav,C:\Users\armga\OneDrive\Escritorio\TFG\Programacion objetivo\Bases de Datos\N_New_3주기\New_N_012.wav,afinidad_y_diferencias_errores,2.3614809421618923,2.255565031689528,2.0014659374691726,2.304258150807543,2.5035618721514985,0.10591591047236415,0.36001500469271974,0.05722279135434949,-0.1420809299896062,0.2540990942203556,-0.04869311911801466,-0.24799684046197035,-0.30279221333837025,-0.5020959346823259,-0.1993037213439557
N,New_N_013.wav,C:\Users\armga\OneDrive\Escritorio\TFG\Programacion objetivo\Bases de Datos\N_New_3주기\New_N_013.wav,afinidad_y_diferencias_errores,2.3872569466936016,2.1846222588144655,2.0898073127162915,2.3627273415651215,2.5379318619424023,0.20263468787913608,0.29744963397731006,0.024529605128480014,-0.15067491524880072,0.09481494609817398,-0.17810508275065606,-0.3533096031279368,-0.27292002884883004,-0.4481245492261108,-0.17520452037728074
N,New_N_014.wav,C:\Users\armga\OneDrive\Escritorio\TFG\Programacion objetivo\Bases de Datos\N_New_3주기\New_N_014.wav,afinidad_y_diferencias_errores,2.3499068970986365,2.199016721179399,2.0255272208381307,2.31030630957016,2.49324329089872,0.15089017591923737,0.3243796762605058,0.039600587528476616,-0.14333639380008334,0.17348950034126842,-0.11128958839076075,-0.2942265697193207,-0.2847790887320292,-0.46771607006058913,-0.18293698132855996
N,New_N_015.wav,C:\Users\armga\OneDrive\Escritorio\TFG\Programacion objetivo\Bases de Datos\N_New_3주기\New_N_015.wav,afinidad_y_diferencias_errores,2.412859256841781,2.2696210477385192,2.0311394059416763,2.329621348669989,2.550273084681075,0.14323820910326157,0.3817198509001045,0.083237908171792,-0.137413827839294,0.23848164179684295,-0.060000300931469575,-0.2806520369425556,-0.2984819427283125,-0.5191336787393985,-0.220651736011086
N,New_N_016.wav,C:\Users\armga\OneDrive\Escritorio\TFG\Programacion objetivo\Bases de Datos\N_New_3주기\New_N_016.wav,afinidad_y_diferencias_errores,2.4157744282137363,2.2369969814055435,2.0822984407585317,2.3735595208687146,2.532572839934031,0.17877744680819285,0.3334759874552047,0.04221490734502176,-0.11679841172029448,0.15469854064701183,-0.1365625394631711,-0.29557585852848733,-0.2912610801101829,-0.45027439917549916,-0.15901331906531624
N,New_N_017.wav,C:\Users\armga\OneDrive\Escritorio\TFG\Programacion objetivo\Bases de Datos\N_New_3주기\New_N_017.wav,afinidad_y_diferencias_errores,2.3888717408980003,2.255968067007703,2.066555408374025,2.3600231947889054,2.493751456791715,0.1329036738902971,0.3223163325239753,0.02884854610909482,-0.10487971589371492,0.18941265863367818,-0.1040551277812023,-0.23778338978401203,-0.29346778641488047,-0.4271960484176902,-0.13372826200280974
N,New_N_018.wav,C:\Users\armga\OneDrive\Escritorio\TFG\Programacion objetivo\Bases de Datos\N_New_3주기\New_N_018.wav,afinidad_y_diferencias_errores,2.4202098001724575,2.2833007301453128,2.0829660804065933,2.3692157380372065,2.585947777124008,0.1369090700271447,0.3372437197658642,0.05099406213525093,-0.16573797695155035,0.2003346497387195,-0.08591500789189377,-0.30264704697869504,-0.2862496576306133,-0.5029816967174146,-0.21673203908680128
N,New_N_019.wav,C:\Users\armga\OneDrive\Escritorio\TFG\Programacion objetivo\Bases de Datos\N_New_3주기\New_N_019.wav,afinidad_y_diferencias_errores,2.3695717809059667,2.281073249720611,2.0704101412663847,2.386925634167276,2.558994546001944,0.08849853118535567,0.299161639639582,-0.01735385326130956,-0.18942276509597722,0.2106631084542263,-0.10585238444666523,-0.2779212962813329,-0.31651549290089154,-0.4885844047355592,-0.17206891183466766
N,New_N_020.wav,C:\Users\armga\OneDrive\Escritorio\TFG\Programacion objetivo\Bases de Datos\N_New_3주기\New_N_020.wav,afinidad_y_diferencias_errores,2.337697652756976,2.201499970256556,2.1012811711882056,2.400789859884876,2.4943331808429616,0.13619768250041986,0.23641648156877038,-0.06309220712789987,-0.1566355280859857,0.10021879906835052,-0.19928988962831973,-0.29283321058640555,-0.29950868869667024,-0.39305200965475606,-0.09354332095808582
N,New_N_021.wav,C:\Users\armga\OneDrive\Escritorio\TFG\Programacion objetivo\Bases de Datos\N_New_3주기\New_N_021.wav,afinidad_y_diferencias_errores,2.4394136404035547,2.315124261969334,2.1129656854589554,2.3986243843447093,2.564991218701654,0.1242893784342205,0.32644795494459933,0.040789256058845424,-0.12557757829809946,0.20215857651037883,-0.08350012237537507,-0.24986695673231996,-0.2856586988857539,-0.4520255332426988,-0.16636683435694488
N,New_N_022.wav,C:\Users\armga\OneDrive\Escritorio\TFG\Programacion objetivo\Bases de Datos\N_New_3주기\New_N_022.wav,afinidad_y_diferencias_errores,2.4548223734868664,2.257816397233128,2.051666616896605,2.38562951772225,2.591407044520911,0.19700597625373817,0.4031557565902615,0.0691928557646162,-0.1365846710340448,0.20614978033652331,-0.12781312048912197,-0.333590647287783,-0.3339629008256453,-0.5397404276243063,-0.20577752679866101
N,New_N_023.wav,C:\Users\armga\OneDrive\Escritorio\TFG\Programacion objetivo\Bases de Datos\N_New_3주기\New_N_023.wav,afinidad_y_diferencias_errores,2.3469742327103296,2.19939061467702,2.1085330839483873,2.401869336470902,2.515859616192272,0.14758361803330944,0.23844114876194222,-0.05489510376057227,-0.1688853834819426,0.09085753072863278,-0.2024787217938817,-0.31646900151525204,-0.2933362525225145,-0.4073265322438848,-0.11399027972137032
N,New_N_024.wav,C:\Users\armga\OneDrive\Escritorio\TFG\Programacion objetivo\Bases de Datos\N_New_3주기\New_N_024.wav,afinidad_y_diferencias_errores,2.4677025953188623,2.301829876996628,2.041981947196143,2.38983860539596,2.5946719540098164,0.16587271832223438,0.42572064812271915,0.07786398992290211,-0.12696935869095416,0.25984792980048477,-0.08800872839933227,-0.29284207701318854,-0.34785665819981704,-0.5526900068136733,-0.20483334861385627
N,New_N_025.wav,C:\Users\armga\OneDrive\Escritorio\TFG\Programacion objetivo\Bases de Datos\N_New_3주기\New_N_025.wav,afinidad_y_diferencias_errores,2.151508146978741,2.0782869562304924,1.9800348398483365,2.2318675686194616,2.359108625972152,0.07322119074824851,0.17147330713040443,-0.08035942164072063,-0.20760047899341094,0.09825211638215592,-0.15358061238896914,-0.28082166974165945,-0.25183272877112506,-0.37907378612381537,-0.1272410573526903
N,New_N_026.wav,C:\Users\armga\OneDrive\Escritorio\TFG\Programacion objetivo\Bases de Datos\N_New_3주기\New_N_026.wav,afinidad_y_diferencias_errores,2.3580484983918955,2.193342032577479,2.0416679573272307,2.305316729365702,2.496256111266472,0.1647064658144166,0.31638054106466473,0.052731769026193476,-0.1382076128745764,0.15167407525024812,-0.11197469678822314,-0.302914078688993,-0.26364877203847126,-0.4545881539392411,-0.19093938190076987
N,New_N_027.wav,C:\Users\armga\OneDrive\Escritorio\TFG\Programacion objetivo\Bases de Datos\N_New_3주기\New_N_027.wav,afinidad_y_diferencias_errores,2.3923556220234126,2.277509428522678,2.082511036767705,2.3901154662418964,2.5738811278762674,0.11484619350073455,0.30984458525570746,0.002240155781516151,-0.18152550585285487,0.1949983917549729,-0.1126060377192184,-0.2963716993535894,-0.3076044294741913,-0.49137009110856233,-0.18376566163437102
N,New_N_028.wav,C:\Users\armga\OneDrive\Escritorio\TFG\Programacion objetivo\Bases de Datos\N_New_3주기\New_N_028.wav,afinidad_y_diferencias_errores,2.40952747466653,2.2293959857646364,2.095217388256465,2.3669337422861227,2.541506145604114,0.18013148890189346,0.31431008641006475,0.04259373238040709,-0.1319786709375843,0.1341785975081713,-0.13753775652148637,-0.31211015983947776,-0.27171635402965766,-0.44628875734764906,-0.1745724033179914
N,New_N_029.wav,C:\Users\armga\OneDrive\Escritorio\TFG\Programacion objetivo\Bases de Datos\N_New_3주기\New_N_029.wav,afinidad_y_diferencias_errores,2.3067116881069247,2.269670679239376,2.0371540997411968,2.3125309682457176,2.490722395139079,0.0370410088675488,0.26955758836572796,-0.005819280138792848,-0.18401070703215439,0.23251657949817917,-0.042860289006341645,-0.22105171589970318,-0.2753768685045208,-0.45356829539788235,-0.17819142689336154
N,New_N_030.wav,C:\Users\armga\OneDrive\Escritorio\TFG\Programacion objetivo\Bases de Datos\N_New_3주기\New_N_030.wav,afinidad_y_diferencias_errores,2.314552551366004,2.2310965995537533,2.091382824780962,2.3351878166988698,2.468838460310414,0.08345595181225063,0.22316972658504186,-0.02063526533286586,-0.1542859089444102,0.13971377477279123,-0.10409121714511649,-0.23774186075666082,-0.24380499191790772,-0.37745563552945205,-0.13365064361154433
N,New_N_031.wav,C:\Users\armga\OneDrive\Escritorio\TFG\Programacion objetivo\Bases de Datos\N_New_3주기\New_N_031.wav,afinidad_y_diferencias_errores,2.378138971508693,2.267987522186929,2.0476885023021625,2.340599583024125,2.535515993913411,0.1101514493217639,0.33045046920653043,0.03753938848456784,-0.15737702240471796,0.22029901988476652,-0.07261206083719607,-0.26752847172648186,-0.2929110807219626,-0.4878274916112484,-0.1949164108892858
N,New_N_032.wav,C:\Users\armga\OneDrive\Escritorio\TFG\Programacion objetivo\Bases de Datos\N_New_3주기\New_N_032.wav,afinidad_y_diferencias_errores,2.4464027606826835,2.283375147894897,2.105379174406091,2.3681016364126455,2.5764644607853078,0.16302761278778632,0.34102358627659246,0.07830112427003799,-0.1300617001026243,0.17799597348880614,-0.08472648851774833,-0.2930893128904106,-0.26272246200655447,-0.47108528637921676,-0.2083628243726623
N,New_N_033.wav,C:\Users\armga\OneDrive\Escritorio\TFG\Programacion objetivo\Bases de Datos\N_New_3주기\New_N_033.wav,afinidad_y_diferencias_errores,2.316902988821796,2.172526159630875,2.089434719464773,2.3106609315756876,2.4334686136684733,0.14437682919092065,0.2274682693570229,0.006242057246108157,-0.11656562484667754,0.08309144016610226,-0.1381347719448125,-0.2609424540375982,-0.22122621211091476,-0.34403389420370045,-0.1228076820927857
N,New_N_034.wav,C:\Users\armga\OneDrive\Escritorio\TFG\Programacion objetivo\Bases de Datos\N_New_3주기\New_N_034.wav,afinidad_y_diferencias_errores,2.326012556046545,2.195367454342962,2.0804981593543315,2.3764317965016106,2.4907110583020726,0.13064510170358323,0.24551439669221375,-0.050419240455065406,-0.1646985022555274,0.11486929498863052,-0.18106434215864864,-0.29534360395911063,-0.29593363714727916,-0.41021289894774116,-0.114279261800462
N,New_N_035.wav,C:\Users\armga\OneDrive\Escritorio\TFG\Programacion objetivo\Bases de Datos\N_New_3주기\New_N_035.wav,afinidad_y_diferencias_errores,2.3641865569200564,2.2245853460724163,2.0269320757552807,2.335688152714597,2.4970422565372545,0.1396012108476401,0.33725448116477574,0.028498404205459238,-0.13285569961719812,0.19765327031713564,-0.11110280664218086,-0.2724569104648382,-0.3087560769593165,-0.47011018078197386,-0.16135410382265736
N,New_N_036.wav,C:\Users\armga\OneDrive\Escritorio\TFG\Programacion objetivo\Bases de Datos\N_New_3주기\New_N_036.wav,afinidad_y_diferencias_errores,2.418565681075383,2.283284296925669,2.192417801116848,2.443785892999684,2.5858695348687935,0.1352813841497138,0.22614787995853503,-0.02522021192430124,-0.16730385379341062,0.09086649580882122,-0.16050159607401504,-0.3025852379431244,-0.25136809188283626,-0.39345173375194564,-0.14208364186910938
N,New_N_037.wav,C:\Users\armga\OneDrive\Escritorio\TFG\Programacion objetivo\Bases de Datos\N_New_3주기\New_N_037.wav,afinidad_y_diferencias_errores,2.0704575762950728,2.2067389698487045,1.7203202932729091,2.3688999812647302,2.397547450137352,-0.13628139355363178,0.3501372830221636,-0.29844240496965746,-0.3270898738422794,0.4864186765757954,-0.16216101141602568,-0.1908084802886476,-0.6485796879918211,-0.677227156864443,-0.02864746887262193
N,New_N_038.wav,C:\Users\armga\OneDrive\Escritorio\TFG\Programacion objetivo\Bases de Datos\N_New_3주기\New_N_038.wav,afinidad_y_diferencias_errores,2.079084967935166,2.2093439046590073,1.721983868630653,2.3711166531698917,2.4063805880310083,-0.13025893672384115,0.35710109930451317,-0.29203168523472556,-0.3272956200958421,0.4873600360283543,-0.1617727485108844,-0.19703668337200098,-0.6491327845392387,-0.6843967194003553,-0.035263934861116564
N,New_N_039.wav,C:\Users\armga\OneDrive\Escritorio\TFG\Programacion objetivo\Bases de Datos\N_New_3주기\New_N_039.wav,afinidad_y_diferencias_errores,2.0875827453451143,2.2149755189786493,1.7336740908610158,2.3768577143778935,2.4132609253879336,-0.12739277363353496,0.3539086544840986,-0.28927496903277916,-0.32567818004281923,0.48130142811763355,-0.1618821953992442,-0.19828540640928427,-0.6431836235168777,-0.6795868345269178,-0.03640321101004007
N,New_N_040.wav,C:\Users\armga\OneDrive\Escritorio\TFG\Programacion objetivo\Bases de Datos\N_New_3주기\New_N_040.wav,afinidad_y_diferencias_errores,2.05869047180609,2.188075704933495,1.71584661853051,2.321551445310822,2.3750477194458357,-0.12938523312740502,0.3428438532755802,-0.2628609735047318,-0.3163572476397456,0.4722290864029852,-0.1334757403773268,-0.18697201451234058,-0.605704826780312,-0.6592011009153258,-0.05349627413501379
N,New_N_041.wav,C:\Users\armga\OneDrive\Escritorio\TFG\Programacion objetivo\Bases de Datos\N_New_3주기\New_N_041.wav,afinidad_y_diferencias_errores,2.7477383184012676,2.4599426946048655,2.0489323522044045,2.5874144089093325,2.958410128292328,0.2877956237964021,0.6988059661968631,0.1603239094919351,-0.2106718098910605,0.41101034240046097,-0.12747171430446702,-0.4984674336874626,-0.538482056704928,-0.9094777760879236,-0.3709957193829956
N,New_N_042.wav,C:\Users\armga\OneDrive\Escritorio\TFG\Programacion objetivo\Bases de Datos\N_New_3주기\New_N_042.wav,afinidad_y_diferencias_errores,2.6623687769108124,2.3517886383135296,2.00061246578723,2.452278289794501,2.800651802672301,0.31058013859728284,0.6617563111235825,0.2100904871163114,-0.13828302576148843,0.3511761725262996,-0.10048965148097144,-0.44886316435877127,-0.45166582400727107,-0.8000393368850709,-0.34837351287779983
N,New_N_043.wav,C:\Users\armga\OneDrive\Escritorio\TFG\Programacion objetivo\Bases de Datos\N_New_3주기\New_N_043.wav,afinidad_y_diferencias_errores,2.7441323259337156,2.3929131980582827,2.0289265751938257,2.5116431488527304,2.918506253985217,0.35121912787543286,0.7152057507398899,0.23248917708098515,-0.17437392805150154,0.36398662286445704,-0.1187299507944477,-0.5255930559269344,-0.48271657365890475,-0.8895796787913914,-0.4068631051324867
N,New_N_044.wav,C:\Users\armga\OneDrive\Escritorio\TFG\Programacion objetivo\Bases de Datos\N_New_3주기\New_N_044.wav,afinidad_y_diferencias_errores,2.7499675648529327,2.414154298218753,2.0330967828263,2.543002870464693,2.908405849452752,0.33581326663417954,0.7168707820266329,0.2069646943882395,-0.15843828459981912,0.38105751539245336,-0.12884857224594004,-0.49425155123399866,-0.5099060876383934,-0.875309066626452,-0.3654029789880586
N,New_N_045.wav,C:\Users\armga\OneDrive\Escritorio\TFG\Programacion objetivo\Bases de Datos\N_New_3주기\New_N_045.wav,afinidad_y_diferencias_errores,2.656466868961812,2.359945093951022,2.0183566000011175,2.5201341673045157,2.8475527844314374,0.29652177501079,0.6381102689606943,0.13633270165729616,-0.1910859154696256,0.3415884939499043,-0.16018907335349386,-0.48760769048041563,-0.5017775673033982,-0.82919618443032,-0.3274186171269218
N,New_N_046.wav,C:\Users\armga\OneDrive\Escritorio\TFG\Programacion objetivo\Bases de Datos\N_New_3주기\New_N_046.wav,afinidad_y_diferencias_errores,2.6465955777797414,2.350925241361168,2.013956978407247,2.5289094558544134,2.867551331942452,0.2956703364185733,0.6326385993724943,0.11768612192532801,-0.22095575416271052,0.336968262953921,-0.1779842144932453,-0.5166260905812838,-0.5149524774471663,-0.8535943535352049,-0.33864187608803853
N,New_N_047.wav,C:\Users\armga\OneDrive\Escritorio\TFG\Programacion objetivo\Bases de Datos\N_New_3주기\New_N_047.wav,afinidad_y_diferencias_errores,2.7140461441623094,2.39390116581798,2.0241473526731535,2.519108072832278,2.878768182768298,0.32014497834432953,0.6898987914891559,0.19493807133003127,-0.16472203860598844,0.36975381314482636,-0.12520690701429826,-0.484867016950318,-0.4949607201591246,-0.8546208300951443,-0.3596601099360197
N,New_N_048.wav,C:\Users\armga\OneDrive\Escritorio\TFG\Programacion objetivo\Bases de Datos\N_New_3주기\New_N_048.wav,afinidad_y_diferencias_errores,2.788161718732287,2.468436155937921,2.0642880664407413,2.590214288125338,2.9601882756688385,0.31972556279436626,0.7238736522915459,0.1979474306069493,-0.17202655693655133,0.4041480894971796,-0.12177813218741695,-0.4917521197309176,-0.5259262216845966,-0.8959002092280972,-0.36997398754350064
N,New_N_049.wav,C:\Users\armga\OneDrive\Escritorio\TFG\Programacion objetivo\Bases de Datos\N_New_3주기\New_N_049.wav,afinidad_y_diferencias_errores,2.727677558868768,2.3701444463803965,2.0189885110692414,2.489846484663168,2.8756470407118866,0.3575331124883716,0.7086890477995267,0.23783107420560023,-0.14796948184311853,0.3511559353111551,-0.11970203828277137,-0.5055025943314901,-0.47085797359392645,-0.8566585296426452,-0.38580055604871877
N,New_N_050.wav,C:\Users\armga\OneDrive\Escritorio\TFG\Programacion objetivo\Bases de Datos\N_New_3주기\New_N_050.wav,afinidad_y_diferencias_errores,2.715335930666591,2.3961613601302614,2.0153282345774746,2.541748248224302,2.9217739872421955,0.3191745705363296,0.7000076960891164,0.17358768244228884,-0.20643805657560454,0.3808331255527868,-0.14558688809404075,-0.5256126271119341,-0.5264200136468276,-0.9064457526647209,-0.3800257390178934
N,New_N_051.wav,C:\Users\armga\OneDrive\Escritorio\TFG\Programacion objetivo\Bases de Datos\N_New_3주기\New_N_051.wav,afinidad_y_diferencias_errores,2.6942905263295716,2.375020535745322,2.0273737620604204,2.50184001316511,2.8846179172779935,0.31926999058424954,0.6669167642691511,0.1924505131644616,-0.190327390948422,0.3476467736849016,-0.12681947741978794,-0.5095973815326715,-0.47446625110468954,-0.8572441552175731,-0.3827779041128836
N,New_N_052.wav,C:\Users\armga\OneDrive\Escritorio\TFG\Programacion objetivo\Bases de Datos\N_New_3주기\New_N_052.wav,afinidad_y_diferencias_errores,2.6979573841108904,2.350086377092149,1.986308939351943,2.468905068534486,2.8707835537967075,0.3478710070187412,0.7116484447589473,0.22905231557640438,-0.1728261696858171,0.3637774377402061,-0.11881869144233681,-0.5206971767045583,-0.4825961291825429,-0.8844746144447644,-0.4018784852622215
N,New_N_053.wav,C:\Users\armga\OneDrive\Escritorio\TFG\Programacion objetivo\Bases de Datos\N_New_3주기\New_N_053.wav,afinidad_y_diferencias_errores,2.7189998327525657,2.392481627527071,2.0330735895539536,2.5172783928217295,2.874127760348572,0.3265182052254949,0.6859262431986122,0.20172143993083624,-0.15512792759600647,0.35940803797311727,-0.12479676529465866,-0.48164613282150137,-0.48420480326777593,-0.8410541707946186,-0.3568493675268427
N,New_N_054.wav,C:\Users\armga\OneDrive\Escritorio\TFG\Programacion objetivo\Bases de Datos\N_New_3주기\New_N_054.wav,afinidad_y_diferencias_errores,2.747600634688892,2.4032489510507644,2.0454773377084714,2.5209545822032386,2.878558883451956,0.3443516836381275,0.7021232969804205,0.22664605248565328,-0.13095824876306406,0.357771613342293,-0.11770563115247423,-0.47530993240119157,-0.47547724449476725,-0.8330815457434846,-0.35760430124871734
N,New_N_055.wav,C:\Users\armga\OneDrive\Escritorio\TFG\Programacion objetivo\Bases de Datos\N_New_3주기\New_N_055.wav,afinidad_y_diferencias_errores,2.7439549730471193,2.3693325787384447,2.0124421732250033,2.4985342101004235,2.8679975649043663,0.3746223943086746,0.731512799822116,0.2454207629466958,-0.12404259185724698,0.3568904055134414,-0.12920163136197882,-0.4986649861659216,-0.48609203687542024,-0.855555391679363,-0.36946335480394277
N,New_N_056.wav,C:\Users\armga\OneDrive\Escritorio\TFG\Programacion objetivo\Bases de Datos\N_New_3주기\New_N_056.wav,afinidad_y_diferencias_errores,2.7233839407496045,2.4233609642959903,2.035199715499962,2.572521721977387,2.9385231076775375,0.3000229764536142,0.6881842252496426,0.15086221877221773,-0.215139166927933,0.3881612487960284,-0.14916075768139647,-0.5151621433815472,-0.5373220064774249,-0.9033233921775756,-0.3660013857001507
N,New_N_057.wav,C:\Users\armga\OneDrive\Escritorio\TFG\Programacion objetivo\Bases de Datos\N_New_3주기\New_N_057.wav,afinidad_y_diferencias_errores,2.804688069793725,2.46611680765297,2.0707339229135107,2.577367936250375,2.9562586993670745,0.3385712621407553,0.7339541468802144,0.2273201335433499,-0.15157062957334944,0.39538288473945915,-0.11125112859740538,-0.4901418917141047,-0.5066340133368645,-0.8855247764535639,-0.37889076311669934
N,New_N_058.wav,C:\Users\armga\OneDrive\Escritorio\TFG\Programacion objetivo\Bases de Datos\N_New_3주기\New_N_058.wav,afinidad_y_diferencias_errores,2.7906889069026155,2.4491126985424705,2.0675671541922753,2.576887713183624,2.946837596564775,0.341576208360145,0.7231217527103402,0.21380119371899164,-0.15614868966215933,0.38154554435019516,-0.12777501464115337,-0.49772489802230435,-0.5093205589913485,-0.8792704423724995,-0.369949883381151
N,New_N_059.wav,C:\Users\armga\OneDrive\Escritorio\TFG\Programacion objetivo\Bases de Datos\N_New_3주기\New_N_059.wav,afinidad_y_diferencias_errores,2.6832218852839493,2.3495371949886055,1.986968176621989,2.514529659163181,2.8861922856102225,0.33368469029534387,0.6962537086619602,0.1686922261207684,-0.20297040032627311,0.36256901836661637,-0.16499246417457547,-0.536655090621617,-0.5275614825411918,-0.8992241089882334,-0.3716626264470415
N,New_N_060.wav,C:\Users\armga\OneDrive\Escritorio\TFG\Programacion objetivo\Bases de Datos\N_New_3주기\New_N_060.wav,afinidad_y_diferencias_errores,2.789386645596886,2.4490211347656605,2.063268164033998,2.5808034671909263,2.9944046706896605,0.34036551083122557,0.7261184815628883,0.20858317840595975,-0.20501802509277445,0.3857529707316627,-0.13178233242526582,-0.545383535924,-0.5175353031569285,-0.9311365066556627,-0.4136012034987342
N,New_N_061.wav,C:\Users\armga\OneDrive\Escritorio\TFG\Programacion objetivo\Bases de Datos\N_New_3주기\New_N_061.wav,afinidad_y_diferencias_errores,2.715014949392769,2.358033347155624,2.006165516854291,2.4685644675798164,2.819729349455426,0.3569816022371448,0.7088494325384778,0.24645048181295248,-0.1047144000626572,0.35186783030133295,-0.11053112042419233,-0.461696002299802,-0.4623989507255253,-0.813563832601135,-0.3511648818756097
N,New_N_062.wav,C:\Users\armga\OneDrive\Escritorio\TFG\Programacion objetivo\Bases de Datos\N_New_3주기\New_N_062.wav,afinidad_y_diferencias_errores,2.732915043846383,2.4386491021400407,2.050984022322167,2.568844912845955,2.9600743896971893,0.29426594170634246,0.6819310215242163,0.164070131000428,-0.2271593458508061,0.3876650798178738,-0.13019581070591446,-0.5214252875571486,-0.5178608905237883,-0.9090903673750224,-0.3912294768512341
N,New_N_063.wav,C:\Users\armga\OneDrive\Escritorio\TFG\Programacion objetivo\Bases de Datos\N_New_3주기\New_N_063.wav,afinidad_y_diferencias_errores,2.7116590588533205,2.4274319855270514,2.053269662378778,2.5324931632931955,2.9413648266121935,0.28422707332626906,0.6583893964745426,0.17916589556012497,-0.22970576775887297,0.3741623231482736,-0.1050611777661441,-0.513932841085142,-0.4792235009144177,-0.8880951642334156,-0.40887166331899794
N,New_N_064.wav,C:\Users\armga\OneDrive\Escritorio\TFG\Programacion objetivo\Bases de Datos\N_New_3주기\New_N_064.wav,afinidad_y_diferencias_errores,2.7537516162200517,2.4294811031710557,2.0816562272708747,2.5765793733440048,2.9061779040589797,0.324270513048996,0.672095388949177,0.17717224287604694,-0.15242628783892798,0.34782487590018096,-0.14709827017294907,-0.476696800887924,-0.49492314607313004,-0.824521676788105,-0.3295985307149749
N,New_N_065.wav,C:\Users\armga\OneDrive\Escritorio\TFG\Programacion objetivo\Bases de Datos\N_New_3주기\New_N_065.wav,afinidad_y_diferencias_errores,2.7652193397775813,2.4580655988499522,2.046805380657183,2.558053589940803,2.918618327830635,0.30715374092762904,0.7184139591203982,0.20716574983677827,-0.15339898805305374,0.41126021819276914,-0.09998799109085077,-0.4605527289806828,-0.5112482092836199,-0.8718129471734519,-0.360564737889832
N,New_N_066.wav,C:\Users\armga\OneDrive\Escritorio\TFG\Programacion objetivo\Bases de Datos\N_New_3주기\New_N_066.wav,afinidad_y_diferencias_errores,2.7821853460070294,2.4318932097852564,2.0635734565085517,2.5881415248873774,2.9631881715508266,0.350292136221773,0.7186118894984777,0.19404382111965202,-0.1810028255437972,0.36831975327670463,-0.156248315102121,-0.5312949617655702,-0.5245680683788256,-0.8996147150422749,-0.3750466466634492
N,New_N_067.wav,C:\Users\armga\OneDrive\Escritorio\TFG\Programacion objetivo\Bases de Datos\N_New_3주기\New_N_067.wav,afinidad_y_diferencias_errores,2.760068991682537,2.412808455643317,2.04897110775701,2.5479491453514975,2.882573667116022,0.34726053603922,0.7110978839255271,0.21211984633103942,-0.12250467543348487,0.36383734788630706,-0.1351406897081806,-0.4697652114727049,-0.49897803759448767,-0.833602559359012,-0.3346245217645243
N,New_N_068.wav,C:\Users\armga\OneDrive\Escritorio\TFG\Programacion objetivo\Bases de Datos\N_New_3주기\New_N_068.wav,afinidad_y_diferencias_errores,2.7836818726912442,2.439583200080435,2.050408792103925,2.5675547378299397,2.922923222902746,0.34409867261080906,0.7332730805873191,0.21612713486130453,-0.13924135021150175,0.38917440797651004,-0.12797153774950454,-0.4833400228223108,-0.5171459457260146,-0.8725144307988209,-0.3553684850728063
N,New_N_069.wav,C:\Users\armga\OneDrive\Escritorio\TFG\Programacion objetivo\Bases de Datos\N_New_3주기\New_N_069.wav,afinidad_y_diferencias_errores,2.6400109582466498,2.367755860085326,2.1477227369768195,2.440994823160201,2.7793603932006024,0.27225509816132387,0.4922882212698303,0.19901613508644855,-0.13934943495395258,0.22003312310850642,-0.07323896307487532,-0.41160453311527645,-0.29327208618338174,-0.6316376562237829,-0.33836557004040113
N,New_N_070.wav,C:\Users\armga\OneDrive\Escritorio\TFG\Programacion objetivo\Bases de Datos\N_New_3주기\New_N_070.wav,afinidad_y_diferencias_errores,2.5404983387374713,2.3499889797153055,2.1442130286023318,2.4716559397308893,2.783885729130163,0.19050935902216581,0.39628531013513957,0.06884239900658207,-0.24338739039269175,0.20577595111297375,-0.12166696001558375,-0.43389674941485756,-0.3274429111285575,-0.6396727005278313,-0.3122297893992738
N,New_N_071.wav,C:\Users\armga\OneDrive\Escritorio\TFG\Programacion objetivo\Bases de Datos\N_New_3주기\New_N_071.wav,afinidad_y_diferencias_errores,2.732439260518,2.4513607848310945,2.15087467185308,2.4820153631219792,2.8633576362251105,0.28107847568690536,0.5815645886649201,0.25042389739602067,-0.13091837570711062,0.30048611297801475,-0.030654578290884693,-0.411996851394016,-0.33114069126889945,-0.7124829643720307,-0.3813422731031313
N,New_N_072.wav,C:\Users\armga\OneDrive\Escritorio\TFG\Programacion objetivo\Bases de Datos\N_New_3주기\New_N_072.wav,afinidad_y_diferencias_errores,2.6918784490468974,2.3995279045473104,2.1592483708439425,2.490888414010969,2.8491478971910364,0.2923505444995871,0.5326300782029549,0.20099003503592838,-0.157269448144139,0.24027953370336785,-0.0913605094636587,-0.4496199926437261,-0.33164004316702655,-0.689899526347094,-0.3582594831800674
N,New_N_073.wav,C:\Users\armga\OneDrive\Escritorio\TFG\Programacion objetivo\Bases de Datos\N_New_3주기\New_N_073.wav,afinidad_y_diferencias_errores,2.694471020310388,2.40785596371115,2.127632665137594,2.458229087595043,2.8288043749837395,0.286615056599238,0.566838355172794,0.2362419327153451,-0.1343333546733514,0.280223298573556,-0.05037312388389292,-0.4209484112725894,-0.3305964224574489,-0.7011717098461454,-0.3705752873886965
N,New_N_074.wav,C:\Users\armga\OneDrive\Escritorio\TFG\Programacion objetivo\Bases de Datos\N_New_3주기\New_N_074.wav,afinidad_y_diferencias_errores,2.641673247884604,2.3436344160935745,2.0532876292584485,2.403574335838548,2.747716883850448,0.2980388317910294,0.5883856186261553,0.23809891204605593,-0.1060436359658441,0.29034678683512594,-0.05993991974497348,-0.4040824677568735,-0.3502867065800994,-0.6944292545919994,-0.34414254801190003
N,New_N_075.wav,C:\Users\armga\OneDrive\Escritorio\TFG\Programacion objetivo\Bases de Datos\N_New_3주기\New_N_075.wav,afinidad_y_diferencias_errores,2.6338251383717832,2.2989705299339587,2.080696949598889,2.401777554368232,2.741815131807057,0.33485460843782455,0.5531281887728943,0.2320475840035514,-0.10798999343527393,0.21827358033506972,-0.10280702443427314,-0.4428446018730985,-0.32108060476934286,-0.6611181822081682,-0.34003757743882534
N,New_N_076.wav,C:\Users\armga\OneDrive\Escritorio\TFG\Programacion objetivo\Bases de Datos\N_New_3주기\New_N_076.wav,afinidad_y_diferencias_errores,2.6521722924463322,2.368711790080699,2.150334103418865,2.4663155276198014,2.813249964312935,0.28346050236563336,0.5018381890274672,0.1858567648265308,-0.16107767186660293,0.21837768666183388,-0.09760373753910256,-0.4445381742322363,-0.31598142420093644,-0.6629158608940702,-0.34693443669313373
N,New_N_077.wav,C:\Users\armga\OneDrive\Escritorio\TFG\Programacion objetivo\Bases de Datos\N_New_3주기\New_N_077.wav,afinidad_y_diferencias_errores,2.6799012191370855,2.3722609257905463,2.114970421406739,2.451051711863762,2.802279036460288,0.3076402933465392,0.5649307977303466,0.22884950727332365,-0.12237781732320263,0.2572905043838074,-0.07879078607321555,-0.4300181106697418,-0.33608129045702295,-0.6873086150535492,-0.3512273245965263
N,New_N_078.wav,C:\Users\armga\OneDrive\Escritorio\TFG\Programacion objetivo\Bases de Datos\N_New_3주기\New_N_078.wav,afinidad_y_diferencias_errores,2.69160973926045,2.4579916400371773,2.1789702773085424,2.4944377642398616,2.83413596126649,0.2336180992232726,0.5126394619519075,0.19717197502058825,-0.14252622200603993,0.27902136272863487,-0.03644612420268434,-0.3761443212293125,-0.3154674869313192,-0.6551656839579474,-0.3396981970266282
N,New_N_079.wav,C:\Users\armga\OneDrive\Escritorio\TFG\Programacion objetivo\Bases de Datos\N_New_3주기\New_N_079.wav,afinidad_y_diferencias_errores,2.5471193369395393,2.305425923226415,2.085294747662162,2.3922768694593453,2.703703422638012,0.24169341371312436,0.46182458927737713,0.15484246748019403,-0.15658408569847282,0.22013117556425277,-0.08685094623293033,-0.3982774994115972,-0.3069821217971831,-0.61840867497585,-0.31142655317866685
N,New_N_080.wav,C:\Users\armga\OneDrive\Escritorio\TFG\Programacion objetivo\Bases de Datos\N_New_3주기\New_N_080.wav,afinidad_y_diferencias_errores,2.6438396555517527,2.3241974761069217,2.090716972613215,2.406334448200501,2.751961914645732,0.319642179444831,0.5531226829385378,0.2375052073512518,-0.10812225909397943,0.23348050349370686,-0.08213697209357917,-0.4277644385388104,-0.31561747558728603,-0.6612449420325173,-0.34562746644523124
N,New_N_081.wav,C:\Users\armga\OneDrive\Escritorio\TFG\Programacion objetivo\Bases de Datos\N_New_3주기\New_N_081.wav,afinidad_y_diferencias_errores,2.7678075583596287,2.4433947172850017,2.1735755016681675,2.5260165167748383,2.891666293989429,0.324412841074627,0.5942320566914612,0.24179104158479037,-0.12385873562980043,0.2698192156168342,-0.08262179948983661,-0.4482715767044274,-0.3524410151066708,-0.7180907923212616,-0.3656497772145908
N,New_N_082.wav,C:\Users\armga\OneDrive\Escritorio\TFG\Programacion objetivo\Bases de Datos\N_New_3주기\New_N_082.wav,afinidad_y_diferencias_errores,2.6319192023906295,2.3289961800733225,2.079118085635776,2.4171566942599405,2.761742122980434,0.30292302231730694,0.5528011167548534,0.21476250813068898,-0.1298229205898047,0.2498780944375465,-0.08816051418661797,-0.43274594290711166,-0.33803860862416446,-0.6826240373446582,-0.3445854287204937
N,New_N_083.wav,C:\Users\armga\OneDrive\Escritorio\TFG\Programacion objetivo\Bases de Datos\N_New_3주기\New_N_083.wav,afinidad_y_diferencias_errores,2.633596022026556,2.3106588516271542,2.1040872516878926,2.420518756323974,2.7405560390452135,0.32293717039940173,0.5295087703386634,0.2130772657025819,-0.10696001701865754,0.20657159993926166,-0.10985990469681983,-0.42989718741805927,-0.3164315046360815,-0.6364687873573209,-0.32003728272123944
N,New_N_084.wav,C:\Users\armga\OneDrive\Escritorio\TFG\Programacion objetivo\Bases de Datos\N_New_3주기\New_N_084.wav,afinidad_y_diferencias_errores,2.678387319586269,2.3944886083361423,2.122285283403601,2.43643493448345,2.8005080079535167,0.28389871125012656,0.5561020361826681,0.2419523851028189,-0.12212068836724788,0.2722033249325415,-0.041946326147307644,-0.40601939961737443,-0.31414965107984916,-0.678222724549916,-0.3640730734700668
N,New_N_085.wav,C:\Users\armga\OneDrive\Escritorio\TFG\Programacion objetivo\Bases de Datos\N_New_3주기\New_N_085.wav,afinidad_y_diferencias_errores,2.6947667701975173,2.396705397712347,2.14676167069972,2.4228410059424768,2.8055236508554846,0.2980613724851704,0.5480050994977974,0.27192576425504056,-0.1107568806579673,0.24994372701262701,-0.026135608230129836,-0.4088182531431377,-0.27607933524275685,-0.6587619801557647,-0.38268264491300785
N,New_N_086.wav,C:\Users\armga\OneDrive\Escritorio\TFG\Programacion objetivo\Bases de Datos\N_New_3주기\New_N_086.wav,afinidad_y_diferencias_errores,2.6271731165549594,2.2854443514971576,2.1479913843795866,2.480990700934751,2.7468611807885983,0.3417287650578018,0.47918173217537285,0.1461824156202085,-0.11968806423363887,0.13745296711757105,-0.1955463494375933,-0.4614168292914407,-0.33299931655516435,-0.5988697964090117,-0.2658704798538474
N,New_N_087.wav,C:\Users\armga\OneDrive\Escritorio\TFG\Programacion objetivo\Bases de Datos\N_New_3주기\New_N_087.wav,afinidad_y_diferencias_errores,2.6754179076647575,2.345729542305503,2.106733353831467,2.44585361524806,2.7729068304861197,0.3296883653592544,0.5686845538332905,0.2295642924166974,-0.09748892282136223,0.23899618847403614,-0.10012407294255699,-0.4271772881806166,-0.3391202614165931,-0.6661734766546528,-0.32705321523805964
N,New_N_088.wav,C:\Users\armga\OneDrive\Escritorio\TFG\Programacion objetivo\Bases de Datos\N_New_3주기\New_N_088.wav,afinidad_y_diferencias_errores,2.69386327598751,2.37986412162963,2.0878412924000656,2.465693818332799,2.7967726633880416,0.3139991543578802,0.6060219835874445,0.22816945765471086,-0.10290938740053157,0.29202282922956435,-0.08582969670316931,-0.41690854175841174,-0.37785252593273366,-0.7089313709879761,-0.33107884505524243
N,New_N_089.wav,C:\Users\armga\OneDrive\Escritorio\TFG\Programacion objetivo\Bases de Datos\N_New_3주기\New_N_089.wav,afinidad_y_diferencias_errores,2.732940235172178,2.4317870329844267,2.1492915853981978,2.48370356160943,2.8671292103904173,0.3011532021877512,0.5836486497739801,0.24923667356274803,-0.13418897521823947,0.2824954475862289,-0.05191652862500318,-0.4353421774059907,-0.3344119762112321,-0.7178376249922196,-0.3834256487809875
N,New_N_090.wav,C:\Users\armga\OneDrive\Escritorio\TFG\Programacion objetivo\Bases de Datos\N_New_3주기\New_N_090.wav,afinidad_y_diferencias_errores,2.7011954109058283,2.455925831617463,2.189150018661051,2.503069207194563,2.8699485560452724,0.24526957928836524,0.5120453922447772,0.19812620371126544,-0.16875314513944417,0.26677581295641195,-0.0471433755770998,-0.4140227244278094,-0.31391918853351175,-0.6807985373842214,-0.3668793488507096
N,New_N_091.wav,C:\Users\armga\OneDrive\Escritorio\TFG\Programacion objetivo\Bases de Datos\N_New_3주기\New_N_091.wav,afinidad_y_diferencias_errores,2.646138038727861,2.359537179604872,2.0911816536175722,2.4871699694132454,2.790259213518849,0.28660085912298916,0.5549563851102888,0.1589680693146156,-0.14412117479098807,0.2683555259872996,-0.12763278980837356,-0.43072203391397723,-0.3959883157956732,-0.6990775599012768,-0.3030892441056037
N,New_N_092.wav,C:\Users\armga\OneDrive\Escritorio\TFG\Programacion objetivo\Bases de Datos\N_New_3주기\New_N_092.wav,afinidad_y_diferencias_errores,2.72645009730112,2.4173757508863147,2.1429251011436725,2.4893382484413378,2.8495530898722286,0.30907434641480513,0.5835249961574474,0.2371118488597821,-0.12310299257110868,0.2744506497426422,-0.07196249755502304,-0.4321773389859138,-0.34641314729766526,-0.706627988728556,-0.3602148414308908
N,New_N_093.wav,C:\Users\armga\OneDrive\Escritorio\TFG\Programacion objetivo\Bases de Datos\N_New_3주기\New_N_093.wav,afinidad_y_diferencias_errores,2.6695793244621275,2.3808077079752987,2.116572273075042,2.449407787687202,2.811549176105419,0.2887716164868288,0.5530070513870857,0.2201715367749255,-0.14196985164329146,0.2642354349002569,-0.0686000797119033,-0.43074146813012026,-0.3328355146121602,-0.6949769030303772,-0.36214138841821697
N,New_N_094.wav,C:\Users\armga\OneDrive\Escritorio\TFG\Programacion objetivo\Bases de Datos\N_New_3주기\New_N_094.wav,afinidad_y_diferencias_errores,2.5606211103575998,2.2715836068278223,2.071526891638812,2.3935267708724037,2.699996173057045,0.2890375035297774,0.48909421871878767,0.16709433948519603,-0.13937506269944544,0.20005671518901025,-0.12194316404458139,-0.42841256622922286,-0.32199987923359163,-0.6284692814182331,-0.30646940218464147
N,New_N_095.wav,C:\Users\armga\OneDrive\Escritorio\TFG\Programacion objetivo\Bases de Datos\N_New_3주기\New_N_095.wav,afinidad_y_diferencias_errores,2.690136257321889,2.3883022253775343,2.1303879107738934,2.4442987702181354,2.8013088426313724,0.30183403194435465,0.5597483465479955,0.24583748710375364,-0.11117258530948337,0.2579143146036409,-0.055996544840601015,-0.413006617253838,-0.3139108594442419,-0.6709209318574789,-0.357010072413237
N,New_N_096.wav,C:\Users\armga\OneDrive\Escritorio\TFG\Programacion objetivo\Bases de Datos\N_New_3주기\New_N_096.wav,afinidad_y_diferencias_errores,2.706234826928463,2.390394016106668,2.1520753446715943,2.4759176330571733,2.835089359932051,0.3158408108217947,0.5541594822568685,0.23031719387128957,-0.12885453300358796,0.2383186714350738,-0.08552361695050514,-0.44469534382538267,-0.32384228838557894,-0.6830140152604565,-0.35917172687487753
N,New_N_097.wav,C:\Users\armga\OneDrive\Escritorio\TFG\Programacion objetivo\Bases de Datos\N_New_3주기\New_N_097.wav,afinidad_y_diferencias_errores,2.6405096721368335,2.3906139365374535,2.138755218303846,2.4754842940946085,2.810434010989209,0.24989573559938005,0.5017544538329877,0.16502537804222506,-0.16992433885237546,0.2518587182336076,-0.084870357557155,-0.4198200744517555,-0.3367290757907626,-0.6716787926853631,-0.3349497168946005
N,New_N_098.wav,C:\Users\armga\OneDrive\Escritorio\TFG\Programacion objetivo\Bases de Datos\N_New_3주기\New_N_098.wav,afinidad_y_diferencias_errores,2.5831686590525806,2.3426018879722412,2.0874057294421444,2.394165187415683,2.7265621224443115,0.24056677108033941,0.4957629296104362,0.18900347163689757,-0.14339346339173087,0.2551961585300968,-0.051563299443441846,-0.3839602344720703,-0.30675945797353865,-0.6391563930021671,-0.33239693502862844
N,New_N_099.wav,C:\Users\armga\OneDrive\Escritorio\TFG\Programacion objetivo\Bases de Datos\N_New_3주기\New_N_099.wav,afinidad_y_diferencias_errores,2.7305423936624935,2.417118586088384,2.0310050007188254,2.5507011625886378,2.9520313894624386,0.3134238075741096,0.6995373929436681,0.17984123107385575,-0.22148899579994508,0.38611358536955853,-0.13358257650025385,-0.5349128033740547,-0.5196961618698124,-0.9210263887436132,-0.4013302268738008
N,New_N_100.wav,C:\Users\armga\OneDrive\Escritorio\TFG\Programacion objetivo\Bases de Datos\N_New_3주기\New_N_100.wav,afinidad_y_diferencias_errores,2.7907816340542277,2.4217863244891387,2.048160179844938,2.540047545658839,2.944631081757547,0.3689953095650891,0.7426214542092899,0.2507340883953888,-0.15384944770331943,0.37362614464420085,-0.11826122116970028,-0.5228447572684085,-0.49188736581390113,-0.8964709019126094,-0.40458353609870823
N,New_N_101.wav,C:\Users\armga\OneDrive\Escritorio\TFG\Programacion objetivo\Bases de Datos\N_New_3주기\New_N_101.wav,afinidad_y_diferencias_errores,2.772267463201033,2.4206732145116603,2.0542576772227465,2.5592939629265103,2.940789908122468,0.3515942486893726,0.7180097859782864,0.21297350027452255,-0.1685224449214351,0.36641553728891374,-0.13862074841485006,-0.5201166936108077,-0.5050362857037638,-0.8865322308997214,-0.38149594519595764
N,New_N_102.wav,C:\Users\armga\OneDrive\Escritorio\TFG\Programacion objetivo\Bases de Datos\N_New_3주기\New_N_102.wav,afinidad_y_diferencias_errores,2.741494995746728,2.419526874352699,2.0670870734074835,2.5398580333645704,2.876569930654372,0.3219681213940291,0.6744079223392445,0.20163696238215767,-0.1350749349076441,0.35243980094521543,-0.12033115901187141,-0.4570430563016732,-0.47277095995708684,-0.8094828572468886,-0.3367118972898018
N,New_N_103.wav,C:\Users\armga\OneDrive\Escritorio\TFG\Programacion objetivo\Bases de Datos\N_New_3주기\New_N_103.wav,afinidad_y_diferencias_errores,2.719696669928589,2.3943806161818286,2.0478908781829426,2.542875533293387,2.915505555451524,0.3253160537467603,0.6718057917456464,0.17682113663520216,-0.19580888552293496,0.34648973799888605,-0.14849491711155816,-0.5211249392696953,-0.4949846551104442,-0.8676146772685813,-0.3726300221581371
N,New_N_104.wav,C:\Users\armga\OneDrive\Escritorio\TFG\Programacion objetivo\Bases de Datos\N_New_3주기\New_N_104.wav,afinidad_y_diferencias_errores,2.7407001511089235,2.410262648765564,2.0394748220975205,2.5493821687414604,2.9248432766420835,0.33043750234335967,0.701225329011403,0.1913179823674631,-0.18414312553316003,0.37078782666804333,-0.13911951997589656,-0.5145806278765197,-0.5099073466439399,-0.885368454544563,-0.37546110790062315
N,New_N_105.wav,C:\Users\armga\OneDrive\Escritorio\TFG\Programacion objetivo\Bases de Datos\N_New_3주기\New_N_105.wav,afinidad_y_diferencias_errores,2.790822556846951,2.4256446338389996,2.062654143315136,2.5825865297769792,2.9706812819778308,0.3651779230079515,0.7281684135318152,0.2082360270699719,-0.17985872513087964,0.3629904905238637,-0.15694189593797958,-0.5450366481388311,-0.5199323864618433,-0.9080271386626948,-0.38809475220085154
N,New_N_106.wav,C:\Users\armga\OneDrive\Escritorio\TFG\Programacion objetivo\Bases de Datos\N_New_3주기\New_N_106.wav,afinidad_y_diferencias_errores,2.873972286849818,2.5284007432649678,2.1066994226808333,2.6308869735719154,3.0426351108346106,0.3455715435848501,0.7672728641689845,0.2430853132779025,-0.1686628239847927,0.42170132058413445,-0.10248623030694759,-0.5142343675696428,-0.524187550891082,-0.9359356881537773,-0.4117481372626952
N,New_N_107.wav,C:\Users\armga\OneDrive\Escritorio\TFG\Programacion objetivo\Bases de Datos\N_New_3주기\New_N_107.wav,afinidad_y_diferencias_errores,2.7359417229656904,2.3863251427367476,2.042508680025461,2.5411331586117725,2.893843541013474,0.3496165802289428,0.6934330429402293,0.1948085643539179,-0.15790181804778358,0.3438164627112865,-0.1548080158750249,-0.5075183982767264,-0.4986244785863114,-0.8513348609880129,-0.3527103824017015
N,New_N_108.wav,C:\Users\armga\OneDrive\Escritorio\TFG\Programacion objetivo\Bases de Datos\N_New_3주기\New_N_108.wav,afinidad_y_diferencias_errores,2.7395095059039547,2.418117550308809,2.0147637904982156,2.5366107914919658,2.9271179507219474,0.3213919555951459,0.7247457154057391,0.20289871441198892,-0.18760844481799266,0.4033537598105932,-0.11849324118315696,-0.5090004004131385,-0.5218470009937501,-0.9123541602237317,-0.3905071592299816
N,New_N_109.wav,C:\Users\armga\OneDrive\Escritorio\TFG\Programacion objetivo\Bases de Datos\N_New_3주기\New_N_109.wav,afinidad_y_diferencias_errores,2.801996515650004,2.4553074286056678,2.064696532920113,2.556929064117657,2.963890860079442,0.3466890870443362,0.737299982729891,0.24506745153234677,-0.16189434442943806,0.39061089568555474,-0.10162163551198944,-0.5085834314737743,-0.4922325311975442,-0.899194327159329,-0.40696179596178483
N,New_N_110.wav,C:\Users\armga\OneDrive\Escritorio\TFG\Programacion objetivo\Bases de Datos\N_New_3주기\New_N_110.wav,afinidad_y_diferencias_errores,2.615444431128712,2.302060788437334,1.9820394187392667,2.4137221586900353,2.773501325583677,0.31338364269137786,0.6334050123894452,0.2017222724386767,-0.15805689445496496,0.3200213696980674,-0.11166137025270118,-0.4714405371463428,-0.43168273995076856,-0.7914619068444102,-0.35977916689364164
N,New_N_111.wav,C:\Users\armga\OneDrive\Escritorio\TFG\Programacion objetivo\Bases de Datos\N_New_3주기\New_N_111.wav,afinidad_y_diferencias_errores,2.7567129633882885,2.478164693706507,2.100906644369084,2.6185751179619947,2.9864397377219865,0.2785482696817816,0.6558063190192045,0.13813784542629381,-0.22972677433369793,0.3772580493374229,-0.14041042425548778,-0.5082750440154795,-0.5176684735929107,-0.8855330933529024,-0.36786461975999174
N,New_N_112.wav,C:\Users\armga\OneDrive\Escritorio\TFG\Programacion objetivo\Bases de Datos\N_New_3주기\New_N_112.wav,afinidad_y_diferencias_errores,2.778718710936098,2.4324892575421213,2.0509860313865405,2.5688325561624175,2.9701338076474517,0.3462294533939767,0.7277326795495576,0.20988615477368056,-0.1914150967113537,0.38150322615558085,-0.13634329862029615,-0.5376445501053304,-0.517846524775877,-0.9191477762609113,-0.40130125148503426
N,New_N_113.wav,C:\Users\armga\OneDrive\Escritorio\TFG\Programacion objetivo\Bases de Datos\N_New_3주기\New_N_113.wav,afinidad_y_diferencias_errores,2.7929658401530797,2.4403403096346445,2.0417894184015553,2.5605228470447017,2.9315048846028415,0.35262553051843515,0.7511764217515244,0.23244299310837802,-0.13853904444976184,0.3985508912330893,-0.12018253741005713,-0.491164574968197,-0.5187334286431464,-0.8897154662012863,-0.37098203755813985
N,New_N_114.wav,C:\Users\armga\OneDrive\Escritorio\TFG\Programacion objetivo\Bases de Datos\N_New_3주기\New_N_114.wav,afinidad_y_diferencias_errores,2.664657670021498,2.4049287327244957,2.0167784874552557,2.5140702508702133,2.863540015403269,0.2597289372970022,0.6478791825662422,0.1505874191512846,-0.19888234538177096,0.38815024526924,-0.1091415181457176,-0.45861128267877316,-0.4972917634149576,-0.8467615279480132,-0.34946976453305556
N,New_N_115.wav,C:\Users\armga\OneDrive\Escritorio\TFG\Programacion objetivo\Bases de Datos\N_New_3주기\New_N_115.wav,afinidad_y_diferencias_errores,2.5847347897732393,2.2912895669340885,1.9983705881063325,2.457247539332933,2.7795000729308867,0.29344522283915087,0.5863642016669068,0.12748725044030618,-0.1947652831576474,0.29291897882775597,-0.1659579723988447,-0.48821050599679827,-0.45887695122660066,-0.7811294848245542,-0.3222525335979536
N,New_N_116.wav,C:\Users\armga\OneDrive\Escritorio\TFG\Programacion objetivo\Bases de Datos\N_New_3주기\New_N_116.wav,afinidad_y_diferencias_errores,2.817747050081881,2.4779497517269626,2.093264819266235,2.5877343082705795,2.98523661778781,0.33979729835491845,0.7244822308156462,0.2300127418113016,-0.1674895677059287,0.38468493246072777,-0.10978455654361685,-0.5072868660608472,-0.4944694890043446,-0.8919717985215749,-0.3975023095172303
N,New_N_117.wav,C:\Users\armga\OneDrive\Escritorio\TFG\Programacion objetivo\Bases de Datos\N_New_3주기\New_N_117.wav,afinidad_y_diferencias_errores,2.7071171813274586,2.3297598109671465,1.9998766888423793,2.459935085003107,2.8258770958888464,0.37735737036031214,0.7072404924850793,0.24718209632435162,-0.11875991456138779,0.3298831221247671,-0.13017527403596052,-0.49611728492169993,-0.46005839616072763,-0.826000407046467,-0.3659420108857394
N,New_N_118.wav,C:\Users\armga\OneDrive\Escritorio\TFG\Programacion objetivo\Bases de Datos\N_New_3주기\New_N_118.wav,afinidad_y_diferencias_errores,2.797882634672534,2.430067729885902,2.0380992932739135,2.5493166759398305,2.9323724125151105,0.3678149047866319,0.7597833413986206,0.2485659587327036,-0.13448977784257643,0.39196843661198866,-0.11924894605392833,-0.5023046826292084,-0.511217382665917,-0.894273119241197,-0.38305573657528
N,New_N_119.wav,C:\Users\armga\OneDrive\Escritorio\TFG\Programacion objetivo\Bases de Datos\N_New_3주기\New_N_119.wav,afinidad_y_diferencias_errores,2.6827145099686884,2.3320430556283833,1.976995526150899,2.4801372544402076,2.851466214554943,0.3506714543403051,0.7057189838177895,0.20257725552848083,-0.16875170458625455,0.3550475294774844,-0.14809419881182428,-0.5194231589265597,-0.5031417282893087,-0.8744706884040441,-0.3713289601147354
N,New_N_120.wav,C:\Users\armga\OneDrive\Escritorio\TFG\Programacion objetivo\Bases de Datos\N_New_3주기\New_N_120.wav,afinidad_y_diferencias_errores,2.777022147255102,2.44704516351258,2.05017925639743,2.583067646068507,2.9813310156000847,0.32997698374252193,0.7268428908576721,0.19395450118659507,-0.20430886834498274,0.39686590711515013,-0.13602248255592686,-0.5342858520875047,-0.532888389671077,-0.9311517592026548,-0.3982633695315778
N,New_N_121.wav,C:\Users\armga\OneDrive\Escritorio\TFG\Programacion objetivo\Bases de Datos\N_New_3주기\New_N_121.wav,afinidad_y_diferencias_errores,2.6859798519747864,2.3726146163937103,2.0213299471918242,2.5010403103437002,2.8576187376691116,0.3133652355810761,0.6646499047829622,0.18493954163108617,-0.17163888569432517,0.35128466920188606,-0.12842569394998993,-0.48500412127540127,-0.479710363151876,-0.8362887904772873,-0.35657842732541134
N,New_N_122.wav,C:\Users\armga\OneDrive\Escritorio\TFG\Programacion objetivo\Bases de Datos\N_New_3주기\New_N_122.wav,afinidad_y_diferencias_errores,2.672413885973244,2.3655384016020196,2.011470744634864,2.495673252608736,2.8574193449655696,0.30687548437122425,0.6609431413383797,0.17674063336450763,-0.1850054589923258,0.3540676569671555,-0.13013485100671662,-0.49188094336355004,-0.4842025079738721,-0.8459486003307055,-0.3617460923568334
N,New_N_123.wav,C:\Users\armga\OneDrive\Escritorio\TFG\Programacion objetivo\Bases de Datos\N_New_3주기\New_N_123.wav,afinidad_y_diferencias_errores,2.820155990829193,2.455925711959536,2.0812815415918076,2.5893202299359235,2.9783333871109536,0.3642302788696572,0.7388744492373855,0.23083576089326963,-0.15817739628176053,0.37464417036772835,-0.13339451797638757,-0.5224076751514177,-0.5080386883441159,-0.8970518455191461,-0.38901315717503016
N,New_N_124.wav,C:\Users\armga\OneDrive\Escritorio\TFG\Programacion objetivo\Bases de Datos\N_New_3주기\New_N_124.wav,afinidad_y_diferencias_errores,2.7839492421353285,2.4165836386577535,2.0245874849996066,2.514143599876798,2.923153207626183,0.36736560347757496,0.7593617571357218,0.26980564225853065,-0.13920396549085456,0.3919961536581469,-0.09755996121904431,-0.5065695689684295,-0.4895561148771912,-0.8985657226265764,-0.4090096077493852
N,New_N_125.wav,C:\Users\armga\OneDrive\Escritorio\TFG\Programacion objetivo\Bases de Datos\N_New_3주기\New_N_125.wav,afinidad_y_diferencias_errores,2.8171671991432703,2.468469303689572,2.085711658343143,2.587261733433109,3.004565095437259,0.34869789545369834,0.7314555408001273,0.22990546571016113,-0.18739789629398862,0.382757645346429,-0.11879242974353721,-0.536095791747687,-0.5015500750899662,-0.9188534370941159,-0.41730336200414975
N,New_N_126.wav,C:\Users\armga\OneDrive\Escritorio\TFG\Programacion objetivo\Bases de Datos\N_New_3주기\New_N_126.wav,afinidad_y_diferencias_errores,2.6373780984666455,2.447540591623888,2.2521346176799284,2.464608742446719,2.8415865437265353,0.18983750684275735,0.3852434807867171,0.1727693560199266,-0.2042084452598898,0.19540597394395975,-0.017068150822830752,-0.39404595210264715,-0.2124741247667905,-0.5894519260466069,-0.3769778012798164
N,New_N_127.wav,C:\Users\armga\OneDrive\Escritorio\TFG\Programacion objetivo\Bases de Datos\N_New_3주기\New_N_127.wav,afinidad_y_diferencias_errores,2.4079871607771146,2.2749969756183677,2.1015832768632587,2.4178954884446147,2.6839366280523667,0.13299018515874694,0.30640388391385587,-0.00990832766750005,-0.27594946727525205,0.17341369875510892,-0.142898512826247,-0.408939652433999,-0.3163122115813559,-0.5823533511891079,-0.266041139607752
N,New_N_128.wav,C:\Users\armga\OneDrive\Escritorio\TFG\Programacion objetivo\Bases de Datos\N_New_3주기\New_N_128.wav,afinidad_y_diferencias_errores,2.5729251515199802,2.374977698098352,2.1995872663802998,2.491298352530204,2.8194292704477535,0.19794745342162834,0.37333788513968047,0.0816267989897761,-0.24650411892777324,0.17539043171805213,-0.11632065443185224,-0.4444515723494016,-0.2917110861499044,-0.6198420040674537,-0.32813091791754934
N,New_N_129.wav,C:\Users\armga\OneDrive\Escritorio\TFG\Programacion objetivo\Bases de Datos\N_New_3주기\New_N_129.wav,afinidad_y_diferencias_errores,2.5434006146641503,2.371017483034692,2.18512678741528,2.483601791773993,2.800692446617164,0.1723831316294584,0.35827382724887036,0.059798822890157144,-0.25729183195301353,0.18589069561941196,-0.11258430873930125,-0.4296749635824719,-0.2984750043587132,-0.6155656592018839,-0.31709065484317067
N,New_N_130.wav,C:\Users\armga\OneDrive\Escritorio\TFG\Programacion objetivo\Bases de Datos\N_New_3주기\New_N_130.wav,afinidad_y_diferencias_errores,2.598872324508653,2.392423196980157,2.258630925176514,2.5062611252672506,2.8524664504941963,0.20644912752849587,0.3402413993321387,0.09261119924140226,-0.25359412598554343,0.13379227180364284,-0.1138379282870936,-0.4600432535140393,-0.24763020009073644,-0.5938355253176821,-0.3462053252269457
N,New_N_131.wav,C:\Users\armga\OneDrive\Escritorio\TFG\Programacion objetivo\Bases de Datos\N_New_3주기\New_N_131.wav,afinidad_y_diferencias_errores,2.539132550553339,2.4419066058969623,2.235955611422543,2.463035526357454,2.7766988962897403,0.09722594465637657,0.3031769391307959,0.07609702419588471,-0.23756634573640145,0.20595099447441934,-0.021128920460491862,-0.334792290392778,-0.2270799149349112,-0.5407432848671974,-0.31366336993228616
N,New_N_132.wav,C:\Users\armga\OneDrive\Escritorio\TFG\Programacion objetivo\Bases de Datos\N_New_3주기\New_N_132.wav,afinidad_y_diferencias_errores,2.6120564299345554,2.439862109380477,2.2294109766463284,2.4937793938549113,2.813935511119212,0.17219432055407857,0.3826454532882271,0.11827703607964413,-0.2018790811846567,0.2104511327341485,-0.053917284474434446,-0.37407340173873527,-0.26436841720858295,-0.5845245344728838,-0.3201561172643008
N,New_N_133.wav,C:\Users\armga\OneDrive\Escritorio\TFG\Programacion objetivo\Bases de Datos\N_New_3주기\New_N_133.wav,afinidad_y_diferencias_errores,2.438327552482438,2.3752400611632947,2.2301425835776287,2.4676471771221755,2.7036383374668187,0.06308749131914348,0.20818496890480942,-0.029319624639737363,-0.26531078498438054,0.14509747758566593,-0.09240711595888085,-0.32839827630352403,-0.23750459354454678,-0.47349575388918996,-0.23599116034464318
N,New_N_134.wav,C:\Users\armga\OneDrive\Escritorio\TFG\Programacion objetivo\Bases de Datos\N_New_3주기\New_N_134.wav,afinidad_y_diferencias_errores,2.628182513777739,2.3521097698440823,2.132735724463828,2.424047808605039,2.829884152412179,0.27607274393365655,0.49544678931391095,0.2041347051726996,-0.20170163863444035,0.2193740453802544,-0.07193803876095695,-0.4777743825680969,-0.29131208414121135,-0.6971484279483513,-0.40583634380713995
N,New_N_135.wav,C:\Users\armga\OneDrive\Escritorio\TFG\Programacion objetivo\Bases de Datos\N_New_3주기\New_N_135.wav,afinidad_y_diferencias_errores,2.557762235263861,2.4196721944057913,2.2504110826567385,2.5389667599665895,2.860484544424857,0.13809004085806986,0.30735115260712265,0.018795475297271658,-0.30272230916099563,0.16926111174905278,-0.1192945655607982,-0.4408123500190655,-0.288555677309851,-0.6100734617681183,-0.3215177844582673
N,New_N_136.wav,C:\Users\armga\OneDrive\Escritorio\TFG\Programacion objetivo\Bases de Datos\N_New_3주기\New_N_136.wav,afinidad_y_diferencias_errores,2.554393337076935,2.32845120351089,2.1144813993081826,2.418985434143745,2.7810647063205955,0.22594213356604476,0.43991193776875237,0.13540790293318983,-0.2266713692436606,0.21396980420270761,-0.09053423063285493,-0.45261350280970536,-0.30450403483556254,-0.666583307012413,-0.36207927217685043
N,New_N_137.wav,C:\Users\armga\OneDrive\Escritorio\TFG\Programacion objetivo\Bases de Datos\N_New_3주기\New_N_137.wav,afinidad_y_diferencias_errores,2.5072877168500907,2.3083961474733923,2.1437669660545784,2.450493601647179,2.795289014101037,0.19889156937669838,0.36352075079551227,0.056794115202911666,-0.2880012972509465,0.16462918141881389,-0.14209745417378672,-0.48689286662764486,-0.3067266355926006,-0.6515220480464587,-0.34479541245385814
N,New_N_138.wav,C:\Users\armga\OneDrive\Escritorio\TFG\Programacion objetivo\Bases de Datos\N_New_3주기\New_N_138.wav,afinidad_y_diferencias_errores,2.5532840677087627,2.3408451048958203,2.1592415841509567,2.4110732055155064,2.75057824467691,0.2124389628129424,0.394042483557806,0.1422108621932563,-0.1972941769681471,0.18160352074486363,-0.0702281006196861,-0.4097331397810895,-0.25183162136454973,-0.5913366605259531,-0.3395050391614034
N,New_N_139.wav,C:\Users\armga\OneDrive\Escritorio\TFG\Programacion objetivo\Bases de Datos\N_New_3주기\New_N_139.wav,afinidad_y_diferencias_errores,2.5601971658328204,2.331189221670434,2.1819834995201166,2.4095441363648287,2.7684395127912063,0.22900794416238623,0.3782136663127038,0.15065302946799175,-0.20824234695838584,0.14920572215031758,-0.07835491469439448,-0.43725029112077207,-0.22756063684471206,-0.5864560132710896,-0.3588953764263776
N,New_N_140.wav,C:\Users\armga\OneDrive\Escritorio\TFG\Programacion objetivo\Bases de Datos\N_New_3주기\New_N_140.wav,afinidad_y_diferencias_errores,2.504434799361881,2.349307281942891,2.18145425550839,2.4517168772836175,2.8082871984459628,0.1551275174189901,0.32298054385349095,0.052717922078263424,-0.3038523990840818,0.16785302643450084,-0.10240959534072669,-0.4589799165030719,-0.27026262177522753,-0.6268329429375727,-0.3565703211623452
N,New_N_141.wav,C:\Users\armga\OneDrive\Escritorio\TFG\Programacion objetivo\Bases de Datos\N_New_3주기\New_N_141.wav,afinidad_y_diferencias_errores,2.6167089503278262,2.3741809967291165,2.161679109853754,2.520985326791251,2.886799725653811,0.2425279535987097,0.45502984047407224,0.09572362353657526,-0.2700907753259849,0.21250188687536253,-0.14680433006213445,-0.5126187289246946,-0.359306216937497,-0.7251206158000572,-0.3658143988625602
N,New_N_142.wav,C:\Users\armga\OneDrive\Escritorio\TFG\Programacion objetivo\Bases de Datos\N_New_3주기\New_N_142.wav,afinidad_y_diferencias_errores,2.5355532569246555,2.423476730838133,2.2852341756384305,2.5056861262835755,2.792242014393592,0.11207652608652241,0.25031908128622504,0.029867130641080042,-0.2566887574689365,0.13824255519970263,-0.08220939544544237,-0.3687652835554589,-0.220451950645145,-0.5070078387551615,-0.28655588811001653
N,New_N_143.wav,C:\Users\armga\OneDrive\Escritorio\TFG\Programacion objetivo\Bases de Datos\N_New_3주기\New_N_143.wav,afinidad_y_diferencias_errores,2.554175428524718,2.3178539315646405,2.138661947629331,2.3819032237209523,2.739522079965952,0.23632149696007732,0.41551348089538687,0.17227220480376548,-0.1853466514412343,0.17919198393530955,-0.06404929215631183,-0.4216681484013116,-0.24324127609162138,-0.6008601323366212,-0.3576188562449998
N,New_N_144.wav,C:\Users\armga\OneDrive\Escritorio\TFG\Programacion objetivo\Bases de Datos\N_New_3주기\New_N_144.wav,afinidad_y_diferencias_errores,2.4964060029747612,2.459649500727803,2.2397025922956346,2.5433971715001875,2.8698638987884717,0.036756502246958256,0.2567034106791266,-0.046991168525426286,-0.37345789581371047,0.21994690843216835,-0.08374767077238454,-0.41021439806066873,-0.3036945792045529,-0.6301613064928371,-0.3264667272882842
N,New_N_145.wav,C:\Users\armga\OneDrive\Escritorio\TFG\Programacion objetivo\Bases de Datos\N_New_3주기\New_N_145.wav,afinidad_y_diferencias_errores,2.574261043355057,2.379324300946251,2.1717075409290376,2.489578913347549,2.8138831972522307,0.19493674240880576,0.40255350242601917,0.0846821300075078,-0.2396221538971739,0.2076167600172134,-0.11025461240129797,-0.43455889630597966,-0.3178713724185114,-0.6421756563231931,-0.3243042839046817
N,New_N_146.wav,C:\Users\armga\OneDrive\Escritorio\TFG\Programacion objetivo\Bases de Datos\N_New_3주기\New_N_146.wav,afinidad_y_diferencias_errores,2.5170789611447724,2.3342401171083127,2.17493803278926,2.4584545317707516,2.790147616034095,0.18283884403645967,0.3421409283555126,0.05862442937402079,-0.27306865488932264,0.1593020843190529,-0.12421441466243888,-0.4559074989257823,-0.2835164989814918,-0.6152095832448352,-0.33169308426334343
N,New_N_147.wav,C:\Users\armga\OneDrive\Escritorio\TFG\Programacion objetivo\Bases de Datos\N_New_3주기\New_N_147.wav,afinidad_y_diferencias_errores,2.670492979525891,2.4288273717629285,2.2226202728200786,2.481524662449883,2.8377426924816493,0.24166560776296242,0.44787270670581236,0.18896831707600814,-0.1672497129557584,0.20620709894284994,-0.05269729068695428,-0.40891532071872083,-0.2589043896298042,-0.6151224196615708,-0.35621803003176655
N,New_N_148.wav,C:\Users\armga\OneDrive\Escritorio\TFG\Programacion objetivo\Bases de Datos\N_New_3주기\New_N_148.wav,afinidad_y_diferencias_errores,2.4887041336262654,2.3806483959497426,2.2267174268326704,2.4663243625389,2.8238472446916827,0.10805573767652277,0.26198670679359504,0.02237977108736544,-0.3351431110654173,0.15393096911707227,-0.08567596658915733,-0.44319884874194004,-0.2396069357062296,-0.5971298178590123,-0.3575228821527827
N,New_N_149.wav,C:\Users\armga\OneDrive\Escritorio\TFG\Programacion objetivo\Bases de Datos\N_New_3주기\New_N_149.wav,afinidad_y_diferencias_errores,2.584439528963918,2.3610842220890143,2.169677960082415,2.388466815008432,2.8077904092584154,0.2233553068749039,0.4147615688815032,0.1959727139554861,-0.22335088029449723,0.19140626200659927,-0.027382592919417803,-0.44670618716940114,-0.21878885492601707,-0.6381124491760004,-0.41932359424998333
N,New_N_150.wav,C:\Users\armga\OneDrive\Escritorio\TFG\Programacion objetivo\Bases de Datos\N_New_3주기\New_N_150.wav,afinidad_y_diferencias_errores,2.6307232921038923,2.482234565485068,2.24066131300921,2.5699223843620342,2.9330552052965553,0.14848872661882417,0.39006197909468243,0.06080090774185809,-0.30233191319266295,0.24157325247585826,-0.08768781887696608,-0.4508206398114871,-0.32926107135282434,-0.6923938922873454,-0.36313282093452104
N,New_N_151.wav,C:\Users\armga\OneDrive\Escritorio\TFG\Programacion objetivo\Bases de Datos\N_New_3주기\New_N_151.wav,afinidad_y_diferencias_errores,2.5926546776780794,2.3798196318714546,2.209024861386221,2.5004544916018476,2.8604595612908894,0.21283504580662482,0.38362981629185855,0.09220018607623182,-0.26780488361280996,0.17079477048523373,-0.12063485973039301,-0.4806399294194348,-0.29142963021562673,-0.6514346999046685,-0.3600050696890418
N,New_N_152.wav,C:\Users\armga\OneDrive\Escritorio\TFG\Programacion objetivo\Bases de Datos\N_New_3주기\New_N_152.wav,afinidad_y_diferencias_errores,2.5615859325308907,2.4169308527626177,2.2232002157396495,2.4474836054010147,2.8124190887479075,0.14465507976827308,0.3383857167912412,0.114102327129876,-0.25083315621701674,0.1937306370229681,-0.030552752638397074,-0.3954882359852898,-0.22428338966136518,-0.5892188730082579,-0.36493548334689274
N,New_N_153.wav,C:\Users\armga\OneDrive\Escritorio\TFG\Programacion objetivo\Bases de Datos\N_New_3주기\New_N_153.wav,afinidad_y_diferencias_errores,2.5564317825161673,2.3182418236297653,2.1456928056207407,2.3706870101517605,2.714363482635393,0.23818995888640204,0.4107389768954266,0.18574477236440678,-0.15793170011922575,0.17254901800902456,-0.05244518652199526,-0.3961216590056278,-0.22499420453101981,-0.5686706770146523,-0.34367647248363253
N,New_N_154.wav,C:\Users\armga\OneDrive\Escritorio\TFG\Programacion objetivo\Bases de Datos\N_New_3주기\New_N_154.wav,afinidad_y_diferencias_errores,2.558776269324481,2.3063525116896795,2.121753802310331,2.3620834692687067,2.721618849741101,0.2524237576348014,0.4370224670141498,0.19669280005577416,-0.16284258041662003,0.1845987093793484,-0.05573095757902724,-0.41526633805142144,-0.24032966695837565,-0.5998650474307698,-0.3595353804723942
N,New_N_155.wav,C:\Users\armga\OneDrive\Escritorio\TFG\Programacion objetivo\Bases de Datos\N_New_3주기\New_N_155.wav,afinidad_y_diferencias_errores,2.5142035496194683,2.4390415802070637,2.230594865617291,2.47002745279498,2.8446851307562935,0.0751619694124046,0.2836086840021772,0.0441760968244882,-0.33048158113682513,0.2084467145897726,-0.030985872587916408,-0.40564355054922974,-0.239432587177689,-0.6140902651390023,-0.37465767796131333
N,New_N_156.wav,C:\Users\armga\OneDrive\Escritorio\TFG\Programacion objetivo\Bases de Datos\N_New_3주기\New_N_156.wav,afinidad_y_diferencias_errores,2.5344694445683604,2.3392402490901594,2.1238232742531102,2.417785218089251,2.8224395514106475,0.19522919547820106,0.4106461703152502,0.11668422647910948,-0.2879701068422871,0.21541697483704914,-0.07854496899909158,-0.48319930232048813,-0.2939619438361407,-0.6986162771575373,-0.40465433332139655
N,New_N_157.wav,C:\Users\armga\OneDrive\Escritorio\TFG\Programacion objetivo\Bases de Datos\N_New_3주기\New_N_157.wav,afinidad_y_diferencias_errores,2.6561578976790297,2.446890971570494,2.2368950213452945,2.512244775948791,2.9380091519240246,0.2092669261085356,0.41926287633373516,0.14391312173023874,-0.2818512542449949,0.20999595022519957,-0.06535380437829685,-0.4911181803535305,-0.2753497546034964,-0.7011141305787301,-0.42576437597523364
N,New_N_158.wav,C:\Users\armga\OneDrive\Escritorio\TFG\Programacion objetivo\Bases de Datos\N_New_3주기\New_N_158.wav,afinidad_y_diferencias_errores,2.486592517579988,2.283624466782259,2.0745620278806762,2.4211516644909583,2.5922407658861557,0.20296805079772895,0.4120304896993119,0.0654408530890298,-0.10564824830616759,0.20906243890158294,-0.13752719770869914,-0.30861629910389654,-0.3465896366102821,-0.5176787380054795,-0.1710891013951974
N,New_N_159.wav,C:\Users\armga\OneDrive\Escritorio\TFG\Programacion objetivo\Bases de Datos\N_New_3주기\New_N_159.wav,afinidad_y_diferencias_errores,2.448802023313096,2.268956348176196,2.1400249935863083,2.460982379550011,2.5792034914851625,0.17984567513689997,0.3087770297267878,-0.012180356236914935,-0.13040146817206644,0.1289313545898878,-0.1920260313738149,-0.3102471433089664,-0.3209573859637027,-0.4391784978988542,-0.1182211119351515
N,New_N_160.wav,C:\Users\armga\OneDrive\Escritorio\TFG\Programacion objetivo\Bases de Datos\N_New_3주기\New_N_160.wav,afinidad_y_diferencias_errores,2.4781379862460837,2.2920757273614583,2.1528438985423177,2.4638924792203456,2.645925115730853,0.18606225888462546,0.325294087703766,0.014245507025738124,-0.16778712948476926,0.13923182881914054,-0.17181675185888734,-0.3538493883693947,-0.3110485806780279,-0.49308121718853526,-0.18203263651050738
N,New_N_161.wav,C:\Users\armga\OneDrive\Escritorio\TFG\Programacion objetivo\Bases de Datos\N_New_3주기\New_N_161.wav,afinidad_y_diferencias_errores,2.368165900219364,2.2448509002244736,2.042466311399606,2.3126272700182176,2.5357954493379586,0.12331499999489015,0.3256995888197576,0.055538630201146244,-0.16762954911859484,0.20238458882486743,-0.0677763697937439,-0.290944549113485,-0.27016095861861134,-0.4933291379383524,-0.2231681793197411
N,New_N_162.wav,C:\Users\armga\OneDrive\Escritorio\TFG\Programacion objetivo\Bases de Datos\N_New_3주기\New_N_162.wav,afinidad_y_diferencias_errores,2.3607294227472804,2.227348358304041,2.084564499603183,2.345679410881323,2.4693729449635273,0.13338106444323916,0.27616492314409724,0.015050011865957558,-0.10864352221624696,0.14278385870085808,-0.1183310525772816,-0.24202458665948612,-0.2611149112781397,-0.3848084453603442,-0.12369353408220451
N,New_N_163.wav,C:\Users\armga\OneDrive\Escritorio\TFG\Programacion objetivo\Bases de Datos\N_New_3주기\New_N_163.wav,afinidad_y_diferencias_errores,2.474872246437513,2.2586433861440134,2.1023169573587595,2.4423639075331423,2.607808688322439,0.21622886029349964,0.37255528907875357,0.03250833890437077,-0.13293644188492593,0.15632642878525393,-0.18372052138912887,-0.34916530217842556,-0.3400469501743828,-0.5054917309636795,-0.1654447807892967
N,New_N_164.wav,C:\Users\armga\OneDrive\Escritorio\TFG\Programacion objetivo\Bases de Datos\N_New_3주기\New_N_164.wav,afinidad_y_diferencias_errores,2.350589602728672,2.2717374965807604,2.046646968329976,2.3285506746728504,2.5211518401430277,0.07885210614791172,0.30394263439869595,0.02203892805582175,-0.1705622374143556,0.22509052825078424,-0.056813178092089966,-0.24941434356226733,-0.2819037063428742,-0.47450487181305157,-0.19260116547017736
N,New_N_165.wav,C:\Users\armga\OneDrive\Escritorio\TFG\Programacion objetivo\Bases de Datos\N_New_3주기\New_N_165.wav,afinidad_y_diferencias_errores,2.3946100320109287,2.271178468231303,2.109277555069362,2.4123206499266567,2.599422029603474,0.12343156377962572,0.2853324769415666,-0.017710617915728033,-0.20481199759254531,0.16190091316194088,-0.14114218169535375,-0.32824356137217103,-0.30304309485729464,-0.4901444745341119,-0.18710137967681728
N,New_N_166.wav,C:\Users\armga\OneDrive\Escritorio\TFG\Programacion objetivo\Bases de Datos\N_New_3주기\New_N_166.wav,afinidad_y_diferencias_errores,2.317803957274505,2.30591177277669,2.106402815186725,2.3767424368362677,2.5144409827699765,0.011892184497815261,0.21140114208778016,-0.05893847956176268,-0.19663702549547146,0.1995089575899649,-0.07083066405957794,-0.20852920999328672,-0.27033962164954284,-0.4080381675832516,-0.13769854593370878
N,New_N_167.wav,C:\Users\armga\OneDrive\Escritorio\TFG\Programacion objetivo\Bases de Datos\N_New_3주기\New_N_167.wav,afinidad_y_diferencias_errores,2.3580231155267724,2.2149739857467265,2.0947382364619997,2.363651125511931,2.524026023733288,0.1430491297800458,0.2632848790647726,-0.005628009985158666,-0.16600290820651553,0.1202357492847268,-0.14867713976520447,-0.30905203798656133,-0.26891288904993127,-0.42928778727128813,-0.16037489822135687
N,New_N_168.wav,C:\Users\armga\OneDrive\Escritorio\TFG\Programacion objetivo\Bases de Datos\N_New_3주기\New_N_168.wav,afinidad_y_diferencias_errores,2.340818579964335,2.2393995093303545,2.0430478508507477,2.3758980650783044,2.510012285017012,0.10141907063398037,0.29777072911358715,-0.03507948511396952,-0.16919370505267706,0.19635165847960678,-0.1364985557479499,-0.2706127756866574,-0.3328502142275567,-0.4669644341662642,-0.13411421993870754
N,New_N_169.wav,C:\Users\armga\OneDrive\Escritorio\TFG\Programacion objetivo\Bases de Datos\N_New_3주기\New_N_169.wav,afinidad_y_diferencias_errores,2.4024825662098985,2.3408258843970335,2.1605042793128413,2.419441605448817,2.5722408516081465,0.06165668181286499,0.24197828689705725,-0.016959039238918283,-0.169758285398248,0.18032160508419226,-0.07861572105178327,-0.231414967211113,-0.25893732613597553,-0.41173657229530525,-0.15279924615932972
N,New_N_170.wav,C:\Users\armga\OneDrive\Escritorio\TFG\Programacion objetivo\Bases de Datos\N_New_3주기\New_N_170.wav,afinidad_y_diferencias_errores,2.3657015001569337,2.246385674290623,2.097823133629169,2.366593613920619,2.551323594311603,0.11931582586631073,0.26787836652776464,-0.0008921137636854759,-0.18562209415466935,0.1485625406614539,-0.12020793962999621,-0.3049379200209801,-0.2687704802914501,-0.453500460682434,-0.18472998039098387
N,New_N_171.wav,C:\Users\armga\OneDrive\Escritorio\TFG\Programacion objetivo\Bases de Datos\N_New_3주기\New_N_171.wav,afinidad_y_diferencias_errores,2.342592890906382,2.1652070437538162,2.0185670426935047,2.3114314428685945,2.462436057196255,0.17738584715256556,0.32402584821287705,0.03116144803778731,-0.11984316628987335,0.1466400010603115,-0.14622439911477825,-0.2972290134424389,-0.29286440017508975,-0.4438690145027504,-0.15100461432766066
N,New_N_172.wav,C:\Users\armga\OneDrive\Escritorio\TFG\Programacion objetivo\Bases de Datos\N_New_3주기\New_N_172.wav,afinidad_y_diferencias_errores,2.2914071319054217,2.09566909361526,2.049470512400679,2.288558544674196,2.3842180941859477,0.19573803829016168,0.24193661950474254,0.0028485872312256078,-0.09281096228052599,0.04619858121458087,-0.19288945105893607,-0.28854900057068766,-0.23908803227351694,-0.33474758178526853,-0.0956595495117516
N,New_N_173.wav,C:\Users\armga\OneDrive\Escritorio\TFG\Programacion objetivo\Bases de Datos\N_New_3주기\New_N_173.wav,afinidad_y_diferencias_errores,2.339159945771624,2.249375317083307,2.0451506358235867,2.325491832901579,2.495976587143636,0.08978462868831727,0.2940093099480374,0.013668112870045324,-0.156816641372012,0.20422468125972015,-0.07611651581827195,-0.24660127006032928,-0.2803411970779921,-0.45082595132004943,-0.17048475424205733
N,New_N_174.wav,C:\Users\armga\OneDrive\Escritorio\TFG\Programacion objetivo\Bases de Datos\N_New_3주기\New_N_174.wav,afinidad_y_diferencias_errores,2.3883838252180514,2.294463171996708,2.123844331616007,2.389593645352753,2.5477049877463207,0.09392065322134346,0.2645394936020442,-0.0012098201347017223,-0.15932116252826933,0.17061884038070074,-0.09513047335604519,-0.2532418157496128,-0.26574931373674593,-0.42386065613031354,-0.1581113423935676
N,New_N_175.wav,C:\Users\armga\OneDrive\Escritorio\TFG\Programacion objetivo\Bases de Datos\N_New_3주기\New_N_175.wav,afinidad_y_diferencias_errores,2.4877908323183737,2.276016236910596,2.1531944143258923,2.4957841628162845,2.6557886173454173,0.21177459540777788,0.3345964179924814,-0.007993330497910733,-0.16799778502704354,0.12282182258470353,-0.2197679259056886,-0.3797723804348214,-0.34258974849039214,-0.502594203019525,-0.1600044545291328
N,New_N_176.wav,C:\Users\armga\OneDrive\Escritorio\TFG\Programacion objetivo\Bases de Datos\N_New_3주기\New_N_176.wav,afinidad_y_diferencias_errores,2.338410476661967,2.2223591758257792,2.0891574079128197,2.350168280816,2.463783163532434,0.11605130083618764,0.2492530687491472,-0.011757804154032936,-0.1253726868704672,0.13320176791295957,-0.12780910499022058,-0.24142398770665485,-0.26101087290318015,-0.3746257556196144,-0.11361488271643427
N,New_N_177.wav,C:\Users\armga\OneDrive\Escritorio\TFG\Programacion objetivo\Bases de Datos\N_New_3주기\New_N_177.wav,afinidad_y_diferencias_errores,2.278112533333583,2.135047113708242,2.017624275328297,2.303633557409907,2.44111639860484,0.14306541962534114,0.2604882580052861,-0.02552102407632395,-0.16300386527125665,0.11742283837994494,-0.1685864437016651,-0.3060692848965978,-0.28600928208161003,-0.42349212327654273,-0.1374828411949327
N,New_N_178.wav,C:\Users\armga\OneDrive\Escritorio\TFG\Programacion objetivo\Bases de Datos\N_New_3주기\New_N_178.wav,afinidad_y_diferencias_errores,2.3482012665944803,2.257613854250846,2.070962454939692,2.3694132682770386,2.4973262153069538,0.0905874123436341,0.27723881165478836,-0.021212001682558324,-0.1491249487124735,0.18665139931115426,-0.11179941402619242,-0.2397123610561076,-0.2984508133373467,-0.42636376036726187,-0.12791294702991518
N,New_N_179.wav,C:\Users\armga\OneDrive\Escritorio\TFG\Programacion objetivo\Bases de Datos\N_New_3주기\New_N_179.wav,afinidad_y_diferencias_errores,2.3542439565354134,2.201173008678393,2.097773907629808,2.3516720328212934,2.513453841873808,0.15307094785702047,0.25647004890560554,0.0025719237141199613,-0.15920988533839475,0.10339910104858507,-0.1504990241429005,-0.3122808331954152,-0.2538981251914856,-0.4156799342440003,-0.1617818090525147
N,New_N_180.wav,C:\Users\armga\OneDrive\Escritorio\TFG\Programacion objetivo\Bases de Datos\N_New_3주기\New_N_180.wav,afinidad_y_diferencias_errores,2.424965496486973,2.2866322486775004,2.1044239942641294,2.395800075774848,2.5623201284128445,0.13833324780947276,0.3205415022228437,0.029165420712125023,-0.13735463192587138,0.18220825441337096,-0.10916782709734774,-0.27568787973534414,-0.2913760815107187,-0.4578961341487151,-0.1665200526379964
N,New_N_181.wav,C:\Users\armga\OneDrive\Escritorio\TFG\Programacion objetivo\Bases de Datos\N_New_3주기\New_N_181.wav,afinidad_y_diferencias_errores,2.3646802447934347,2.260202752946955,2.080755419680406,2.383774707599698,2.5597998677669667,0.1044774918464797,0.28392482511302886,-0.019094462806263035,-0.19511962297353191,0.17944733326654916,-0.12357195465274273,-0.2995971148200116,-0.3030192879192919,-0.47904444808656077,-0.17602516016726888
N,New_N_182.wav,C:\Users\armga\OneDrive\Escritorio\TFG\Programacion objetivo\Bases de Datos\N_New_3주기\New_N_182.wav,afinidad_y_diferencias_errores,2.362447633188703,2.245349495973441,2.0722811414041438,2.3612808067733617,2.5507843966988446,0.11709813721526219,0.29016649178455944,0.0011668264153414931,-0.1883367635101414,0.17306835456929726,-0.1159313107999207,-0.3054349007254036,-0.28899966536921795,-0.47850325529470084,-0.18950358992548288
N,New_N_183.wav,C:\Users\armga\OneDrive\Escritorio\TFG\Programacion objetivo\Bases de Datos\N_New_3주기\New_N_183.wav,afinidad_y_diferencias_errores,2.3989244157395104,2.2244650504896955,2.104571126338812,2.381573747170985,2.5292708541622924,0.17445936524981498,0.2943532894006986,0.017350668568525407,-0.13034643842278193,0.11989392415088362,-0.15710869668128957,-0.3048058036725969,-0.2770026208321732,-0.42469972782348053,-0.14769710699130734
N,New_N_184.wav,C:\Users\armga\OneDrive\Escritorio\TFG\Programacion objetivo\Bases de Datos\N_New_3주기\New_N_184.wav,afinidad_y_diferencias_errores,2.4258814081377857,2.254440044801021,2.11676533337422,2.420011457435321,2.581208823989611,0.17144136333676485,0.30911607476356595,0.005869950702464877,-0.1553274158518252,0.1376747114268011,-0.16557141263429997,-0.32676877918859004,-0.3032461240611011,-0.46444349061539114,-0.16119736655429007
N,New_N_185.wav,C:\Users\armga\OneDrive\Escritorio\TFG\Programacion objetivo\Bases de Datos\N_New_3주기\New_N_185.wav,afinidad_y_diferencias_errores,2.432267350751313,2.30564476113951,2.1635554497914904,2.4389273026662335,2.6198460169288453,0.12662258961180273,0.26871190095982245,-0.0066599519149206365,-0.1875786661775325,0.14208931134801972,-0.13328254152672336,-0.3142012557893352,-0.2753718528747431,-0.45629056713735494,-0.18091871426261186
N,New_N_186.wav,C:\Users\armga\OneDrive\Escritorio\TFG\Programacion objetivo\Bases de Datos\N_New_3주기\New_N_186.wav,afinidad_y_diferencias_errores,2.3274448628918085,2.2455055050434187,2.0002534747671104,2.329089956671278,2.533701370037007,0.0819393578483898,0.32719138812469817,-0.0016450937794694198,-0.2062565071451985,0.24525203027630837,-0.08358445162785921,-0.2881958649935883,-0.3288364819041676,-0.5334478952698967,-0.20461141336572908
N,New_N_187.wav,C:\Users\armga\OneDrive\Escritorio\TFG\Programacion objetivo\Bases de Datos\N_New_3주기\New_N_187.wav,afinidad_y_diferencias_errores,2.4546065903087273,2.3113805913876457,2.1253914065318087,2.4073576816929845,2.587573098958244,0.14322599892108157,0.3292151837769186,0.047248908615742824,-0.13296650864951687,0.18598918485583704,-0.09597709030533874,-0.27619250757059843,-0.2819662751611758,-0.4621816924264355,-0.1802154172652597
N,New_N_188.wav,C:\Users\armga\OneDrive\Escritorio\TFG\Programacion objetivo\Bases de Datos\N_New_3주기\New_N_188.wav,afinidad_y_diferencias_errores,2.427343904832631,2.3029560728421985,2.0911197536773756,2.3710707945124825,2.549728242946701,0.12438783199043257,0.3362241511552555,0.05627311032014859,-0.1223843381140699,0.21183631916482293,-0.06811472167028398,-0.24677217010450248,-0.2799510408351069,-0.4586084892693254,-0.1786574484342185
N,New_N_189.wav,C:\Users\armga\OneDrive\Escritorio\TFG\Programacion objetivo\Bases de Datos\N_New_3주기\New_N_189.wav,afinidad_y_diferencias_errores,2.4745640243533793,2.343661942845815,2.0943405601734937,2.4224875204750123,2.627226127979592,0.1309020815075641,0.3802234641798856,0.05207650387836704,-0.1526621036262128,0.2493213826723215,-0.07882557762919706,-0.2835641851337769,-0.3281469603015186,-0.5328855678060984,-0.20473860750457984
N,New_N_190.wav,C:\Users\armga\OneDrive\Escritorio\TFG\Programacion objetivo\Bases de Datos\N_New_3주기\New_N_190.wav,afinidad_y_diferencias_errores,2.352304855974701,2.1884258189590335,2.0663071220451883,2.359600090287516,2.4893756102229436,0.16387903701566753,0.2859977339295128,-0.00729523431281498,-0.13707075424824255,0.12211869691384525,-0.1711742713284825,-0.3009497912639101,-0.29329296824232776,-0.42306848817775533,-0.12977551993542757
N,New_N_191.wav,C:\Users\armga\OneDrive\Escritorio\TFG\Programacion objetivo\Bases de Datos\N_New_3주기\New_N_191.wav,afinidad_y_diferencias_errores,2.3509036498766522,2.21155395320166,2.017518411576003,2.3211652635048057,2.4890113609890774,0.13934969667499209,0.33338523830064926,0.02973838637184656,-0.13810771111242515,0.19403554162565717,-0.10961131030314553,-0.27745740778741723,-0.3036468519288027,-0.4714929494130744,-0.1678460974842717
N,New_N_192.wav,C:\Users\armga\OneDrive\Escritorio\TFG\Programacion objetivo\Bases de Datos\N_New_3주기\New_N_192.wav,afinidad_y_diferencias_errores,2.430908669210191,2.232069361350325,2.0561565659864076,2.375751650723516,2.551478642410298,0.19883930785986603,0.3747521032237833,0.05515701848667476,-0.12056997320010732,0.17591279536391724,-0.14368228937319127,-0.31940928105997335,-0.3195950847371085,-0.4953220764238906,-0.17572699168678207
N,New_N_193.wav,C:\Users\armga\OneDrive\Escritorio\TFG\Programacion objetivo\Bases de Datos\N_New_3주기\New_N_193.wav,afinidad_y_diferencias_errores,2.380050681410324,2.269748804293355,2.0274223884741516,2.329995064917283,2.5134389921129245,0.11030187711696904,0.35262829293617237,0.05005561649304102,-0.1333883107026006,0.24232641581920333,-0.060246260623928016,-0.24369018781956964,-0.30257267644313135,-0.48601660363877297,-0.18344392719564162
N,New_N_194.wav,C:\Users\armga\OneDrive\Escritorio\TFG\Programacion objetivo\Bases de Datos\N_New_3주기\New_N_194.wav,afinidad_y_diferencias_errores,1.482113822015269,1.8511327296791207,1.9414878927665116,2.094722641795173,2.0045527213113403,-0.3690189076638517,-0.4593740707512426,-0.612608819779904,-0.5224388992960713,-0.09035516308739089,-0.2435899121160523,-0.15341999163221964,-0.1532347490286614,-0.06306482854482875,0.09016992048383266
N,New_N_195.wav,C:\Users\armga\OneDrive\Escritorio\TFG\Programacion objetivo\Bases de Datos\N_New_3주기\New_N_195.wav,afinidad_y_diferencias_errores,1.459049402978705,1.8223681131672873,1.8707050469170339,2.028340533186205,1.9726520117238442,-0.3633187101885824,-0.411655643938329,-0.5692911302075001,-0.5136026087451393,-0.04833693374974657,-0.2059724200189177,-0.15028389855655688,-0.15763548626917112,-0.10194696480681031,0.05568852146236081
N,New_N_196.wav,C:\Users\armga\OneDrive\Escritorio\TFG\Programacion objetivo\Bases de Datos\N_New_3주기\New_N_196.wav,afinidad_y_diferencias_errores,1.4653128144160057,1.7689384291105885,1.888353878327566,1.9833581087822525,1.8974446920514858,-0.3036256146945828,-0.42304106391156027,-0.5180452943662468,-0.4321318776354801,-0.11941544921697744,-0.21441967967166398,-0.1285062629408973,-0.09500423045468653,-0.009090813723919844,0.08591341673076669
N,New_N_197.wav,C:\Users\armga\OneDrive\Escritorio\TFG\Programacion objetivo\Bases de Datos\N_New_3주기\New_N_197.wav,afinidad_y_diferencias_errores,1.420293567844415,1.782812638394224,1.8821834335679803,1.9705968151138513,1.892460018140612,-0.3625190705498089,-0.4618898657235653,-0.5503032472694362,-0.47216645029619686,-0.09937079517375635,-0.18778417671962733,-0.10964737974638794,-0.08841338154587097,-0.010276584572631586,0.07813679697323939
N,New_N_198.wav,C:\Users\armga\OneDrive\Escritorio\TFG\Programacion objetivo\Bases de Datos\N_New_3주기\New_N_198.wav,afinidad_y_diferencias_errores,1.4849533101310952,1.8274102477956096,1.8725139441125274,2.0018833210480045,1.9333793344715426,-0.34245693766451435,-0.38756063398143215,-0.5169300109169093,-0.4484260243404474,-0.045103696316917796,-0.17447307325239492,-0.10596908667593308,-0.12936937693547712,-0.06086539035901528,0.06850398657646184
N,New_N_199.wav,C:\Users\armga\OneDrive\Escritorio\TFG\Programacion objetivo\Bases de Datos\N_New_3주기\New_N_199.wav,afinidad_y_diferencias_errores,1.3466523311659686,1.6714112406363861,1.7519783422214206,1.871834340114476,1.78719242558862,-0.3247589094704175,-0.40532601105545196,-0.5251820089485073,-0.4405400944226514,-0.08056710158503444,-0.20042309947808978,-0.11578118495223388,-0.11985599789305534,-0.035214083367199445,0.0846419145258559
N,New_N_200.wav,C:\Users\armga\OneDrive\Escritorio\TFG\Programacion objetivo\Bases de Datos\N_New_3주기\New_N_200.wav,afinidad_y_diferencias_errores,1.4375318627551876,1.8445741820662924,1.9119079736318978,2.021124930125095,1.9815465086645518,-0.4070423193111048,-0.47437611087671017,-0.5835930673699075,-0.5440146459093642,-0.06733379156560537,-0.17655074805880266,-0.13697232659825942,-0.10921695649319729,-0.06963853503265405,0.039578421460543245
