clase,archivo,ruta,variante_deep_onmf,F_001,F_002,F_003,F_004,F_005
AS,New_AS_001.wav,C:\Users\armga\OneDrive\Escritorio\TFG\Programacion objetivo\Bases de Datos\AS_New_3주기\New_AS_001.wav,perfil_softmin_errores_f8,7.136749176224142e-07,0.33149503176887185,0.1373097058815256,0.34198788095738847,0.1892066677172965
AS,New_AS_002.wav,C:\Users\armga\OneDrive\Escritorio\TFG\Programacion objetivo\Bases de Datos\AS_New_3주기\New_AS_002.wav,perfil_softmin_errores_f8,3.754181735478488e-07,0.411720492423882,0.10644305910460414,0.2865000537772067,0.19533601927613362
AS,New_AS_003.wav,C:\Users\armga\OneDrive\Escritorio\TFG\Programacion objetivo\Bases de Datos\AS_New_3주기\New_AS_003.wav,perfil_softmin_errores_f8,7.558044511177218e-08,0.415088870386547,0.10593991464615743,0.25220127584844176,0.22676986353840867
AS,New_AS_004.wav,C:\Users\armga\OneDrive\Escritorio\TFG\Programacion objetivo\Bases de Datos\AS_New_3주기\New_AS_004.wav,perfil_softmin_errores_f8,1.3463706958847622e-07,0.40803563219925604,0.10570849976102846,0.24400350852441868,0.2422522248782272
AS,New_AS_005.wav,C:\Users\armga\OneDrive\Escritorio\TFG\Programacion objetivo\Bases de Datos\AS_New_3주기\New_AS_005.wav,perfil_softmin_errores_f8,2.9724512525408314e-07,0.3465404975801094,0.0946282159186513,0.36788550175399815,0.19094548750211582
AS,New_AS_006.wav,C:\Users\armga\OneDrive\Escritorio\TFG\Programacion objetivo\Bases de Datos\AS_New_3주기\New_AS_006.wav,perfil_softmin_errores_f8,1.1183790079335841e-07,0.41130197391994755,0.11833057982025409,0.2803466333159315,0.19002070110596617
AS,New_AS_007.wav,C:\Users\armga\OneDrive\Escritorio\TFG\Programacion objetivo\Bases de Datos\AS_New_3주기\New_AS_007.wav,perfil_softmin_errores_f8,3.3441915141797004e-07,0.3573752331508513,0.11120673469304551,0.3182705647866786,0.2131471329502732
AS,New_AS_008.wav,C:\Users\armga\OneDrive\Escritorio\TFG\Programacion objetivo\Bases de Datos\AS_New_3주기\New_AS_008.wav,perfil_softmin_errores_f8,1.2438082825703214e-07,0.37884056419320705,0.10568426612379533,0.337876882558797,0.17759816274337234
AS,New_AS_009.wav,C:\Users\armga\OneDrive\Escritorio\TFG\Programacion objetivo\Bases de Datos\AS_New_3주기\New_AS_009.wav,perfil_softmin_errores_f8,1.7526047467935247e-07,0.4271391067241732,0.11394659573445709,0.27890890942269686,0.1800052128581981
AS,New_AS_010.wav,C:\Users\armga\OneDrive\Escritorio\TFG\Programacion objetivo\Bases de Datos\AS_New_3주기\New_AS_010.wav,perfil_softmin_errores_f8,2.2546343338694095e-07,0.3381321122381136,0.11461970573853777,0.3500085755128372,0.19723938104707806
AS,New_AS_011.wav,C:\Users\armga\OneDrive\Escritorio\TFG\Programacion objetivo\Bases de Datos\AS_New_3주기\New_AS_011.wav,perfil_softmin_errores_f8,1.0610765102174683e-07,0.42395499570920403,0.10877969433448316,0.2912149939254767,0.17605020992318518
AS,New_AS_012.wav,C:\Users\armga\OneDrive\Escritorio\TFG\Programacion objetivo\Bases de Datos\AS_New_3주기\New_AS_012.wav,perfil_softmin_errores_f8,1.9110201087048284e-07,0.34957826565722333,0.12220628319388273,0.3568770278770614,0.1713382321698217
AS,New_AS_013.wav,C:\Users\armga\OneDrive\Escritorio\TFG\Programacion objetivo\Bases de Datos\AS_New_3주기\New_AS_013.wav,perfil_softmin_errores_f8,1.882239854149882e-07,0.40088756146013693,0.09692628767736822,0.29364783834104685,0.20853812429746266
AS,New_AS_014.wav,C:\Users\armga\OneDrive\Escritorio\TFG\Programacion objetivo\Bases de Datos\AS_New_3주기\New_AS_014.wav,perfil_softmin_errores_f8,1.1792776169737188e-07,0.4036200318360182,0.08911153235048783,0.29176417702204693,0.2155041408636853
AS,New_AS_015.wav,C:\Users\armga\OneDrive\Escritorio\TFG\Programacion objetivo\Bases de Datos\AS_New_3주기\New_AS_015.wav,perfil_softmin_errores_f8,6.233268693919805e-07,0.3767691204745649,0.11636345017879884,0.27752747204170236,0.2293393339780645
AS,New_AS_016.wav,C:\Users\armga\OneDrive\Escritorio\TFG\Programacion objetivo\Bases de Datos\AS_New_3주기\New_AS_016.wav,perfil_softmin_errores_f8,1.281178570556565e-07,0.4148143802998621,0.09683095952637644,0.3011146399468522,0.18723989210905218
AS,New_AS_017.wav,C:\Users\armga\OneDrive\Escritorio\TFG\Programacion objetivo\Bases de Datos\AS_New_3주기\New_AS_017.wav,perfil_softmin_errores_f8,4.5279002025559567e-07,0.3415074717687327,0.09907562214261559,0.38486305125357667,0.17455340204505485
AS,New_AS_018.wav,C:\Users\armga\OneDrive\Escritorio\TFG\Programacion objetivo\Bases de Datos\AS_New_3주기\New_AS_018.wav,perfil_softmin_errores_f8,3.8124829140458915e-07,0.3721315381564958,0.12597712174433554,0.32810965895266353,0.1737812998982138
AS,New_AS_019.wav,C:\Users\armga\OneDrive\Escritorio\TFG\Programacion objetivo\Bases de Datos\AS_New_3주기\New_AS_019.wav,perfil_softmin_errores_f8,1.7105178675895286e-07,0.34761782432383187,0.13804379256968177,0.33633269543698585,0.17800551661771374
AS,New_AS_020.wav,C:\Users\armga\OneDrive\Escritorio\TFG\Programacion objetivo\Bases de Datos\AS_New_3주기\New_AS_020.wav,perfil_softmin_errores_f8,2.5161196496454473e-07,0.37735163993358306,0.11114058432628306,0.3085938963684094,0.20291362775975952
AS,New_AS_021.wav,C:\Users\armga\OneDrive\Escritorio\TFG\Programacion objetivo\Bases de Datos\AS_New_3주기\New_AS_021.wav,perfil_softmin_errores_f8,2.433150354506537e-07,0.3683841622622563,0.12339806831997922,0.3365634013821715,0.17165412472055747
AS,New_AS_022.wav,C:\Users\armga\OneDrive\Escritorio\TFG\Programacion objetivo\Bases de Datos\AS_New_3주기\New_AS_022.wav,perfil_softmin_errores_f8,1.0950069101702654e-07,0.39484255087166437,0.11136769957982631,0.29145252522021853,0.2023371148275999
AS,New_AS_023.wav,C:\Users\armga\OneDrive\Escritorio\TFG\Programacion objetivo\Bases de Datos\AS_New_3주기\New_AS_023.wav,perfil_softmin_errores_f8,2.980206716685873e-07,0.39335645807411207,0.13612011924063966,0.27745297281046255,0.19307015185411397
AS,New_AS_024.wav,C:\Users\armga\OneDrive\Escritorio\TFG\Programacion objetivo\Bases de Datos\AS_New_3주기\New_AS_024.wav,perfil_softmin_errores_f8,1.4029346045263834e-07,0.3664182547299935,0.11255218750260373,0.3291797662050131,0.1918496512689293
AS,New_AS_025.wav,C:\Users\armga\OneDrive\Escritorio\TFG\Programacion objetivo\Bases de Datos\AS_New_3주기\New_AS_025.wav,perfil_softmin_errores_f8,1.9553521346537347e-07,0.38280283594237324,0.10445551778764993,0.30161937806034106,0.21112207267442223
AS,New_AS_026.wav,C:\Users\armga\OneDrive\Escritorio\TFG\Programacion objetivo\Bases de Datos\AS_New_3주기\New_AS_026.wav,perfil_softmin_errores_f8,1.27909840364953e-07,0.2842880002512655,0.0638620028169379,0.497182206443793,0.15466766257816317
AS,New_AS_027.wav,C:\Users\armga\OneDrive\Escritorio\TFG\Programacion objetivo\Bases de Datos\AS_New_3주기\New_AS_027.wav,perfil_softmin_errores_f8,1.4265070499986946e-07,0.34091685986145026,0.10151840850533388,0.3499535878331312,0.20761100114937964
AS,New_AS_028.wav,C:\Users\armga\OneDrive\Escritorio\TFG\Programacion objetivo\Bases de Datos\AS_New_3주기\New_AS_028.wav,perfil_softmin_errores_f8,3.85257375807399e-07,0.34731401814048596,0.10699205627609801,0.35175216699300355,0.19394137333303665
AS,New_AS_029.wav,C:\Users\armga\OneDrive\Escritorio\TFG\Programacion objetivo\Bases de Datos\AS_New_3주기\New_AS_029.wav,perfil_softmin_errores_f8,2.811357230659984e-07,0.3327013654909789,0.0895240296903605,0.38907461302141144,0.1886997106615261
AS,New_AS_030.wav,C:\Users\armga\OneDrive\Escritorio\TFG\Programacion objetivo\Bases de Datos\AS_New_3주기\New_AS_030.wav,perfil_softmin_errores_f8,1.8041007049798605e-07,0.355214448006657,0.09985780656748004,0.33139487782688287,0.21353268718890941
AS,New_AS_031.wav,C:\Users\armga\OneDrive\Escritorio\TFG\Programacion objetivo\Bases de Datos\AS_New_3주기\New_AS_031.wav,perfil_softmin_errores_f8,2.345288904283321e-07,0.32038347831181085,0.09186098562210328,0.44524225408923623,0.14251304744795917
AS,New_AS_032.wav,C:\Users\armga\OneDrive\Escritorio\TFG\Programacion objetivo\Bases de Datos\AS_New_3주기\New_AS_032.wav,perfil_softmin_errores_f8,7.135488872978897e-08,0.3328695046415381,0.07699965931967145,0.4103793127360654,0.1797514519478362
AS,New_AS_033.wav,C:\Users\armga\OneDrive\Escritorio\TFG\Programacion objetivo\Bases de Datos\AS_New_3주기\New_AS_033.wav,perfil_softmin_errores_f8,4.178101581749794e-07,0.35197541741853666,0.13799426983322982,0.3115166193118946,0.1985132756261807
AS,New_AS_034.wav,C:\Users\armga\OneDrive\Escritorio\TFG\Programacion objetivo\Bases de Datos\AS_New_3주기\New_AS_034.wav,perfil_softmin_errores_f8,2.0042353706088728e-07,0.3528397784450019,0.10805339640298495,0.3255387329764499,0.21356789175202615
AS,New_AS_035.wav,C:\Users\armga\OneDrive\Escritorio\TFG\Programacion objetivo\Bases de Datos\AS_New_3주기\New_AS_035.wav,perfil_softmin_errores_f8,3.348778940722476e-07,0.36888018406821704,0.10078464851929789,0.29472458832323667,0.23561024421135432
AS,New_AS_036.wav,C:\Users\armga\OneDrive\Escritorio\TFG\Programacion objetivo\Bases de Datos\AS_New_3주기\New_AS_036.wav,perfil_softmin_errores_f8,3.0480217581210944e-07,0.31895591899986464,0.08944368854136646,0.36259163554430174,0.22900845211229126
AS,New_AS_037.wav,C:\Users\armga\OneDrive\Escritorio\TFG\Programacion objetivo\Bases de Datos\AS_New_3주기\New_AS_037.wav,perfil_softmin_errores_f8,7.17877059799318e-08,0.35344683509773633,0.07194651422142076,0.423483277332951,0.15112330156018589
AS,New_AS_038.wav,C:\Users\armga\OneDrive\Escritorio\TFG\Programacion objetivo\Bases de Datos\AS_New_3주기\New_AS_038.wav,perfil_softmin_errores_f8,3.0030635391406483e-07,0.3073339800577446,0.10000718627150124,0.3889818243057853,0.20367670905861487
AS,New_AS_039.wav,C:\Users\armga\OneDrive\Escritorio\TFG\Programacion objetivo\Bases de Datos\AS_New_3주기\New_AS_039.wav,perfil_softmin_errores_f8,2.684362466322044e-07,0.3687141833355137,0.0861418868967619,0.31947545927510673,0.2256682020563711
AS,New_AS_040.wav,C:\Users\armga\OneDrive\Escritorio\TFG\Programacion objetivo\Bases de Datos\AS_New_3주기\New_AS_040.wav,perfil_softmin_errores_f8,1.1017939384399013e-07,0.35822986916234556,0.08713159651762897,0.30229138584250165,0.2523470382981301
AS,New_AS_041.wav,C:\Users\armga\OneDrive\Escritorio\TFG\Programacion objetivo\Bases de Datos\AS_New_3주기\New_AS_041.wav,perfil_softmin_errores_f8,1.6880432584520102e-07,0.3521356415428133,0.10379720905569091,0.37096012050272836,0.17310686009444148
AS,New_AS_042.wav,C:\Users\armga\OneDrive\Escritorio\TFG\Programacion objetivo\Bases de Datos\AS_New_3주기\New_AS_042.wav,perfil_softmin_errores_f8,3.081424309198913e-07,0.3103016480050892,0.09275690821974494,0.4005090515204526,0.1964320841122823
AS,New_AS_043.wav,C:\Users\armga\OneDrive\Escritorio\TFG\Programacion objetivo\Bases de Datos\AS_New_3주기\New_AS_043.wav,perfil_softmin_errores_f8,1.621289854577874e-07,0.34211028906781044,0.07007140219052775,0.4155314243353957,0.17228672227728065
AS,New_AS_044.wav,C:\Users\armga\OneDrive\Escritorio\TFG\Programacion objetivo\Bases de Datos\AS_New_3주기\New_AS_044.wav,perfil_softmin_errores_f8,2.671877405544654e-07,0.3314230897060496,0.09354910705958575,0.36716501371573534,0.2078625223308887
AS,New_AS_045.wav,C:\Users\armga\OneDrive\Escritorio\TFG\Programacion objetivo\Bases de Datos\AS_New_3주기\New_AS_045.wav,perfil_softmin_errores_f8,1.011892927950914e-07,0.33545222195375274,0.07733010959716534,0.4262219191146477,0.16099564814514128
AS,New_AS_046.wav,C:\Users\armga\OneDrive\Escritorio\TFG\Programacion objetivo\Bases de Datos\AS_New_3주기\New_AS_046.wav,perfil_softmin_errores_f8,3.9974224295854635e-07,0.3280026725647368,0.10589764556420957,0.3333737692161203,0.23272551291269045
AS,New_AS_047.wav,C:\Users\armga\OneDrive\Escritorio\TFG\Programacion objetivo\Bases de Datos\AS_New_3주기\New_AS_047.wav,perfil_softmin_errores_f8,1.5891940775376198e-07,0.34942977764526906,0.07687075901424532,0.37746409211883586,0.19623521230224178
AS,New_AS_048.wav,C:\Users\armga\OneDrive\Escritorio\TFG\Programacion objetivo\Bases de Datos\AS_New_3주기\New_AS_048.wav,perfil_softmin_errores_f8,7.979501981031932e-08,0.35421619183713515,0.07729306117283406,0.4035076492984413,0.16498301789656963
AS,New_AS_049.wav,C:\Users\armga\OneDrive\Escritorio\TFG\Programacion objetivo\Bases de Datos\AS_New_3주기\New_AS_049.wav,perfil_softmin_errores_f8,6.433278796972286e-07,0.036690908893297805,0.0693568389574575,0.8037292973284048,0.09022231149296027
AS,New_AS_050.wav,C:\Users\armga\OneDrive\Escritorio\TFG\Programacion objetivo\Bases de Datos\AS_New_3주기\New_AS_050.wav,perfil_softmin_errores_f8,5.374496439920048e-06,0.007421184028843082,0.19878184983577046,0.7435331688493905,0.05025842278955601
AS,New_AS_051.wav,C:\Users\armga\OneDrive\Escritorio\TFG\Programacion objetivo\Bases de Datos\AS_New_3주기\New_AS_051.wav,perfil_softmin_errores_f8,0.0006596010283689628,0.11345368392197734,0.32603082933997446,0.44231090980987386,0.11754497589980537
AS,New_AS_052.wav,C:\Users\armga\OneDrive\Escritorio\TFG\Programacion objetivo\Bases de Datos\AS_New_3주기\New_AS_052.wav,perfil_softmin_errores_f8,0.0004744614723096205,0.06271690389658,0.31751661043875806,0.4990454047268869,0.12024661946546542
AS,New_AS_053.wav,C:\Users\armga\OneDrive\Escritorio\TFG\Programacion objetivo\Bases de Datos\AS_New_3주기\New_AS_053.wav,perfil_softmin_errores_f8,7.887181497624924e-06,0.004061901486403797,0.2274667546018281,0.7267072103382082,0.041756246392062456
AS,New_AS_054.wav,C:\Users\armga\OneDrive\Escritorio\TFG\Programacion objetivo\Bases de Datos\AS_New_3주기\New_AS_054.wav,perfil_softmin_errores_f8,2.521241726513852e-05,0.08739881304396653,0.17543836309073638,0.6538373155763988,0.08330029587163311
AS,New_AS_055.wav,C:\Users\armga\OneDrive\Escritorio\TFG\Programacion objetivo\Bases de Datos\AS_New_3주기\New_AS_055.wav,perfil_softmin_errores_f8,0.00036197183365465214,0.07682421199171352,0.26437339186328485,0.5196067941546584,0.1388336301566886
AS,New_AS_056.wav,C:\Users\armga\OneDrive\Escritorio\TFG\Programacion objetivo\Bases de Datos\AS_New_3주기\New_AS_056.wav,perfil_softmin_errores_f8,8.588306649329931e-05,0.020127360921768072,0.349383924903207,0.5507760760922189,0.0796267550163126
AS,New_AS_057.wav,C:\Users\armga\OneDrive\Escritorio\TFG\Programacion objetivo\Bases de Datos\AS_New_3주기\New_AS_057.wav,perfil_softmin_errores_f8,4.491895869503497e-05,0.09431586509215736,0.22752581466754615,0.5859477852371185,0.09216561604448285
AS,New_AS_058.wav,C:\Users\armga\OneDrive\Escritorio\TFG\Programacion objetivo\Bases de Datos\AS_New_3주기\New_AS_058.wav,perfil_softmin_errores_f8,7.175661140054595e-05,0.10867661786081213,0.27344108221227653,0.5346095416213366,0.08320100169417417
AS,New_AS_059.wav,C:\Users\armga\OneDrive\Escritorio\TFG\Programacion objetivo\Bases de Datos\AS_New_3주기\New_AS_059.wav,perfil_softmin_errores_f8,0.00010485072848466514,0.015041342668179762,0.35839396036701754,0.5566120655794258,0.06984778065689227
AS,New_AS_060.wav,C:\Users\armga\OneDrive\Escritorio\TFG\Programacion objetivo\Bases de Datos\AS_New_3주기\New_AS_060.wav,perfil_softmin_errores_f8,0.0011385929549451962,0.0861920260391149,0.30728954143384307,0.47894444463051555,0.1264353949415812
AS,New_AS_061.wav,C:\Users\armga\OneDrive\Escritorio\TFG\Programacion objetivo\Bases de Datos\AS_New_3주기\New_AS_061.wav,perfil_softmin_errores_f8,4.104496880520932e-06,0.049989070790275814,0.15075811219893576,0.7338341019191215,0.06541461059478654
AS,New_AS_062.wav,C:\Users\armga\OneDrive\Escritorio\TFG\Programacion objetivo\Bases de Datos\AS_New_3주기\New_AS_062.wav,perfil_softmin_errores_f8,7.847530073845492e-07,0.025584877295753535,0.1660356782265221,0.7506376390967269,0.057741020627990046
AS,New_AS_063.wav,C:\Users\armga\OneDrive\Escritorio\TFG\Programacion objetivo\Bases de Datos\AS_New_3주기\New_AS_063.wav,perfil_softmin_errores_f8,0.00047609276293742565,0.022868260274211256,0.2323248309259637,0.6285631493559618,0.1157676666809258
AS,New_AS_064.wav,C:\Users\armga\OneDrive\Escritorio\TFG\Programacion objetivo\Bases de Datos\AS_New_3주기\New_AS_064.wav,perfil_softmin_errores_f8,0.00033015632866818204,0.06986712620741693,0.29134118977950696,0.49983460984559447,0.13862691783881345
AS,New_AS_065.wav,C:\Users\armga\OneDrive\Escritorio\TFG\Programacion objetivo\Bases de Datos\AS_New_3주기\New_AS_065.wav,perfil_softmin_errores_f8,1.2576418503714566e-06,0.07732266419703072,0.08174781444994872,0.7288401786032247,0.11208808510794552
AS,New_AS_066.wav,C:\Users\armga\OneDrive\Escritorio\TFG\Programacion objetivo\Bases de Datos\AS_New_3주기\New_AS_066.wav,perfil_softmin_errores_f8,0.0004342572105305113,0.10938827294319353,0.33497163498763516,0.42275383108929443,0.13245200376934646
AS,New_AS_067.wav,C:\Users\armga\OneDrive\Escritorio\TFG\Programacion objetivo\Bases de Datos\AS_New_3주기\New_AS_067.wav,perfil_softmin_errores_f8,3.8490001832651014e-05,0.059112207137217036,0.13678835407812767,0.6894712740827056,0.11458967470011716
AS,New_AS_068.wav,C:\Users\armga\OneDrive\Escritorio\TFG\Programacion objetivo\Bases de Datos\AS_New_3주기\New_AS_068.wav,perfil_softmin_errores_f8,0.0003139017307463573,0.05429056299776493,0.24216887958301808,0.5657028186368585,0.1375238370516122
AS,New_AS_069.wav,C:\Users\armga\OneDrive\Escritorio\TFG\Programacion objetivo\Bases de Datos\AS_New_3주기\New_AS_069.wav,perfil_softmin_errores_f8,2.461641368230921e-05,0.11751907824277312,0.098882589393737,0.6463608094524598,0.13721290649734788
AS,New_AS_070.wav,C:\Users\armga\OneDrive\Escritorio\TFG\Programacion objetivo\Bases de Datos\AS_New_3주기\New_AS_070.wav,perfil_softmin_errores_f8,3.139169558865763e-06,0.013764861250221198,0.13295205556000586,0.8017523111309881,0.05152763288922608
AS,New_AS_071.wav,C:\Users\armga\OneDrive\Escritorio\TFG\Programacion objetivo\Bases de Datos\AS_New_3주기\New_AS_071.wav,perfil_softmin_errores_f8,3.765051997328283e-05,0.12297038090859574,0.16645721838932362,0.6261021179782225,0.08443263220388493
AS,New_AS_072.wav,C:\Users\armga\OneDrive\Escritorio\TFG\Programacion objetivo\Bases de Datos\AS_New_3주기\New_AS_072.wav,perfil_softmin_errores_f8,3.353254643968542e-05,0.10145928132189115,0.154006201838721,0.6350717420173304,0.10942924227561791
AS,New_AS_073.wav,C:\Users\armga\OneDrive\Escritorio\TFG\Programacion objetivo\Bases de Datos\AS_New_3주기\New_AS_073.wav,perfil_softmin_errores_f8,2.9863840506439373e-05,0.12935389391370297,0.18674552951043596,0.5614171108901425,0.12245360184521208
AS,New_AS_074.wav,C:\Users\armga\OneDrive\Escritorio\TFG\Programacion objetivo\Bases de Datos\AS_New_3주기\New_AS_074.wav,perfil_softmin_errores_f8,8.495586985908865e-05,0.05854709574954869,0.3444670184507845,0.49685984028285035,0.10004108964695735
AS,New_AS_075.wav,C:\Users\armga\OneDrive\Escritorio\TFG\Programacion objetivo\Bases de Datos\AS_New_3주기\New_AS_075.wav,perfil_softmin_errores_f8,1.722747227928365e-05,0.07467860926683519,0.04936955709659636,0.7412566086624206,0.1346779975018685
AS,New_AS_076.wav,C:\Users\armga\OneDrive\Escritorio\TFG\Programacion objetivo\Bases de Datos\AS_New_3주기\New_AS_076.wav,perfil_softmin_errores_f8,4.522241276203747e-05,0.11176149184921284,0.15571879756521304,0.6418283173947418,0.09064617077807031
AS,New_AS_077.wav,C:\Users\armga\OneDrive\Escritorio\TFG\Programacion objetivo\Bases de Datos\AS_New_3주기\New_AS_077.wav,perfil_softmin_errores_f8,2.37337151066827e-07,0.3071123081251546,0.08956124648771419,0.3979294805915958,0.2053967274583844
AS,New_AS_078.wav,C:\Users\armga\OneDrive\Escritorio\TFG\Programacion objetivo\Bases de Datos\AS_New_3주기\New_AS_078.wav,perfil_softmin_errores_f8,2.7199743122291874e-07,0.3278081480381376,0.08057447433257299,0.3645580015268889,0.22705910410496924
AS,New_AS_079.wav,C:\Users\armga\OneDrive\Escritorio\TFG\Programacion objetivo\Bases de Datos\AS_New_3주기\New_AS_079.wav,perfil_softmin_errores_f8,1.8773481499491605e-07,0.35183353606139384,0.09297695374110405,0.3767485563676312,0.1784407660950559
AS,New_AS_080.wav,C:\Users\armga\OneDrive\Escritorio\TFG\Programacion objetivo\Bases de Datos\AS_New_3주기\New_AS_080.wav,perfil_softmin_errores_f8,9.688376809276214e-08,0.3219519871688002,0.08217653360504984,0.44133577965123194,0.1545356026911499
AS,New_AS_081.wav,C:\Users\armga\OneDrive\Escritorio\TFG\Programacion objetivo\Bases de Datos\AS_New_3주기\New_AS_081.wav,perfil_softmin_errores_f8,2.3940725153482145e-07,0.33824098053451057,0.08761519269709016,0.38050881123808106,0.1936347761230668
AS,New_AS_082.wav,C:\Users\armga\OneDrive\Escritorio\TFG\Programacion objetivo\Bases de Datos\AS_New_3주기\New_AS_082.wav,perfil_softmin_errores_f8,1.640911575193251e-07,0.3760225534251787,0.09338882282029859,0.34389580282873206,0.1866926568346331
AS,New_AS_083.wav,C:\Users\armga\OneDrive\Escritorio\TFG\Programacion objetivo\Bases de Datos\AS_New_3주기\New_AS_083.wav,perfil_softmin_errores_f8,3.810597720178777e-07,0.2746048159973114,0.08794721583496704,0.4560040345172821,0.18144355259066725
AS,New_AS_084.wav,C:\Users\armga\OneDrive\Escritorio\TFG\Programacion objetivo\Bases de Datos\AS_New_3주기\New_AS_084.wav,perfil_softmin_errores_f8,4.7519171053399463e-07,0.3317939873123885,0.10143285749716495,0.3680345954169223,0.1987380845818138
AS,New_AS_085.wav,C:\Users\armga\OneDrive\Escritorio\TFG\Programacion objetivo\Bases de Datos\AS_New_3주기\New_AS_085.wav,perfil_softmin_errores_f8,2.0764720895482302e-07,0.3985546147895952,0.10583014777595656,0.33004945052422263,0.16556557926301665
AS,New_AS_086.wav,C:\Users\armga\OneDrive\Escritorio\TFG\Programacion objetivo\Bases de Datos\AS_New_3주기\New_AS_086.wav,perfil_softmin_errores_f8,4.7502135278334153e-07,0.3584972379128281,0.09865908430854471,0.3476649111319784,0.19517829162529596
AS,New_AS_087.wav,C:\Users\armga\OneDrive\Escritorio\TFG\Programacion objetivo\Bases de Datos\AS_New_3주기\New_AS_087.wav,perfil_softmin_errores_f8,9.020102315024989e-08,0.36918576491346544,0.07015805619280943,0.33561923336296307,0.22503685532973894
AS,New_AS_088.wav,C:\Users\armga\OneDrive\Escritorio\TFG\Programacion objetivo\Bases de Datos\AS_New_3주기\New_AS_088.wav,perfil_softmin_errores_f8,1.218831617126829e-07,0.3361294635649457,0.08100436625611863,0.3435239044946259,0.239342143801148
AS,New_AS_089.wav,C:\Users\armga\OneDrive\Escritorio\TFG\Programacion objetivo\Bases de Datos\AS_New_3주기\New_AS_089.wav,perfil_softmin_errores_f8,8.648968284031322e-08,0.3343328451233992,0.06461120409161515,0.38777457863392273,0.21328128566138002
AS,New_AS_090.wav,C:\Users\armga\OneDrive\Escritorio\TFG\Programacion objetivo\Bases de Datos\AS_New_3주기\New_AS_090.wav,perfil_softmin_errores_f8,2.064134883409175e-07,0.320115439348121,0.06786469776004428,0.4187906940703674,0.19322896240797893
AS,New_AS_091.wav,C:\Users\armga\OneDrive\Escritorio\TFG\Programacion objetivo\Bases de Datos\AS_New_3주기\New_AS_091.wav,perfil_softmin_errores_f8,2.711897133940267e-07,0.30664143098278873,0.09308568532356937,0.3683568632252482,0.23191574927868036
AS,New_AS_092.wav,C:\Users\armga\OneDrive\Escritorio\TFG\Programacion objetivo\Bases de Datos\AS_New_3주기\New_AS_092.wav,perfil_softmin_errores_f8,2.1553659731923576e-07,0.34862183150708675,0.09507537165716379,0.33935348190311665,0.21694909939603552
AS,New_AS_093.wav,C:\Users\armga\OneDrive\Escritorio\TFG\Programacion objetivo\Bases de Datos\AS_New_3주기\New_AS_093.wav,perfil_softmin_errores_f8,3.915622226183676e-07,0.35706150619855576,0.09146443287901682,0.34505124099561446,0.20642242836459038
AS,New_AS_094.wav,C:\Users\armga\OneDrive\Escritorio\TFG\Programacion objetivo\Bases de Datos\AS_New_3주기\New_AS_094.wav,perfil_softmin_errores_f8,2.3044290526319574e-07,0.29670892131285687,0.09400167083790385,0.4190407353573097,0.19024844204902447
AS,New_AS_095.wav,C:\Users\armga\OneDrive\Escritorio\TFG\Programacion objetivo\Bases de Datos\AS_New_3주기\New_AS_095.wav,perfil_softmin_errores_f8,1.1154806329744985e-06,0.3677097707690373,0.07998898612256088,0.3645266766402058,0.18777345098756287
AS,New_AS_096.wav,C:\Users\armga\OneDrive\Escritorio\TFG\Programacion objetivo\Bases de Datos\AS_New_3주기\New_AS_096.wav,perfil_softmin_errores_f8,5.046125970774911e-07,0.393757053731883,0.0828308207404024,0.3279813796144617,0.1954302413006558
AS,New_AS_097.wav,C:\Users\armga\OneDrive\Escritorio\TFG\Programacion objetivo\Bases de Datos\AS_New_3주기\New_AS_097.wav,perfil_softmin_errores_f8,1.3349342621716366e-07,0.34621392123557004,0.09262933450323986,0.320779441132472,0.2403771696352918
AS,New_AS_098.wav,C:\Users\armga\OneDrive\Escritorio\TFG\Programacion objetivo\Bases de Datos\AS_New_3주기\New_AS_098.wav,perfil_softmin_errores_f8,1.7430204106021336e-07,0.3121681162322881,0.09921363742296482,0.3476852745388804,0.24093279750382565
AS,New_AS_099.wav,C:\Users\armga\OneDrive\Escritorio\TFG\Programacion objetivo\Bases de Datos\AS_New_3주기\New_AS_099.wav,perfil_softmin_errores_f8,1.1531040124609209e-07,0.33618699619454273,0.0739750921407672,0.46068837499697807,0.12914942135731072
AS,New_AS_100.wav,C:\Users\armga\OneDrive\Escritorio\TFG\Programacion objetivo\Bases de Datos\AS_New_3주기\New_AS_100.wav,perfil_softmin_errores_f8,5.363552925497948e-07,0.3279168597516513,0.10726194469757036,0.36247340974949577,0.20234724944599003
AS,New_AS_101.wav,C:\Users\armga\OneDrive\Escritorio\TFG\Programacion objetivo\Bases de Datos\AS_New_3주기\New_AS_101.wav,perfil_softmin_errores_f8,1.809232589020379e-07,0.3437453217431785,0.09009164305511169,0.40378074152409493,0.16238211275435593
AS,New_AS_102.wav,C:\Users\armga\OneDrive\Escritorio\TFG\Programacion objetivo\Bases de Datos\AS_New_3주기\New_AS_102.wav,perfil_softmin_errores_f8,1.9981312516039905e-07,0.2930543363440807,0.11351395614722554,0.4130287833850933,0.1804027243104753
AS,New_AS_103.wav,C:\Users\armga\OneDrive\Escritorio\TFG\Programacion objetivo\Bases de Datos\AS_New_3주기\New_AS_103.wav,perfil_softmin_errores_f8,3.193688796528807e-07,0.3104969413063483,0.09298225073089915,0.39828521960187796,0.19823526899199484
AS,New_AS_104.wav,C:\Users\armga\OneDrive\Escritorio\TFG\Programacion objetivo\Bases de Datos\AS_New_3주기\New_AS_104.wav,perfil_softmin_errores_f8,8.379198204121668e-08,0.36108549617901475,0.08552929805480027,0.3747720145227538,0.17861310745144915
AS,New_AS_105.wav,C:\Users\armga\OneDrive\Escritorio\TFG\Programacion objetivo\Bases de Datos\AS_New_3주기\New_AS_105.wav,perfil_softmin_errores_f8,2.7049198223811253e-07,0.32200264762909936,0.10483895209278533,0.3649646105938814,0.2081935191922518
AS,New_AS_106.wav,C:\Users\armga\OneDrive\Escritorio\TFG\Programacion objetivo\Bases de Datos\AS_New_3주기\New_AS_106.wav,perfil_softmin_errores_f8,4.660791355814235e-07,0.3582702601363139,0.10344155088257516,0.2938692666023723,0.24441845629960302
AS,New_AS_107.wav,C:\Users\armga\OneDrive\Escritorio\TFG\Programacion objetivo\Bases de Datos\AS_New_3주기\New_AS_107.wav,perfil_softmin_errores_f8,1.870991506908933e-07,0.3485245957950023,0.10447706620368966,0.34148037830657263,0.20551777259558476
AS,New_AS_108.wav,C:\Users\armga\OneDrive\Escritorio\TFG\Programacion objetivo\Bases de Datos\AS_New_3주기\New_AS_108.wav,perfil_softmin_errores_f8,2.4971005827302797e-07,0.30278959975957254,0.12654184193745324,0.3705346384058884,0.20013367018702743
AS,New_AS_109.wav,C:\Users\armga\OneDrive\Escritorio\TFG\Programacion objetivo\Bases de Datos\AS_New_3주기\New_AS_109.wav,perfil_softmin_errores_f8,1.7042942705818075e-07,0.3262564588489031,0.0946893196655495,0.4038964434854528,0.1751576075706675
AS,New_AS_110.wav,C:\Users\armga\OneDrive\Escritorio\TFG\Programacion objetivo\Bases de Datos\AS_New_3주기\New_AS_110.wav,perfil_softmin_errores_f8,1.8094788251044292e-07,0.3519110518360324,0.09785953616671077,0.35973450106359933,0.19049472998577494
AS,New_AS_111.wav,C:\Users\armga\OneDrive\Escritorio\TFG\Programacion objetivo\Bases de Datos\AS_New_3주기\New_AS_111.wav,perfil_softmin_errores_f8,1.452792429675291e-07,0.44761965520752206,0.036237432582642365,0.17149327603267733,0.34464949089791536
AS,New_AS_112.wav,C:\Users\armga\OneDrive\Escritorio\TFG\Programacion objetivo\Bases de Datos\AS_New_3주기\New_AS_112.wav,perfil_softmin_errores_f8,4.143818235782667e-08,0.4719402384548634,0.022927488182745325,0.14648094340068568,0.35865128852352324
AS,New_AS_113.wav,C:\Users\armga\OneDrive\Escritorio\TFG\Programacion objetivo\Bases de Datos\AS_New_3주기\New_AS_113.wav,perfil_softmin_errores_f8,4.0004715580250637e-07,0.41568773123772607,0.03287973342758809,0.17054667210578642,0.38088546318174354
AS,New_AS_114.wav,C:\Users\armga\OneDrive\Escritorio\TFG\Programacion objetivo\Bases de Datos\AS_New_3주기\New_AS_114.wav,perfil_softmin_errores_f8,1.5574051567423783e-07,0.4144417651400701,0.022244165813959858,0.16275590580870608,0.40055800749674825
AS,New_AS_115.wav,C:\Users\armga\OneDrive\Escritorio\TFG\Programacion objetivo\Bases de Datos\AS_New_3주기\New_AS_115.wav,perfil_softmin_errores_f8,2.3320073996543797e-07,0.36207268648262836,0.1069092576999404,0.34906418854740356,0.1819536340692878
AS,New_AS_116.wav,C:\Users\armga\OneDrive\Escritorio\TFG\Programacion objetivo\Bases de Datos\AS_New_3주기\New_AS_116.wav,perfil_softmin_errores_f8,3.028269342125918e-07,0.34584977264023004,0.11190563610225884,0.341721210961269,0.20052307746930784
AS,New_AS_117.wav,C:\Users\armga\OneDrive\Escritorio\TFG\Programacion objetivo\Bases de Datos\AS_New_3주기\New_AS_117.wav,perfil_softmin_errores_f8,2.134287489280785e-07,0.3550384435266859,0.08154718307022633,0.3637133189912769,0.199700840983062
AS,New_AS_118.wav,C:\Users\armga\OneDrive\Escritorio\TFG\Programacion objetivo\Bases de Datos\AS_New_3주기\New_AS_118.wav,perfil_softmin_errores_f8,8.61271565775508e-08,0.355437931304633,0.09839165276873801,0.37919412078948,0.16697620900999235
AS,New_AS_119.wav,C:\Users\armga\OneDrive\Escritorio\TFG\Programacion objetivo\Bases de Datos\AS_New_3주기\New_AS_119.wav,perfil_softmin_errores_f8,2.9995190447522435e-07,0.356244688506296,0.0897693537363977,0.3081740761318468,0.245811581673555
AS,New_AS_120.wav,C:\Users\armga\OneDrive\Escritorio\TFG\Programacion objetivo\Bases de Datos\AS_New_3주기\New_AS_120.wav,perfil_softmin_errores_f8,3.2360121242637025e-07,0.31629345395885544,0.07550947635407895,0.38306863433352617,0.225128111752327
AS,New_AS_121.wav,C:\Users\armga\OneDrive\Escritorio\TFG\Programacion objetivo\Bases de Datos\AS_New_3주기\New_AS_121.wav,perfil_softmin_errores_f8,2.3238898661085799e-07,0.36178760357452283,0.10906453989967256,0.3223537728115927,0.20679385132522543
AS,New_AS_122.wav,C:\Users\armga\OneDrive\Escritorio\TFG\Programacion objetivo\Bases de Datos\AS_New_3주기\New_AS_122.wav,perfil_softmin_errores_f8,3.3186938708922303e-07,0.3187773161764798,0.11324636662684098,0.39050314962978216,0.1774728356975099
AS,New_AS_123.wav,C:\Users\armga\OneDrive\Escritorio\TFG\Programacion objetivo\Bases de Datos\AS_New_3주기\New_AS_123.wav,perfil_softmin_errores_f8,2.6188477576489846e-07,0.29500942636823263,0.11169378415346985,0.38405364482435883,0.20924288276916295
AS,New_AS_124.wav,C:\Users\armga\OneDrive\Escritorio\TFG\Programacion objetivo\Bases de Datos\AS_New_3주기\New_AS_124.wav,perfil_softmin_errores_f8,1.8094832304238108e-07,0.3857666428744024,0.07957929081186889,0.2827927201981844,0.25186116516722135
AS,New_AS_125.wav,C:\Users\armga\OneDrive\Escritorio\TFG\Programacion objetivo\Bases de Datos\AS_New_3주기\New_AS_125.wav,perfil_softmin_errores_f8,2.2101404832277735e-07,0.3289521585866399,0.10697617907196595,0.3360553893594073,0.22801605196793853
AS,New_AS_126.wav,C:\Users\armga\OneDrive\Escritorio\TFG\Programacion objetivo\Bases de Datos\AS_New_3주기\New_AS_126.wav,perfil_softmin_errores_f8,7.414809858940743e-08,0.3773729294781238,0.10232906702481863,0.36655525108701226,0.15374267826194662
AS,New_AS_127.wav,C:\Users\armga\OneDrive\Escritorio\TFG\Programacion objetivo\Bases de Datos\AS_New_3주기\New_AS_127.wav,perfil_softmin_errores_f8,1.71087269622861e-07,0.32369611596912684,0.08815113285304382,0.46029745406963196,0.12785512602092766
AS,New_AS_128.wav,C:\Users\armga\OneDrive\Escritorio\TFG\Programacion objetivo\Bases de Datos\AS_New_3주기\New_AS_128.wav,perfil_softmin_errores_f8,2.0146175145162188e-07,0.3486269490451014,0.08911938365602026,0.3637736139398924,0.19847985189723458
AS,New_AS_129.wav,C:\Users\armga\OneDrive\Escritorio\TFG\Programacion objetivo\Bases de Datos\AS_New_3주기\New_AS_129.wav,perfil_softmin_errores_f8,3.004230774248877e-07,0.5095591447161427,0.4103618350101915,0.0003622479685109461,0.07971647188207748
AS,New_AS_130.wav,C:\Users\armga\OneDrive\Escritorio\TFG\Programacion objetivo\Bases de Datos\AS_New_3주기\New_AS_130.wav,perfil_softmin_errores_f8,1.1853381303398643e-07,0.5632129516730446,0.3583479150425759,0.00019140577750512762,0.07824760897306135
AS,New_AS_131.wav,C:\Users\armga\OneDrive\Escritorio\TFG\Programacion objetivo\Bases de Datos\AS_New_3주기\New_AS_131.wav,perfil_softmin_errores_f8,7.961382252307607e-08,0.667186144574073,0.022181632310942657,0.1985148518640958,0.11211729163706605
AS,New_AS_132.wav,C:\Users\armga\OneDrive\Escritorio\TFG\Programacion objetivo\Bases de Datos\AS_New_3주기\New_AS_132.wav,perfil_softmin_errores_f8,0.0009770113543837431,0.26305378657124284,0.02837253535323808,0.4301584811050145,0.2774381856161209
AS,New_AS_133.wav,C:\Users\armga\OneDrive\Escritorio\TFG\Programacion objetivo\Bases de Datos\AS_New_3주기\New_AS_133.wav,perfil_softmin_errores_f8,4.945787911448616e-07,0.7423197417282789,0.2514395999851696,2.5929616316217532e-05,0.006214234091444142
AS,New_AS_134.wav,C:\Users\armga\OneDrive\Escritorio\TFG\Programacion objetivo\Bases de Datos\AS_New_3주기\New_AS_134.wav,perfil_softmin_errores_f8,1.4728481513370362e-07,0.31234710342054417,0.1071761344599727,0.440453519867026,0.14002309496764198
AS,New_AS_135.wav,C:\Users\armga\OneDrive\Escritorio\TFG\Programacion objetivo\Bases de Datos\AS_New_3주기\New_AS_135.wav,perfil_softmin_errores_f8,4.789489542588844e-07,0.7478480942294234,0.24689943102248996,1.971387633877737e-05,0.0052322819227935006
AS,New_AS_136.wav,C:\Users\armga\OneDrive\Escritorio\TFG\Programacion objetivo\Bases de Datos\AS_New_3주기\New_AS_136.wav,perfil_softmin_errores_f8,5.773273996658903e-07,0.4912003163913399,0.42692287128037537,0.00034959453315200903,0.08152664046773299
AS,New_AS_137.wav,C:\Users\armga\OneDrive\Escritorio\TFG\Programacion objetivo\Bases de Datos\AS_New_3주기\New_AS_137.wav,perfil_softmin_errores_f8,2.0570332858865012e-07,0.5849453916386218,0.37809691237256654,0.00016661080810276806,0.03679087947738024
AS,New_AS_138.wav,C:\Users\armga\OneDrive\Escritorio\TFG\Programacion objetivo\Bases de Datos\AS_New_3주기\New_AS_138.wav,perfil_softmin_errores_f8,2.535725786702292e-07,0.5052018179215557,0.43402852928791374,0.0003043348180505489,0.060465064399901285
AS,New_AS_139.wav,C:\Users\armga\OneDrive\Escritorio\TFG\Programacion objetivo\Bases de Datos\AS_New_3주기\New_AS_139.wav,perfil_softmin_errores_f8,1.7975850909934466e-07,0.5186317051653936,0.44242011396219433,0.00010752965424876989,0.03884047145965425
AS,New_AS_140.wav,C:\Users\armga\OneDrive\Escritorio\TFG\Programacion objetivo\Bases de Datos\AS_New_3주기\New_AS_140.wav,perfil_softmin_errores_f8,1.1644729979731837e-07,0.151401377006522,0.06718675643368195,0.6069559202537833,0.17445582985871308
AS,New_AS_141.wav,C:\Users\armga\OneDrive\Escritorio\TFG\Programacion objetivo\Bases de Datos\AS_New_3주기\New_AS_141.wav,perfil_softmin_errores_f8,1.0435507673536357e-08,0.1410408685088383,0.041446296909884627,0.6698659171213284,0.14764690702444097
AS,New_AS_142.wav,C:\Users\armga\OneDrive\Escritorio\TFG\Programacion objetivo\Bases de Datos\AS_New_3주기\New_AS_142.wav,perfil_softmin_errores_f8,1.1086460951043508e-08,0.22100271051144932,0.050591588744896526,0.5957020908742575,0.1327035987829357
AS,New_AS_143.wav,C:\Users\armga\OneDrive\Escritorio\TFG\Programacion objetivo\Bases de Datos\AS_New_3주기\New_AS_143.wav,perfil_softmin_errores_f8,7.472072808019073e-09,0.29051455152556965,0.062145076820354486,0.4478750001328638,0.1994653640491393
AS,New_AS_144.wav,C:\Users\armga\OneDrive\Escritorio\TFG\Programacion objetivo\Bases de Datos\AS_New_3주기\New_AS_144.wav,perfil_softmin_errores_f8,4.727338644699756e-08,0.48781748276166614,0.19912264248472594,0.1499379718226085,0.16312185565761306
AS,New_AS_145.wav,C:\Users\armga\OneDrive\Escritorio\TFG\Programacion objetivo\Bases de Datos\AS_New_3주기\New_AS_145.wav,perfil_softmin_errores_f8,2.0134897011245438e-07,0.5454616218005951,0.17203651665943828,0.13649255948148978,0.14600910070950665
AS,New_AS_146.wav,C:\Users\armga\OneDrive\Escritorio\TFG\Programacion objetivo\Bases de Datos\AS_New_3주기\New_AS_146.wav,perfil_softmin_errores_f8,4.721135008966129e-08,0.5927744540318242,0.15694040837405518,0.09936881869738577,0.15091627168538482
AS,New_AS_147.wav,C:\Users\armga\OneDrive\Escritorio\TFG\Programacion objetivo\Bases de Datos\AS_New_3주기\New_AS_147.wav,perfil_softmin_errores_f8,1.3980867085897947e-07,0.5436483225560512,0.16200404470975935,0.15130081378211244,0.14304667914340607
AS,New_AS_148.wav,C:\Users\armga\OneDrive\Escritorio\TFG\Programacion objetivo\Bases de Datos\AS_New_3주기\New_AS_148.wav,perfil_softmin_errores_f8,1.30183930933315e-07,0.4977127926424805,0.1698953771939779,0.12392281081681812,0.20846888916279246
AS,New_AS_149.wav,C:\Users\armga\OneDrive\Escritorio\TFG\Programacion objetivo\Bases de Datos\AS_New_3주기\New_AS_149.wav,perfil_softmin_errores_f8,4.39639371433479e-07,0.5026302460920378,0.19548744684399647,0.15351967328754262,0.1483621941370517
AS,New_AS_150.wav,C:\Users\armga\OneDrive\Escritorio\TFG\Programacion objetivo\Bases de Datos\AS_New_3주기\New_AS_150.wav,perfil_softmin_errores_f8,2.7748790179325952e-08,0.5486227751629862,0.17262902009919062,0.11815334117819834,0.16059483581083456
AS,New_AS_151.wav,C:\Users\armga\OneDrive\Escritorio\TFG\Programacion objetivo\Bases de Datos\AS_New_3주기\New_AS_151.wav,perfil_softmin_errores_f8,4.6776650855345773e-07,0.5317633668599758,0.16684611372538694,0.1431902505872871,0.15819980106084167
AS,New_AS_152.wav,C:\Users\armga\OneDrive\Escritorio\TFG\Programacion objetivo\Bases de Datos\AS_New_3주기\New_AS_152.wav,perfil_softmin_errores_f8,1.277290606814866e-06,0.520140417351907,0.32639336554350173,0.008694332484395068,0.1447706073295895
AS,New_AS_153.wav,C:\Users\armga\OneDrive\Escritorio\TFG\Programacion objetivo\Bases de Datos\AS_New_3주기\New_AS_153.wav,perfil_softmin_errores_f8,7.766318483821908e-08,0.5455577440118564,0.3014306426759055,0.006040310589155464,0.14697122505989776
AS,New_AS_154.wav,C:\Users\armga\OneDrive\Escritorio\TFG\Programacion objetivo\Bases de Datos\AS_New_3주기\New_AS_154.wav,perfil_softmin_errores_f8,7.936081378207854e-07,0.4690013487246721,0.33064191421494893,0.010104624603428234,0.19025131884881288
AS,New_AS_155.wav,C:\Users\armga\OneDrive\Escritorio\TFG\Programacion objetivo\Bases de Datos\AS_New_3주기\New_AS_155.wav,perfil_softmin_errores_f8,4.4719471112409436e-07,0.5787791009323469,0.27239028968329776,0.00748748071728433,0.1413426814723599
AS,New_AS_156.wav,C:\Users\armga\OneDrive\Escritorio\TFG\Programacion objetivo\Bases de Datos\AS_New_3주기\New_AS_156.wav,perfil_softmin_errores_f8,4.2266668670020403e-07,0.49497794593135996,0.4118878183417478,0.00030048766191272146,0.09283332539829277
AS,New_AS_157.wav,C:\Users\armga\OneDrive\Escritorio\TFG\Programacion objetivo\Bases de Datos\AS_New_3주기\New_AS_157.wav,perfil_softmin_errores_f8,1.8328167530330548e-07,0.5796308720228976,0.38739606841610563,0.00015905073253761023,0.032813825546783686
AS,New_AS_158.wav,C:\Users\armga\OneDrive\Escritorio\TFG\Programacion objetivo\Bases de Datos\AS_New_3주기\New_AS_158.wav,perfil_softmin_errores_f8,1.315868673697587e-07,0.5390323117726497,0.4048535061936005,0.00024386627687806453,0.05587018417000454
AS,New_AS_159.wav,C:\Users\armga\OneDrive\Escritorio\TFG\Programacion objetivo\Bases de Datos\AS_New_3주기\New_AS_159.wav,perfil_softmin_errores_f8,1.259239159729662e-07,0.5298702256305452,0.4381485672559852,8.534496705509762e-05,0.03189573622249854
AS,New_AS_160.wav,C:\Users\armga\OneDrive\Escritorio\TFG\Programacion objetivo\Bases de Datos\AS_New_3주기\New_AS_160.wav,perfil_softmin_errores_f8,1.4998176970890054e-07,0.5361463878190159,0.39464744561918796,0.00018193454410770607,0.06902408203591874
