indice_interno,distribucion,numero_capas,error_final,forma_h_final,segundos_extraccion,capa_1_rango,capa_1_error,capa_1_ortogonalidad_h,capa_2_rango,capa_2_error,capa_2_ortogonalidad_h,capa_3_rango,capa_3_error,capa_3_ortogonalidad_h,capa_4_rango,capa_4_error,capa_4_ortogonalidad_h
0,26-19-14-10,4,0.361961923034205,10x212,0.08047910002642311,26,0.03774358023112246,0.3896674964075574,19,0.2081891757991766,0.10512116200861595,14,0.29622075022624406,0.08348348941932987,10,0.36826836709329575,0.06760897868314725
1,26-19-14-10,4,0.3372393003986335,10x212,0.06163030001334846,26,0.037834390400833445,0.41935676013829504,19,0.24342826798127154,0.13773470788489287,14,0.3404371012333532,0.11777988433438197,10,0.37888252177031556,0.1194981453503953
2,26-19-14-10,4,0.36206117825267925,10x212,0.05838659999426454,26,0.04006817084092421,0.3498466783821611,19,0.19470556381283885,0.12761961264925142,14,0.3259326742706572,0.08616346914460399,10,0.32769171246028744,0.06831332764660264
3,26-19-14-10,4,0.4021983881326599,10x212,0.07020789998932742,26,0.03574580819622372,0.4030226812340605,19,0.18748806476214916,0.15965292994637714,14,0.3283068311724145,0.1321832176547874,10,0.35641995136870425,0.11135377893534494
4,26-19-14-10,4,0.341227974414831,10x212,0.06406860001152381,26,0.03733103241912119,0.4112257210986807,19,0.2118079421419206,0.13700871777070242,14,0.28348812008979796,0.0877824654516914,10,0.3468837805653264,0.06714348944468927
5,26-19-14-10,4,0.3628930016510346,10x212,0.07145129999844357,26,0.031929183420223,0.42339367209474144,19,0.19414289144038613,0.15215559248051183,14,0.3438315443590983,0.1201518772388703,10,0.4072763581517789,0.10972264974141778
6,26-19-14-10,4,0.36033208286493856,10x212,0.0745547000260558,26,0.038072464130301145,0.4237664194051761,19,0.20951767957081896,0.15789305268671522,14,0.32076286899167694,0.13306766368658413,10,0.3952645164579317,0.12412044497192544
7,26-19-14-10,4,0.39173017213378974,10x212,0.08945780000067316,26,0.04092401304466842,0.44079116476139996,19,0.2071600472360552,0.15482965276536867,14,0.2914561736399971,0.12060348721713203,10,0.4082323548944353,0.11837053009888547
8,26-19-14-10,4,0.3949710781676339,10x212,0.07878189999610186,26,0.037233928690004026,0.3929570082846828,19,0.2262727380588074,0.12892921432348992,14,0.32555360491755453,0.08970536379776389,10,0.3813445922065972,0.07411945765698923
9,26-19-14-10,4,0.37229394122896237,10x212,0.060294499999145046,26,0.036564788981285866,0.3898314278900956,19,0.1986263555064184,0.13456680155766296,14,0.28602280862150814,0.07999572408883496,10,0.3904174975122764,0.06669356745275236
10,26-19-14-10,4,0.3894577147736931,10x212,0.06134110002312809,26,0.03966689187947555,0.3902674668711987,19,0.20898029697777137,0.11980277624426058,14,0.3483500350732293,0.08322892005533539,10,0.4030204855874005,0.07132797272150226
11,26-19-14-10,4,0.3684189594573508,10x212,0.08360559999709949,26,0.03783011931799425,0.38884676943944746,19,0.19874602436245356,0.1345967463281117,14,0.2705660325687602,0.09957224544997494,10,0.41235006842681493,0.09044661084334427
12,26-19-14-10,4,0.3636599223544702,10x212,0.08429129997966811,26,0.037170740685094475,0.40069931413681403,19,0.18337093415700995,0.10942504496623817,14,0.2870854480860447,0.08031029904048809,10,0.4169117312898389,0.06581897087850873
13,26-19-14-10,4,0.3963885938206115,10x212,0.06726459998753853,26,0.037629172409347725,0.3974135765589331,19,0.2209803425363196,0.1505763364946738,14,0.32850163177646735,0.10760271638529288,10,0.4178408469374338,0.1205627194867109
14,26-19-14-10,4,0.3879035510620275,10x212,0.07164380000904202,26,0.04131102263954812,0.40905757771079143,19,0.20254554227882227,0.15912614042459097,14,0.3046355923804209,0.12456568101931238,10,0.42840937605263973,0.11475222819042838
15,26-19-14-10,4,0.39156024230806513,10x212,0.06742320000194013,26,0.03653670645063333,0.39454852176191585,19,0.1936566224473226,0.16244374313183357,14,0.3045008154419634,0.12280839416979102,10,0.40444446652091887,0.1138756797683062
16,26-19-14-10,4,0.39148053247999853,10x212,0.06261009999434464,26,0.044717836820250864,0.4148844300124712,19,0.17257233257427138,0.17447800310088063,14,0.2740443854285642,0.138787350216641,10,0.33099750287296126,0.1240839267815881
17,26-19-14-10,4,0.40740270615268837,10x212,0.08945410000160336,26,0.03531119218264789,0.4087155939446177,19,0.22854407206477198,0.15561207671323715,14,0.3021363238811378,0.12289580238923403,10,0.3761206674387765,0.10615665096455075
18,26-19-14-10,4,0.3770613240419484,10x212,0.058257400000002235,26,0.03361900080658135,0.3843269504483055,19,0.1725415130331338,0.13091309036640839,14,0.24694135301227685,0.09810593741014591,10,0.3440240873851691,0.09018366088798083
19,26-19-14-10,4,0.34307968974378883,10x212,0.07740860001649708,26,0.03398994657422656,0.43091042707011173,19,0.18197727747209433,0.1821672575474108,14,0.2676995797746537,0.1377990739505892,10,0.3212072226085081,0.10467070815354056
20,26-19-14-10,4,0.37066081956889385,10x212,0.0577247999899555,26,0.03555349188223093,0.37605490001842345,19,0.20317224472668632,0.1407397134322362,14,0.31569901703888176,0.07937090853308047,10,0.44510539508719055,0.09385883909265041
21,26-19-14-10,4,0.3495535395979067,10x212,0.06227750002290122,26,0.03784150264134059,0.38900416231779167,19,0.20051158358442955,0.14052437588632335,14,0.2688045129358881,0.10624267226724718,10,0.35499298697245246,0.09411151087000537
22,26-19-14-10,4,0.33236504333414796,10x212,0.07189579997793771,26,0.036506881329693874,0.3842963364998488,19,0.19832941571673068,0.1427686137261068,14,0.3271144650318725,0.12692229835578941,10,0.32476686187858955,0.11434475623692154
23,26-19-14-10,4,0.3684907971441175,10x212,0.08269260000088252,26,0.04507092711832705,0.4058631359084504,19,0.2071338957096705,0.13574324680426986,14,0.30633032663905363,0.13051911915745487,10,0.3773500751205711,0.12049076258089007
24,26-19-14-10,4,0.39936704840400633,10x212,0.07779569999547675,26,0.037521433431687436,0.3923104995400245,19,0.21770095957381122,0.1337332586312796,14,0.28053572265913296,0.08786392286957215,10,0.3594299888314755,0.07184174674666964
25,26-19-14-10,4,0.3710370821997884,10x212,0.07806820000405423,26,0.03865625592223023,0.3535981397529266,19,0.1857667392170718,0.12665554992958422,14,0.2680488997912587,0.0972989431469694,10,0.3904955823717222,0.11535710376643146
26,26-19-14-10,4,0.3566591124456847,10x212,0.06417040000087582,26,0.03885242419118765,0.401153245496138,19,0.19261575550080998,0.15736027949547965,14,0.28611217745852646,0.14449827622254313,10,0.3584030772446223,0.12464445846050452
27,26-19-14-10,4,0.3516297714375227,10x212,0.07847839998430572,26,0.03652880867126321,0.3678503498262407,19,0.19154741542974327,0.1283314949174348,14,0.34560103061042163,0.09301758963489708,10,0.37711438537597797,0.08120993051026755
28,26-19-14-10,4,0.3747603509375298,10x212,0.07469270000001416,26,0.04018720980154751,0.41241894486569664,19,0.21712940675890294,0.10906028794511931,14,0.31681159534730774,0.07203797584365719,10,0.40646530346757254,0.06706433420193511
29,26-19-14-10,4,0.3814367243508739,10x212,0.06447499999194406,26,0.0375225418612308,0.4287326151896727,19,0.198339888854829,0.21340255604598465,14,0.29125428489211314,0.13774251331098378,10,0.3891497502352653,0.11185450639165884
30,26-19-14-10,4,0.35759285480026504,10x212,0.05960909998975694,26,0.03609219876128868,0.36040194895758565,19,0.21463350613599497,0.15022823884085137,14,0.2813468864113914,0.11160431891854149,10,0.3714634648248887,0.09459736313957674
31,26-19-14-10,4,0.3611356305291602,10x212,0.07096829998772591,26,0.03848992157149224,0.3839442973975481,19,0.19159125492913448,0.14319766576196297,14,0.2714499129703213,0.10114363631672994,10,0.3419130257517837,0.09965537876999511
32,26-19-14-10,4,0.3632531821593489,10x212,0.06992569999420084,26,0.035727607130372006,0.37942855559206573,19,0.19676452787538978,0.13505481387334,14,0.28171802418435765,0.10610310287277455,10,0.3603096968696771,0.0904655527872847
33,26-19-14-10,4,0.39880769721519865,10x212,0.0810007999825757,26,0.03849597312369366,0.40698126522640876,19,0.1940879467448281,0.14036161929167637,14,0.2852742807924599,0.10139495192096991,10,0.3593438127921655,0.09506796901976752
34,26-19-14-10,4,0.353877837416751,10x212,0.07053729999461211,26,0.03683991302431093,0.3917163401745869,19,0.16995370686707653,0.13486432723861438,14,0.28124016544464026,0.09903021403965126,10,0.36904370015731935,0.08577727325119595
35,26-19-14-10,4,0.36760874617142175,10x212,0.08328360001905821,26,0.03485964596179871,0.3886463397901733,19,0.1957610340924762,0.17384738053197135,14,0.29952213073522355,0.11189367095803528,10,0.36650941522467073,0.10622048578182608
36,26-19-14-10,4,0.344243174450424,10x212,0.06855450000148267,26,0.02433253135443929,0.4172581788637507,19,0.13767363256221896,0.12805355036624097,14,0.2409972875234877,0.07876440778986173,10,0.3644363162928627,0.06088601113225147
37,26-19-14-10,4,0.34727466988626715,10x212,0.07987149999826215,26,0.029115405551096162,0.41018063066229704,19,0.12694651257820128,0.10871832519429274,14,0.18252223680185012,0.04802337146297068,10,0.3832414957084516,0.03670126703978017
38,26-19-14-10,4,0.37863583547189456,10x212,0.07902849998208694,26,0.024146822380967162,0.4037403203700212,19,0.14023781425263165,0.13584339944802565,14,0.21368412375748191,0.06871020115540769,10,0.3430318203915609,0.0421506942292199
39,26-19-14-10,4,0.40997734131975017,10x212,0.07837020000442863,26,0.027922569428136514,0.4201349468121754,19,0.12113443750428837,0.14492166788735988,14,0.22297435059842455,0.057353747464235716,10,0.38133955202809255,0.06785422491476971
40,26-19-14-10,4,0.40005081074514853,10x212,0.0664528000052087,26,0.025056140094502032,0.4418106334241165,19,0.15625353328595776,0.1361479826939085,14,0.31115371812225623,0.08433668775278239,10,0.4046062068430274,0.07527905634288468
41,26-19-14-10,4,0.33375754006927716,10x212,0.06235620001098141,26,0.028058837259577873,0.43837377450441495,19,0.15896001767051096,0.14314585472768265,14,0.2594351918162346,0.07934548781234003,10,0.3257352503359284,0.05574587531550506
42,26-19-14-10,4,0.319302870044577,10x212,0.0684624999994412,26,0.024244468132803117,0.42303510428935875,19,0.16087967410723839,0.10361344402117806,14,0.26236486664368514,0.054807722109098705,10,0.369574794287701,0.04248734275166845
43,26-19-14-10,4,0.34842755078793797,10x212,0.08342770001036115,26,0.026821415952870083,0.4397128626625776,19,0.1746773133391101,0.1313677898495789,14,0.25894569008198337,0.06896190327556273,10,0.4494040707048331,0.05882696934626181
44,26-19-14-10,4,0.364820214951775,10x212,0.07691470001009293,26,0.027201524033892123,0.41514519134883016,19,0.18096878957229176,0.09352095502743259,14,0.23085866035660882,0.059522622675391,10,0.36735543758604705,0.05046573386539889
45,26-19-14-10,4,0.35514783840615977,10x212,0.0713728999835439,26,0.0260799872529936,0.46155590281677056,19,0.17149707549375287,0.1147201723373225,14,0.2359762260548511,0.06324389418607129,10,0.37645843932413536,0.05534135782953048
46,26-19-14-10,4,0.3695300444774773,10x212,0.06551499999477528,26,0.027978339537404414,0.4152040959553647,19,0.18937622014764213,0.09888735512973956,14,0.26515818052893697,0.05456824373377501,10,0.3656021611949028,0.04172456142244892
47,26-19-14-10,4,0.38959396510831784,10x212,0.07796590001089498,26,0.029333861840173076,0.44189663225586245,19,0.16522293040377442,0.10567553020133315,14,0.3011532442857889,0.0663343591973751,10,0.38888005846017576,0.07033770141926898
48,26-19-14-10,4,0.4055740066776247,10x212,0.08631310000782833,26,0.028064293639277732,0.46761735776580543,19,0.17344300198386928,0.12377210113343087,14,0.3342761489097603,0.07058146606987559,10,0.3869110992066563,0.058998251483683845
49,26-19-14-10,4,0.3704806905816206,10x212,0.05115670000668615,26,0.02644997247108584,0.45086290401774126,19,0.14536553507648495,0.13739888215176135,14,0.289402459619818,0.0634505027315906,10,0.42588330610270775,0.06612657695031939
50,26-19-14-10,4,0.33641952313681345,10x212,0.0639509999891743,26,0.02798957302438294,0.42721358628654316,19,0.16596753659828065,0.13078893162108624,14,0.20795667364429163,0.0675678658152109,10,0.3622832569639442,0.05834282991979359
51,26-19-14-10,4,0.42528627709169786,10x212,0.08011519999126904,26,0.02756307140929702,0.4212996380841597,19,0.16199750775379407,0.12139691950410263,14,0.3281340754750769,0.07576420173656231,10,0.38469979800261495,0.0642978025538
52,26-19-14-10,4,0.3576382072600071,10x212,0.0658594999986235,26,0.02936524365631325,0.4441720089418713,19,0.15420060562618468,0.14695838205154824,14,0.2717089286752561,0.11339219090014124,10,0.36088398582450787,0.08465262352127198
53,26-19-14-10,4,0.34677174152618884,10x212,0.08510419999947771,26,0.028237908999245352,0.41721655203167696,19,0.17237957319848624,0.11110636616109439,14,0.31404512161378684,0.06267765139613694,10,0.36417045868609293,0.042609968307448814
54,26-19-14-10,4,0.3513463633581934,10x212,0.09362930001225322,26,0.026356371045627606,0.4335407570319635,19,0.15587174986613428,0.12373428918559924,14,0.25616787791996,0.0557560411753015,10,0.31309756940956174,0.036058718079939954
55,26-19-14-10,4,0.3520125881507359,10x212,0.09103219999815337,26,0.02553150410556732,0.4262697190926738,19,0.16674124776095864,0.10772323217542744,14,0.3157461915484664,0.0536551596653847,10,0.3728657805625293,0.04867848656960299
56,26-19-14-10,4,0.4159034237505659,10x212,0.06629300001077354,26,0.028504039656136935,0.4535497949989484,19,0.17679826364096785,0.16191775403428618,14,0.28027663390237484,0.0819124472769329,10,0.3875728972842238,0.07991690806021193
57,26-19-14-10,4,0.3652757734209854,10x212,0.07249220000812784,26,0.02314636600403853,0.4539623120332406,19,0.17748401056096536,0.13369953795631787,14,0.2705204753946678,0.06989773819343006,10,0.42849708057586755,0.06502630884375821
58,26-19-14-10,4,0.35931566043747076,10x212,0.07787380000809208,26,0.027321929132856127,0.4245562466345409,19,0.17109283668344447,0.15188179624806109,14,0.2454002686419759,0.07273721609077599,10,0.38435734120087406,0.05926547967832286
59,26-19-14-10,4,0.37121622482949723,10x212,0.06875050000962801,26,0.02595208030310461,0.4512919951248535,19,0.19733287816455106,0.11377710659375503,14,0.3062882427497559,0.06728489473348889,10,0.4130257196575356,0.05222740079522233
60,26-19-14-10,4,0.40077384773836877,10x212,0.0669183999998495,26,0.024468878458548064,0.42881632390237046,19,0.18205985393654994,0.12534912137940202,14,0.3023804201935495,0.060012640050183336,10,0.3587560159904162,0.06786344633637424
61,26-19-14-10,4,0.423583966845923,10x212,0.06307309999829158,26,0.026129934008789997,0.4570787205373164,19,0.1881887778680484,0.12197344471809636,14,0.2909149414690515,0.06691576368140574,10,0.4044242145022449,0.06171456464537972
62,26-19-14-10,4,0.3378602217925892,10x212,0.07870079998974688,26,0.028436760767237976,0.40469079437443517,19,0.1826202332163856,0.11356301428261178,14,0.26059484772872216,0.0756720797128666,10,0.37791104117745244,0.07055144045700985
63,26-19-14-10,4,0.4011417402251027,10x212,0.06939990000682883,26,0.027463417583928635,0.44454210224426594,19,0.16582681196090987,0.11737909265503159,14,0.27240576185290877,0.06781901122805557,10,0.4124628955792621,0.06533359619846327
64,26-19-14-10,4,0.37965699383273915,10x212,0.06917999999132007,26,0.027330499679371338,0.4365609589995415,19,0.1946322724058539,0.10019755347375106,14,0.30675664651855994,0.05854210621323018,10,0.42764605494235874,0.044503574996933686
65,26-19-14-10,4,0.4039180607974895,10x212,0.0730860999901779,26,0.022708211620301257,0.4235821101696538,19,0.16313509405030807,0.1295735043174844,14,0.2748905035398196,0.07761080120497091,10,0.37848918218752803,0.07519826491874379
66,26-19-14-10,4,0.37113038312740193,10x212,0.05462539999280125,26,0.02385114766916877,0.4564765283002617,19,0.18041591999075512,0.12591353235655164,14,0.2635600019125482,0.08431116704562946,10,0.3489166463492177,0.0571018928586783
67,26-19-14-10,4,0.4296289141208407,10x212,0.07609950000187382,26,0.023766199893035085,0.4285691258352249,19,0.1842475807246388,0.10534537332500814,14,0.3119441029544117,0.054854472881248395,10,0.4635889426670257,0.06594329944112015
68,26-19-14-10,4,0.36889430725520234,10x212,0.08295800001360476,26,0.03130553788447159,0.39892609448890004,19,0.18934792857369584,0.13319981626992483,14,0.2383457140306662,0.086806643437632,10,0.33899605030648905,0.08112387698671573
69,26-19-14-10,4,0.39367409963512845,10x212,0.07890530000440776,26,0.029689125246661424,0.41717699894971516,19,0.22324105313255888,0.1351729030700373,14,0.26811048017221817,0.09374465325884514,10,0.3915066686774405,0.08544780514645996
70,26-19-14-10,4,0.32460404341593857,10x212,0.08738130002166145,26,0.031517594315957666,0.45116385663999015,19,0.19148718785484362,0.12313117593173957,14,0.24669318987781919,0.07779686141103849,10,0.3580086286241895,0.06586100913927412
71,26-19-14-10,4,0.3550647893406668,10x212,0.06937949999701232,26,0.03218437047101955,0.3810130284699202,19,0.1917604711512522,0.1293158796535445,14,0.2537284109571283,0.09347967724717132,10,0.35633582056725766,0.08461692622119643
72,26-19-14-10,4,0.3722774147940682,10x212,0.05547379999188706,26,0.0354322366198959,0.4143769946257939,19,0.18622119388769742,0.10846082040732674,14,0.30855276242817803,0.07237617534425562,10,0.34987483973534755,0.07577380372116582
73,26-19-14-10,4,0.3319476245497789,10x212,0.062153900013072416,26,0.03252228565015631,0.44167836616118944,19,0.1769748111064557,0.1635825064423028,14,0.27362227495142144,0.07112295791135595,10,0.41372870575754356,0.06996587351609636
74,26-19-14-10,4,0.37773453953918706,10x212,0.07501770000089891,26,0.03316826428189532,0.4165672516663649,19,0.18182279756164926,0.12294793807866698,14,0.27335854670828275,0.09073090785061717,10,0.3880533958805362,0.07316787589971885
75,26-19-14-10,4,0.3786458624997864,10x212,0.0757329999760259,26,0.03616348395378424,0.4081066365122817,19,0.1917343303246607,0.13935648534584882,14,0.28420370437830605,0.11506880648803909,10,0.33921528619413494,0.10290770121661913
76,26-19-14-10,4,0.37141095630988713,10x212,0.08507310002460144,26,0.03612540913998365,0.41786133778632506,19,0.20400747057661048,0.16427196872379124,14,0.30784356288011383,0.11040866415275688,10,0.3912230496962317,0.09455279145373503
77,26-19-14-10,4,0.3878691566685894,10x212,0.06476079998537898,26,0.031311101247001476,0.40870102133705727,19,0.1910638110799195,0.14206523802325355,14,0.2971582721742771,0.06853082461999664,10,0.42161290759240255,0.058759773452458496
78,26-19-14-10,4,0.360575672018288,10x212,0.06708419998176396,26,0.036891351985039664,0.4299511841928104,19,0.19215296825339653,0.14458092097973185,14,0.25248388899695273,0.1142757015149345,10,0.32404417102666483,0.09062160954345515
79,26-19-14-10,4,0.38502350641771604,10x212,0.07102309999754652,26,0.03320804445892493,0.4317475043726075,19,0.17443938553886332,0.1086589587861489,14,0.31320579946277377,0.08143195841352376,10,0.35109985120928205,0.0678928367176791
80,26-19-14-10,4,0.32409699052384267,10x212,0.07679140000254847,26,0.031911500602854075,0.43172594048376733,19,0.17845443663160954,0.14032086741889718,14,0.25558198170285257,0.09771992044116012,10,0.32884491120901405,0.07714099188643411
81,26-19-14-10,4,0.3608301563579203,10x212,0.05723989999387413,26,0.032975019119838675,0.4768900695468775,19,0.20719345239156206,0.14710182534437177,14,0.26839377047863766,0.1012784739405936,10,0.36301706347108637,0.08723365372680002
82,26-19-14-10,4,0.37418643513943367,10x212,0.06416909999097697,26,0.031877422781891776,0.39115992199484806,19,0.1504747281828964,0.15112406604053893,14,0.26254043432743623,0.11979505212376444,10,0.3203705199543209,0.10251016720982656
83,26-19-14-10,4,0.3465093599447853,10x212,0.06874919999972917,26,0.037257513794399746,0.42604431401778375,19,0.21355086210888302,0.14554766492219254,14,0.2585574314053422,0.1185313223033171,10,0.3459118913856955,0.1057296631976564
84,26-19-14-10,4,0.3377412167098101,10x212,0.0701198999886401,26,0.03132929685835613,0.45063043561761,19,0.1723161821357409,0.16513864471194908,14,0.24426579135859178,0.10797207428469763,10,0.28041382528624903,0.08445664313294687
85,26-19-14-10,4,0.4113738408279006,10x212,0.0700613999797497,26,0.029948517824991357,0.43275723381638326,19,0.19854847649071708,0.1221018774385717,14,0.3134933500998257,0.11648901800066377,10,0.3492646809098226,0.0959071651215418
86,26-19-14-10,4,0.3830313004494104,10x212,0.08055359998252243,26,0.03207314055218356,0.4424265879831663,19,0.19683080111565598,0.14431338728167187,14,0.23174076710668667,0.07883127103398678,10,0.39356986059676485,0.06874202699882258
87,26-19-14-10,4,0.35849159917134377,10x212,0.07122199999867007,26,0.034524115331976,0.4184287892137998,19,0.20004147896048805,0.16513494195878536,14,0.27597372204967324,0.11887237950733646,10,0.3733279341772579,0.10790635060069535
88,26-19-14-10,4,0.38280903202127226,10x212,0.07446509998408146,26,0.03131999194266778,0.4241366440611795,19,0.18135654698178208,0.13778398145968052,14,0.32751816157456304,0.09705004564495849,10,0.35681575297648244,0.07827450581467721
89,26-19-14-10,4,0.38940441639087464,10x212,0.06365749999531545,26,0.03332594061489254,0.42427316089571177,19,0.20966201358489853,0.14208702595051723,14,0.3357433009104771,0.10827711551189242,10,0.3953098079974831,0.09018128541896617
90,26-19-14-10,4,0.3902953641106012,10x212,0.07892979998723604,26,0.03367381622629023,0.40159781611793244,19,0.19090127098109771,0.1254576354294223,14,0.2836124457318817,0.08674763631401299,10,0.39465199092167663,0.07718759297306545
91,26-19-14-10,4,0.41017694392791576,10x212,0.0673469000030309,26,0.034979550578017694,0.44236834280483067,19,0.18690892792593108,0.17152758621768815,14,0.3095619770331198,0.11139270737655138,10,0.40414879789318725,0.10959747297138199
92,26-19-14-10,4,0.3900145153673087,10x212,0.080758700001752,26,0.030703694012254534,0.4497637239962936,19,0.20055615646833974,0.15671229957551186,14,0.2965555207025162,0.08910020885458628,10,0.3727990786937322,0.06492157490326221
93,26-19-14-10,4,0.3779479619441494,10x212,0.060132499987958,26,0.03119968651771566,0.4258476047098415,19,0.15656906362807524,0.13116803148710793,14,0.288583058820282,0.09728052496619657,10,0.350760329595188,0.08250163646113369
94,26-19-14-10,4,0.3828158209716381,10x212,0.08773780000046827,26,0.03369827214560668,0.42708372956973545,19,0.20865436657536682,0.14448820079252275,14,0.28634233117451374,0.09219661080417753,10,0.37580238806732424,0.06822386206673833
95,26-19-14-10,4,0.3872436573114276,10x212,0.06122679999680258,26,0.028436280777662526,0.46414607266283453,19,0.21321056487836845,0.14260506601289163,14,0.3050680838599633,0.10433507376342734,10,0.4048921588060221,0.11527327868093316
96,26-19-14-10,4,0.40306941055171147,10x212,0.06399140000576153,26,0.03361283797884245,0.3964998422770812,19,0.1794872315084358,0.1261315712731062,14,0.32124945907883246,0.08127164067400522,10,0.3977674845674192,0.08312123307961233
97,26-19-14-10,4,0.3893829456047561,10x212,0.0835674999980256,26,0.03161113576679329,0.4154777910821799,19,0.17593785825809827,0.15378270275876738,14,0.29726749634756067,0.07852132075798109,10,0.36217607870610646,0.07144570805664012
98,26-19-14-10,4,0.3555755094992265,10x212,0.06419950001873076,26,0.024287932842234097,0.45757774890851344,19,0.16819401541185874,0.14965578950887823,14,0.3105728080300735,0.09519973115656723,10,0.3779414961124688,0.07232725820315838
99,26-19-14-10,4,0.39429222526826435,10x212,0.07856120000360534,26,0.02560568074075486,0.42807052299875314,19,0.1689190958953448,0.20065450648445635,14,0.29051261080646223,0.10855941896837543,10,0.3778923191984034,0.08924305233697954
100,26-19-14-10,4,0.4018793917728684,10x212,0.08809320000000298,26,0.026686481149656213,0.43803897569667477,19,0.15803995547150937,0.13132477569163548,14,0.2376439026380466,0.06340008668130155,10,0.42005754197885814,0.05878803419232902
101,26-19-14-10,4,0.38702419673741045,10x212,0.09826760002761148,26,0.027166532569468525,0.4196451642142683,19,0.16410545359005382,0.13673403891204025,14,0.23838046591205728,0.05709079436502047,10,0.4218356241723195,0.051627667032837624
102,26-19-14-10,4,0.37233033209615596,10x212,0.07899209999595769,26,0.027078356063588514,0.4495934065719087,19,0.1728761439129446,0.09009305353241341,14,0.28965721521600873,0.061956272964442935,10,0.36092817820345563,0.05590996752226443
103,26-19-14-10,4,0.3420891539685058,10x212,0.0837286000023596,26,0.029610362157444857,0.4203651328139103,19,0.14712019086419675,0.13270940519565247,14,0.23303110887636536,0.07028399414073565,10,0.35003081805755065,0.06445289663579415
104,26-19-14-10,4,0.3515313709402994,10x212,0.08290919999126345,26,0.02905896606515616,0.4176558264034856,19,0.15229482494806096,0.08926350422339117,14,0.29336303529595403,0.05555484192107376,10,0.36438361533987246,0.03262582546863295
105,26-19-14-10,4,0.39566923052255576,10x212,0.06113710001227446,26,0.027736068224629012,0.4658059217772891,19,0.18150529016861092,0.18177251477544215,14,0.2903871503083666,0.09473627945166684,10,0.40780754675565284,0.0850476530902773
106,26-19-14-10,4,0.3787628119078303,10x212,0.07259740002336912,26,0.021950034232121253,0.46596164946341934,19,0.16704532406940908,0.1476273392949744,14,0.26426037716798556,0.11378962347893272,10,0.38995232463656365,0.09624967322682026
107,26-19-14-10,4,0.3470156514639996,10x212,0.07633119999081828,26,0.026373529643814633,0.4592008314805298,19,0.16408649035328013,0.14282730195851995,14,0.25599588962129205,0.08494096047624168,10,0.33993722661715275,0.05437282503578463
108,26-19-14-10,4,0.3771120585925504,10x212,0.07004800002323464,26,0.0284701538399369,0.4593293611090756,19,0.1471107917745701,0.1302145877501252,14,0.24474848865647597,0.06522510214660182,10,0.36997065005208646,0.05725825178450373
109,26-19-14-10,4,0.37223933790040264,10x212,0.06071419999352656,26,0.032449791157571115,0.4477750843398193,19,0.20221058629744176,0.13006357181218817,14,0.32454204548816834,0.08971639860253472,10,0.4303671201376302,0.08518798462655547
110,26-19-14-10,4,0.37858685890922966,10x212,0.07884920001379214,26,0.025675034729577054,0.44780417856421834,19,0.17713766968204125,0.10032538417766805,14,0.34736240464861606,0.06786225038414723,10,0.38787198337452256,0.0529800253169781
111,26-19-14-10,4,0.400248525068305,10x212,0.08740560000296682,26,0.023049702589268653,0.4286897981789214,19,0.18734205569365947,0.09119999169500664,14,0.3201515234556244,0.04677855929752456,10,0.44199335537318163,0.041260688390143185
112,26-19-14-10,4,0.33917346920045593,10x212,0.06481759998132475,26,0.02904131519660829,0.4265310186728467,19,0.17597598174205434,0.12394129535463183,14,0.25830504617457245,0.073226435579147,10,0.3976398959119862,0.06537566537548484
113,26-19-14-10,4,0.34015726228345405,10x212,0.07050609998987056,26,0.029005732436871587,0.4240082222924847,19,0.19007975310107111,0.13446362582546761,14,0.2778518744781926,0.08044391511965134,10,0.34152127711658026,0.053527756318645495
114,26-19-14-10,4,0.4310826742256383,10x212,0.06793299998389557,26,0.024563945865110275,0.4291580528730895,19,0.18033910316909307,0.11263787919205397,14,0.2695573824336532,0.0736341161154685,10,0.3754758853196642,0.07893459123956537
115,26-19-14-10,4,0.35355471804024197,10x212,0.061696199991274625,26,0.02280016008667047,0.43036228717873587,19,0.18589519667184157,0.14244447344406075,14,0.25692638176221,0.08786693459553474,10,0.3553667592081267,0.07047956759375472
116,26-19-14-10,4,0.3747165363336373,10x212,0.07798150001326576,26,0.025041872058503997,0.46130356167713077,19,0.17810907373595,0.16103684043394412,14,0.27751736862977994,0.10943199163336657,10,0.36656948224410585,0.08938076635080555
117,26-19-14-10,4,0.3682132660730017,10x212,0.08445100000244565,26,0.029075076246632574,0.48292664699720306,19,0.21594286419863543,0.14370357139827888,14,0.25159597745571266,0.08663293574654327,10,0.35448137471702423,0.0634087347663992
118,26-19-14-10,4,0.3668219890478778,10x212,0.053720800002338365,26,0.02636516604709694,0.42063470333603303,19,0.19170387911912545,0.11488309814486118,14,0.2679250660543505,0.0689236986129962,10,0.4135992681553717,0.0592037577749227
119,26-19-14-10,4,0.4494998157434139,10x212,0.07257239997852594,26,0.02556844278435062,0.45228010217281256,19,0.14696950957567112,0.11250331987876516,14,0.21177576280422875,0.054574832721932476,10,0.3559868192009023,0.0395282443637345
120,26-19-14-10,4,0.3790112469189127,10x212,0.07927439999184571,26,0.02659444329583717,0.43361641767229614,19,0.17501200062684186,0.08307950542831614,14,0.33616440611330917,0.051719974808791716,10,0.40813771559344025,0.03956059100594847
121,26-19-14-10,4,0.3563035691917085,10x212,0.0672715000109747,26,0.027253300648506767,0.45177087252919057,19,0.17073149782380082,0.13225161223500786,14,0.2659271726552279,0.07378192157151547,10,0.37415939877911997,0.05870771677589924
122,26-19-14-10,4,0.36389018470418927,10x212,0.07790840000961907,26,0.024179199088211298,0.4670048474047256,19,0.20615383583047728,0.10467101131175847,14,0.3109887008305068,0.07112846270852587,10,0.38081564272628066,0.05198625580544189
123,26-19-14-10,4,0.39612329243496747,10x212,0.06892990000778809,26,0.02660219144272525,0.469952085323865,19,0.17539307759295544,0.15107196628045658,14,0.261824062809916,0.0709134639176954,10,0.4031276719386914,0.07382972493574241
124,26-19-14-10,4,0.3690723161202973,10x212,0.057389199995668605,26,0.025710341120555116,0.48388221259992914,19,0.1753138743071235,0.12443006486544318,14,0.2669992094911968,0.07446382248809984,10,0.35215098641778453,0.06358091327667796
125,26-19-14-10,4,0.41788141975959714,10x212,0.0660531000175979,26,0.028538532952625685,0.42174986517445956,19,0.1618034572329597,0.09794933027593912,14,0.23329522814243836,0.029381847816422592,10,0.35562715722560245,0.025698268975090175
126,26-19-14-10,4,0.37469668208629453,10x212,0.059669299982488155,26,0.030273416193516325,0.420924366934131,19,0.12379123245189837,0.0966766470587121,14,0.22216108945381957,0.0324011531198704,10,0.36466934971084247,0.021829196438377628
127,26-19-14-10,4,0.37469900930921407,10x212,0.06154309998964891,26,0.02834918930278007,0.4160812038414476,19,0.14631834134351146,0.1350355135929165,14,0.1922624699263501,0.0670641614926771,10,0.3499799845440324,0.05241624979275997
128,26-19-14-10,4,0.3314332950106697,10x212,0.07244920000084676,26,0.026097471204525644,0.44971969359185365,19,0.1344192553395451,0.11426727974937378,14,0.20509827463438643,0.04427236124730403,10,0.2709501077794188,0.024219345153119937
129,26-19-14-10,4,0.31116151481476645,10x212,0.07302740000886843,26,0.028419800642521698,0.43764916517273345,19,0.14324380069561504,0.09793778810558572,14,0.23585431099153129,0.054837754655398564,10,0.3368548635625182,0.03575356602435598
130,26-19-14-10,4,0.3101634015389327,10x212,0.0677402000001166,26,0.02686405894742843,0.4336115032717465,19,0.13651003561384775,0.12419390453944078,14,0.19641986473965856,0.04902857707855885,10,0.3472940689865526,0.024213694047680423
131,26-19-14-10,4,0.369661490297927,10x212,0.0846519999904558,26,0.029384491178644605,0.4386880447124634,19,0.15934498742360695,0.1332079429592766,14,0.2025831776909101,0.05248819662543066,10,0.35606329336364645,0.03394777259226758
132,26-19-14-10,4,0.31698957490158486,10x212,0.09166580002056435,26,0.028668303415198385,0.4219143042177001,19,0.1344140984776788,0.11743662573626168,14,0.15683342777620268,0.04004183494147982,10,0.30210095041481616,0.018923362031343528
133,26-19-14-10,4,0.29449971513484596,10x212,0.07370830001309514,26,0.024584464150616343,0.44256416022961137,19,0.15546707788810613,0.1617069319251688,14,0.21796297709377513,0.07127727065397445,10,0.2865780229237285,0.03032637761967957
134,26-19-14-10,4,0.3701536110720974,10x212,0.06802949999109842,26,0.0284221740981483,0.3849849868677351,19,0.13536139124531046,0.11189754536318093,14,0.22818519967953255,0.05246134679431374,10,0.34901530787724444,0.030099218558678878
135,26-19-14-10,4,0.3054329770145572,10x212,0.08305799998925067,26,0.025124075985678715,0.41626387205163967,19,0.1203359599683906,0.10097748011173033,14,0.19632501097911667,0.03609614230828208,10,0.3372596244422428,0.019948627981339735
136,26-19-14-10,4,0.33490860467049355,10x212,0.07233840000117198,26,0.02574619485067167,0.4436106999057632,19,0.13028598367238292,0.10025738995275826,14,0.21121732371024687,0.03098514640606826,10,0.37940981971688237,0.030581207856509984
137,26-19-14-10,4,0.3691666185340911,10x212,0.08057089999783784,26,0.030285272886827034,0.4180988768275937,19,0.14802448589291284,0.10961140133681894,14,0.16364163560482026,0.03673994027154492,10,0.36882344394480315,0.044168755594002386
138,26-19-14-10,4,0.36007772499384777,10x212,0.06721809998271056,26,0.02946652451375165,0.4226555968912946,19,0.15346613631141237,0.09167652655617221,14,0.23615744212654818,0.03432106491009014,10,0.41368310480297554,0.03300039024642919
139,26-19-14-10,4,0.3425603775255336,10x212,0.07456080001429655,26,0.03031076125328065,0.43003507691405624,19,0.136193496588622,0.12032383326939446,14,0.17718118387367648,0.04418325016381228,10,0.3107359146824746,0.022651668663773612
140,26-19-14-10,4,0.3497114929101857,10x212,0.09416589999455027,26,0.02541082228897698,0.4217233139171923,19,0.1360184942823998,0.10861264611983783,14,0.24662780944982388,0.03358476731986629,10,0.38352634599501934,0.023564559033140257
141,26-19-14-10,4,0.32484282670110526,10x212,0.07485199999064207,26,0.029606174332684095,0.42833875001544786,19,0.14621196744406306,0.15953097981787456,14,0.19355919554980291,0.0537841900846334,10,0.31376413911003276,0.0384513095842575
142,26-19-14-10,4,0.3491850782694006,10x212,0.07414609999977984,26,0.029844154580135476,0.4313491085854895,19,0.12773969882381306,0.14916877820171212,14,0.18915665318333266,0.08388452084574961,10,0.2863790987195025,0.06252272334297224
143,26-19-14-10,4,0.3165382217451086,10x212,0.06644260001485236,26,0.026455277375901497,0.3937016020249963,19,0.16725743042571442,0.10801462238105405,14,0.19671136250535515,0.049455652731053686,10,0.3061390476919612,0.027517875739141197
144,26-19-14-10,4,0.29628344192333883,10x212,0.07557300000917166,26,0.028178424609081265,0.4258037267820398,19,0.1371455099367735,0.14476723580747553,14,0.23142223171082163,0.06820026364185722,10,0.28678825761360316,0.04367920080379113
145,26-19-14-10,4,0.34464811864508277,10x212,0.07217800000216812,26,0.026964196185784356,0.40451395122801187,19,0.14082786116558849,0.13332826607048065,14,0.18812890087408932,0.058520326611286005,10,0.3134113634477671,0.04052561932412711
146,26-19-14-10,4,0.31616394019640726,10x212,0.062108199985232204,26,0.02820472884031209,0.40566403226333164,19,0.14559890490801647,0.11989790561197816,14,0.20364575902215598,0.05333062961849277,10,0.3161038326242166,0.03450253082563124
147,26-19-14-10,4,0.38322963523114656,10x212,0.06756520000635646,26,0.02654799581025026,0.4137285124380798,19,0.12694247548761198,0.11604409817563521,14,0.18616645591831993,0.03771378500345193,10,0.3607595387425776,0.02360061568563945
148,26-19-14-10,4,0.34001704591364157,10x212,0.0785617999790702,26,0.027667943112066298,0.4118059549129501,19,0.14844459970005566,0.12630173742247155,14,0.20202154257922447,0.03496956728129286,10,0.36248342234755665,0.019532037947100025
149,26-19-14-10,4,0.38057498615479657,10x212,0.06943229999160394,26,0.025068539171146896,0.4182952744469616,19,0.1420488812053218,0.11591208832494915,14,0.21601319010999062,0.04049220428678214,10,0.3472401875633631,0.029495214720327758
150,26-19-14-10,4,0.3312620296696308,10x212,0.0687947999977041,26,0.02740112936975788,0.4275363966169287,19,0.14812346382805952,0.14715109889122754,14,0.19630516473575296,0.08230711440577651,10,0.3324414058937716,0.058983735577347034
151,26-19-14-10,4,0.2773682919635264,10x212,0.06595289998222142,26,0.027107821342214462,0.41068522982408867,19,0.1460558839468949,0.11009501810113022,14,0.23498206148207276,0.04532098414032394,10,0.3845282459174123,0.035351384576280016
152,26-19-14-10,4,0.30527021686836947,10x212,0.06435400000191294,26,0.027907109140410575,0.43542584856538374,19,0.15085141086638246,0.12942586223277452,14,0.20460841861927742,0.04261122399524985,10,0.33086982766334616,0.0277574421295835
153,26-19-14-10,4,0.31068685370555454,10x212,0.07763129999511875,26,0.025589042109809886,0.4345827973252418,19,0.12791983932080592,0.12100351135470747,14,0.1859779601970335,0.04332403236753812,10,0.3170896436552914,0.027664271374808806
154,26-19-14-10,4,0.34473391168372336,10x212,0.07664710000972264,26,0.02764960784955844,0.41114477636376834,19,0.14466986193043183,0.16069301221873325,14,0.2432138522001624,0.07921564278767203,10,0.3167440557299845,0.058861561902544976
155,26-19-14-10,4,0.3349132403240563,10x212,0.06987779997871257,26,0.02618614710035704,0.4129404994999363,19,0.13150729545174597,0.1271915505707965,14,0.1850445085733265,0.05776556503077017,10,0.2850063978897105,0.03699855838647326
156,26-19-14-10,4,0.2978452603514571,10x212,0.09470700001111254,26,0.027775729554779943,0.42597829592524267,19,0.13828091982577018,0.08240148311348025,14,0.22839860206336624,0.028072428889303835,10,0.3832772548821348,0.022195959534731753
157,26-19-14-10,4,0.3824749006705124,10x212,0.08568560000276193,26,0.03693471493357555,0.4256042626277258,19,0.1624617741589742,0.2006663797784072,14,0.30990995235650204,0.1381861851696496,10,0.34711674581278784,0.1380408641292225
158,26-19-14-10,4,0.38279317365284043,10x212,0.08781259998795576,26,0.03476947761619082,0.4372703027892033,19,0.2219355205941998,0.16284531161994775,14,0.3005574120106101,0.13870313863197195,10,0.3864789390385004,0.1313547807401837
159,26-19-14-10,4,0.3740598524636659,10x212,0.0883134999894537,26,0.03537099083273419,0.416172863247191,19,0.18868854768857127,0.13503430850484738,14,0.3167463847106272,0.1112342313381459,10,0.30447342400307537,0.09029867151962732
160,26-19-14-10,4,0.39914228960858583,10x212,0.07359389998600818,26,0.04061957525428945,0.3697370845289699,19,0.2220739121208028,0.13988771991128332,14,0.3308130125577841,0.09325453571210558,10,0.42376044597574053,0.10545140346434281
161,26-19-14-10,4,0.37560266159655115,10x212,0.05339819999062456,26,0.03927235128371794,0.4025374104358532,19,0.1681008934717199,0.13127587998464574,14,0.2840902567053131,0.10029261778444522,10,0.37374041663719426,0.0918633261981324
162,26-19-14-10,4,0.3913978649934121,10x212,0.05346259998623282,26,0.03427229563991443,0.42031211424736714,19,0.2030797063801458,0.13204834158204826,14,0.3184194390903185,0.09951262728340732,10,0.37757851199914827,0.10808884936779359
163,26-19-14-10,4,0.3980137145835801,10x212,0.061222099990118295,26,0.03665289956471757,0.3974798926508832,19,0.2412527585408489,0.1489327354945273,14,0.31463799869714454,0.10672813590269252,10,0.39016177643363487,0.10155357009218985
164,26-19-14-10,4,0.38820094139919875,10x212,0.07981989998370409,26,0.04145888129512008,0.4119949235491749,19,0.16931373399408237,0.15998080374891277,14,0.22752122419263396,0.09253822910153871,10,0.36364383023256586,0.08532399755009515
165,26-19-14-10,4,0.39074312342046763,10x212,0.07111609997809865,26,0.03748337628887391,0.38703050470711964,19,0.19709485296669885,0.19194054913462075,14,0.33299439180350676,0.12661040364388795,10,0.3572489342822469,0.14195440909965973
166,26-19-14-10,4,0.3700620968012118,10x212,0.05926239999826066,26,0.03812689930991447,0.35019475322209576,19,0.19575189160268366,0.1477976340535428,14,0.24929471295002614,0.1041887838783737,10,0.38807480536578437,0.091822110685216
167,26-19-14-10,4,0.36942031366918826,10x212,0.07679210000787862,26,0.03973246750877264,0.3973125409953319,19,0.16364572856276996,0.1362626468866538,14,0.3078607589811532,0.09710320019891924,10,0.31459272455574394,0.07295006811587307
168,26-19-14-10,4,0.4230741697186674,10x212,0.07153130002552643,26,0.03567102419018733,0.3802425857352486,19,0.1757340932875569,0.186364463083293,14,0.3678045732027797,0.12792951801646563,10,0.39442809286554553,0.1369618147654477
