indice_interno,base,clase,archivo,distribucion,representacion,numero_capas,inicializacion_onmf,error_final,forma_h_final,segundos_extraccion_deep,capa_1_rango,capa_1_error,capa_1_ortogonalidad_h,capa_1_segundos,capa_2_rango,capa_2_error,capa_2_ortogonalidad_h,capa_2_segundos,capa_3_rango,capa_3_error,capa_3_ortogonalidad_h,capa_3_segundos,capa_4_rango,capa_4_error,capa_4_ortogonalidad_h,capa_4_segundos
0,original,N,New_N_001.wav,20-16-13-10,DeepONMF_H4,4,nndsvd,0.24712842956794703,10x212,0.03567369992379099,20,0.08004734404970881,0.20266648428464,0.022699299966916442,16,0.05594372021851336,0.17059775569103489,0.004704499966464937,13,0.05589158344986878,0.1905053624820317,0.0040206999983638525,10,0.05637101917071878,0.21873392614712972,0.0033767999848350883
1,original,N,New_N_002.wav,20-16-13-10,DeepONMF_H4,4,nndsvd,0.24646434880707122,10x212,0.035257000010460615,20,0.07089870943244417,0.22375185916129606,0.02252940007019788,16,0.056404327232805904,0.16534750604646212,0.004512500017881393,13,0.05650810185877281,0.16831543569426266,0.003919999930076301,10,0.05788333009465085,0.1715693911866671,0.0032879000063985586
2,original,N,New_N_003.wav,20-16-13-10,DeepONMF_H4,4,nndsvd,0.24828619342970173,10x212,0.034235999919474125,20,0.07772964514439129,0.1665851576873361,0.021125099970959127,16,0.05578981226953016,0.16359745006146328,0.004549300065264106,13,0.057297767082865284,0.18013899723006027,0.0039839999517425895,10,0.05674882733635654,0.19900560597156702,0.0034522999776527286
3,original,N,New_N_004.wav,20-16-13-10,DeepONMF_H4,4,nndsvd,0.24686897605616312,10x212,0.034239500062540174,20,0.07733255038767638,0.20345599007111925,0.020636499975807965,16,0.05574322345453737,0.18418180449740013,0.004607700044289231,13,0.05603175288489176,0.21269153877591124,0.0039561999728903174,10,0.05689044481542917,0.2534595164536956,0.00405069999396801
4,original,N,New_N_005.wav,20-16-13-10,DeepONMF_H4,4,nndsvd,0.24603343785385576,10x212,0.03540910000447184,20,0.07490858481734768,0.20177404439601185,0.021869499934837222,16,0.056391876608328305,0.20163834443987358,0.004548599943518639,13,0.05621224727647055,0.20656449934154933,0.004151199944317341,10,0.05660192771972639,0.24578599830050799,0.003980099922046065
5,original,N,New_N_006.wav,20-16-13-10,DeepONMF_H4,4,nndsvd,0.2473787157336221,10x212,0.03813690005335957,20,0.07990546300676138,0.22689285658033895,0.022935699904337525,16,0.056171395450644465,0.178901971121308,0.0049282999243587255,13,0.05605771737263745,0.15408656711383203,0.005282999947667122,10,0.05677461296502512,0.16149184686660628,0.00407429994083941
6,original,N,New_N_007.wav,20-16-13-10,DeepONMF_H4,4,nndsvd,0.2491710446924645,10x212,0.040435099974274635,20,0.0737497754694659,0.21228940679648214,0.02373110002372414,16,0.05645652735165522,0.18678964763300285,0.0068156999768689275,13,0.0568687089067399,0.19281601124262324,0.004902000073343515,10,0.058531899638194794,0.217034504817305,0.004057600046508014
7,original,N,New_N_008.wav,20-16-13-10,DeepONMF_H4,4,nndsvd,0.24623101003698838,10x212,0.04017659998498857,20,0.069557277542677,0.19033662979283528,0.025506400037556887,16,0.055919773384280974,0.1768409353893005,0.005022999946959317,13,0.05623805486490685,0.18351818461507227,0.004770200001075864,10,0.058857555282536195,0.18051276213344383,0.0039981999434530735
8,original,N,New_N_009.wav,20-16-13-10,DeepONMF_H4,4,nndsvd,0.24700630627072173,10x212,0.03744149999693036,20,0.07613698322264403,0.21432611166692847,0.022784499917179346,16,0.05629657995251191,0.1644279373114258,0.005242199986241758,13,0.056220162016813624,0.16532941037600934,0.004767099977470934,10,0.056944016370139884,0.18626728450040722,0.003694899962283671
9,original,N,New_N_010.wav,20-16-13-10,DeepONMF_H4,4,nndsvd,0.2482927854935204,10x212,0.03753850003704429,20,0.08434904609678688,0.20718257196543166,0.02233990002423525,16,0.05633281448517319,0.21489840385621975,0.005905000027269125,13,0.055995910943948894,0.22050428319582893,0.004473600070923567,10,0.056989715708112884,0.21971008998575223,0.0038306000642478466
10,original,N,New_N_011.wav,20-16-13-10,DeepONMF_H4,4,nndsvd,0.24669081144768468,10x212,0.039405299932695925,20,0.07278155084093393,0.21384655710866912,0.023994300048798323,16,0.05571983462094725,0.20130469511112134,0.005140900029800832,13,0.05577271047651076,0.20590992124952037,0.004588900017552078,10,0.05816204665167306,0.21456569743219592,0.004777899943292141
11,original,N,New_N_012.wav,20-16-13-10,DeepONMF_H4,4,nndsvd,0.2481347218396466,10x212,0.03781149990390986,20,0.07185950012813998,0.2113919240202488,0.02170369995292276,16,0.05635488700014691,0.16123195652128736,0.006010400014929473,13,0.056767773372551095,0.16596822947760137,0.0052643000381067395,10,0.05760632157140928,0.21952734517482145,0.003879799973219633
12,original,N,New_N_013.wav,20-16-13-10,DeepONMF_H4,4,nndsvd,0.25102201832590926,10x212,0.034893900039605796,20,0.0796153776975509,0.19461401795669495,0.020780100021511316,16,0.05584360045207266,0.18641565824588344,0.0053279000567272305,13,0.05742552124862971,0.20076032930862142,0.004403200000524521,10,0.05779729905268822,0.22931137406619165,0.003517799894325435
13,original,N,New_N_014.wav,20-16-13-10,DeepONMF_H4,4,nndsvd,0.2472267362630521,10x212,0.03454540006350726,20,0.07571292838277435,0.2314269698178902,0.020769600057974458,16,0.055766849699950743,0.2027772189640962,0.0051995000103488564,13,0.05630082340933585,0.20612265833691196,0.00421659997664392,10,0.05727305896417482,0.2419777979039931,0.003339499933645129
14,original,N,New_N_015.wav,20-16-13-10,DeepONMF_H4,4,nndsvd,0.2500576732208875,10x212,0.03578929998911917,20,0.07583711938684494,0.19474915325270678,0.02247289998922497,16,0.056705747054178655,0.16029932218395831,0.004989999928511679,13,0.0567655370671397,0.15603869007255314,0.003970799967646599,10,0.05832612816708017,0.16707206664404547,0.003346299985423684
15,original,N,New_N_016.wav,20-16-13-10,DeepONMF_H4,4,nndsvd,0.24986291969875316,10x212,0.034939899924211204,20,0.07461046894434899,0.18770172425149764,0.02178870001807809,16,0.05662346869014778,0.13790018379697525,0.004704499966464937,13,0.05660067323175295,0.15678576524888724,0.00405820005107671,10,0.06056289254807381,0.17177206131132064,0.003346599987708032
16,original,N,New_N_017.wav,20-16-13-10,DeepONMF_H4,4,nndsvd,0.24955265413252933,10x212,0.03645360004156828,20,0.07720308836214637,0.1861030143359644,0.023174599977210164,16,0.05677913461007221,0.1501585510450026,0.004811899969354272,13,0.05635797791465734,0.12861255242030822,0.003982799942605197,10,0.05936476768678016,0.14509532346148574,0.003525199950672686
17,original,N,New_N_018.wav,20-16-13-10,DeepONMF_H4,4,nndsvd,0.2478126275044584,10x212,0.0355627000099048,20,0.07783758973130281,0.2013489077389668,0.02202239993494004,16,0.05597750599448629,0.17870271642151123,0.004592999932356179,13,0.05630275600925216,0.19383259026826485,0.004191600019112229,10,0.057368040838558745,0.19335299439817039,0.0037601999938488007
18,original,N,New_N_019.wav,20-16-13-10,DeepONMF_H4,4,nndsvd,0.24756946723186773,10x212,0.03332819999195635,20,0.08052504205624039,0.1895716458409321,0.01992170000448823,16,0.056060625352796135,0.17727996415934572,0.0045464999275282025,13,0.055992517970999675,0.1740157624942321,0.0039215999422594905,10,0.056923764000562545,0.18734160256167717,0.003928299993276596
19,original,N,New_N_020.wav,20-16-13-10,DeepONMF_H4,4,nndsvd,0.24768787709122148,10x212,0.03354760003276169,20,0.07917669198049293,0.20934300047629642,0.020214399904944003,16,0.05594033714160186,0.18139073521731985,0.004568499978631735,13,0.05654721240968075,0.18095716575551396,0.004132999922148883,10,0.05662239120180694,0.17337207218049072,0.0037890999810770154
20,original,N,New_N_021.wav,20-16-13-10,DeepONMF_H4,4,nndsvd,0.24575517430809046,10x212,0.036292499979026616,20,0.07206038349945956,0.2057660029312856,0.021043899934738874,16,0.056551699976987495,0.18317452334208167,0.005414799903519452,13,0.05584577675045634,0.1734688941549443,0.00500650005415082,10,0.056674603432538495,0.1969235755425817,0.004053000011481345
21,original,N,New_N_022.wav,20-16-13-10,DeepONMF_H4,4,nndsvd,0.2462761980520669,10x212,0.03543569997418672,20,0.0742674237047806,0.19546301404538347,0.02160579990595579,16,0.056368152429768434,0.1495559476574944,0.004538599983789027,13,0.05584191298977947,0.15447222416015746,0.004736399976536632,10,0.056848961406889255,0.1564274481072138,0.0036916000535711646
22,original,N,New_N_023.wav,20-16-13-10,DeepONMF_H4,4,nndsvd,0.24924773609850692,10x212,0.034619899932295084,20,0.07302359068069522,0.17635039509263448,0.02095279993955046,16,0.05646371390572944,0.16640669334655184,0.004904599976725876,13,0.057260326848953484,0.14760936228799038,0.004266700008884072,10,0.06007277798821927,0.15690404966130525,0.003476299927569926
23,original,N,New_N_024.wav,20-16-13-10,DeepONMF_H4,4,nndsvd,0.2482246973685497,10x212,0.03376829996705055,20,0.07461835803253239,0.20243169067325545,0.01971399993635714,16,0.056702534653409194,0.16962556348322846,0.00503729993943125,13,0.05659903138742246,0.15302647243503933,0.004311299999244511,10,0.057632686755622324,0.17465843242435047,0.0036105000181123614
24,original,N,New_N_025.wav,20-16-13-10,DeepONMF_H4,4,nndsvd,0.2497417998058664,10x212,0.034375399933196604,20,0.08325964317926329,0.19634885331937008,0.020200799917802215,16,0.056186984915320835,0.16272541637776433,0.005148799973540008,13,0.0567108290176194,0.16105141363025496,0.004133899929001927,10,0.060271217777911425,0.1896352133073173,0.003515399992465973
25,original,N,New_N_026.wav,20-16-13-10,DeepONMF_H4,4,nndsvd,0.2506235660850143,10x212,0.03380410000681877,20,0.0765411810436831,0.1854611309015859,0.019658999983221292,16,0.056355869389645284,0.14297827466984322,0.00516029994469136,13,0.05650875702479166,0.1502737447241128,0.004215699969790876,10,0.06062143087425765,0.16852324850042058,0.003424900001846254
26,original,N,New_N_027.wav,20-16-13-10,DeepONMF_H4,4,nndsvd,0.24711499598318015,10x212,0.033370899967849255,20,0.07495491022262696,0.1707565373207124,0.019594100071117282,16,0.05613815081761637,0.156730725594195,0.0052665999392047524,13,0.05661297601275848,0.17557355204023134,0.004127299995161593,10,0.057748809626094154,0.2009862919681053,0.003417799947783351
27,original,N,New_N_028.wav,20-16-13-10,DeepONMF_H4,4,nndsvd,0.2456962828372243,10x212,0.03456579998601228,20,0.07566282430793345,0.19382123795129697,0.020699899992905557,16,0.05563716205647103,0.17520341409033127,0.0053218998946249485,13,0.05564264480753972,0.16956259756319583,0.004132000030949712,10,0.05690157358376837,0.17491964590772957,0.0034198000794276595
28,original,N,New_N_029.wav,20-16-13-10,DeepONMF_H4,4,nndsvd,0.2508612295484106,10x212,0.03503809997346252,20,0.0737090361072393,0.18273578244400568,0.02204009995330125,16,0.057118137267332045,0.15108327586614412,0.004642399959266186,13,0.05681328192853793,0.14126662320238298,0.0041111999889835715,10,0.05952455116138075,0.13102104446283758,0.003360999980941415
29,original,N,New_N_030.wav,20-16-13-10,DeepONMF_H4,4,nndsvd,0.24894265517832084,10x212,0.03478749992791563,20,0.07904707126548745,0.21851562563147167,0.0217362999683246,16,0.05618566265994752,0.16910433495162555,0.0045998001005500555,13,0.05643298659606881,0.1927386717389957,0.004013900063000619,10,0.05734223589313447,0.1940251252353445,0.0033302000956609845
30,original,N,New_N_031.wav,20-16-13-10,DeepONMF_H4,4,nndsvd,0.24802175564566623,10x212,0.03447410010267049,20,0.07759656943435561,0.2029302527702071,0.02123740001115948,16,0.056569110612376794,0.18405990485414103,0.004889200092293322,13,0.055993954413336954,0.20099331466541956,0.003914900007657707,10,0.05861273047213639,0.2294185558329421,0.0033956000115722418
31,original,N,New_N_032.wav,20-16-13-10,DeepONMF_H4,4,nndsvd,0.24884812106438503,10x212,0.03505129995755851,20,0.0783510407563927,0.18915989377692918,0.021137300063855946,16,0.05632038668096821,0.1625170172992583,0.00451910006813705,13,0.057399093333435416,0.1552704194160102,0.0040148000698536634,10,0.0573854463356269,0.17749083495534407,0.0045353000750765204
32,original,N,New_N_033.wav,20-16-13-10,DeepONMF_H4,4,nndsvd,0.24924879982594061,10x212,0.03380010009277612,20,0.07292370926279541,0.193922623281474,0.02028910000808537,16,0.056771360294354575,0.14764446335236642,0.004622099921107292,13,0.05823247689081049,0.16193787396471562,0.004011800047010183,10,0.059257513392799374,0.17521745314370765,0.004022700013592839
33,original,N,New_N_034.wav,20-16-13-10,DeepONMF_H4,4,nndsvd,0.24735111098068885,10x212,0.034164899960160255,20,0.07858880070568308,0.21288335314017554,0.02091580000706017,16,0.05596798755924145,0.16926476514664046,0.004542500013485551,13,0.05597176285994618,0.18318278023485815,0.0040191999869421124,10,0.05677067573979161,0.19871642541227755,0.0037895001005381346
34,original,N,New_N_035.wav,20-16-13-10,DeepONMF_H4,4,nndsvd,0.24765306242528368,10x212,0.03574899991508573,20,0.07542511436536989,0.1954148024090163,0.022062000003643334,16,0.05706699334619333,0.16229895648940454,0.00491610006429255,13,0.05606621779438809,0.16074070860618248,0.004439900047145784,10,0.05771756717597061,0.18060013200077307,0.003575499984435737
35,original,N,New_N_036.wav,20-16-13-10,DeepONMF_H4,4,nndsvd,0.24926646601982988,10x212,0.03702799999155104,20,0.07652412078210186,0.19037658481582384,0.021370999980717897,16,0.055777996930374614,0.1588025923675996,0.005367000005207956,13,0.05648089687933035,0.18470177373449417,0.005443600006401539,10,0.057869479508658464,0.20864100087348839,0.00395310006570071
36,original,N,New_N_037.wav,20-16-13-10,DeepONMF_H4,4,nndsvd,0.2426942138872135,10x212,0.04041859996505082,20,0.06752730016551406,0.1833059650556408,0.023932900046929717,16,0.0553804946029695,0.18318767680412507,0.006069399998523295,13,0.05534207087610894,0.17854859195775177,0.004919600090943277,10,0.05647095497748633,0.16332364826685875,0.004307599971070886
37,original,N,New_N_038.wav,20-16-13-10,DeepONMF_H4,4,nndsvd,0.2419603903629071,10x212,0.03953509998973459,20,0.06861098612859656,0.16918731462881775,0.024024900048971176,16,0.05533947980527829,0.16444498779107625,0.005127200041897595,13,0.05545777199449376,0.16880187877245717,0.005432500038295984,10,0.05562075524746773,0.18896430015466567,0.003959000110626221
38,original,N,New_N_039.wav,20-16-13-10,DeepONMF_H4,4,nndsvd,0.2419548091955122,10x212,0.03901339997537434,20,0.06770095860689468,0.17075197109515683,0.024050200008787215,16,0.05544998450803463,0.1560981198175118,0.005684299976564944,13,0.05539809193700088,0.14026240458324177,0.0046039000153541565,10,0.05550214894220571,0.16240017409786187,0.0038147999439388514
39,original,N,New_N_040.wav,20-16-13-10,DeepONMF_H4,4,nndsvd,0.24197514033994869,10x212,0.03642249992117286,20,0.06776114374347889,0.1935791136807492,0.021335900062695146,16,0.05531388096511961,0.16653404856227497,0.005359799950383604,13,0.0553379266976714,0.16665397380330246,0.004481799900531769,10,0.055549872700038035,0.18425245084130845,0.0037474000127986073
40,original,N,New_N_041.wav,20-16-13-10,DeepONMF_H4,4,nndsvd,0.24242508538720847,10x212,0.03729930007830262,20,0.06490180197204738,0.19513299966842645,0.022417200030758977,16,0.05547825512513219,0.18473014436586288,0.005187800037674606,13,0.055418149581068554,0.1891484945812254,0.004533699946478009,10,0.05591272697338288,0.18968902772024615,0.004231599974445999
41,original,N,New_N_042.wav,20-16-13-10,DeepONMF_H4,4,nndsvd,0.24300756293786366,10x212,0.03555869997944683,20,0.06510880647472998,0.1970663200829877,0.0207943000132218,16,0.05564051704457302,0.13486998151853102,0.005102300085127354,13,0.05550094421753018,0.12462054475258239,0.004517300054430962,10,0.056608991814253364,0.14043229150875663,0.004213300067931414
42,original,N,New_N_043.wav,20-16-13-10,DeepONMF_H4,4,nndsvd,0.2433793321491626,10x212,0.03824639995582402,20,0.06522441720265812,0.2284614949452968,0.02343200007453561,16,0.05553569775020725,0.14940949175910254,0.00579149997793138,13,0.05556421685006041,0.16191416017754226,0.004446999984793365,10,0.05576395619415526,0.16714907967375106,0.003624300006777048
43,original,N,New_N_044.wav,20-16-13-10,DeepONMF_H4,4,nndsvd,0.24247032544208696,10x212,0.03581690008286387,20,0.06327961817130037,0.23831709311542174,0.021758500020951033,16,0.0555525735105504,0.14668848763910658,0.005270099965855479,13,0.05552668270397488,0.15255560878016583,0.004131199908442795,10,0.05607870283633219,0.17537703384840914,0.003397700027562678
44,original,N,New_N_045.wav,20-16-13-10,DeepONMF_H4,4,nndsvd,0.24421382049670992,10x212,0.03369259997271001,20,0.07005871393059547,0.21029945762810764,0.020057299989275634,16,0.055576244833201865,0.1556926296533573,0.005010599968954921,13,0.05554213928734685,0.13966271366754354,0.004147200030274689,10,0.05613661803096135,0.1373006146296162,0.0034244999988004565
45,original,N,New_N_046.wav,20-16-13-10,DeepONMF_H4,4,nndsvd,0.24308302708264684,10x212,0.036863000015728176,20,0.0652049013050331,0.203047836326252,0.02418150007724762,16,0.05551447355651031,0.17109579210536913,0.0045001000398769975,13,0.05555544330236058,0.17505474971714063,0.003914700006134808,10,0.05639441144640666,0.2219889094827151,0.003284199978224933
46,original,N,New_N_047.wav,20-16-13-10,DeepONMF_H4,4,nndsvd,0.24252168450994507,10x212,0.03126600000541657,20,0.06490600240743652,0.1998616861009292,0.018203499959781766,16,0.055447581454951995,0.17200611369763857,0.004686299944296479,13,0.055525017748973095,0.17286601467294757,0.004082600004039705,10,0.055895815304897484,0.19939167954221182,0.003335299901664257
47,original,N,New_N_048.wav,20-16-13-10,DeepONMF_H4,4,nndsvd,0.24452364334708887,10x212,0.0347418999299407,20,0.0733475075275085,0.21981391086886173,0.021964199957437813,16,0.05548257803206403,0.19622085484062673,0.004553699982352555,13,0.0554364919043619,0.19669856724211524,0.003976500011049211,10,0.05551222990942391,0.18837860958920358,0.0033267999533563852
48,original,N,New_N_049.wav,20-16-13-10,DeepONMF_H4,4,nndsvd,0.24211199439729306,10x212,0.03542500000912696,20,0.06118699958050802,0.24898713425286706,0.02173959999345243,16,0.05587034730480742,0.18237902043799625,0.005309900036081672,13,0.05552939855272823,0.1829786378651125,0.0038899999344721437,10,0.05595193036497731,0.1893229818064518,0.0036021999549120665
49,original,N,New_N_050.wav,20-16-13-10,DeepONMF_H4,4,nndsvd,0.24291823384080946,10x212,0.03459379996638745,20,0.06633205798778719,0.20528233820723102,0.020976799889467657,16,0.0554710472847561,0.14934170497477345,0.00470399996265769,13,0.05552121190097869,0.14390887916639827,0.004176800022833049,10,0.0556916614067774,0.17083096823232044,0.003915300010703504
50,original,N,New_N_051.wav,20-16-13-10,DeepONMF_H4,4,nndsvd,0.24387979065506957,10x212,0.03641369997058064,20,0.07201324819409675,0.1885440950184154,0.022166799986734986,16,0.05546107311159254,0.18153524348236155,0.004815699998289347,13,0.05543527188056706,0.19484243323084266,0.004191800020635128,10,0.055888591006985955,0.20429603697936544,0.0042818000074476
51,original,N,New_N_052.wav,20-16-13-10,DeepONMF_H4,4,nndsvd,0.24323035280508995,10x212,0.03516560001298785,20,0.06449711964416868,0.20890812570457604,0.0210124000441283,16,0.05549611978930974,0.16185314540247983,0.005008300067856908,13,0.055551462007098235,0.15514833686192908,0.004625899950042367,10,0.056029002592858854,0.15761536390597866,0.003593200002796948
52,original,N,New_N_053.wav,20-16-13-10,DeepONMF_H4,4,nndsvd,0.24274632723416759,10x212,0.0346438999986276,20,0.06642418869362955,0.19332534465987183,0.021091299946419895,16,0.055522049274947465,0.1762454803300906,0.004593700054101646,13,0.0554884115336618,0.19442189674873972,0.004392000031657517,10,0.055682550887881266,0.27440112556689666,0.003414199920371175
53,original,N,New_N_054.wav,20-16-13-10,DeepONMF_H4,4,nndsvd,0.24241338191067505,10x212,0.034852299955673516,20,0.0644854612858818,0.20438505277352365,0.020709199947305024,16,0.05552629677273654,0.17464850390487033,0.005273299990221858,13,0.05554218447916529,0.1886541459896374,0.0041464000241830945,10,0.055782363695047986,0.22672494285603484,0.003396900021471083
54,original,N,New_N_055.wav,20-16-13-10,DeepONMF_H4,4,nndsvd,0.24217081678374985,10x212,0.03318959998432547,20,0.0631228861135859,0.2136094964646717,0.019508800003677607,16,0.05545799029546183,0.20909886031253622,0.0049992999993264675,13,0.055438714327367064,0.23204663752993765,0.0040837000124156475,10,0.056054555840452415,0.2112180946672936,0.0033901999704539776
55,original,N,New_N_056.wav,20-16-13-10,DeepONMF_H4,4,nndsvd,0.24339050884292013,10x212,0.033459599944762886,20,0.06448935786678953,0.22424038091190315,0.019647000008262694,16,0.05563456382839448,0.14707421453312713,0.004970700014382601,13,0.05575419355842525,0.1520617240852539,0.0042511000065132976,10,0.05614033289584031,0.1823708957714604,0.0033542999299243093
56,original,N,New_N_057.wav,20-16-13-10,DeepONMF_H4,4,nndsvd,0.24250887684744832,10x212,0.034421500051394105,20,0.06436471951204538,0.2563888480643893,0.020571399945765734,16,0.05558805733566449,0.2055414598298641,0.00503910006955266,13,0.055419582681537974,0.22489702231837264,0.0041117999935522676,10,0.05549432517378435,0.22598866587640554,0.0034353999653831124
57,original,N,New_N_058.wav,20-16-13-10,DeepONMF_H4,4,nndsvd,0.24226894520225792,10x212,0.03506029990967363,20,0.06276649568691073,0.2235855189736378,0.021437000017613173,16,0.055523180308698586,0.1783890955207437,0.005116700078360736,13,0.055647184291970284,0.1894791455833186,0.0040324999717995524,10,0.05597951583670145,0.23379476558153936,0.0033412999473512173
58,original,N,New_N_059.wav,20-16-13-10,DeepONMF_H4,4,nndsvd,0.24261338475142352,10x212,0.03429960005450994,20,0.06548781055801872,0.20430481844322107,0.021229300065897405,16,0.055465647624324044,0.18529632386684197,0.004588800016790628,13,0.05554972542989932,0.18891934700820562,0.00413230003323406,10,0.05577807897083134,0.23179309016339933,0.0033174999989569187
59,original,N,New_N_060.wav,20-16-13-10,DeepONMF_H4,4,nndsvd,0.24304897487227847,10x212,0.03582849993836135,20,0.06843816732081137,0.22971867979434274,0.02282539999578148,16,0.05546308148662085,0.19160787912315352,0.004596999962814152,13,0.05538871493297796,0.2095504835771049,0.00393820006866008,10,0.0555126367527227,0.23328516854705172,0.0033216000301763415
60,original,N,New_N_061.wav,20-16-13-10,DeepONMF_H4,4,nndsvd,0.24347578877434006,10x212,0.03290460002608597,20,0.06494479596849022,0.209142392898934,0.019652500050142407,16,0.055472609656373045,0.1625951217191606,0.004623600048944354,13,0.055885414076503444,0.1486501389857069,0.00397520000115037,10,0.05693169006164923,0.1631036572419684,0.0035128999734297395
61,original,N,New_N_062.wav,20-16-13-10,DeepONMF_H4,4,nndsvd,0.2419426131091888,10x212,0.03495910007040948,20,0.06325325322670354,0.2364778505988989,0.021367000066675246,16,0.055456152592854004,0.23611079911805716,0.004596899962052703,13,0.055480326565901045,0.26601033185801753,0.004320499952882528,10,0.05558041032789979,0.28835914679223457,0.003584700054489076
62,original,N,New_N_063.wav,20-16-13-10,DeepONMF_H4,4,nndsvd,0.24255122064870746,10x212,0.033873099950142205,20,0.06448073882194347,0.20927080820392208,0.020691100042313337,16,0.055634436814353226,0.1990338790207429,0.004472100059501827,13,0.05555831970669925,0.19756393282676354,0.004145900020375848,10,0.05574293552285062,0.20164379318080453,0.0035770999966189265
63,original,N,New_N_064.wav,20-16-13-10,DeepONMF_H4,4,nndsvd,0.24226989465198925,10x212,0.03243939997628331,20,0.06338526488646289,0.214729340282182,0.019357700017280877,16,0.0555861511979157,0.20173820465784445,0.004816600005142391,13,0.055506178734706514,0.22829563009320913,0.003950600046664476,10,0.05576759240275118,0.2436647775293501,0.0033370000310242176
64,original,N,New_N_065.wav,20-16-13-10,DeepONMF_H4,4,nndsvd,0.24267182562546605,10x212,0.03435129998251796,20,0.06584585623040572,0.1982362492542639,0.021077599958516657,16,0.055631279205374626,0.183410330008028,0.004672800074331462,13,0.05550555536034407,0.18627636130042638,0.004045800073072314,10,0.055798958849348566,0.19759571263537948,0.003739899955689907
65,original,N,New_N_066.wav,20-16-13-10,DeepONMF_H4,4,nndsvd,0.24201795407035073,10x212,0.03668000001925975,20,0.062368968690114004,0.19442736166893618,0.021892699995078146,16,0.05548169184785947,0.17158270244187157,0.0048451999900862575,13,0.055608479043707186,0.18057060490939308,0.004965999978594482,10,0.05598210517097541,0.20309678323652913,0.004044399945996702
66,original,N,New_N_067.wav,20-16-13-10,DeepONMF_H4,4,nndsvd,0.24216663802886967,10x212,0.03878389997407794,20,0.06158141595520694,0.22203490430994421,0.022777599981054664,16,0.055610913832988294,0.19403124181555167,0.005660900031216443,13,0.05563594884684596,0.2103764738318485,0.005352200008928776,10,0.05615364619010976,0.2042484071008107,0.004058500053361058
67,original,N,New_N_068.wav,20-16-13-10,DeepONMF_H4,4,nndsvd,0.24381759120556054,10x212,0.03482499998062849,20,0.06774863762883819,0.2079757461995091,0.020894399960525334,16,0.05550657241512433,0.17520787929952022,0.0052677999483421445,13,0.055410868836812115,0.1913601655747808,0.004224400036036968,10,0.05635487385322411,0.1962380833338896,0.0034287000307813287
68,original,N,New_N_069.wav,20-16-13-10,DeepONMF_H4,4,nndsvd,0.24462115356600825,10x212,0.03379220003262162,20,0.07015810908053427,0.19404974182339257,0.019300300045870245,16,0.05569952645548451,0.17204142261852734,0.005809800000861287,13,0.056028689225351376,0.18710829741685614,0.004134800052270293,10,0.05637281483509275,0.20918855400758285,0.0034283000277355313
69,original,N,New_N_070.wav,20-16-13-10,DeepONMF_H4,4,nndsvd,0.24524039296265226,10x212,0.03350070002488792,20,0.0703706110932355,0.18493843052487946,0.019808400073088706,16,0.055727001441104665,0.17657896039581658,0.005025999969802797,13,0.05630448498253621,0.17744123147845298,0.0040398999117314816,10,0.057062299489114864,0.2256930006727172,0.0033236000454053283
70,original,N,New_N_071.wav,20-16-13-10,DeepONMF_H4,4,nndsvd,0.2442170324997858,10x212,0.032662499928846955,20,0.0691145113830016,0.23594660987955798,0.018475400051102042,16,0.05558444800546425,0.1906929624553583,0.005233700037933886,13,0.05561648819371197,0.19384573491041163,0.004206000012345612,10,0.05636104246669278,0.19177499102200607,0.0034182999515905976
71,original,N,New_N_072.wav,20-16-13-10,DeepONMF_H4,4,nndsvd,0.2445578699238516,10x212,0.03437650005798787,20,0.07066028569824617,0.1982774474225279,0.019105999963358045,16,0.05556884020352993,0.16465316906978658,0.00622270000167191,13,0.055706520165096425,0.17452646499689153,0.004404100007377565,10,0.05724545436034984,0.19148041828864112,0.0033552999375388026
72,original,N,New_N_073.wav,20-16-13-10,DeepONMF_H4,4,nndsvd,0.24553829807060853,10x212,0.032335199997760355,20,0.0699981215240489,0.16697280309437143,0.01854229997843504,16,0.0556503207867802,0.15050075648470435,0.005128599936142564,13,0.0559085496920022,0.15813571457825676,0.004008799907751381,10,0.057803870126371636,0.17073909922670436,0.0033421999542042613
73,original,N,New_N_074.wav,20-16-13-10,DeepONMF_H4,4,nndsvd,0.24461571733436116,10x212,0.03637340001296252,20,0.06643659156064226,0.19194203477125438,0.022886699996888638,16,0.055871266445444434,0.14251519885150138,0.0051414999179542065,13,0.055976073577393794,0.15510186388085237,0.004023900022730231,10,0.05690111231347755,0.18566696511401481,0.003282999969087541
74,original,N,New_N_075.wav,20-16-13-10,DeepONMF_H4,4,nndsvd,0.24429419478928802,10x212,0.03597080009058118,20,0.06964276648542539,0.1807921263778659,0.022383800009265542,16,0.05566271360038359,0.1818452745206572,0.004599799984134734,13,0.055925212280224804,0.194975052980973,0.004001299967058003,10,0.05639937937529238,0.21783664886638102,0.003938099951483309
75,original,N,New_N_076.wav,20-16-13-10,DeepONMF_H4,4,nndsvd,0.24628794450184224,10x212,0.0350490000564605,20,0.07274383919524492,0.20688264974741538,0.021259100059978664,16,0.05566442020090015,0.17984035441156854,0.004909200011752546,13,0.05637947429077907,0.18695807238522352,0.003955599968321621,10,0.05683191322772198,0.22123182439833355,0.003939399961382151
76,original,N,New_N_077.wav,20-16-13-10,DeepONMF_H4,4,nndsvd,0.24335456503855282,10x212,0.03340740001294762,20,0.0663856896213446,0.2150582132910479,0.020232200040481985,16,0.055554489296665566,0.19542020673667335,0.00448919995687902,13,0.055545229049986794,0.21809726845360053,0.004086800036020577,10,0.05584584984184933,0.21439373854149302,0.003728599986061454
77,original,N,New_N_078.wav,20-16-13-10,DeepONMF_H4,4,nndsvd,0.24335579421060102,10x212,0.035122100031003356,20,0.06650237685196382,0.19405887325269422,0.021979999961331487,16,0.055706818876973596,0.18638814804357573,0.004364600055851042,13,0.05582976377455287,0.20939341912717588,0.004193399916402996,10,0.05603608220030361,0.219457567466209,0.003652999992482364
78,original,N,New_N_079.wav,20-16-13-10,DeepONMF_H4,4,nndsvd,0.24641748649874998,10x212,0.033832999994046986,20,0.07045189354536062,0.22013608366350018,0.020095600048080087,16,0.05653666959283269,0.1589991331526312,0.004518599947914481,13,0.05620288305345452,0.14764844732862323,0.004712400026619434,10,0.05758389646125335,0.15435692782974042,0.0035819000331684947
79,original,N,New_N_080.wav,20-16-13-10,DeepONMF_H4,4,nndsvd,0.24621045970642155,10x212,0.03508299996610731,20,0.07088549428489974,0.18127515874375852,0.02154410001821816,16,0.05594104116844778,0.15387026559560038,0.004513300023972988,13,0.056317098579754095,0.1588126896026872,0.004432399990037084,10,0.05731771003966251,0.2004841558660875,0.003465699963271618
80,original,N,New_N_081.wav,20-16-13-10,DeepONMF_H4,4,nndsvd,0.245083854859903,10x212,0.03515719994902611,20,0.07353761999451303,0.21423340230628987,0.021651200018823147,16,0.05567064563666354,0.1564215622384167,0.004904899979010224,13,0.05574970782195492,0.17333093617816211,0.004161699907854199,10,0.05599124097273537,0.19156921665981122,0.003426400013267994
81,original,N,New_N_082.wav,20-16-13-10,DeepONMF_H4,4,nndsvd,0.24342580715407783,10x212,0.03367400006391108,20,0.06560369403903973,0.232920646172131,0.019325200002640486,16,0.0556051736145183,0.21343322725981687,0.005186199909076095,13,0.055777702768512315,0.20861895749143272,0.0045504000736400485,10,0.05626520185680141,0.21725129115760772,0.0034038000740110874
82,original,N,New_N_083.wav,20-16-13-10,DeepONMF_H4,4,nndsvd,0.2455276136873032,10x212,0.03454769996460527,20,0.07277125464853465,0.22018863649449572,0.020351599901914597,16,0.05582008253301134,0.17205189597351114,0.004955500015057623,13,0.05576537446487788,0.16721973126252224,0.0041940000373870134,10,0.05669412421403955,0.14770992143479153,0.0034299000399187207
83,original,N,New_N_084.wav,20-16-13-10,DeepONMF_H4,4,nndsvd,0.24399057829462975,10x212,0.034883399959653616,20,0.06763921393308253,0.18462481827395807,0.019983200007118285,16,0.05594708193838902,0.15134726998466502,0.005607500090263784,13,0.05563473356569792,0.16329518013522765,0.0040969999972730875,10,0.056213891482878295,0.186335758825885,0.0035605999873951077
84,original,N,New_N_085.wav,20-16-13-10,DeepONMF_H4,4,nndsvd,0.2441129413846541,10x212,0.03472419991157949,20,0.06863661761575401,0.22693095072263464,0.021786900004372,16,0.055696712391431626,0.18687806787779698,0.0046039000153541565,13,0.05567014383680767,0.1987309168651859,0.003961300011724234,10,0.056068717998292994,0.21888158534618674,0.0033074000384658575
85,original,N,New_N_086.wav,20-16-13-10,DeepONMF_H4,4,nndsvd,0.2473586124185138,10x212,0.03451720008160919,20,0.07335515503413685,0.21580102659573136,0.020952000049874187,16,0.05609458309299238,0.17227531444131203,0.004950999980792403,13,0.05604304742860364,0.15458252375891063,0.004168099956586957,10,0.05950373827786587,0.16529106466733387,0.0033944000024348497
86,original,N,New_N_087.wav,20-16-13-10,DeepONMF_H4,4,nndsvd,0.24502043953869315,10x212,0.0346176999155432,20,0.07019948183966236,0.20120218364358478,0.02173979999497533,16,0.05570346734146704,0.1725315464396233,0.004485400044359267,13,0.055795674211067715,0.16172962497970733,0.00395160005427897,10,0.05641309496248853,0.18037690773943402,0.0032866999972611666
87,original,N,New_N_088.wav,20-16-13-10,DeepONMF_H4,4,nndsvd,0.24451394347472896,10x212,0.03595809999387711,20,0.06887792795856687,0.20105327894483155,0.022940099937841296,16,0.055696614236010945,0.1676298255908528,0.00449949991889298,13,0.05598243446892398,0.17330623733834985,0.003951000049710274,10,0.05696069393640102,0.19881087690241941,0.0035969000309705734
88,original,N,New_N_089.wav,20-16-13-10,DeepONMF_H4,4,nndsvd,0.24386175876309663,10x212,0.034696599934250116,20,0.06691885764108035,0.21185401108854313,0.02146379998885095,16,0.05575705544776028,0.17980534114957075,0.004460799973458052,13,0.05589129772095344,0.14439588888843055,0.004048999981023371,10,0.05705763143175624,0.16998053083379874,0.00377359997946769
89,original,N,New_N_090.wav,20-16-13-10,DeepONMF_H4,4,nndsvd,0.2448686869504657,10x212,0.03296430001500994,20,0.07022252413238424,0.1927668439052709,0.019572600023820996,16,0.05571090529924842,0.1651886212562512,0.004614299978129566,13,0.05635678856473009,0.1759700067979204,0.003986400086432695,10,0.05652417926528628,0.19096944511927763,0.003804999985732138
90,original,N,New_N_091.wav,20-16-13-10,DeepONMF_H4,4,nndsvd,0.24407334616844556,10x212,0.035252599976956844,20,0.07088306080306542,0.18472865084749596,0.021103199920617044,16,0.0557169016506581,0.16703094806137594,0.0046316999942064285,13,0.05582516842732252,0.18126674259293152,0.004790000035427511,10,0.05634248545151879,0.2053519955583852,0.0038144999416545033
91,original,N,New_N_092.wav,20-16-13-10,DeepONMF_H4,4,nndsvd,0.2431818721829005,10x212,0.03434270003344864,20,0.06571532011779972,0.21254564019958577,0.01993219996802509,16,0.055629176860440686,0.21243104224754206,0.004561400040984154,13,0.05567097406245432,0.2346828329724191,0.005487700109370053,10,0.056032460067055506,0.239430732086416,0.003573999973013997
92,original,N,New_N_093.wav,20-16-13-10,DeepONMF_H4,4,nndsvd,0.2443656716980675,10x212,0.034563599969260395,20,0.06752714261610364,0.16769961246017714,0.02003010001499206,16,0.05585718554680061,0.1530633202607086,0.005730599979870021,13,0.05597565282981398,0.1613836697206342,0.004387499997392297,10,0.05713158311230719,0.16660663119373237,0.003414199920371175
93,original,N,New_N_094.wav,20-16-13-10,DeepONMF_H4,4,nndsvd,0.24587543187162572,10x212,0.03346649999730289,20,0.07094462127969563,0.21966709518522015,0.020338899921625853,16,0.055626679431085964,0.19411430174424726,0.004469500039704144,13,0.055948798445636175,0.19707174112408912,0.004249699995853007,10,0.05750252155733274,0.2045327349522915,0.0034369000932201743
94,original,N,New_N_095.wav,20-16-13-10,DeepONMF_H4,4,nndsvd,0.2435442580881998,10x212,0.035339900059625506,20,0.06773584484824688,0.19529060307039509,0.020984900067560375,16,0.05550504983408804,0.1899797386769008,0.005396799999289215,13,0.055731675547850135,0.19185187623778252,0.004350099945440888,10,0.05590201649846492,0.19287644516242017,0.0034562000073492527
95,original,N,New_N_096.wav,20-16-13-10,DeepONMF_H4,4,nndsvd,0.24586023831588238,10x212,0.034478799905627966,20,0.07461521463639456,0.21810261527399716,0.01934220001567155,16,0.05590381666058469,0.18577977568299436,0.005975099978968501,13,0.055784068593292734,0.18658760505625333,0.004373200004920363,10,0.056322856108397115,0.2058598246238741,0.003536200034432113
96,original,N,New_N_097.wav,20-16-13-10,DeepONMF_H4,4,nndsvd,0.24643414717917403,10x212,0.036407700041309,20,0.07403893053024112,0.20964225173672715,0.021707799984142184,16,0.055792434126814505,0.18390766062066133,0.0055611999705433846,13,0.055831290886585276,0.17641007772079226,0.004469199921004474,10,0.0565176001902337,0.20545780831001992,0.003743099980056286
97,original,N,New_N_098.wav,20-16-13-10,DeepONMF_H4,4,nndsvd,0.24450037203486305,10x212,0.036747599951922894,20,0.0715456745257419,0.2108198656236755,0.022768500028178096,16,0.05554337619275116,0.21269985751216414,0.0049391998909413815,13,0.0556971641765274,0.23141064113671375,0.004332700045779347,10,0.05602612493706832,0.25243379611322647,0.003705199924297631
98,original,N,New_N_099.wav,20-16-13-10,DeepONMF_H4,4,nndsvd,0.2429516262812347,10x212,0.03539999993517995,20,0.0650117436287601,0.2196964831376984,0.0213705999776721,16,0.05556735952596955,0.15973851368991657,0.004577799933031201,13,0.055676884842665524,0.15971424245930435,0.004153499961830676,10,0.05595270549830384,0.17917176235646504,0.004508599988184869
99,original,N,New_N_100.wav,20-16-13-10,DeepONMF_H4,4,nndsvd,0.24232897626415764,10x212,0.035249599954113364,20,0.06282541036994387,0.22909204772693662,0.02219259995035827,16,0.055652915892690204,0.15360052680708083,0.0043941999319940805,13,0.05551726686399999,0.14436621078533873,0.004022100009024143,10,0.055600793891316745,0.14450088896152635,0.0036219999892637134
100,original,N,New_N_101.wav,20-16-13-10,DeepONMF_H4,4,nndsvd,0.2420627801739464,10x212,0.034777099965140224,20,0.06291125983563296,0.20060791389703198,0.02113350003492087,16,0.05556599609154453,0.15227420239104597,0.004442100063897669,13,0.05553416822324323,0.15603911912230853,0.004731500055640936,10,0.05551434560579582,0.19460829845642508,0.0035315999994054437
101,original,N,New_N_102.wav,20-16-13-10,DeepONMF_H4,4,nndsvd,0.2421337347553365,10x212,0.03410699998494238,20,0.06297626185602992,0.20766205057404866,0.0205883999587968,16,0.05539898108337516,0.19690932933150745,0.004473099950700998,13,0.05552120741099129,0.20497583883014966,0.004459400079213083,10,0.0558036841521423,0.22403280319807647,0.003462500055320561
102,original,N,New_N_103.wav,20-16-13-10,DeepONMF_H4,4,nndsvd,0.24206180888453102,10x212,0.03450089995749295,20,0.06350283909415977,0.22120136126691406,0.02121360006276518,16,0.055460747566228395,0.20593119845935823,0.004536999971605837,13,0.05544237947450974,0.2359267886720467,0.004413299961015582,10,0.055752145161060154,0.2588060851069375,0.003451799973845482
103,original,N,New_N_104.wav,20-16-13-10,DeepONMF_H4,4,nndsvd,0.24266475880378502,10x212,0.03365879994817078,20,0.06477774523543649,0.24147967903099274,0.02009349991567433,16,0.05564704518121665,0.1530806392479608,0.004589200019836426,13,0.055655987257846255,0.16726371892701905,0.004489399958401918,10,0.05599679489402599,0.18601846284679013,0.00350099999923259
104,original,N,New_N_105.wav,20-16-13-10,DeepONMF_H4,4,nndsvd,0.24171673861071788,10x212,0.03562720003537834,20,0.062049174264431434,0.21381335374242666,0.022017500014044344,16,0.05541294219029606,0.18724870795978224,0.004905899986624718,13,0.05551237860080726,0.20406255515897362,0.004105499945580959,10,0.05562107540423919,0.22492373704355062,0.003392099984921515
105,original,N,New_N_106.wav,20-16-13-10,DeepONMF_H4,4,nndsvd,0.24258531979091255,10x212,0.0324651999399066,20,0.06562075179387551,0.20327630524472248,0.018703500041738153,16,0.05540414708296109,0.16465511229118807,0.004846199997700751,13,0.055502417137244825,0.18443894696266666,0.004096199991181493,10,0.05586463831372654,0.20690807274664685,0.00341970007866621
106,original,N,New_N_107.wav,20-16-13-10,DeepONMF_H4,4,nndsvd,0.2419622395969384,10x212,0.03522189997602254,20,0.0626860470449124,0.23489764618590067,0.02101359993685037,16,0.055574204129858286,0.1987079793014835,0.005295500042848289,13,0.05550804853118583,0.21114984347810856,0.004161400021985173,10,0.05556306234317822,0.23855836776494696,0.003466299967840314
107,original,N,New_N_108.wav,20-16-13-10,DeepONMF_H4,4,nndsvd,0.24311753304365138,10x212,0.03334309998899698,20,0.06769028432752154,0.1891138632869589,0.019872999982908368,16,0.05548083223640411,0.16745453511488187,0.004988100030459464,13,0.05550259355123092,0.17506850899737822,0.004067700006999075,10,0.05571780039070759,0.2007083699482886,0.0034034999553114176
