indice_interno,base,clase,archivo,distribucion,representacion,numero_capas,inicializacion_onmf,error_final,forma_h_final,segundos_extraccion_deep,capa_1_rango,capa_1_error,capa_1_ortogonalidad_h,capa_1_segundos,capa_2_rango,capa_2_error,capa_2_ortogonalidad_h,capa_2_segundos,capa_3_rango,capa_3_error,capa_3_ortogonalidad_h,capa_3_segundos
0,SNR_5db,N,New_N_001.wav,28-13-6,DeepONMF_H3,3,nndsvd,0.288616941140842,6x212,0.03315290005411953,28,0.17465833005239814,0.28036512360493476,0.02440070000011474,13,0.14095260322742803,0.28001956993181826,0.004839699948206544,6,0.12486841337446151,0.29040495491841045,0.002863299916498363
1,SNR_5db,N,New_N_002.wav,28-13-6,DeepONMF_H3,3,nndsvd,0.28076933326869336,6x212,0.03293800004757941,28,0.17381882452939662,0.2820542461158319,0.024307999992743134,13,0.1392007370779266,0.29240452600967604,0.004718399955891073,6,0.1279994295504566,0.3128092482617422,0.0029001999646425247
2,SNR_5db,N,New_N_003.wav,28-13-6,DeepONMF_H3,3,nndsvd,0.27997081857251005,6x212,0.035723900073207915,28,0.17266290902818054,0.2906887961703494,0.026287500048056245,13,0.13934058257606818,0.29922582997815794,0.004584699985571206,6,0.12250414320643137,0.30350099127384667,0.0038264000322669744
3,SNR_5db,N,New_N_004.wav,28-13-6,DeepONMF_H3,3,nndsvd,0.283584456460313,6x212,0.03367089992389083,28,0.17682009616099217,0.2893764510559573,0.024641699972562492,13,0.14220181451240738,0.2935969723022734,0.00483610003720969,6,0.12683382554343425,0.3059856149004246,0.0033536999253556132
4,SNR_5db,N,New_N_005.wav,28-13-6,DeepONMF_H3,3,nndsvd,0.2847320678394639,6x212,0.03308949992060661,28,0.175099475306305,0.28453360218510837,0.024029599968343973,13,0.13984103783272095,0.2914902499450741,0.004746000049635768,6,0.12522539682188244,0.3046948674042687,0.0034097000025212765
5,SNR_5db,N,New_N_006.wav,28-13-6,DeepONMF_H3,3,nndsvd,0.2833950972703182,6x212,0.0341182000702247,28,0.1785060835378747,0.28361021898314476,0.02516059996560216,13,0.1390436044059487,0.29150307790881985,0.004714899929240346,6,0.12384623017866714,0.27911921002312934,0.003363099996931851
6,SNR_5db,N,New_N_007.wav,28-13-6,DeepONMF_H3,3,nndsvd,0.27938269211054834,6x212,0.034619800047948956,28,0.17230844535482204,0.2768764749863422,0.025342199951410294,13,0.14205578366849142,0.28488454732185137,0.0052779000252485275,6,0.12717591168688153,0.2956279702131986,0.0030767000280320644
7,SNR_5db,N,New_N_008.wav,28-13-6,DeepONMF_H3,3,nndsvd,0.28237758478193525,6x212,0.03294649999588728,28,0.17649480316099594,0.2802776118119445,0.02324340003542602,13,0.1389114484736153,0.28937865911377475,0.00569209991954267,6,0.12670888107038344,0.29692710531798944,0.003173599950969219
8,SNR_5db,N,New_N_009.wav,28-13-6,DeepONMF_H3,3,nndsvd,0.2824170328306238,6x212,0.03466080001089722,28,0.17710499284386463,0.2771312576671323,0.025428000022657216,13,0.13993582324661338,0.28103688005821187,0.005390699952840805,6,0.1242236476424985,0.27459415651784175,0.003083599964156747
9,SNR_5db,N,New_N_010.wav,28-13-6,DeepONMF_H3,3,nndsvd,0.2841293128709816,6x212,0.03315450006630272,28,0.1812060466141079,0.28293039697487077,0.02400670002680272,13,0.14364913694822404,0.29872819778609294,0.00535460002720356,6,0.1262254149272013,0.28687978972141437,0.0029945001006126404
10,SNR_5db,N,New_N_011.wav,28-13-6,DeepONMF_H3,3,nndsvd,0.28169018535498075,6x212,0.03266739996615797,28,0.17552979042760675,0.2750975888098233,0.023609700030647218,13,0.1421289326750112,0.28151936940608197,0.005180099979043007,6,0.12577865809923042,0.2768396702774515,0.0031109999399632215
11,SNR_5db,N,New_N_012.wav,28-13-6,DeepONMF_H3,3,nndsvd,0.28367526027552525,6x212,0.0328932999400422,28,0.17744492622014077,0.2772597396224377,0.022907699923962355,13,0.14333208640223447,0.28690835928873637,0.005862600053660572,6,0.1294070325211929,0.2892231460881104,0.0031883000629022717
12,SNR_5db,N,New_N_013.wav,28-13-6,DeepONMF_H3,3,nndsvd,0.2801712672306909,6x212,0.03392760001588613,28,0.17446423770433933,0.2781754769920801,0.023315400001592934,13,0.1416047564039521,0.28379603401833453,0.006522799958474934,6,0.12367035029764928,0.29105130190634976,0.00312630005646497
13,SNR_5db,N,New_N_014.wav,28-13-6,DeepONMF_H3,3,nndsvd,0.2828595871678828,6x212,0.033750500064343214,28,0.17542692606790625,0.29019665680823786,0.024344699922949076,13,0.14379417938547334,0.2926506621399921,0.005516599980182946,6,0.12680955642965921,0.2770523772945636,0.0029595999512821436
14,SNR_5db,N,New_N_015.wav,28-13-6,DeepONMF_H3,3,nndsvd,0.28716384700596886,6x212,0.03283639997243881,28,0.1795052865162593,0.2821170124507089,0.02388500003144145,13,0.14416662071773154,0.2907422173731087,0.00507139996625483,6,0.12160495063608198,0.3044254272718763,0.0029479999793693423
15,SNR_5db,N,New_N_016.wav,28-13-6,DeepONMF_H3,3,nndsvd,0.2799023494840565,6x212,0.03459269995801151,28,0.17389115433267155,0.2859921829493479,0.025341800064779818,13,0.13950256808658937,0.28890519706873985,0.005282499943859875,6,0.12576505718901398,0.277760970668956,0.0029677998973056674
16,SNR_5db,N,New_N_017.wav,28-13-6,DeepONMF_H3,3,nndsvd,0.28795999722273724,6x212,0.03328679990954697,28,0.18039594440372653,0.2845939831117023,0.024056000052951276,13,0.1435429144341201,0.28989406815068347,0.005289900000207126,6,0.1244899928441082,0.29866954091133185,0.0029955999925732613
17,SNR_5db,N,New_N_018.wav,28-13-6,DeepONMF_H3,3,nndsvd,0.2855327152289713,6x212,0.03236860001925379,28,0.17666631065463187,0.2832227235866957,0.02323900000192225,13,0.14315488263093054,0.29606514774492954,0.005290100001730025,6,0.1271173557126467,0.28968785170317024,0.0030329000437632203
18,SNR_5db,N,New_N_019.wav,28-13-6,DeepONMF_H3,3,nndsvd,0.2854999449150083,6x212,0.0327568999491632,28,0.17843405358961215,0.28051077289894233,0.023606899892911315,13,0.14422394526836413,0.2790305787965148,0.0052229000721126795,6,0.12711240137577814,0.2815022881032073,0.0030450000194832683
19,SNR_5db,N,New_N_020.wav,28-13-6,DeepONMF_H3,3,nndsvd,0.2852184471939546,6x212,0.03344889997970313,28,0.17582583411013736,0.272669268128094,0.02441670000553131,13,0.1431976843155866,0.282206641797451,0.005153500009328127,6,0.12220602156017579,0.30694543405327224,0.0029885999392718077
20,SNR_5db,N,New_N_021.wav,28-13-6,DeepONMF_H3,3,nndsvd,0.2791182704491746,6x212,0.03258670005016029,28,0.17391976550564203,0.2855738614633946,0.023412899929098785,13,0.13886284243661956,0.2818485109102114,0.004801800008863211,6,0.12669514111892918,0.29379798928094797,0.003500899998471141
21,SNR_5db,N,New_N_022.wav,28-13-6,DeepONMF_H3,3,nndsvd,0.28246631260140137,6x212,0.03350660006981343,28,0.17660611486262015,0.27519392151626565,0.02416190004441887,13,0.13899081316706094,0.2848791067239584,0.005241099977865815,6,0.1271483999293765,0.30096387760063503,0.0032031999435275793
22,SNR_5db,N,New_N_023.wav,28-13-6,DeepONMF_H3,3,nndsvd,0.2798600484746123,6x212,0.033256800030358136,28,0.17483780418875497,0.2830684520200102,0.024106599972583354,13,0.13802174970129974,0.28619852699248205,0.005247100023552775,6,0.12269006438440815,0.3022964384069177,0.0030580000020563602
23,SNR_5db,N,New_N_024.wav,28-13-6,DeepONMF_H3,3,nndsvd,0.2809516519988551,6x212,0.034701199969276786,28,0.1744924374693097,0.28414678874740734,0.024149199947714806,13,0.13843234557384754,0.2836911739397564,0.006001599947921932,6,0.12573859993491066,0.2706603967023478,0.003571000066585839
24,SNR_5db,N,New_N_025.wav,28-13-6,DeepONMF_H3,3,nndsvd,0.2906848996320493,6x212,0.03857059997972101,28,0.1819633217627681,0.2804393773050344,0.029183399979956448,13,0.14591247950376923,0.27038606703815,0.005267700063996017,6,0.12887410449754838,0.2911023240213384,0.003133299993351102
25,SNR_5db,N,New_N_026.wav,28-13-6,DeepONMF_H3,3,nndsvd,0.28475698238413233,6x212,0.03733530000317842,28,0.17625329111223348,0.276915040622447,0.02831369999330491,13,0.1455504986642859,0.27465286674371736,0.005247100023552775,6,0.12860762700689868,0.29340087872051474,0.0029824000084772706
26,SNR_5db,N,New_N_027.wav,28-13-6,DeepONMF_H3,3,nndsvd,0.280773956837503,6x212,0.03773759992327541,28,0.17509767632362785,0.2785161422493031,0.027633000048808753,13,0.13885809415439368,0.2913742920065662,0.0053322999738156796,6,0.12615474053668554,0.29240468422152033,0.003779199905693531
27,SNR_5db,N,New_N_028.wav,28-13-6,DeepONMF_H3,3,nndsvd,0.28369017008169684,6x212,0.03758979996200651,28,0.1744827047940226,0.2846059122515576,0.027290500001981854,13,0.14231506304718838,0.28789665025393957,0.006045699934475124,6,0.12962223738321887,0.2890686592014191,0.003215199918486178
28,SNR_5db,N,New_N_029.wav,28-13-6,DeepONMF_H3,3,nndsvd,0.28301158441067265,6x212,0.039060700102709234,28,0.1762373166296537,0.27395157826943595,0.028917700052261353,13,0.14315898961677762,0.27605276397872575,0.005655499990098178,6,0.1309873609808048,0.27385202988812496,0.0034742000279948115
29,SNR_5db,N,New_N_030.wav,28-13-6,DeepONMF_H3,3,nndsvd,0.28455338014704024,6x212,0.04166829993482679,28,0.17638788922683654,0.27900081185165443,0.030619099969044328,13,0.14334786333710253,0.29355119678464886,0.0059516000328585505,6,0.1262537081697905,0.317785043652849,0.0040846000192686915
30,SNR_5db,N,New_N_031.wav,28-13-6,DeepONMF_H3,3,nndsvd,0.281666507551634,6x212,0.03784120001364499,28,0.1754291649959771,0.29259308198226125,0.02845099999103695,13,0.14052702468169812,0.28891161603528515,0.005469500087201595,6,0.1260448365207973,0.30382754092957465,0.003068599966354668
31,SNR_5db,N,New_N_032.wav,28-13-6,DeepONMF_H3,3,nndsvd,0.2839359295606037,6x212,0.03492630005348474,28,0.177676715000574,0.2850111054269581,0.025936200050637126,13,0.1414635294492783,0.2965159877294675,0.004943100037053227,6,0.1268396806531498,0.30560212301631284,0.002929000067524612
32,SNR_5db,N,New_N_033.wav,28-13-6,DeepONMF_H3,3,nndsvd,0.2818713386792104,6x212,0.0369138999376446,28,0.17451212556875173,0.2787326797019323,0.028003100072965026,13,0.14188663141394764,0.29405063136433784,0.004682700033299625,6,0.12258018337447586,0.288366373696256,0.0028107999823987484
33,SNR_5db,N,New_N_034.wav,28-13-6,DeepONMF_H3,3,nndsvd,0.28528865355810945,6x212,0.03508559998590499,28,0.174387134640684,0.27758285923734627,0.026645499980077147,13,0.13960606726369063,0.269032175684867,0.004675299976952374,6,0.13144840838016097,0.27358852619476404,0.0028372000670060515
34,SNR_5db,N,New_N_035.wav,28-13-6,DeepONMF_H3,3,nndsvd,0.2842288370468936,6x212,0.03345009998884052,28,0.17516857172259953,0.2874927835471587,0.024728400050662458,13,0.14063523137271033,0.2955976192958889,0.004759600036777556,6,0.12737258490439712,0.29873905356754077,0.002868400071747601
35,SNR_5db,N,New_N_036.wav,28-13-6,DeepONMF_H3,3,nndsvd,0.28077152813225326,6x212,0.03564629994798452,28,0.17446472946736907,0.2871725610070928,0.026636800030246377,13,0.14139589863760316,0.28084227121082406,0.004635500023141503,6,0.12347445378463011,0.27433341318912424,0.0032068000873550773
36,SNR_5db,N,New_N_037.wav,28-13-6,DeepONMF_H3,3,nndsvd,0.24007396593295127,6x212,0.03427579998970032,28,0.13411632924370467,0.2776398101199731,0.025207300088368356,13,0.10419313408032897,0.27580814732281095,0.004909000010229647,6,0.09671883906744078,0.26374619855960163,0.0033004999859258533
37,SNR_5db,N,New_N_038.wav,28-13-6,DeepONMF_H3,3,nndsvd,0.2831987052003363,6x212,0.033862799988128245,28,0.17540267073772037,0.2780039493338339,0.02466740005183965,13,0.14041012783730414,0.277790439788712,0.005063700024038553,6,0.12584037831961326,0.24871607485565894,0.00340040004812181
38,SNR_5db,N,New_N_039.wav,28-13-6,DeepONMF_H3,3,nndsvd,0.2850472991430827,6x212,0.03308850002940744,28,0.17518467701003756,0.2740730580146438,0.024264700012281537,13,0.1419744575022415,0.26125151578514216,0.0048479000106453896,6,0.12882997680557381,0.2515323675832906,0.003238599980250001
39,SNR_5db,N,New_N_040.wav,28-13-6,DeepONMF_H3,3,nndsvd,0.2825582899163754,6x212,0.03173440007958561,28,0.1752470717436202,0.27534167020107503,0.02309989999048412,13,0.1417562568881743,0.2777195753275893,0.00464780000038445,6,0.1268908229687759,0.25456211488788605,0.0031784999882802367
40,SNR_5db,N,New_N_041.wav,28-13-6,DeepONMF_H3,3,nndsvd,0.27667504975407,6x212,0.03554549999535084,28,0.16972794145631473,0.27658505813732187,0.026755900005809963,13,0.13563171977966107,0.28457387565101716,0.004752099979668856,6,0.12164169220118565,0.28551869991149287,0.00330400001257658
41,SNR_5db,N,New_N_042.wav,28-13-6,DeepONMF_H3,3,nndsvd,0.28175858044449065,6x212,0.032151499995961785,28,0.16986143914384663,0.2910129144854878,0.023397900047712028,13,0.1393492985168716,0.2856076999378504,0.004757900023832917,6,0.1271798673717316,0.29286580902058795,0.003238700097426772
42,SNR_5db,N,New_N_043.wav,28-13-6,DeepONMF_H3,3,nndsvd,0.2754130557386187,6x212,0.03282879991456866,28,0.16674502046088382,0.2891615259786015,0.023982100072316825,13,0.13487074127648777,0.29701055495313805,0.004867300041951239,6,0.11800421972430368,0.3124861183976129,0.003230100031942129
43,SNR_5db,N,New_N_044.wav,28-13-6,DeepONMF_H3,3,nndsvd,0.2845529165893721,6x212,0.03226180002093315,28,0.16886451232862776,0.2854629642191182,0.02327290002722293,13,0.13593454983476738,0.2852095607880794,0.005084400065243244,6,0.12561385248683102,0.2929970895797716,0.0028984000673517585
44,SNR_5db,N,New_N_045.wav,28-13-6,DeepONMF_H3,3,nndsvd,0.2771636083870004,6x212,0.03297080006450415,28,0.1673904264923708,0.2815354013397573,0.023879999993368983,13,0.1360579051659431,0.2844382036714967,0.00501069996971637,6,0.12264113453284678,0.30557554692085065,0.002833500038832426
45,SNR_5db,N,New_N_046.wav,28-13-6,DeepONMF_H3,3,nndsvd,0.27672454738174657,6x212,0.0358779999660328,28,0.1669541664544665,0.2822753079695918,0.0271976999938488,13,0.13759025474963202,0.2910138914900032,0.0045897000236436725,6,0.12488353292842298,0.3047938881611438,0.0032973000779747963
46,SNR_5db,N,New_N_047.wav,28-13-6,DeepONMF_H3,3,nndsvd,0.276707769768581,6x212,0.033704400062561035,28,0.16838807821306762,0.2882011324032064,0.024789200047962368,13,0.13309228657747782,0.29340720621369787,0.004738299991004169,6,0.12248179739113367,0.32318985588879384,0.003298699972219765
47,SNR_5db,N,New_N_048.wav,28-13-6,DeepONMF_H3,3,nndsvd,0.28147754376603706,6x212,0.03582840005401522,28,0.1686859516588934,0.28703555475983794,0.026654800050891936,13,0.13827975156152567,0.2971860400154519,0.005298899952322245,6,0.12322101769883255,0.30747729011118363,0.002947700093500316
48,SNR_5db,N,New_N_049.wav,28-13-6,DeepONMF_H3,3,nndsvd,0.27835908997169906,6x212,0.03329559997655451,28,0.1677536794041151,0.28469374820513477,0.02433399995788932,13,0.14007030036977403,0.2955003810741043,0.005221699946559966,6,0.12135532034750457,0.3126225150192244,0.0029144000727683306
49,SNR_5db,N,New_N_050.wav,28-13-6,DeepONMF_H3,3,nndsvd,0.2791479099646681,6x212,0.034156300011090934,28,0.16961645338876813,0.2783302934698469,0.02511769998818636,13,0.1369240464228084,0.2930022250839298,0.005205199937336147,6,0.12157195259538875,0.31882114984231236,0.00293230009265244
50,SNR_5db,N,New_N_051.wav,28-13-6,DeepONMF_H3,3,nndsvd,0.27621091897648836,6x212,0.035097000072710216,28,0.16678380384060282,0.27893134250590174,0.025577399996109307,13,0.13590238424949344,0.29522040270213973,0.005580800003372133,6,0.12408580384452206,0.3347512091551383,0.0030033999355509877
51,SNR_5db,N,New_N_052.wav,28-13-6,DeepONMF_H3,3,nndsvd,0.2842558398304367,6x212,0.03538799996022135,28,0.168551372213438,0.29350198527273386,0.02655019995290786,13,0.1363243382960683,0.30559343120594135,0.004982099984772503,6,0.12337431177918516,0.33357254280651927,0.002986100036650896
52,SNR_5db,N,New_N_053.wav,28-13-6,DeepONMF_H3,3,nndsvd,0.2808014875461687,6x212,0.03533670003525913,28,0.1696558267609215,0.28724629728200857,0.02639889996498823,13,0.13943671032372057,0.2894601406058705,0.004838400054723024,6,0.12172617405138496,0.33140503161567963,0.0028830000665038824
53,SNR_5db,N,New_N_054.wav,28-13-6,DeepONMF_H3,3,nndsvd,0.28080804359768313,6x212,0.033587099984288216,28,0.17124062414787347,0.2869888593690821,0.024838700075633824,13,0.13515833391316887,0.27233069682627176,0.004786400008015335,6,0.12306289547639204,0.2971227430197037,0.0028600000077858567
54,SNR_5db,N,New_N_055.wav,28-13-6,DeepONMF_H3,3,nndsvd,0.2839102775369061,6x212,0.03480589995160699,28,0.1696034293592361,0.28615956832073225,0.02611470001284033,13,0.13778943366992777,0.2996318705918045,0.004687899956479669,6,0.1268402725776737,0.3257277396094262,0.0028300000121816993
55,SNR_5db,N,New_N_056.wav,28-13-6,DeepONMF_H3,3,nndsvd,0.27852268099429933,6x212,0.035701400018297136,28,0.17017451930685135,0.29463134533032853,0.02700370003003627,13,0.1397237694061645,0.3150798884267382,0.004690299974754453,6,0.12170569786789207,0.3388793002397966,0.002931899973191321
56,SNR_5db,N,New_N_057.wav,28-13-6,DeepONMF_H3,3,nndsvd,0.27908707964962576,6x212,0.03375209996011108,28,0.16588505634461523,0.2822789983195346,0.024876900017261505,13,0.13392963282931533,0.2884000356807609,0.0047975999768823385,6,0.11900912470823662,0.30229332507169304,0.002832300029695034
57,SNR_5db,N,New_N_058.wav,28-13-6,DeepONMF_H3,3,nndsvd,0.2798741748877104,6x212,0.03414170001633465,28,0.16980754167614875,0.28746015341928005,0.0252316000405699,13,0.13532243588464346,0.2981732575537813,0.004712300025857985,6,0.12254462021384234,0.3142141566927958,0.0032028999412432313
58,SNR_5db,N,New_N_059.wav,28-13-6,DeepONMF_H3,3,nndsvd,0.2756309276312441,6x212,0.03301190002821386,28,0.1677417148187084,0.2911518244360482,0.02397669991478324,13,0.13377752409359586,0.29729317023355145,0.0046947000082582235,6,0.11730632652833851,0.31878273486450254,0.003000000026077032
59,SNR_5db,N,New_N_060.wav,28-13-6,DeepONMF_H3,3,nndsvd,0.2749703321684764,6x212,0.03559280000627041,28,0.1667622591664099,0.2893162732843689,0.025735799921676517,13,0.13242587466704378,0.30069557545430786,0.005104299983941019,6,0.11837348407794523,0.33115902908698847,0.00388329999987036
60,SNR_5db,N,New_N_061.wav,28-13-6,DeepONMF_H3,3,nndsvd,0.282673979485689,6x212,0.0374661999521777,28,0.16714376953600704,0.2812073712122924,0.027153800008818507,13,0.13906782792945754,0.28544227427960556,0.006084099994041026,6,0.12176178305916666,0.3007895824529981,0.0032568000024184585
61,SNR_5db,N,New_N_062.wav,28-13-6,DeepONMF_H3,3,nndsvd,0.2788053713186789,6x212,0.03438640001695603,28,0.16834951906328585,0.27648381357373947,0.024936200003139675,13,0.1358916033072267,0.28592914369953715,0.005536000011488795,6,0.12558271132385365,0.30155703163891157,0.0030706999823451042
62,SNR_5db,N,New_N_063.wav,28-13-6,DeepONMF_H3,3,nndsvd,0.2788649090927287,6x212,0.03213149996008724,28,0.16886046256796974,0.27468444752333737,0.02307719993405044,13,0.13596119773062598,0.2816242096461266,0.005310300039127469,6,0.12318759740364255,0.27595005712913045,0.002971300040371716
63,SNR_5db,N,New_N_064.wav,28-13-6,DeepONMF_H3,3,nndsvd,0.2766893246868875,6x212,0.031843700096942484,28,0.1666200145561479,0.28319259830335713,0.022626299993135035,13,0.13478959704190507,0.2897664220569452,0.0054209999507293105,6,0.11770493421974225,0.31995136417059494,0.003021600074134767
64,SNR_5db,N,New_N_065.wav,28-13-6,DeepONMF_H3,3,nndsvd,0.27772282987203467,6x212,0.033436199999414384,28,0.17032407376586464,0.2845592832949539,0.024146299925632775,13,0.13650468605738128,0.29097894407614194,0.0054203999461606145,6,0.11940455913904299,0.31636790205694915,0.002979199984110892
65,SNR_5db,N,New_N_066.wav,28-13-6,DeepONMF_H3,3,nndsvd,0.2761877933928528,6x212,0.032790199969895184,28,0.16883190576097634,0.28425177782150984,0.023337800055742264,13,0.1370364012513543,0.2978279109300539,0.005511299939826131,6,0.12511981937018823,0.32138094977315357,0.0030199000611901283
66,SNR_5db,N,New_N_067.wav,28-13-6,DeepONMF_H3,3,nndsvd,0.27578414374452853,6x212,0.032582800020463765,28,0.16663591698272123,0.28827130880657875,0.02311309997458011,13,0.1363732119900928,0.2943602935405094,0.0054694999707862735,6,0.12086722456356257,0.3217841672498129,0.0031675000209361315
67,SNR_5db,N,New_N_068.wav,28-13-6,DeepONMF_H3,3,nndsvd,0.28944761097624655,6x212,0.033622800023294985,28,0.17008572069011368,0.2785045663404554,0.024315400049090385,13,0.13686741412218617,0.2744734720637712,0.005231500021182001,6,0.1284517794298835,0.31072725610334284,0.003304300014860928
68,SNR_5db,N,New_N_069.wav,28-13-6,DeepONMF_H3,3,nndsvd,0.2795927228565712,6x212,0.03275089990347624,28,0.17132149544095734,0.2728111065596568,0.02266100002452731,13,0.1389299054952739,0.29102076480126415,0.00620790000539273,6,0.12091830503663646,0.2857203210873104,0.0031142999650910497
69,SNR_5db,N,New_N_070.wav,28-13-6,DeepONMF_H3,3,nndsvd,0.28177355938061865,6x212,0.03156949998810887,28,0.17068012205530292,0.27996778201012085,0.022779199993237853,13,0.14148297663050777,0.2920113704353442,0.004696500021964312,6,0.12688536147667082,0.33224643152322986,0.0033452000934630632
70,SNR_5db,N,New_N_071.wav,28-13-6,DeepONMF_H3,3,nndsvd,0.2808275795952811,6x212,0.03404100006446242,28,0.17341306856143807,0.2902465830874436,0.024417200009338558,13,0.1370601022984391,0.29706075418926786,0.0051129000494256616,6,0.12149962959801258,0.30667267049946506,0.0036699000047519803
71,SNR_5db,N,New_N_072.wav,28-13-6,DeepONMF_H3,3,nndsvd,0.27802441591149857,6x212,0.0333715999731794,28,0.1718475691256827,0.28174179522986736,0.02468500006943941,13,0.13741537371053317,0.2945551125904001,0.004729599924758077,6,0.12427875710659607,0.32744218352228943,0.003182200016453862
72,SNR_5db,N,New_N_073.wav,28-13-6,DeepONMF_H3,3,nndsvd,0.27826681414375926,6x212,0.03273300000000745,28,0.17172322514649216,0.28516257253195393,0.02394550002645701,13,0.13756021669201018,0.29185061655723654,0.004710800014436245,6,0.11956008929240697,0.2855214902637467,0.0032964000711217523
73,SNR_5db,N,New_N_074.wav,28-13-6,DeepONMF_H3,3,nndsvd,0.2801980871000601,6x212,0.033065699972212315,28,0.17207443104717743,0.28735528407690575,0.024140499997884035,13,0.13770659530417192,0.3025010933928219,0.0047345999628305435,6,0.12190771459410303,0.30972960576161873,0.0033639000030234456
74,SNR_5db,N,New_N_075.wav,28-13-6,DeepONMF_H3,3,nndsvd,0.2822003305800729,6x212,0.03353350004181266,28,0.17346214973863452,0.2738130031880858,0.0245351999765262,13,0.14047266987240933,0.2810621821500727,0.00484060007147491,6,0.12348738939202858,0.2738398270854615,0.003356700064614415
75,SNR_5db,N,New_N_076.wav,28-13-6,DeepONMF_H3,3,nndsvd,0.2807755847734258,6x212,0.03302630002144724,28,0.1727855861271184,0.2785391241783146,0.023880199994891882,13,0.1391208934182789,0.2872370339300106,0.004731199936941266,6,0.12212840622712477,0.2863982066931937,0.003370500053279102
76,SNR_5db,N,New_N_077.wav,28-13-6,DeepONMF_H3,3,nndsvd,0.28197265442309616,6x212,0.03600469999946654,28,0.17231603391082018,0.2768550370882486,0.02655609999783337,13,0.13919549490188038,0.2905400829395747,0.005371100036427379,6,0.1253249720974721,0.3001235893564479,0.0031432999530807137
77,SNR_5db,N,New_N_078.wav,28-13-6,DeepONMF_H3,3,nndsvd,0.28318714269498285,6x212,0.03443510003853589,28,0.17322861531901082,0.2883883688281635,0.02537260006647557,13,0.14250792491110859,0.2990890721804468,0.005257799988612533,6,0.12324350967809043,0.31116109627992383,0.003016900038346648
78,SNR_5db,N,New_N_079.wav,28-13-6,DeepONMF_H3,3,nndsvd,0.2791940163721088,6x212,0.03614899993408471,28,0.1732527375927907,0.2824009219448022,0.02720069990027696,13,0.13782541430670983,0.29984784766272626,0.005167399998754263,6,0.12224480770750594,0.30622055610448956,0.002900599967688322
79,SNR_5db,N,New_N_080.wav,28-13-6,DeepONMF_H3,3,nndsvd,0.28161321176273335,6x212,0.038248199969530106,28,0.1720126061583656,0.28344102159241297,0.029302299953997135,13,0.13732620451593786,0.2990092786899761,0.004674000083468854,6,0.12230904875006543,0.3272726111627025,0.002827499993145466
80,SNR_5db,N,New_N_081.wav,28-13-6,DeepONMF_H3,3,nndsvd,0.28034222367181366,6x212,0.0332543000113219,28,0.1713712520426287,0.28320865726766664,0.0245427000336349,13,0.13663305899517358,0.29468798638474164,0.004723199992440641,6,0.12336304757737407,0.3012544488707031,0.002839099965058267
81,SNR_5db,N,New_N_082.wav,28-13-6,DeepONMF_H3,3,nndsvd,0.2794864875650474,6x212,0.03512010001577437,28,0.16983217678296209,0.29109368439185934,0.026099100010469556,13,0.1343505469111619,0.3023955291144663,0.004948899964801967,6,0.12171174952233772,0.33121203330629556,0.0028367999475449324
82,SNR_5db,N,New_N_083.wav,28-13-6,DeepONMF_H3,3,nndsvd,0.280076826206222,6x212,0.036420100019313395,28,0.17090869294339114,0.27791709396071346,0.027113999938592315,13,0.13914141365634372,0.2875706781364456,0.004810600075870752,6,0.1245007081645487,0.2796976328109208,0.0034883000189438462
83,SNR_5db,N,New_N_084.wav,28-13-6,DeepONMF_H3,3,nndsvd,0.28065171524130067,6x212,0.03252080001402646,28,0.1725279175033408,0.28696677322403935,0.023781999945640564,13,0.14006690667609192,0.29990574078516796,0.0048180000158026814,6,0.12586033746357037,0.30856414799247683,0.0030636999290436506
84,SNR_5db,N,New_N_085.wav,28-13-6,DeepONMF_H3,3,nndsvd,0.2774747786071129,6x212,0.03123230009805411,28,0.17108066283106785,0.29379509720626995,0.02271579997614026,13,0.13754216540503308,0.29604905792110003,0.004734100075438619,6,0.11960767656145681,0.3113862506372131,0.002913600066676736
85,SNR_5db,N,New_N_086.wav,28-13-6,DeepONMF_H3,3,nndsvd,0.2789516721017258,6x212,0.0351467999862507,28,0.16965809693020503,0.28867312201011114,0.025972999981604517,13,0.13844859090734374,0.30211655131240656,0.0050448999973014,6,0.12357117922181614,0.29426180759906206,0.0030489000491797924
86,SNR_5db,N,New_N_087.wav,28-13-6,DeepONMF_H3,3,nndsvd,0.28018861190318606,6x212,0.03437489992938936,28,0.17093734960869125,0.29042616935047505,0.025183099904097617,13,0.1395293446724625,0.29249608533864435,0.004892099997960031,6,0.12170885369459142,0.28213693689561664,0.0033272000728175044
87,SNR_5db,N,New_N_088.wav,28-13-6,DeepONMF_H3,3,nndsvd,0.2819024129612966,6x212,0.037103099981322885,28,0.17252100888675811,0.2815323497094478,0.027345700073055923,13,0.13840561696795958,0.3006577809158543,0.0056093999883159995,6,0.12427637415064983,0.3034669706136894,0.0032185999443754554
88,SNR_5db,N,New_N_089.wav,28-13-6,DeepONMF_H3,3,nndsvd,0.27821508043978643,6x212,0.03701059997547418,28,0.17172891276720648,0.28426408618555554,0.027549299993552268,13,0.13833066503737737,0.30100143332318563,0.0053397000301629305,6,0.12253273483621989,0.3033664760488055,0.0030966000631451607
89,SNR_5db,N,New_N_090.wav,28-13-6,DeepONMF_H3,3,nndsvd,0.2822640850074374,6x212,0.036966699990443885,28,0.1717528734191178,0.289703785548826,0.027759699965827167,13,0.13935710361903586,0.30406464361252655,0.005183800007216632,6,0.12167118918296829,0.299847845263543,0.003069199970923364
90,SNR_5db,N,New_N_091.wav,28-13-6,DeepONMF_H3,3,nndsvd,0.27996607848413196,6x212,0.04157570004463196,28,0.17097504302124153,0.2838463536367914,0.03030579991172999,13,0.13852425788269931,0.2930976778781795,0.005729300086386502,6,0.12410101409601218,0.3385757777445496,0.004608700051903725
91,SNR_5db,N,New_N_092.wav,28-13-6,DeepONMF_H3,3,nndsvd,0.27856663115952585,6x212,0.041248800000175834,28,0.17153075423715985,0.2808639448931864,0.030988799990154803,13,0.13652284130853262,0.30516157020536366,0.005735600017942488,6,0.11709089108210437,0.32619041915351893,0.0033379000378772616
92,SNR_5db,N,New_N_093.wav,28-13-6,DeepONMF_H3,3,nndsvd,0.281195824160668,6x212,0.037555200047791004,28,0.17368712254652924,0.28193965281623284,0.02806579996831715,13,0.1379974760023231,0.29894373120332424,0.005110599915497005,6,0.12423962583388913,0.3051027316239138,0.0030825999565422535
93,SNR_5db,N,New_N_094.wav,28-13-6,DeepONMF_H3,3,nndsvd,0.28038734221535394,6x212,0.036998099996708333,28,0.17444326545086755,0.283920856419369,0.027189700049348176,13,0.14037915158244768,0.2931355233971006,0.005400999914854765,6,0.12457937687688338,0.2856501272348654,0.00349949998781085
94,SNR_5db,N,New_N_095.wav,28-13-6,DeepONMF_H3,3,nndsvd,0.2865083482545358,6x212,0.03627829998731613,28,0.17170833226463775,0.2792225039275015,0.026450500008650124,13,0.13800530877737013,0.2796114403303135,0.005787199945189059,6,0.12934859987914105,0.30039545373013693,0.0031762999715283513
95,SNR_5db,N,New_N_096.wav,28-13-6,DeepONMF_H3,3,nndsvd,0.2769954945746282,6x212,0.035239199991337955,28,0.16894878100038124,0.2879615290085551,0.02554299996700138,13,0.13640884330106517,0.29984258341216224,0.005667199962772429,6,0.12271479651612856,0.3190667313258623,0.0031762999715283513
96,SNR_5db,N,New_N_097.wav,28-13-6,DeepONMF_H3,3,nndsvd,0.277506643798909,6x212,0.03448420006316155,28,0.17123388572032303,0.2810701300308497,0.02465580007992685,13,0.13838714111105233,0.2930406449673409,0.005816899938508868,6,0.12143200551715551,0.2846496446947891,0.0031207000138238072
97,SNR_5db,N,New_N_098.wav,28-13-6,DeepONMF_H3,3,nndsvd,0.28383181335204327,6x212,0.04757279995828867,28,0.17700331319834522,0.2890982745112966,0.03347259992733598,13,0.1407916651172208,0.3016911313823718,0.009443499962799251,6,0.12411926283529305,0.3276206592285896,0.0037249999586492777
98,SNR_5db,N,New_N_099.wav,28-13-6,DeepONMF_H3,3,nndsvd,0.27895203419884707,6x212,0.033686500042676926,28,0.16806641053859092,0.2797336939108516,0.024315199931152165,13,0.13568939556615686,0.28641483207528634,0.005426799994893372,6,0.1280409116056164,0.331913875622613,0.003001399920322001
99,SNR_5db,N,New_N_100.wav,28-13-6,DeepONMF_H3,3,nndsvd,0.2795290313531621,6x212,0.03312180005013943,28,0.16834879773423728,0.27809433949033835,0.023343500099144876,13,0.13396842492050381,0.28151166280875994,0.0059680999256670475,6,0.12418332490669585,0.32171171780202074,0.0029717000434175134
100,SNR_5db,N,New_N_101.wav,28-13-6,DeepONMF_H3,3,nndsvd,0.2769142841829415,6x212,0.031084899907000363,28,0.16827311031410108,0.2871340595111388,0.02229929994791746,13,0.1360786564693406,0.2920683285402173,0.005102000082843006,6,0.11782168345305016,0.3047492564772737,0.0028859999729320407
101,SNR_5db,N,New_N_102.wav,28-13-6,DeepONMF_H3,3,nndsvd,0.27875128309898745,6x212,0.030895099975168705,28,0.16918773826027203,0.2894363486251066,0.02223739994224161,13,0.13581056010881903,0.2977094586420959,0.004710799898020923,6,0.12142100043576136,0.33446837547237784,0.003161399974487722
102,SNR_5db,N,New_N_103.wav,28-13-6,DeepONMF_H3,3,nndsvd,0.27687900642517843,6x212,0.03338100004475564,28,0.16612907377951527,0.2806992175095146,0.024678700021468103,13,0.13424686999302637,0.28309566662378216,0.004696600022725761,6,0.12258121889938954,0.31754854719966324,0.0031878999434411526
103,SNR_5db,N,New_N_104.wav,28-13-6,DeepONMF_H3,3,nndsvd,0.2728195697550464,6x212,0.034074699971824884,28,0.16707210392785135,0.2904044823455709,0.025034100050106645,13,0.13493071730876985,0.3043141129322696,0.005060600000433624,6,0.12041492492417172,0.3393705629848745,0.0031531000277027488
104,SNR_5db,N,New_N_105.wav,28-13-6,DeepONMF_H3,3,nndsvd,0.27597562077564947,6x212,0.03317269997205585,28,0.16727818709442255,0.2776365351047027,0.023973100003786385,13,0.13632884253088762,0.29980261563677857,0.004826000076718628,6,0.11960783619052501,0.324741255431353,0.0034910000395029783
105,SNR_5db,N,New_N_106.wav,28-13-6,DeepONMF_H3,3,nndsvd,0.2760761261923498,6x212,0.03279820003081113,28,0.1671151508398069,0.2915721099172125,0.023962299921549857,13,0.13495961134494266,0.2915187036068708,0.004665900021791458,6,0.12220906139646137,0.3085133229183036,0.003324400051496923
106,SNR_5db,N,New_N_107.wav,28-13-6,DeepONMF_H3,3,nndsvd,0.27909046390623665,6x212,0.03503809997346252,28,0.16775433083169422,0.28622087811579816,0.025964600034058094,13,0.13650660918732546,0.28840363585716106,0.005021899938583374,6,0.12351292084212974,0.3268520703114806,0.0029814000008627772
107,SNR_5db,N,New_N_108.wav,28-13-6,DeepONMF_H3,3,nndsvd,0.2841230233472111,6x212,0.036198000074364245,28,0.17088727020104247,0.2830532700738365,0.027278600027784705,13,0.14095542641642797,0.2980373116060135,0.005054899957031012,6,0.12780475303805933,0.3099352910158519,0.002861199900507927
108,SNR_5db,N,New_N_109.wav,28-13-6,DeepONMF_H3,3,nndsvd,0.2745207149115314,6x212,0.033874799963086843,28,0.163940805861271,0.28375351728272225,0.024871999979950488,13,0.13400701390090644,0.29383503096421887,0.005058799986727536,6,0.11980439483707316,0.3318693783242079,0.0028837999561801553
109,SNR_5db,N,New_N_110.wav,28-13-6,DeepONMF_H3,3,nndsvd,0.29025096341563067,6x212,0.03630389994941652,28,0.17324393451669176,0.2892353478394533,0.026733599952422082,13,0.13915703206042074,0.29665185823856116,0.005213299999013543,6,0.12968472002725562,0.3096211213662516,0.0030029999325051904
110,SNR_5db,N,New_N_111.wav,28-13-6,DeepONMF_H3,3,nndsvd,0.27940694444680464,6x212,0.03487850003875792,28,0.16594923970237288,0.28377347261332286,0.02580499998293817,13,0.13690051846680298,0.28248788557672844,0.004814799991436303,6,0.11995342839722624,0.3158493756158475,0.002879600040614605
111,SNR_5db,N,New_N_112.wav,28-13-6,DeepONMF_H3,3,nndsvd,0.28011701606080347,6x212,0.03437939996365458,28,0.16981744451501565,0.28718644614817324,0.02540949999820441,13,0.1359684176554736,0.30244952657372753,0.004740200005471706,6,0.12291469419683747,0.3403320930402135,0.0028452000115066767
112,SNR_5db,N,New_N_113.wav,28-13-6,DeepONMF_H3,3,nndsvd,0.29274088964622164,6x212,0.03466030000708997,28,0.16768995082609517,0.28440645852056756,0.025798100046813488,13,0.13948393745380702,0.2943025278814358,0.004816000000573695,6,0.12685967563737896,0.3185630404703042,0.0028772999066859484
113,SNR_5db,N,New_N_114.wav,28-13-6,DeepONMF_H3,3,nndsvd,0.27790731012114517,6x212,0.035028900019824505,28,0.1702993520716486,0.28874023593218423,0.02582129999063909,13,0.13729457680208107,0.30721977275562434,0.004913000040687621,6,0.12375938137134758,0.31608793672175933,0.0030068999622017145
114,SNR_5db,N,New_N_115.wav,28-13-6,DeepONMF_H3,3,nndsvd,0.27674241326982985,6x212,0.03554620000068098,28,0.16848367025353625,0.2812041739621895,0.026060999953188002,13,0.13741420297740067,0.29467435806201253,0.004974400042556226,6,0.12473013822221204,0.3416477005887042,0.0034588000271469355
115,SNR_5db,N,New_N_116.wav,28-13-6,DeepONMF_H3,3,nndsvd,0.2798911394796498,6x212,0.034443699987605214,28,0.17022509788187037,0.2795200486591372,0.025294299935922027,13,0.13624601934508226,0.29350858607835906,0.004978800076059997,6,0.1205488721370634,0.3148801541829656,0.003236299962736666
116,SNR_5db,N,New_N_117.wav,28-13-6,DeepONMF_H3,3,nndsvd,0.2770057663297207,6x212,0.03478939994238317,28,0.1661231245084225,0.28438616662924004,0.025417900062166154,13,0.13752378941379495,0.29697482041175693,0.005479700048454106,6,0.12394253227164284,0.3288355269511504,0.002918899990618229
117,SNR_5db,N,New_N_118.wav,28-13-6,DeepONMF_H3,3,nndsvd,0.28414930341374306,6x212,0.032650899956934154,28,0.16964426906209465,0.28831921328533666,0.023429100052453578,13,0.13765183934780995,0.29573061085021296,0.005321700009517372,6,0.12346570349530177,0.3233881917825773,0.00298400002066046
118,SNR_5db,N,New_N_119.wav,28-13-6,DeepONMF_H3,3,nndsvd,0.28015224918723425,6x212,0.03381339996121824,28,0.16758269427689845,0.286138424299672,0.024829900008626282,13,0.13722322179867566,0.29850930151237404,0.005088500096462667,6,0.12116374747719647,0.3274235036449476,0.002960899961180985
119,SNR_5db,N,New_N_120.wav,28-13-6,DeepONMF_H3,3,nndsvd,0.283280076998443,6x212,0.031455900054425,28,0.1684423156204527,0.2864134471637585,0.02245209994725883,13,0.13527568811738377,0.29117303875634765,0.00476629997137934,6,0.12224673223449319,0.31569105725144914,0.0032817000756040215
120,SNR_5db,N,New_N_121.wav,28-13-6,DeepONMF_H3,3,nndsvd,0.2815890162035461,6x212,0.03412920003756881,28,0.17078620366244612,0.28282015414252465,0.024493100005201995,13,0.13957849201714898,0.2892326795088431,0.005413400009274483,6,0.12517052180962596,0.29766129927716983,0.0033455999800935388
121,SNR_5db,N,New_N_122.wav,28-13-6,DeepONMF_H3,3,nndsvd,0.280434567000943,6x212,0.036111699999310076,28,0.16965263044291184,0.28406476401462294,0.026182299945503473,13,0.14043783793571973,0.30104156406320437,0.005846899934113026,6,0.12651494733805949,0.32269995222605424,0.003268200089223683
122,SNR_5db,N,New_N_123.wav,28-13-6,DeepONMF_H3,3,nndsvd,0.2740332598003252,6x212,0.03436769999098033,28,0.16588464230051986,0.28228425157679427,0.024809699971228838,13,0.13485109325528272,0.2847203760297785,0.005608999985270202,6,0.1200599013253687,0.3039302962998619,0.0030089999781921506
123,SNR_5db,N,New_N_124.wav,28-13-6,DeepONMF_H3,3,nndsvd,0.28004433918636346,6x212,0.03250220010522753,28,0.17004237239681663,0.29434130883310483,0.023243799922056496,13,0.13774916291091757,0.30988514190526545,0.005361399962566793,6,0.12043474319145459,0.34964180889273905,0.0029614000814035535
124,SNR_5db,N,New_N_125.wav,28-13-6,DeepONMF_H3,3,nndsvd,0.28496541385765967,6x212,0.032870199996978045,28,0.17004833398117375,0.29315514109518775,0.02382590004708618,13,0.13819044830939411,0.2996083953746414,0.0053298999555408955,6,0.12433644659874431,0.32761916706463245,0.0029353999998420477
125,SNR_5db,N,New_N_126.wav,28-13-6,DeepONMF_H3,3,nndsvd,0.2726385027759389,6x212,0.03680480003822595,28,0.16469527255660232,0.2834825264801824,0.02752410003449768,13,0.13189586770564898,0.28766204978715654,0.005022399942390621,6,0.12099891280345915,0.28251908228576544,0.0028282999992370605
126,SNR_5db,N,New_N_127.wav,28-13-6,DeepONMF_H3,3,nndsvd,0.27279023055460927,6x212,0.03375399997457862,28,0.16485267644212828,0.27245763495832226,0.024476699996739626,13,0.13457131415324278,0.2736678880182118,0.004840899957343936,6,0.12051319865720442,0.29899681824283136,0.002873999997973442
127,SNR_5db,N,New_N_128.wav,28-13-6,DeepONMF_H3,3,nndsvd,0.27198556853043976,6x212,0.0361473000375554,28,0.16463826778221477,0.27678035423239666,0.027424200088717043,13,0.1295002184614826,0.2897653543296153,0.004761299933306873,6,0.11523700401334455,0.3058607851818415,0.00286100001540035
128,SNR_5db,N,New_N_129.wav,28-13-6,DeepONMF_H3,3,nndsvd,0.27059330825217587,6x212,0.0348695000866428,28,0.16402201686150963,0.27171376511366535,0.026159999892115593,13,0.13214196336830614,0.2632538024365789,0.004733199952170253,6,0.11884380451874431,0.2649162461889312,0.0030438000103458762
129,SNR_5db,N,New_N_130.wav,28-13-6,DeepONMF_H3,3,nndsvd,0.2740932115315581,6x212,0.0370693999575451,28,0.16296334972361587,0.26959712686520504,0.02824339992366731,13,0.13324011051314205,0.28693514169051504,0.004675300093367696,6,0.12042096216970655,0.2851653870208076,0.00311300007160753
130,SNR_5db,N,New_N_131.wav,28-13-6,DeepONMF_H3,3,nndsvd,0.27392231082411583,6x212,0.032148700091056526,28,0.16594625565391638,0.2830109855923394,0.022784199914894998,13,0.13294616851725885,0.2883143071160193,0.00514120003208518,6,0.12251197892681051,0.2990734614487334,0.002894999925047159
131,SNR_5db,N,New_N_132.wav,28-13-6,DeepONMF_H3,3,nndsvd,0.2705952590720055,6x212,0.03424830001313239,28,0.16555103654128359,0.2773700168434955,0.02521570003591478,13,0.1341790127139668,0.2832297032021167,0.005094000021927059,6,0.11729234361952894,0.31289492525603324,0.003202800056897104
132,SNR_5db,N,New_N_133.wav,28-13-6,DeepONMF_H3,3,nndsvd,0.273433800106443,6x212,0.033015500055626035,28,0.1661476721467252,0.2770218204545888,0.023963100044056773,13,0.13521211359856747,0.29043941331051676,0.004851200035773218,6,0.12228283858049006,0.31274556305440804,0.003256700001657009
133,SNR_5db,N,New_N_134.wav,28-13-6,DeepONMF_H3,3,nndsvd,0.27023369095063227,6x212,0.033335099928081036,28,0.16334200246639718,0.2813260600146249,0.024405699921771884,13,0.13192415072927763,0.2700257293703221,0.004662999999709427,6,0.12086606960469097,0.2835254778391329,0.0034769000485539436
134,SNR_5db,N,New_N_135.wav,28-13-6,DeepONMF_H3,3,nndsvd,0.27208537917165043,6x212,0.03343039995525032,28,0.16528301846873067,0.28466592884211295,0.02441700000781566,13,0.133761653099165,0.2942825276726802,0.004835100029595196,6,0.12224019142814596,0.33855431453496604,0.003259100019931793
135,SNR_5db,N,New_N_136.wav,28-13-6,DeepONMF_H3,3,nndsvd,0.2701944078959282,6x212,0.03345889993943274,28,0.16232639952402877,0.28508131671875814,0.024645800003781915,13,0.13138865552179801,0.2703210860508394,0.004726800019852817,6,0.11809689697741828,0.2720675873483272,0.0032348999520763755
