indice_interno,base,clase,archivo,distribucion,representacion,numero_capas,inicializacion_onmf,error_final,forma_h_final,segundos_extraccion_deep,capa_1_rango,capa_1_error,capa_1_ortogonalidad_h,capa_1_segundos,capa_2_rango,capa_2_error,capa_2_ortogonalidad_h,capa_2_segundos,capa_3_rango,capa_3_error,capa_3_ortogonalidad_h,capa_3_segundos
0,SNR_0db,N,New_N_001.wav,26-14-8,DeepONMF_H3,3,nndsvd,0.3504512345660691,8x212,0.03461470000911504,26,0.24130793337642953,0.28247480050130924,0.02541969995945692,14,0.20420905833369185,0.2897658316588743,0.0050206000450998545,8,0.1804481826393999,0.2958657247612892,0.0030211000703275204
1,SNR_0db,N,New_N_002.wav,26-14-8,DeepONMF_H3,3,nndsvd,0.3456491739085071,8x212,0.033759000012651086,26,0.2405200608182775,0.299997192169213,0.024813100113533437,14,0.19140675332138593,0.3148935892632309,0.004842699971050024,8,0.16967215286469095,0.31310284075033284,0.003197499900124967
2,SNR_0db,N,New_N_003.wav,26-14-8,DeepONMF_H3,3,nndsvd,0.3520536671154086,8x212,0.03210360009688884,26,0.24501550155383317,0.2944166339152159,0.023064499953761697,14,0.1945304653935183,0.30326026459086586,0.004879400017671287,8,0.1689481609161456,0.3009149762237036,0.0029326999792829156
3,SNR_0db,N,New_N_004.wav,26-14-8,DeepONMF_H3,3,nndsvd,0.3527405244803728,8x212,0.03772579994983971,26,0.24433791927811466,0.2973966973914304,0.026601699995808303,14,0.20119468385747932,0.3184476211850301,0.00583599996753037,8,0.17576533499244829,0.31686438367490977,0.0043830000795423985
4,SNR_0db,N,New_N_005.wav,26-14-8,DeepONMF_H3,3,nndsvd,0.34411678645316396,8x212,0.037077900022268295,26,0.2416167547851564,0.29449547053574904,0.026400099974125624,14,0.197492892243195,0.29926182348671954,0.006470700027421117,8,0.1692248991012521,0.2997396362340347,0.0032833999721333385
5,SNR_0db,N,New_N_006.wav,26-14-8,DeepONMF_H3,3,nndsvd,0.3525511518882152,8x212,0.035750199924223125,26,0.24303838013569154,0.2963353564670574,0.025403799954801798,14,0.20649692784384802,0.29073921906689404,0.006014500046148896,8,0.170558248955577,0.304605810045084,0.0032888000132516026
6,SNR_0db,N,New_N_007.wav,26-14-8,DeepONMF_H3,3,nndsvd,0.3535537667170746,8x212,0.03694570006337017,26,0.24284725824221995,0.2974461827276294,0.027484400081448257,14,0.19807264356438653,0.2997994285190348,0.005309100029990077,8,0.17404288009239433,0.3015264421758059,0.0031814000103622675
7,SNR_0db,N,New_N_008.wav,26-14-8,DeepONMF_H3,3,nndsvd,0.34763701098248817,8x212,0.037002200027927756,26,0.2390369744511868,0.2920853155441222,0.026318900054320693,14,0.19964796884731648,0.2915846449028392,0.0052149000111967325,8,0.1756401170663561,0.315455533820239,0.004241500049829483
8,SNR_0db,N,New_N_009.wav,26-14-8,DeepONMF_H3,3,nndsvd,0.3470910201161111,8x212,0.04093779996037483,26,0.24138212928622116,0.289746493964911,0.02800400007981807,14,0.1992481938361816,0.3045008911936089,0.008287700009532273,8,0.1757021201165335,0.31935332209848993,0.0035746999783441424
9,SNR_0db,N,New_N_010.wav,26-14-8,DeepONMF_H3,3,nndsvd,0.35130560049317155,8x212,0.033295299974270165,26,0.2427622485094985,0.2930495795370536,0.023371199960820377,14,0.2004348590600881,0.30807036589825454,0.0056868999963626266,8,0.17170531117296636,0.32680531698008447,0.003196000005118549
10,SNR_0db,N,New_N_011.wav,26-14-8,DeepONMF_H3,3,nndsvd,0.34949694466898573,8x212,0.03388280002400279,26,0.24212181984606573,0.301263228236266,0.023734499933198094,14,0.20034217533347978,0.3043017531057133,0.00604650005698204,8,0.17295394882026535,0.3105615627024733,0.003230900038033724
11,SNR_0db,N,New_N_012.wav,26-14-8,DeepONMF_H3,3,nndsvd,0.35061639385564847,8x212,0.034445099998265505,26,0.24522552231825875,0.28838381912649574,0.025349100003950298,14,0.19847823439055334,0.290146242925654,0.0050620000110939145,8,0.1763604607071578,0.31181804768189103,0.0030115999979898334
12,SNR_0db,N,New_N_013.wav,26-14-8,DeepONMF_H3,3,nndsvd,0.3504280908984803,8x212,0.035492500057443976,26,0.23965862914364183,0.2981722258420609,0.02669400000013411,14,0.1993002601751244,0.3038590647957511,0.004790700040757656,8,0.17419329751983212,0.3045133147546606,0.0029074999038130045
13,SNR_0db,N,New_N_014.wav,26-14-8,DeepONMF_H3,3,nndsvd,0.3475252232059775,8x212,0.03542410000227392,26,0.23931703953358238,0.29099126999397484,0.026601299992762506,14,0.2002790916679826,0.29619765210905613,0.004765799967572093,8,0.169454247269028,0.3044719166190807,0.002988999942317605
14,SNR_0db,N,New_N_015.wav,26-14-8,DeepONMF_H3,3,nndsvd,0.35702591918888127,8x212,0.03593889996409416,26,0.24761352014233587,0.289677045323626,0.026179000036790967,14,0.2048683684145846,0.30513785391924,0.005201200023293495,8,0.17683548575651875,0.32028495204677887,0.0033224999206140637
15,SNR_0db,N,New_N_016.wav,26-14-8,DeepONMF_H3,3,nndsvd,0.3563335098227536,8x212,0.03791910002473742,26,0.24659833528200936,0.2891516185059221,0.026244499953463674,14,0.2014032568151243,0.2921452631885212,0.006606699898838997,8,0.17531598118077835,0.29269125419195025,0.004083200008608401
16,SNR_0db,N,New_N_017.wav,26-14-8,DeepONMF_H3,3,nndsvd,0.35565722978835246,8x212,0.037350500002503395,26,0.2473183656026105,0.29321290515018833,0.026619500014930964,14,0.20553423911855953,0.30256403276154303,0.006454200018197298,8,0.1786227129107398,0.3162160029112667,0.003411900019273162
17,SNR_0db,N,New_N_018.wav,26-14-8,DeepONMF_H3,3,nndsvd,0.35241127581754056,8x212,0.03783869999460876,26,0.2451966102756904,0.2918640234168406,0.027309800032526255,14,0.2007604054908685,0.2910855089942397,0.006070300005376339,8,0.17288342578861915,0.2995285216944335,0.0036105000181123614
18,SNR_0db,N,New_N_019.wav,26-14-8,DeepONMF_H3,3,nndsvd,0.3490287868483238,8x212,0.039564099977724254,26,0.24335419942947162,0.294173125055076,0.029086700058542192,14,0.19691973702184312,0.29865360656272016,0.005679499940015376,8,0.1747001746971844,0.29839437887758535,0.00397369998972863
19,SNR_0db,N,New_N_020.wav,26-14-8,DeepONMF_H3,3,nndsvd,0.3488546467156679,8x212,0.03707740001846105,26,0.24524778826857674,0.29583353693906117,0.02621869998984039,14,0.19214594784085987,0.3007661169668204,0.006525400094687939,8,0.17606879060856037,0.29707386025072086,0.003323699929751456
20,SNR_0db,N,New_N_021.wav,26-14-8,DeepONMF_H3,3,nndsvd,0.3460061429979105,8x212,0.03584119991865009,26,0.24026487253947232,0.2980019066491136,0.025391299976035953,14,0.20018826062505624,0.31130010519003337,0.006186399958096445,8,0.16843528429767624,0.2997991157946163,0.003359299967996776
21,SNR_0db,N,New_N_022.wav,26-14-8,DeepONMF_H3,3,nndsvd,0.35336822479557417,8x212,0.03660599992144853,26,0.2452480122108075,0.30151312577682293,0.0268122999696061,14,0.1996310774618102,0.3101228295390703,0.005637100082822144,8,0.1723078490271286,0.30736639290487855,0.0033657000167295337
22,SNR_0db,N,New_N_023.wav,26-14-8,DeepONMF_H3,3,nndsvd,0.35043210770133587,8x212,0.03774639999028295,26,0.23909608722060502,0.29502775846040524,0.028406500001437962,14,0.192840096907681,0.3022428151385698,0.004965899977833033,8,0.17283244326397337,0.3049180807116158,0.002978999982587993
23,SNR_0db,N,New_N_024.wav,26-14-8,DeepONMF_H3,3,nndsvd,0.352889600936507,8x212,0.0328262000111863,26,0.2461227620192109,0.2968567260525786,0.023831099970266223,14,0.1954687957656345,0.2929317456215563,0.004802300012670457,8,0.17251934621472442,0.29306769414675393,0.0030347000574693084
24,SNR_0db,N,New_N_025.wav,26-14-8,DeepONMF_H3,3,nndsvd,0.35439027610010326,8x212,0.034407699946314096,26,0.24412459163460412,0.2998470668852254,0.025221000076271594,14,0.2017400968091782,0.29312510857490137,0.004919699975289404,8,0.18227938944569216,0.3070968640756165,0.0033995999256148934
25,SNR_0db,N,New_N_026.wav,26-14-8,DeepONMF_H3,3,nndsvd,0.3509967214417775,8x212,0.034984300029464066,26,0.24272370331133333,0.3053103146214065,0.025772099965251982,14,0.20327966431130962,0.30648681740871525,0.004808199941180646,8,0.17549647590009693,0.30554643492602385,0.0035379999317228794
26,SNR_0db,N,New_N_027.wav,26-14-8,DeepONMF_H3,3,nndsvd,0.3471364382330314,8x212,0.03420610004104674,26,0.24254652134461674,0.28878416441243104,0.025022000074386597,14,0.1949592991509892,0.3012156719501246,0.004952199989929795,8,0.1708128976017947,0.2954345411816423,0.003488800022751093
27,SNR_0db,N,New_N_028.wav,26-14-8,DeepONMF_H3,3,nndsvd,0.35084088008556163,8x212,0.035691100056283176,26,0.24364619049636316,0.2989239296902932,0.025425200001336634,14,0.1998052622126434,0.3023177813218953,0.006328499992378056,8,0.17003562279379553,0.3188296619508795,0.00300609995611012
28,SNR_0db,N,New_N_029.wav,26-14-8,DeepONMF_H3,3,nndsvd,0.35576401987913003,8x212,0.03385429992340505,26,0.24803674805040665,0.2871666953798647,0.024168999982066453,14,0.20970658017169072,0.3017367312430653,0.005754400044679642,8,0.17592946712630833,0.31000083136727685,0.002937600016593933
29,SNR_0db,N,New_N_030.wav,26-14-8,DeepONMF_H3,3,nndsvd,0.34722319488254133,8x212,0.03578560007736087,26,0.24143454896793062,0.292850413301377,0.026845599990338087,14,0.19855801111812152,0.3046505553140902,0.005044199991971254,8,0.17446869391027436,0.32652816249119115,0.0029308999655768275
30,SNR_0db,N,New_N_031.wav,26-14-8,DeepONMF_H3,3,nndsvd,0.34875176074145553,8x212,0.03241330001037568,26,0.24392525853383226,0.29251347395535593,0.02299750002566725,14,0.20066708945151454,0.30933731353166527,0.005405799951404333,8,0.17402624046610793,0.3101998450686792,0.0030380000825971365
31,SNR_0db,N,New_N_032.wav,26-14-8,DeepONMF_H3,3,nndsvd,0.35231244329390493,8x212,0.03461640002205968,26,0.24245548006154036,0.29768822133109035,0.025674899923615158,14,0.20282440932978138,0.29716338541020154,0.004994100076146424,8,0.17126011809016542,0.303257180069562,0.0029844000237062573
32,SNR_0db,N,New_N_033.wav,26-14-8,DeepONMF_H3,3,nndsvd,0.353557157690081,8x212,0.034016899997368455,26,0.24185950286622915,0.29566478939035884,0.02489659993443638,14,0.20429747287281416,0.29575115008025643,0.005191300064325333,8,0.17715207630657814,0.29063999202161345,0.003119800006970763
33,SNR_0db,N,New_N_034.wav,26-14-8,DeepONMF_H3,3,nndsvd,0.34843175890401384,8x212,0.03438460000324994,26,0.24200467547632606,0.291597597967648,0.025453600101172924,14,0.20293377383089434,0.30931341289598874,0.0049912999384105206,8,0.1716558926271215,0.30140097999716353,0.0029688000213354826
34,SNR_0db,N,New_N_035.wav,26-14-8,DeepONMF_H3,3,nndsvd,0.34716728488308807,8x212,0.03479170007631183,26,0.24220103850006783,0.29058209495141185,0.025860500056296587,14,0.199149115471501,0.3065323009581528,0.004875399987213314,8,0.17363739632177916,0.2963558123078002,0.0030091999797150493
35,SNR_0db,N,New_N_036.wav,26-14-8,DeepONMF_H3,3,nndsvd,0.34905034460994194,8x212,0.034879199927672744,26,0.2421723265414796,0.29268068685401166,0.025954000069759786,14,0.20187001720957698,0.2969995243088112,0.004900099942460656,8,0.17146115230545256,0.3208837934526366,0.003093400038778782
36,SNR_0db,N,New_N_037.wav,26-14-8,DeepONMF_H3,3,nndsvd,0.2819030389500541,8x212,0.03393290005624294,26,0.1799232980037373,0.2947350740129992,0.02505390008445829,14,0.13825900235514307,0.28475771687648466,0.004932899959385395,8,0.12560702737210094,0.2849617320950427,0.0029366998933255672
37,SNR_0db,N,New_N_038.wav,26-14-8,DeepONMF_H3,3,nndsvd,0.3544582902069807,8x212,0.035605099983513355,26,0.2403333916425134,0.29484462487741614,0.02669400000013411,14,0.19887357969024771,0.29072362715297395,0.004768699989654124,8,0.17376356770991644,0.28581093757596604,0.0030106999911367893
38,SNR_0db,N,New_N_039.wav,26-14-8,DeepONMF_H3,3,nndsvd,0.3529275538029164,8x212,0.03312869998626411,26,0.2448008838526518,0.28993064883693787,0.023449599975720048,14,0.20588565284837687,0.30373788437204496,0.00489799992647022,8,0.18127190137418556,0.30470373423898717,0.00355450005736202
39,SNR_0db,N,New_N_040.wav,26-14-8,DeepONMF_H3,3,nndsvd,0.35070986122222253,8x212,0.035271400003694,26,0.24312374531074452,0.2904959493201819,0.025282899965532124,14,0.20095869432733282,0.2935570435506648,0.0052087000804021955,8,0.17226612055632845,0.29038076348832104,0.0038313999539241195
40,SNR_0db,N,New_N_041.wav,26-14-8,DeepONMF_H3,3,nndsvd,0.34559056943334965,8x212,0.03327260003425181,26,0.24073946186917766,0.29727065645334516,0.02358269994147122,14,0.1921406417880172,0.3074303700077899,0.005010899971239269,8,0.16927646582822314,0.3236790411406631,0.0036982999881729484
41,SNR_0db,N,New_N_042.wav,26-14-8,DeepONMF_H3,3,nndsvd,0.3543763228739089,8x212,0.035246499930508435,26,0.24457234735748665,0.2933227040193165,0.025581800029613078,14,0.19882199028207154,0.29728323412508156,0.00518420001026243,8,0.17111947431971258,0.3087268217955995,0.00351129996124655
42,SNR_0db,N,New_N_043.wav,26-14-8,DeepONMF_H3,3,nndsvd,0.34551205008720637,8x212,0.033416900085285306,26,0.23593793404871516,0.2945201547904246,0.023846799973398447,14,0.19271989930865635,0.3032111875230556,0.0053530000150203705,8,0.16800193263059052,0.3184078532120294,0.0033666000235825777
43,SNR_0db,N,New_N_044.wav,26-14-8,DeepONMF_H3,3,nndsvd,0.34914845752544654,8x212,0.03463540005031973,26,0.24135238605109827,0.30554167675500776,0.02528789988718927,14,0.19127503129557236,0.308157339083321,0.0053322999738156796,8,0.1640735501789958,0.31727069303427236,0.0031205000123009086
44,SNR_0db,N,New_N_045.wav,26-14-8,DeepONMF_H3,3,nndsvd,0.34702811582502147,8x212,0.035226100008003414,26,0.238219439286771,0.30469895662228774,0.0258701000129804,14,0.19410752450606072,0.3179741874383635,0.0054660000605508685,8,0.16896009806244036,0.3394485373516565,0.0030360000673681498
45,SNR_0db,N,New_N_046.wav,26-14-8,DeepONMF_H3,3,nndsvd,0.3431545961178601,8x212,0.03259930002968758,26,0.23476949956878157,0.29447987093151,0.02330870006699115,14,0.18798182289917062,0.30365834181425483,0.005373299936763942,8,0.16879583597224532,0.31449662677374796,0.003006199956871569
46,SNR_0db,N,New_N_047.wav,26-14-8,DeepONMF_H3,3,nndsvd,0.3420341388007642,8x212,0.034015499986708164,26,0.2373058919880896,0.2993185380970608,0.024191300035454333,14,0.19457994636290685,0.30681053600719854,0.005864699953235686,8,0.16081231770448534,0.31897805730133666,0.0029922000830993056
47,SNR_0db,N,New_N_048.wav,26-14-8,DeepONMF_H3,3,nndsvd,0.3454251964732294,8x212,0.03707560000475496,26,0.23761124375945047,0.29687432663281704,0.02722439996432513,14,0.18948172168976737,0.30835020302733346,0.005579399992711842,8,0.16304039295599507,0.32172225541575994,0.00330250000115484
48,SNR_0db,N,New_N_049.wav,26-14-8,DeepONMF_H3,3,nndsvd,0.35019117640338115,8x212,0.03785900003276765,26,0.2400904389375964,0.2944294912131593,0.028241900028660893,14,0.1985734271812723,0.30927020211844075,0.005284399958327413,8,0.16524693479033722,0.33612821862259246,0.0034016999416053295
49,SNR_0db,N,New_N_050.wav,26-14-8,DeepONMF_H3,3,nndsvd,0.34715089424814805,8x212,0.03531079995445907,26,0.23933372836806116,0.29238554388259436,0.025972799980081618,14,0.19326349701265408,0.30252661959026206,0.005175599944777787,8,0.1697288361746796,0.3155214027313881,0.003183900029398501
50,SNR_0db,N,New_N_051.wav,26-14-8,DeepONMF_H3,3,nndsvd,0.3446079160388163,8x212,0.034106100094504654,26,0.2370816187109527,0.2914035571730077,0.02530010009650141,14,0.1875586742224414,0.30875809480043753,0.004757900023832917,8,0.164969165735188,0.317431967402143,0.003122100024484098
51,SNR_0db,N,New_N_052.wav,26-14-8,DeepONMF_H3,3,nndsvd,0.3468157567574223,8x212,0.0354187999619171,26,0.23931715362788164,0.3002387599943102,0.02539329999126494,14,0.1966925242723421,0.3060709546395443,0.005323999910615385,8,0.168987748769424,0.3213028179713485,0.0037716999650001526
52,SNR_0db,N,New_N_053.wav,26-14-8,DeepONMF_H3,3,nndsvd,0.35170937123065343,8x212,0.03310829994734377,26,0.24230260236460013,0.2889180596124208,0.023356899968348444,14,0.20002362331660267,0.30404211366397565,0.005162999965250492,8,0.16549171251039754,0.3193753748769703,0.0038244000170379877
53,SNR_0db,N,New_N_054.wav,26-14-8,DeepONMF_H3,3,nndsvd,0.34767972440412787,8x212,0.03614640003070235,26,0.2400492017797697,0.2938508769408849,0.026093200081959367,14,0.18903764079404847,0.30119698261348227,0.006213100044988096,8,0.17081892967045545,0.32314151959015025,0.0030670000705868006
54,SNR_0db,N,New_N_055.wav,26-14-8,DeepONMF_H3,3,nndsvd,0.3471970824160507,8x212,0.03414969996083528,26,0.24171143962438302,0.2931343242425759,0.024118700064718723,14,0.19340706517072362,0.3075404799339689,0.006125999963842332,8,0.16492621492413934,0.32504283895138547,0.003109700046479702
55,SNR_0db,N,New_N_056.wav,26-14-8,DeepONMF_H3,3,nndsvd,0.34538585820420986,8x212,0.03574369999114424,26,0.23869008401128033,0.29858229570440525,0.026542200008407235,14,0.18630593943190932,0.2987368216185292,0.005141400033608079,8,0.1711670446464667,0.3162709391826935,0.0030359000666067004
56,SNR_0db,N,New_N_057.wav,26-14-8,DeepONMF_H3,3,nndsvd,0.3452824148711947,8x212,0.03522759990300983,26,0.2365632713848709,0.2938422787108277,0.026201300090178847,14,0.18754958457779228,0.2998627780791789,0.004908100003376603,8,0.1611655655469281,0.3079821729770923,0.0029303000774234533
57,SNR_0db,N,New_N_058.wav,26-14-8,DeepONMF_H3,3,nndsvd,0.3494985551822821,8x212,0.035326599958352745,26,0.24075226882030434,0.2939509076657793,0.026438900036737323,14,0.19051684327947693,0.2997441927279635,0.004844999988563359,8,0.16185035162308187,0.3100152023406369,0.0029458999633789062
58,SNR_0db,N,New_N_059.wav,26-14-8,DeepONMF_H3,3,nndsvd,0.3458341581718478,8x212,0.03572699998039752,26,0.23773500992753846,0.2938588115823831,0.026875399984419346,14,0.1985950455421623,0.30581277722640915,0.004780099960044026,8,0.1691242657183523,0.32544553591942293,0.0028885999927297235
59,SNR_0db,N,New_N_060.wav,26-14-8,DeepONMF_H3,3,nndsvd,0.3446404775057104,8x212,0.03352589998394251,26,0.23882307626276222,0.2916272883941859,0.023962700041010976,14,0.1925030021564167,0.29593096615320613,0.005114099942147732,8,0.1667012899318647,0.3176110238372926,0.002985099912621081
60,SNR_0db,N,New_N_061.wav,26-14-8,DeepONMF_H3,3,nndsvd,0.3492836231530946,8x212,0.036776999942958355,26,0.23826576225543825,0.29183723993743466,0.026715700048953295,14,0.19653645183843552,0.2986079794071101,0.005387500044889748,8,0.16904909279666974,0.3052945547486209,0.0036088000051677227
61,SNR_0db,N,New_N_062.wav,26-14-8,DeepONMF_H3,3,nndsvd,0.347594830820819,8x212,0.03371690004132688,26,0.23921791053035102,0.29395965496030885,0.024629299994558096,14,0.19397334477131184,0.3033618201143198,0.004968299996107817,8,0.16985059540216596,0.3224269155239317,0.0033149999799206853
62,SNR_0db,N,New_N_063.wav,26-14-8,DeepONMF_H3,3,nndsvd,0.3450040095153881,8x212,0.03481900005135685,26,0.2376443263372881,0.29579275353416207,0.02480070001911372,14,0.18911537578460103,0.30810899265380287,0.005693000042811036,8,0.16663210003182122,0.3087503813105649,0.0034381001023575664
63,SNR_0db,N,New_N_064.wav,26-14-8,DeepONMF_H3,3,nndsvd,0.34477569206519987,8x212,0.033265699981711805,26,0.2368392325350655,0.29161186329878686,0.0234726999187842,14,0.1897821122322786,0.29814785313442366,0.005521200015209615,8,0.171312604985412,0.31546117343177904,0.0033233000431209803
64,SNR_0db,N,New_N_065.wav,26-14-8,DeepONMF_H3,3,nndsvd,0.3414508108722521,8x212,0.034698800067417324,26,0.23495924082034,0.2960134674142482,0.025121700018644333,14,0.18989916609695967,0.2960724680672956,0.005591899971477687,8,0.16288893481385064,0.31630647905766546,0.0030649000545963645
65,SNR_0db,N,New_N_066.wav,26-14-8,DeepONMF_H3,3,nndsvd,0.3463596232322902,8x212,0.03462529997341335,26,0.23656413053227718,0.29937246211560137,0.024465200025588274,14,0.19470164614049523,0.3139323633073028,0.00616500002797693,8,0.16345250411736453,0.3027433156241921,0.0030214000726118684
66,SNR_0db,N,New_N_067.wav,26-14-8,DeepONMF_H3,3,nndsvd,0.3437986513819382,8x212,0.03399100003298372,26,0.2373042822129037,0.29776309024829745,0.024501999956555665,14,0.19427777411174615,0.30765733991262095,0.0054221999598667026,8,0.16152005254124585,0.31183442873637773,0.0029789000982418656
67,SNR_0db,N,New_N_068.wav,26-14-8,DeepONMF_H3,3,nndsvd,0.3509716484643564,8x212,0.03717179992236197,26,0.24202186015293778,0.30004066017741227,0.02755339990835637,14,0.19938277954570835,0.31105860653587625,0.005571400048211217,8,0.16964378643681483,0.3264404162348783,0.0031792999943718314
68,SNR_0db,N,New_N_069.wav,26-14-8,DeepONMF_H3,3,nndsvd,0.3492185169676896,8x212,0.03528850001748651,26,0.24061843909052114,0.29451568844651066,0.026095799985341728,14,0.19737143698299062,0.2947017223250326,0.0049016999546438456,8,0.16502958645488106,0.3160032774433276,0.0029542000265792012
69,SNR_0db,N,New_N_070.wav,26-14-8,DeepONMF_H3,3,nndsvd,0.3457357601286772,8x212,0.033774000010453165,26,0.24034683490966247,0.3123816124523043,0.024589100037701428,14,0.1989728197574542,0.31810710625944566,0.0050406999653205276,8,0.17164278580819292,0.3206909435706756,0.0030088999774307013
70,SNR_0db,N,New_N_071.wav,26-14-8,DeepONMF_H3,3,nndsvd,0.35215013822567187,8x212,0.036990499938838184,26,0.23987565808171454,0.3022200899169394,0.027905100025236607,14,0.19937180903982274,0.31207579103648186,0.004826899967156351,8,0.1636545067537444,0.3159427930048677,0.0032884000102058053
71,SNR_0db,N,New_N_072.wav,26-14-8,DeepONMF_H3,3,nndsvd,0.3501385765628079,8x212,0.03264890005812049,26,0.24263888826328514,0.2934062850752716,0.023669400019571185,14,0.19570118383447627,0.3144954382811371,0.004819100024178624,8,0.17464174906069554,0.333554543432592,0.0031542000360786915
72,SNR_0db,N,New_N_073.wav,26-14-8,DeepONMF_H3,3,nndsvd,0.34952910432977463,8x212,0.03479160007555038,26,0.24034834449811912,0.29896033587037857,0.025597000028938055,14,0.19774623696030563,0.3106240425877353,0.004881400032900274,8,0.16844172399041105,0.317005430960062,0.0034010999370366335
73,SNR_0db,N,New_N_074.wav,26-14-8,DeepONMF_H3,3,nndsvd,0.3514767647469377,8x212,0.032589599955827,26,0.2420311259874708,0.30052103707418665,0.023039699997752905,14,0.19681418981690474,0.2953436649072143,0.004930299939587712,8,0.16494816347412036,0.31294851908904303,0.0035179000115022063
74,SNR_0db,N,New_N_075.wav,26-14-8,DeepONMF_H3,3,nndsvd,0.347405410084532,8x212,0.03453579999040812,26,0.23980457475989375,0.2905933042870648,0.024703800096176565,14,0.19680045431751123,0.29785728573914483,0.004889199975878,8,0.17440026178758417,0.3134222243426926,0.003359899972565472
75,SNR_0db,N,New_N_076.wav,26-14-8,DeepONMF_H3,3,nndsvd,0.34678727264279463,8x212,0.032938200049102306,26,0.24013047357341707,0.28684355960353114,0.022911899955943227,14,0.19518154028311197,0.30374574228191087,0.005138400010764599,8,0.16972710139116834,0.30666119852743723,0.003598300041630864
76,SNR_0db,N,New_N_077.wav,26-14-8,DeepONMF_H3,3,nndsvd,0.35390856978780466,8x212,0.03345280000939965,26,0.24164076125019177,0.29765891102477166,0.023708999971859157,14,0.19624081430369883,0.31473580432387294,0.005022699944674969,8,0.1701737261454376,0.31830542020782904,0.003473400021903217
77,SNR_0db,N,New_N_078.wav,26-14-8,DeepONMF_H3,3,nndsvd,0.35216512345662454,8x212,0.03346389997750521,26,0.244262126889366,0.29164962095214253,0.023568599950522184,14,0.19573073451746423,0.30553886443962497,0.004860099987126887,8,0.17151924237922428,0.32335712345321943,0.003990900004282594
78,SNR_0db,N,New_N_079.wav,26-14-8,DeepONMF_H3,3,nndsvd,0.34867604435764804,8x212,0.03794779989402741,26,0.23764066810088427,0.29677785947821733,0.02699609997216612,14,0.19418369806899405,0.29907387042354877,0.006437900010496378,8,0.17436974434730174,0.3185744453856966,0.003550400026142597
79,SNR_0db,N,New_N_080.wav,26-14-8,DeepONMF_H3,3,nndsvd,0.3496847214245308,8x212,0.03744189999997616,26,0.24227499280646028,0.286571479306125,0.02794180007185787,14,0.19614375972139922,0.2864616510788064,0.005261300015263259,8,0.17148382751487232,0.29404044033826665,0.0030897000106051564
80,SNR_0db,N,New_N_081.wav,26-14-8,DeepONMF_H3,3,nndsvd,0.3488492429429953,8x212,0.03319370001554489,26,0.23939314891066527,0.3005384696146566,0.02427769999485463,14,0.19855329489436704,0.30910276008178944,0.004939100006595254,8,0.17046909166893667,0.32193209145089824,0.002981600002385676
81,SNR_0db,N,New_N_082.wav,26-14-8,DeepONMF_H3,3,nndsvd,0.348133908433574,8x212,0.03546559996902943,26,0.2382544008331612,0.30684724212642306,0.026398799964226782,14,0.1937472470851746,0.3116423121460289,0.005043099983595312,8,0.1683078501634741,0.32764230987858595,0.0029917999636381865
82,SNR_0db,N,New_N_083.wav,26-14-8,DeepONMF_H3,3,nndsvd,0.3465813042367694,8x212,0.034523600013926625,26,0.24010174611328275,0.29116624385013395,0.025495300069451332,14,0.19562834313438518,0.29769440767490335,0.005076400004327297,8,0.17296421256736638,0.31896874755766025,0.003032799926586449
83,SNR_0db,N,New_N_084.wav,26-14-8,DeepONMF_H3,3,nndsvd,0.3500672290541176,8x212,0.0356879000319168,26,0.24219265382570748,0.3052816042401187,0.026322399964556098,14,0.19564713769637523,0.3094973219505404,0.005181799991987646,8,0.1718849737843625,0.33540092938013555,0.003167000017128885
84,SNR_0db,N,New_N_085.wav,26-14-8,DeepONMF_H3,3,nndsvd,0.3460434362831604,8x212,0.03139110002666712,26,0.2387460336845447,0.29040150714941476,0.022617100039497018,14,0.1987762454680013,0.29502987095144145,0.004848700016736984,8,0.16670444104257712,0.32453513003478196,0.002932900097221136
85,SNR_0db,N,New_N_086.wav,26-14-8,DeepONMF_H3,3,nndsvd,0.3492516380257911,8x212,0.03487450000829995,26,0.23929074662577807,0.3012399736027118,0.025484699988737702,14,0.19377246463291845,0.2994641477871128,0.004876599996350706,8,0.1697539140840248,0.30308168082214915,0.0030110999941825867
86,SNR_0db,N,New_N_087.wav,26-14-8,DeepONMF_H3,3,nndsvd,0.35006941824483206,8x212,0.03366030007600784,26,0.24221603987744503,0.29636372979966863,0.024736599996685982,14,0.1958368686978077,0.3007172322123573,0.004824500065296888,8,0.1690648318811187,0.32259860824127884,0.003043500008061528
87,SNR_0db,N,New_N_088.wav,26-14-8,DeepONMF_H3,3,nndsvd,0.3479972553496993,8x212,0.033501200028695166,26,0.24177294639705238,0.2918746920302095,0.02438730001449585,14,0.19299252433416617,0.30139348180968356,0.005062599899247289,8,0.17409484604022737,0.31859062357651496,0.0028970000566914678
88,SNR_0db,N,New_N_089.wav,26-14-8,DeepONMF_H3,3,nndsvd,0.3482236379084932,8x212,0.03357269999105483,26,0.23909231032834904,0.2964747232764691,0.02381819998845458,14,0.1950292642649701,0.2985263172665776,0.005343099939636886,8,0.17040708663235163,0.32094943988644264,0.0030134000116959214
89,SNR_0db,N,New_N_090.wav,26-14-8,DeepONMF_H3,3,nndsvd,0.3490791338181938,8x212,0.03294029994867742,26,0.2408794106853726,0.29649082545407673,0.023920200066640973,14,0.19342211779346627,0.30081463082984905,0.004954200005158782,8,0.17318842618031038,0.3172046508091402,0.002974200062453747
90,SNR_0db,N,New_N_091.wav,26-14-8,DeepONMF_H3,3,nndsvd,0.3500465103776204,8x212,0.035992000019177794,26,0.23737299274152526,0.2891967856503914,0.026593899936415255,14,0.19838937111615326,0.29972692241334126,0.004965499974787235,8,0.17018220963047398,0.3134602022222821,0.0033982000313699245
91,SNR_0db,N,New_N_092.wav,26-14-8,DeepONMF_H3,3,nndsvd,0.3473324531648627,8x212,0.03486070001963526,26,0.2419878619080659,0.29380694910105776,0.025493000051937997,14,0.1979216738616181,0.3038484751537161,0.005313999950885773,8,0.16867533372542262,0.32024142664509114,0.0030584000051021576
92,SNR_0db,N,New_N_093.wav,26-14-8,DeepONMF_H3,3,nndsvd,0.3459215248067207,8x212,0.03301889996509999,26,0.23818308124080187,0.2953370379187813,0.023145299986936152,14,0.19458643337476567,0.2998450366764214,0.005665199947543442,8,0.17204959362647104,0.3151511191302671,0.0031736999517306685
93,SNR_0db,N,New_N_094.wav,26-14-8,DeepONMF_H3,3,nndsvd,0.3484189240389049,8x212,0.03507369989529252,26,0.24177439624186425,0.2954623781871899,0.025402900064364076,14,0.19806130088592017,0.30364185571384494,0.005511299939826131,8,0.17404546660101303,0.3192769087171123,0.0031476999865844846
94,SNR_0db,N,New_N_095.wav,26-14-8,DeepONMF_H3,3,nndsvd,0.3493288213074802,8x212,0.03426069999113679,26,0.2423097544683031,0.2891474306849547,0.02478259999770671,14,0.1996700786929478,0.30482692783208853,0.005551100010052323,8,0.1693767477390832,0.3186041917588759,0.0030811000615358353
95,SNR_0db,N,New_N_096.wav,26-14-8,DeepONMF_H3,3,nndsvd,0.34398916399607743,8x212,0.033135400037281215,26,0.2403345390235307,0.29721716556001654,0.02383610000833869,14,0.19713728911573145,0.30878810141435137,0.0053149000741541386,8,0.1683030978676737,0.32158607354167745,0.0030873999930918217
96,SNR_0db,N,New_N_097.wav,26-14-8,DeepONMF_H3,3,nndsvd,0.3501259260342641,8x212,0.03529889998026192,26,0.2380605515028008,0.3007712634142078,0.023841300047934055,14,0.18898535302052027,0.30008964108594777,0.00701529998332262,8,0.16716384868587497,0.30243984353876535,0.0035241000587120652
97,SNR_0db,N,New_N_098.wav,26-14-8,DeepONMF_H3,3,nndsvd,0.35152099180537244,8x212,0.03740450006444007,26,0.24296579074627078,0.3001961413294791,0.02791029994841665,14,0.19906711528835133,0.3160994367687283,0.005203800043091178,8,0.17224770924890767,0.3357973766491738,0.0031175001058727503
98,SNR_0db,N,New_N_099.wav,26-14-8,DeepONMF_H3,3,nndsvd,0.3430760851767682,8x212,0.03374009998515248,26,0.23711217490694506,0.2971057035860308,0.025066199945285916,14,0.18930863860152,0.31395846646973713,0.004850999917834997,8,0.17059872779378604,0.3311468101713636,0.002904199995100498
99,SNR_0db,N,New_N_100.wav,26-14-8,DeepONMF_H3,3,nndsvd,0.35594014496195886,8x212,0.033956100000068545,26,0.24429285535997425,0.2890503704564279,0.025031500030308962,14,0.1958194289943797,0.2876871097913369,0.0049010999500751495,8,0.17346441386865577,0.30518331387187086,0.0029720000457018614
100,SNR_0db,N,New_N_101.wav,26-14-8,DeepONMF_H3,3,nndsvd,0.34171525022144605,8x212,0.03669719991739839,26,0.23683178413864023,0.2956489931834367,0.027469699969515204,14,0.189059892945702,0.3125642770752868,0.004920000093989074,8,0.16529600873381278,0.3283166027041373,0.002980499994009733
101,SNR_0db,N,New_N_102.wav,26-14-8,DeepONMF_H3,3,nndsvd,0.3479100296856622,8x212,0.033347300020977855,26,0.2387618093624825,0.29347110951204164,0.024042600067332387,14,0.1935832295179941,0.3114096587227858,0.004892700002528727,8,0.16958473769714227,0.32579038384484055,0.0030024999286979437
102,SNR_0db,N,New_N_103.wav,26-14-8,DeepONMF_H3,3,nndsvd,0.3451845758759593,8x212,0.03332990000490099,26,0.23441135602394944,0.2970750024326986,0.0238462999695912,14,0.19357913304219387,0.29828235462436337,0.004930800059810281,8,0.16382333276984046,0.3193661151933422,0.003479700069874525
103,SNR_0db,N,New_N_104.wav,26-14-8,DeepONMF_H3,3,nndsvd,0.3482097491630757,8x212,0.035028800019063056,26,0.23821746779656394,0.29230272575735056,0.025614400045014918,14,0.19133097904363772,0.3108143326311685,0.005157400039024651,8,0.1695506655708631,0.31132984489527765,0.003424299997277558
104,SNR_0db,N,New_N_105.wav,26-14-8,DeepONMF_H3,3,nndsvd,0.34845533598863904,8x212,0.03379080002196133,26,0.24098996873129153,0.29456393813266163,0.024636900052428246,14,0.19631561893450403,0.3070429271883204,0.005000900011509657,8,0.16794873500649563,0.3386017141302367,0.003319400013424456
105,SNR_0db,N,New_N_106.wav,26-14-8,DeepONMF_H3,3,nndsvd,0.34954147681761755,8x212,0.032878699945285916,26,0.2392942096572614,0.28751936510124515,0.023015899932943285,14,0.1931536142471161,0.2983004049903599,0.005546599975787103,8,0.170548541725761,0.3149606875317727,0.0034984999801963568
106,SNR_0db,N,New_N_107.wav,26-14-8,DeepONMF_H3,3,nndsvd,0.3510863738512457,8x212,0.03320079995319247,26,0.24031142598069502,0.2947957718872976,0.02337229996919632,14,0.19812957117903848,0.30060738005076443,0.005498600075952709,8,0.17099473508614774,0.32079443550026887,0.003281000070273876
107,SNR_0db,N,New_N_108.wav,26-14-8,DeepONMF_H3,3,nndsvd,0.35162666623499245,8x212,0.03299850004259497,26,0.24320499973941348,0.295387492132035,0.023921300075016916,14,0.19538438759335328,0.306932493373092,0.004912199918180704,8,0.1679508591591701,0.31242141359473,0.0033549999352544546
108,SNR_0db,N,New_N_109.wav,26-14-8,DeepONMF_H3,3,nndsvd,0.3423968823565437,8x212,0.03355379996355623,26,0.23400627179612424,0.2938919145664147,0.0240448999684304,14,0.18981188046261743,0.30925150063950546,0.0048599999863654375,8,0.1602779420444954,0.31981556344492124,0.003671300015412271
109,SNR_0db,N,New_N_110.wav,26-14-8,DeepONMF_H3,3,nndsvd,0.35029307610269855,8x212,0.037028899998404086,26,0.24187569754634672,0.3010586209381416,0.026480100001208484,14,0.19279882115713506,0.312004359462507,0.006079000071622431,8,0.16643010512495934,0.3204955000425838,0.0035509999142959714
110,SNR_0db,N,New_N_111.wav,26-14-8,DeepONMF_H3,3,nndsvd,0.34810119488455254,8x212,0.03698119998443872,26,0.2390015790662527,0.2973641941462507,0.027044500107876956,14,0.19156352219731484,0.2927053440554354,0.005911600077524781,8,0.16490320318414597,0.3023629493901095,0.00310700002592057
111,SNR_0db,N,New_N_112.wav,26-14-8,DeepONMF_H3,3,nndsvd,0.34563100211515624,8x212,0.03599700005725026,26,0.24012334166836122,0.29804654083792037,0.02663480001501739,14,0.19582788946628452,0.31174601171459493,0.004971299902535975,8,0.16794569173406135,0.32307459916900766,0.0031518000178039074
112,SNR_0db,N,New_N_113.wav,26-14-8,DeepONMF_H3,3,nndsvd,0.34764743579144775,8x212,0.033846299978904426,26,0.23994159511418245,0.2841195802356375,0.02487910003401339,14,0.1923188256693557,0.2994370564800815,0.004882300039753318,8,0.16500709213206247,0.3115108029996549,0.002934599993750453
113,SNR_0db,N,New_N_114.wav,26-14-8,DeepONMF_H3,3,nndsvd,0.3492951117516402,8x212,0.03482159995473921,26,0.239066492595642,0.30116771740821335,0.025974499993026257,14,0.19883821527294426,0.3025958984142655,0.00477959995623678,8,0.16378545408593154,0.32307111243633757,0.002939300029538572
114,SNR_0db,N,New_N_115.wav,26-14-8,DeepONMF_H3,3,nndsvd,0.3527132235036331,8x212,0.03615399997215718,26,0.24315116661320327,0.2900850544532275,0.02724510000552982,14,0.19363534381348935,0.29893862071354027,0.0048204000340774655,8,0.1706929242807746,0.30885844156847436,0.003083399962633848
115,SNR_0db,N,New_N_116.wav,26-14-8,DeepONMF_H3,3,nndsvd,0.3452636690998052,8x212,0.034783000010065734,26,0.2380950636079592,0.29176841557526706,0.025549300014972687,14,0.18750695973895526,0.30229158462245037,0.005007799947634339,8,0.16663223935486582,0.3250113516275145,0.0033180000027641654
116,SNR_0db,N,New_N_117.wav,26-14-8,DeepONMF_H3,3,nndsvd,0.34799970600656227,8x212,0.033212300040759146,26,0.24010398846820544,0.2984519908326661,0.02353949996177107,14,0.1944395049149664,0.3145829688038977,0.005575499963015318,8,0.1621540240682465,0.32378018732984665,0.003301599994301796
117,SNR_0db,N,New_N_118.wav,26-14-8,DeepONMF_H3,3,nndsvd,0.35116258379169457,8x212,0.03421720000915229,26,0.24285340478324835,0.2911108553766065,0.02516650001052767,14,0.19758961869792466,0.3096017873996025,0.004841999965719879,8,0.171721583888836,0.32013331137025997,0.0033724999520927668
118,SNR_0db,N,New_N_119.wav,26-14-8,DeepONMF_H3,3,nndsvd,0.34409229252609685,8x212,0.033892199979163706,26,0.23747726832733682,0.2865119985833629,0.024259399971924722,14,0.19258875249889887,0.299643594653853,0.005415200022980571,8,0.1627153076257574,0.3086325085354318,0.003410500008612871
119,SNR_0db,N,New_N_120.wav,26-14-8,DeepONMF_H3,3,nndsvd,0.35062400676877037,8x212,0.0349364000139758,26,0.24070763220195968,0.2942964599674852,0.025460500037297606,14,0.19491242801062592,0.29881134453267993,0.005390999955125153,8,0.17049715418748781,0.31975929074575365,0.0031095000449568033
120,SNR_0db,N,New_N_121.wav,26-14-8,DeepONMF_H3,3,nndsvd,0.349595568860901,8x212,0.03445419995114207,26,0.2407509108026943,0.3077097123398854,0.02451190003193915,14,0.1968131634669657,0.30447163959426266,0.00591599999461323,8,0.17087596823488255,0.31573110491412315,0.0030391999753192067
121,SNR_0db,N,New_N_122.wav,26-14-8,DeepONMF_H3,3,nndsvd,0.346081271264733,8x212,0.0337757000233978,26,0.2380814827815329,0.2941131778223805,0.024082700023427606,14,0.1966868466386227,0.29491472029002136,0.005665600067004561,8,0.1719942947512913,0.30939431804177747,0.0029984000138938427
122,SNR_0db,N,New_N_123.wav,26-14-8,DeepONMF_H3,3,nndsvd,0.34313119664525626,8x212,0.03434710006695241,26,0.2373956201657726,0.29395196466688006,0.025041399989277124,14,0.18936647773836227,0.30705259333976154,0.005359300062991679,8,0.16203292767477862,0.331701817596231,0.0029863000381737947
123,SNR_0db,N,New_N_124.wav,26-14-8,DeepONMF_H3,3,nndsvd,0.349002219654807,8x212,0.03483189991675317,26,0.23775513040678872,0.3047883934219749,0.025980299920774996,14,0.1908876804391748,0.31626115340385946,0.004863900016061962,8,0.16794139199004446,0.330408388794046,0.0029347999952733517
124,SNR_0db,N,New_N_125.wav,26-14-8,DeepONMF_H3,3,nndsvd,0.3517756268106521,8x212,0.03598280006553978,26,0.2427998201347019,0.2939059846816591,0.026920399977825582,14,0.1953210886491086,0.30127181528210656,0.005052800057455897,8,0.16802268136400733,0.31317883072856045,0.003000000026077032
125,SNR_0db,N,New_N_126.wav,26-14-8,DeepONMF_H3,3,nndsvd,0.3379015605935391,8x212,0.0349910999648273,26,0.23199758340663582,0.29810186263212807,0.025474100024439394,14,0.18654800532792265,0.303337893225071,0.005481000058352947,8,0.15905361425482895,0.3105693504449726,0.003072399995289743
126,SNR_0db,N,New_N_127.wav,26-14-8,DeepONMF_H3,3,nndsvd,0.3445856035249311,8x212,0.03532780008390546,26,0.23182412127310584,0.29508367699141497,0.026491900091059506,14,0.1946784807624999,0.298599370452232,0.004821999929845333,8,0.16760852899335124,0.3099983959933422,0.002908600028604269
127,SNR_0db,N,New_N_128.wav,26-14-8,DeepONMF_H3,3,nndsvd,0.3400845215298614,8x212,0.03525869990698993,26,0.23159272262918573,0.2954302413482381,0.026267000008374453,14,0.18614518540093153,0.29619196201326947,0.004789800033904612,8,0.16047144637758956,0.31022200962810514,0.003056199988350272
128,SNR_0db,N,New_N_129.wav,26-14-8,DeepONMF_H3,3,nndsvd,0.3416548668721648,8x212,0.03479810000862926,26,0.23178169753369052,0.3068445706664387,0.025487500010058284,14,0.19241000424871174,0.30491978869177694,0.004830599995329976,8,0.16507287207898041,0.33019931828960203,0.0034663999686017632
129,SNR_0db,N,New_N_130.wav,26-14-8,DeepONMF_H3,3,nndsvd,0.3350959434268066,8x212,0.03336140001192689,26,0.22996401514599066,0.2984676211148355,0.024451299919746816,14,0.18818740124338967,0.30921007382480453,0.0047932000597938895,8,0.16197773943805382,0.32717635321627253,0.003342800075188279
130,SNR_0db,N,New_N_131.wav,26-14-8,DeepONMF_H3,3,nndsvd,0.34193739379858795,8x212,0.03417549992445856,26,0.23673678139899815,0.29783964519000133,0.024610599968582392,14,0.18772084804968042,0.3097199285936811,0.004875099984928966,8,0.16943964677335902,0.3268001034900035,0.0034437000285834074
131,SNR_0db,N,New_N_132.wav,26-14-8,DeepONMF_H3,3,nndsvd,0.34123952455597456,8x212,0.03312480007298291,26,0.23390702760206183,0.29493415758196956,0.023927200003527105,14,0.18956384977414126,0.29748053157674664,0.004968599998392165,8,0.16511866365057412,0.2936373806131665,0.003390899975784123
132,SNR_0db,N,New_N_133.wav,26-14-8,DeepONMF_H3,3,nndsvd,0.3424943560322681,8x212,0.03432440001051873,26,0.23340198637552392,0.29409383362670166,0.02514859999064356,14,0.1944623458845335,0.30794211364821705,0.00523129990324378,8,0.16322562729197188,0.3205644637899426,0.003161099972203374
133,SNR_0db,N,New_N_134.wav,26-14-8,DeepONMF_H3,3,nndsvd,0.3394441991786614,8x212,0.03458310000132769,26,0.232054776136398,0.2970659755796078,0.025282799964770675,14,0.18634098172413652,0.2996107574049082,0.005299999960698187,8,0.1601468856361676,0.29079868356509725,0.0030288000125437975
134,SNR_0db,N,New_N_135.wav,26-14-8,DeepONMF_H3,3,nndsvd,0.34220255855909076,8x212,0.033707300084643066,26,0.2330585171354794,0.305905870208761,0.024269399931654334,14,0.19118797110632946,0.3040148170324875,0.0053004000801593065,8,0.16853912904029877,0.3260593267298999,0.0029855000320822
135,SNR_0db,N,New_N_136.wav,26-14-8,DeepONMF_H3,3,nndsvd,0.3393022359354812,8x212,0.03386050008703023,26,0.2326880003187494,0.29966393408374353,0.024569800007157028,14,0.19021666750184305,0.3090283601449758,0.005393699975684285,8,0.1616608035306958,0.30847512870807847,0.00301360001321882
