indice_interno,distribucion,numero_capas,error_final,forma_h_final,segundos_extraccion,capa_1_rango,capa_1_error,capa_1_ortogonalidad_h,capa_2_rango,capa_2_error,capa_2_ortogonalidad_h,capa_3_rango,capa_3_error,capa_3_ortogonalidad_h
0,10-16-26,3,0.17178640705002124,26x212,0.03805249999277294,10,0.06681057339576545,0.39288817325520325,16,0.0889718750157702,0.17498897837390784,26,0.06452325104397054,0.08864863863717887
1,10-16-26,3,0.16197821978613178,26x212,0.050825799989979714,10,0.0611573449139471,0.37122554942374464,16,0.08861894044342994,0.177317753199011,26,0.07523782703576054,0.09053390735481093
2,10-16-26,3,0.15673819682627815,26x212,0.06036400000448339,10,0.06460343198708117,0.362462569480511,16,0.07943034824267398,0.1420439789143935,26,0.05575874480564513,0.08127309713337647
3,10-16-26,3,0.16174005170384698,26x212,0.058171299984678626,10,0.06688616458150423,0.34485389385620413,16,0.09869026917960058,0.1529421370949908,26,0.05870267391715432,0.09813443916731641
4,10-16-26,3,0.15273632531478562,26x212,0.042204299999866635,10,0.0668161530816433,0.34331446094955054,16,0.08702085638843769,0.15086638884606468,26,0.06461406140012076,0.07956093634636084
5,10-16-26,3,0.17377110642748628,26x212,0.055848499992862344,10,0.0701909872570839,0.33957578192444426,16,0.06924050651234233,0.16943637057163558,26,0.07356204330450843,0.08281009602426685
6,10-16-26,3,0.1604959331557407,26x212,0.04017229998135008,10,0.061820903714820054,0.36675212351729486,16,0.10241519359902151,0.15353336228420175,26,0.05555364774507229,0.11802972654073056
7,10-16-26,3,0.15816869427292404,26x212,0.05984299999545328,10,0.056697103869812256,0.3449041447522355,16,0.08759429519368074,0.15494979413858592,26,0.05866057213224876,0.10711538373760343
8,10-16-26,3,0.16899211762781688,26x212,0.062036799994530156,10,0.05823981278414612,0.3471525089247904,16,0.06736252797881205,0.17136646456573115,26,0.09632526008827394,0.09113036363018523
9,10-16-26,3,0.155632648711276,26x212,0.062422299990430474,10,0.059099553109907624,0.3312704777190992,16,0.06887579410017354,0.16105469434900913,26,0.05434541505152942,0.10354910177534127
10,10-16-26,3,0.16784663470679453,26x212,0.05512510001426563,10,0.0731384015076111,0.3749696165567532,16,0.10774886556520218,0.17239987648457725,26,0.07017641153381285,0.09989965093015257
11,10-16-26,3,0.1581613391421366,26x212,0.06359949999023229,10,0.07084415269786198,0.30948497929416036,16,0.06860049953195162,0.163753198086539,26,0.0627617669909096,0.09135786917417989
12,10-16-26,3,0.15671371676223775,26x212,0.060449999989941716,10,0.06471269319890245,0.3564886132145549,16,0.0872522332802717,0.15275566337071503,26,0.06002741465281501,0.10317995811393176
13,10-16-26,3,0.1528967150354537,26x212,0.05962000001454726,10,0.06449428368503053,0.3768601675551026,16,0.06139403400670651,0.1764813771397191,26,0.06799889033011902,0.09131735165659353
14,10-16-26,3,0.1780332651522755,26x212,0.07032460000482388,10,0.06705701668606634,0.3231880137071746,16,0.07851491734887546,0.14063246992249923,26,0.11319678794367961,0.07483589863423425
15,10-16-26,3,0.16061016400022732,26x212,0.03795450000325218,10,0.06709054289567554,0.3342207530617016,16,0.08860461458445905,0.14156502681260766,26,0.054125237785194805,0.10943539279757689
16,10-16-26,3,0.15939013657943288,26x212,0.047641800018027425,10,0.07104860455880736,0.3197301732682324,16,0.07662953781333832,0.15007462340267888,26,0.04717326558722434,0.11471157493823166
17,10-16-26,3,0.16171257862075628,26x212,0.04751199999009259,10,0.07367527604932203,0.3607575810377986,16,0.0694055620422569,0.17833710362607097,26,0.05937378094232943,0.09729545909218383
18,10-16-26,3,0.15774572340592674,26x212,0.04200960000162013,10,0.05928623951741652,0.3125259680083784,16,0.08701019111030418,0.13682287975834057,26,0.06055189801578969,0.08260323557810077
19,10-16-26,3,0.1711582144610975,26x212,0.043321400007698685,10,0.06152207679704104,0.36897059788881825,16,0.09748827473847956,0.15569297121444628,26,0.07299877754313701,0.0974264696437225
20,10-16-26,3,0.16336440397229116,26x212,0.0619353000074625,10,0.06551175964579407,0.3762968258073448,16,0.10978131628162364,0.11060153898878618,26,0.058627103525884926,0.07887051729797596
21,10-16-26,3,0.16238176809004068,26x212,0.04550420001032762,10,0.061955513156543324,0.3756072986892492,16,0.09204961175993753,0.17710405511996974,26,0.06866704516012448,0.10895962724629787
22,10-16-26,3,0.16862455223278924,26x212,0.05206909999833442,10,0.059053227074214926,0.35897765359064543,16,0.09916010322945655,0.1714138024446613,26,0.08177301555442658,0.0899220328604885
23,10-16-26,3,0.162778806061999,26x212,0.04687160000321455,10,0.06038488953249347,0.41692002262277505,16,0.09149275671347763,0.17817529784086406,26,0.07417545055827571,0.12832603602596557
24,10-16-26,3,0.1653188284622836,26x212,0.04059910000069067,10,0.07188839049684188,0.30213225223102347,16,0.07030246050874826,0.14965246679688396,26,0.08419272372796922,0.09281087170780625
25,10-16-26,3,0.16019512734867514,26x212,0.057267500000307336,10,0.07718867992225467,0.3239972275864988,16,0.06046783336599993,0.16382633545758096,26,0.061599589869289005,0.09346931830688782
26,10-16-26,3,0.16473226516892983,26x212,0.03692890002275817,10,0.06945359812417864,0.35789893848103005,16,0.062015105257473675,0.17542071453031335,26,0.06791358193240221,0.11838325333256294
27,10-16-26,3,0.17465267818599972,26x212,0.041830800008028746,10,0.0666782987295525,0.30230402424318065,16,0.11487524443801682,0.12501421873464033,26,0.07326842855959714,0.08557571226164327
28,10-16-26,3,0.1615990185414156,26x212,0.04382400002214126,10,0.06916111645683011,0.3457299178646975,16,0.05769439636215339,0.18195910954517114,26,0.08467566597106133,0.10258055923224638
29,10-16-26,3,0.15283103580783544,26x212,0.054243599995970726,10,0.06690564685422262,0.3819470418989344,16,0.0705415539887577,0.17426529823262307,26,0.05814487619460108,0.08836324654734543
30,10-16-26,3,0.16405803842790298,26x212,0.03552139998646453,10,0.05688611060405071,0.3215684892968756,16,0.08288698675616636,0.1483016730446822,26,0.07020677921345343,0.09016839470489095
31,10-16-26,3,0.16318139592547656,26x212,0.03512700001010671,10,0.058650860395686656,0.3833631437996989,16,0.08700682423813416,0.16563434262181823,26,0.09147817863548295,0.08920518466343506
32,10-16-26,3,0.1728043177494477,26x212,0.037486699991859496,10,0.0755571732125573,0.36346239438827815,16,0.09716454463431852,0.16971457225002748,26,0.05835300748411084,0.09001904956946984
33,10-16-26,3,0.16279479899036536,26x212,0.04325570000219159,10,0.06989315214136244,0.36552864365207066,16,0.0836431783651778,0.17640280155314148,26,0.06529354554942367,0.09905189085989767
34,10-16-26,3,0.17121203265915658,26x212,0.03960910000023432,10,0.0602889050038083,0.3069117659266162,16,0.09237336933906597,0.1440520267197289,26,0.07776207205481026,0.09042669437346768
35,10-16-26,3,0.1656491791100816,26x212,0.043105199991259724,10,0.06519994063513072,0.3614844874592716,16,0.093300089868607,0.15228920790765105,26,0.07902686246198673,0.10487003849638221
36,10-16-26,3,0.14822667437527662,26x212,0.05985699998564087,10,0.05472514246615251,0.3369836844587858,16,0.07008240463011225,0.15265184054573736,26,0.05955406575262666,0.08939081306147911
37,10-16-26,3,0.15174723207069285,26x212,0.054815699986647815,10,0.05660505320730061,0.3227225199877972,16,0.07311763139082886,0.18790508083971633,26,0.05579282940898781,0.08554356895574973
38,10-16-26,3,0.12502499141607218,26x212,0.055732700013322756,10,0.0403603582071356,0.4435451067287036,16,0.06016935405365525,0.17010939287331653,26,0.04780614056716698,0.10329122514260704
39,10-16-26,3,0.14127380644106283,26x212,0.04694739999831654,10,0.04724136763759986,0.35357450443189964,16,0.07454654819151064,0.210153579870844,26,0.04986382204194045,0.1404073208470222
40,10-16-26,3,0.14622609300066555,26x212,0.05114249998587184,10,0.05454798562330614,0.3960834480444211,16,0.06468352211442845,0.20551007215863476,26,0.06988639452784583,0.11310785535841758
41,10-16-26,3,0.150794803639996,26x212,0.0486871000030078,10,0.05719660109101146,0.38847422720914865,16,0.0750263423076586,0.18001077201346943,26,0.06348953323596265,0.10478407069295997
42,10-16-26,3,0.14474373121791725,26x212,0.0576967999804765,10,0.05095374806275437,0.3989306440895435,16,0.07427993113406106,0.1721961767281936,26,0.060515546538083186,0.0947362629609301
43,10-16-26,3,0.1524908152192791,26x212,0.04838780002319254,10,0.06853864892610602,0.37501505521871703,16,0.07448930649754196,0.14319238331235462,26,0.06533653389032723,0.10366699274890723
44,10-16-26,3,0.1541686708820777,26x212,0.06035759998485446,10,0.05631742456546486,0.3863731274949088,16,0.10014846625031239,0.1455401194863314,26,0.06474744065858776,0.10091424318849081
45,10-16-26,3,0.15603164518591967,26x212,0.05563889999757521,10,0.052998981175761094,0.38794120717182373,16,0.08118273637907958,0.17469226277399885,26,0.06860428166263441,0.11033940518604415
46,10-16-26,3,0.15596013110861429,26x212,0.05246790000819601,10,0.059457186018820184,0.3797646931506885,16,0.09469805067272309,0.14283923813437674,26,0.055546593041259466,0.07669579547792565
47,10-16-26,3,0.14958091972395074,26x212,0.03811439999844879,10,0.054173630417666735,0.37246204642688224,16,0.07899670701855876,0.17035375171817038,26,0.07226486543079473,0.0942044318252465
48,10-16-26,3,0.15731191501137656,26x212,0.03914370000711642,10,0.04970289864821565,0.39350889354091145,16,0.08901403459274176,0.1504595293900983,26,0.05676335272693227,0.10229347538204268
49,10-16-26,3,0.14925132263271348,26x212,0.047289100009948015,10,0.05388795791939469,0.3891493862668569,16,0.07278294635979259,0.15159252054992464,26,0.05304513711360997,0.10413276965200288
50,10-16-26,3,0.16476395665318197,26x212,0.05888590001268312,10,0.05578794988142484,0.39665188218842456,16,0.0800564149123463,0.19828068234882676,26,0.06902971126499888,0.07775486027158826
51,10-16-26,3,0.17010835382693748,26x212,0.036406700004590675,10,0.06493816118797732,0.4222127516429423,16,0.1038836617463734,0.17154122951926035,26,0.07541291347014799,0.08723830567516794
52,10-16-26,3,0.1480943698870058,26x212,0.039550699992105365,10,0.053373594102116284,0.4006151878836424,16,0.08062880866177567,0.17454129446241273,26,0.06565783415513794,0.11470407394197721
53,10-16-26,3,0.1514205319698134,26x212,0.03552039997885004,10,0.05077760913645499,0.40928707765055516,16,0.06564146170041626,0.22456772421088897,26,0.08412367734755873,0.159633634074507
54,10-16-26,3,0.16185069991351522,26x212,0.037808199995197356,10,0.06339604123525511,0.3927596523175093,16,0.05638208733883582,0.1915199344553472,26,0.07720669679378528,0.10339717426034792
55,10-16-26,3,0.15898754209629143,26x212,0.0429842000012286,10,0.04364583567090444,0.37952923969024477,16,0.0781386186949989,0.15493267728474588,26,0.07741982731040412,0.10942519762895664
56,10-16-26,3,0.15779225349848827,26x212,0.04260650000651367,10,0.04716355071592408,0.3852302396176669,16,0.060620262161185545,0.14663462833635446,26,0.07604060744554222,0.08243853650186857
57,10-16-26,3,0.16274963539198184,26x212,0.03951609999057837,10,0.053688490078060536,0.3794118258214477,16,0.10134334599615713,0.14198689641949855,26,0.07256475641668675,0.08210555322012744
58,10-16-26,3,0.16991470233868308,26x212,0.048575300024822354,10,0.06804228900865456,0.38015147383440645,16,0.07574994358447204,0.21077162960446633,26,0.07185874204474549,0.10597660964050962
59,10-16-26,3,0.13876229308937318,26x212,0.03641629999037832,10,0.050465051691152854,0.43573680909296836,16,0.07600642290713269,0.16101891585245182,26,0.05898371228420374,0.09914532591433947
60,10-16-26,3,0.14819372587574836,26x212,0.05475139999180101,10,0.0608298304137336,0.3906531773823435,16,0.07495427564197209,0.1516886763078354,26,0.06383902510499402,0.08668032798928908
61,10-16-26,3,0.15743803050636748,26x212,0.04180370000540279,10,0.053808491203882106,0.3782823061957284,16,0.07491170383551259,0.1533580451293133,26,0.06429029307935034,0.1002154705596098
62,10-16-26,3,0.15855707099197247,26x212,0.05701089999638498,10,0.05208520619902711,0.3747987866686632,16,0.08656118288276062,0.14244013404334505,26,0.05833883822426107,0.08190804952435052
63,10-16-26,3,0.15884596538274484,26x212,0.055773000000044703,10,0.07020491873026194,0.41698858045270015,16,0.07518073431199579,0.1910575082095554,26,0.05539551622158925,0.12837522956180605
64,10-16-26,3,0.14917126295004765,26x212,0.03903929999796674,10,0.05321683023615798,0.4352425330023942,16,0.08467862343647523,0.1519572266606227,26,0.06120411690267095,0.07450526508494573
65,10-16-26,3,0.15260573620647067,26x212,0.03906939999433234,10,0.060616632854473634,0.3997897313561765,16,0.06897255762853523,0.14499200883998284,26,0.07874546711825872,0.08999105407766622
66,10-16-26,3,0.1688948969086962,26x212,0.04088739998405799,10,0.0558619103695086,0.42929811667158624,16,0.08123541845105756,0.18208748338149724,26,0.08563233823335016,0.1254167044014852
67,10-16-26,3,0.1494945784269121,26x212,0.043216299993218854,10,0.05648289457267498,0.43546192984030346,16,0.07871516847772157,0.1223947426076463,26,0.060376868012021224,0.07610746885099529
68,10-16-26,3,0.16141407308603967,26x212,0.045342400000663474,10,0.05900829161663696,0.4105407049719853,16,0.06588173503875976,0.15124190548190286,26,0.07528531833131716,0.0707488971937628
69,10-16-26,3,0.15123984766029686,26x212,0.04596250000759028,10,0.063124930512993,0.32401513898722145,16,0.0707029141837978,0.12334137484147369,26,0.053149853203459094,0.09135050223335976
70,10-16-26,3,0.16357893221073452,26x212,0.038187700003618374,10,0.06081508994468912,0.4330177641857745,16,0.09454013638432403,0.17270397922086864,26,0.07450519211398059,0.09533073280434093
71,10-16-26,3,0.17172698008251314,26x212,0.037003700010245666,10,0.06711324963057273,0.3784322320483044,16,0.09001025802632566,0.17089886035023305,26,0.09406917478697013,0.09762394752777837
72,10-16-26,3,0.15248827240194954,26x212,0.03967610001564026,10,0.062067621103568435,0.40597469527683316,16,0.06336239927910103,0.18977933491636806,26,0.05699058985303817,0.09779094922793709
73,10-16-26,3,0.1620924694050691,26x212,0.046818000002531335,10,0.06430447043103828,0.3594979115778225,16,0.09001598965987817,0.1343298647195752,26,0.05138049364650504,0.09459975969716179
74,10-16-26,3,0.15679345046065468,26x212,0.05397209999500774,10,0.06347271844666048,0.3344166308856123,16,0.07562862217489423,0.1249526942595194,26,0.0711519356981895,0.09490897394629495
75,10-16-26,3,0.16490379413963005,26x212,0.07312159999855794,10,0.06626960190708912,0.3383494921799059,16,0.09079564684239626,0.12592586765302988,26,0.06365504545002175,0.07483163911211532
76,10-16-26,3,0.14813044130049544,26x212,0.03431709998403676,10,0.05698522600987046,0.38781636765576843,16,0.07651257512408274,0.18951648734981993,26,0.06818167787679819,0.1101589175453218
77,10-16-26,3,0.1556488086855022,26x212,0.036197599984006956,10,0.057271152345217506,0.39957004677562097,16,0.09861378697941153,0.147853886778448,26,0.051180133807228176,0.10073495890502733
78,10-16-26,3,0.15916662071349166,26x212,0.035416900005657226,10,0.06709486693451355,0.3777084570146147,16,0.06888961964820813,0.17981007117880907,26,0.06670908548982578,0.09831298579533895
79,10-16-26,3,0.1580669656622304,26x212,0.05025549998390488,10,0.06475593053468849,0.3679676361854051,16,0.07308492188702342,0.1746159339381867,26,0.0727733113440063,0.11759260344227965
80,10-16-26,3,0.1578146688736151,26x212,0.043977799999993294,10,0.05368234752808025,0.3766190782863575,16,0.09724043440380033,0.14578173610787404,26,0.06131959538500557,0.09885762517078708
81,10-16-26,3,0.15202606255482773,26x212,0.039710499986540526,10,0.0596259470864793,0.34837718353584557,16,0.06872275027971066,0.1407983443527228,26,0.053793396356218146,0.08989590805119795
82,10-16-26,3,0.16239610321185696,26x212,0.038989299995591864,10,0.05416820111285777,0.3150654012490162,16,0.08239705778138086,0.12783755836909697,26,0.07417033119720468,0.08009167451955782
83,10-16-26,3,0.15255795519118592,26x212,0.04085399999166839,10,0.06478237402694459,0.3741520524474892,16,0.07485993705105565,0.1623850628505954,26,0.05438165837945202,0.10879613340626137
84,10-16-26,3,0.14984092252026837,26x212,0.04791480000130832,10,0.057874381618568886,0.3657083095682689,16,0.08086935431143447,0.16369414950011205,26,0.05917750540680929,0.07487443373775401
85,10-16-26,3,0.17323878736482523,26x212,0.03756789999897592,10,0.05249249345363505,0.3342492402110623,16,0.08424594149738103,0.16360640402368312,26,0.08066606483777686,0.08719027906876221
86,10-16-26,3,0.16248730176765214,26x212,0.04115720000118017,10,0.06702596310564843,0.3693743289697299,16,0.08253305217330136,0.1580931879383171,26,0.061814676253706076,0.08190795048598974
87,10-16-26,3,0.16159267607943947,26x212,0.04260809998959303,10,0.05933100242642976,0.40595131428947384,16,0.10464767140223356,0.15178755956502793,26,0.07450162309099505,0.08307969678277188
88,10-16-26,3,0.16873538044046735,26x212,0.05593920001410879,10,0.05601759886567525,0.41207698741246307,16,0.08841699790311008,0.15905108166259055,26,0.10193487041942033,0.08279071579887871
89,10-16-26,3,0.1540227981523969,26x212,0.04777319999993779,10,0.059120395840358775,0.31728711309709473,16,0.06992813747165168,0.1583357777156717,26,0.06015426572275178,0.06934537504057146
90,10-16-26,3,0.1663443600032243,26x212,0.05485070002032444,10,0.060699466750659195,0.40514351786689023,16,0.07818634944275131,0.16077921492161085,26,0.07022768265196971,0.0747275037792458
91,10-16-26,3,0.16526565166473464,26x212,0.04856450000079349,10,0.05876698984255557,0.36337120389106037,16,0.09681211685766027,0.21736349312171985,26,0.06608946479272407,0.10873936817921223
92,10-16-26,3,0.15152147773657976,26x212,0.045094700006302446,10,0.06028442456037391,0.3787875985205637,16,0.07434470063026448,0.1597836022216719,26,0.06562223502410101,0.09731185516096905
93,10-16-26,3,0.15560273428413568,26x212,0.04818159999558702,10,0.06534278928880526,0.34433426331261097,16,0.06650580593054967,0.16695485149813874,26,0.056784115139413,0.09065336318749537
94,10-16-26,3,0.14996109962394413,26x212,0.05669399999896996,10,0.05303813194978926,0.36723483449428446,16,0.08528001663633214,0.15296528669903495,26,0.06563068170691597,0.1018301003869245
95,10-16-26,3,0.1510929401526384,26x212,0.04751380000379868,10,0.05731537264157149,0.339771516645596,16,0.07390406781968425,0.14468425487242415,26,0.055676302876290565,0.11587668733358433
96,10-16-26,3,0.17762061089433728,26x212,0.04341720000957139,10,0.05648754558078063,0.3566216067611043,16,0.07676878416541184,0.167636905902476,26,0.09336293749070063,0.08838231940737595
97,10-16-26,3,0.16302289531415606,26x212,0.04016299999784678,10,0.06974367949552537,0.37522006849306894,16,0.07197530011615082,0.17472640568649017,26,0.06744182314913741,0.11065545992575457
98,10-16-26,3,0.17393356364487558,26x212,0.036460100003750995,10,0.0632097357714742,0.42964193291541863,16,0.07660882557030414,0.190668310439003,26,0.09132205117087125,0.09818655105205157
99,10-16-26,3,0.13699917681968668,26x212,0.03689659998053685,10,0.04878429946158942,0.43918877663216616,16,0.06787199421983635,0.23966696571473356,26,0.06471142225169298,0.10586521467238517
100,10-16-26,3,0.1524021685309203,26x212,0.04206879998673685,10,0.05443599187520104,0.3501668912082365,16,0.06647088900362197,0.12920461274550424,26,0.056917702760654526,0.0852773607197321
101,10-16-26,3,0.14548428855319354,26x212,0.045452000020304695,10,0.05535475114580494,0.3551169209273406,16,0.06662400907030083,0.14899317252545294,26,0.05305394506610381,0.08549402257108288
102,10-16-26,3,0.14974734529536085,26x212,0.05019660000107251,10,0.051561687471989005,0.41016363982102816,16,0.1003503689449548,0.1724095390964552,26,0.051843335804242066,0.11770948293454261
103,10-16-26,3,0.1573251553790675,26x212,0.05426999999326654,10,0.05499199227263136,0.39656269412092315,16,0.07271195268577668,0.15636313254943227,26,0.06872327939357151,0.10216131956001935
104,10-16-26,3,0.15128756985872371,26x212,0.05131820001406595,10,0.06228935572299118,0.40974202337642185,16,0.0858588794639328,0.21916163627905086,26,0.06547129388876136,0.09411819987268372
105,10-16-26,3,0.1551420596720214,26x212,0.04936249999445863,10,0.05466190435903816,0.36853053207484693,16,0.06777792542937404,0.16080152260797884,26,0.07620551016470313,0.08468968908191968
106,10-16-26,3,0.16369306964465277,26x212,0.05739609999000095,10,0.0591050110283753,0.3762938880664227,16,0.08614205651780621,0.17309724960349204,26,0.07063478930228323,0.09054512521022863
107,10-16-26,3,0.15252252494996016,26x212,0.05857999998261221,10,0.05530997981146248,0.36566907219689615,16,0.06850955869092697,0.16460244452196124,26,0.060166230224829635,0.09922282450282624
108,10-16-26,3,0.1481602070807917,26x212,0.04645870000240393,10,0.054665918979548346,0.3659422423202514,16,0.07318956424295633,0.12736514243932456,26,0.05178789983005844,0.0805371172663752
109,10-16-26,3,0.17329922164034536,26x212,0.04814320002333261,10,0.05846955379704127,0.3629297500206205,16,0.07401708294061453,0.1623400312778836,26,0.08027694185757112,0.11611711619841109
110,10-16-26,3,0.1524158293148506,26x212,0.0504679000005126,10,0.06440035538738077,0.3663377446453679,16,0.07435045173282684,0.17462625876335944,26,0.05712583782758836,0.09173618066943032
111,10-16-26,3,0.14656608282643585,26x212,0.0373496999964118,10,0.0512376037050893,0.37171281234280923,16,0.08398508130715054,0.14317256760716532,26,0.05820604440979389,0.11339299634234667
112,10-16-26,3,0.15140074460441633,26x212,0.05247729999246076,10,0.05316656535332874,0.37022737125773886,16,0.057934841184564906,0.18340997421322083,26,0.07433081233133075,0.12446038809027075
113,10-16-26,3,0.15318763926653797,26x212,0.03810559998964891,10,0.0705741785080871,0.38426023531164993,16,0.062446901608928164,0.20629160919520975,26,0.05678996281854838,0.1308927179696056
114,10-16-26,3,0.15090722277815927,26x212,0.048724799999035895,10,0.051246007368191626,0.4056932949089823,16,0.08531896323762218,0.16623930035712156,26,0.05453248292290192,0.08085420898275543
115,10-16-26,3,0.16237376730581532,26x212,0.04988120001507923,10,0.06120873902049938,0.42546764367516454,16,0.10810515974903771,0.2015014138136741,26,0.07525722216590053,0.11410813696750306
116,10-16-26,3,0.16183048543026424,26x212,0.04984009999316186,10,0.057681473952980844,0.425452634966475,16,0.09415943897464464,0.15475662019593092,26,0.06630056263120059,0.07013281339625142
117,10-16-26,3,0.15666417446045183,26x212,0.048962799977744,10,0.06268689272681251,0.3518992436153594,16,0.08412421780065427,0.14686137846831093,26,0.0637302791331205,0.07726075958669414
118,10-16-26,3,0.16377878110752214,26x212,0.051603700005216524,10,0.06274506607337503,0.33638014340586353,16,0.093148355211874,0.21932814205294068,26,0.059759172434112745,0.11061913248078453
119,10-16-26,3,0.1519646429400765,26x212,0.03606859999126755,10,0.063162072325508,0.40470669867969405,16,0.07653973536790774,0.11578498786717932,26,0.05936817857512835,0.0794534513288582
120,10-16-26,3,0.15815985937687804,26x212,0.039166799979284406,10,0.05327800211934416,0.3127897801442724,16,0.079556621834236,0.13129653404597535,26,0.07562233550006318,0.08209328040611963
121,10-16-26,3,0.14887295393509248,26x212,0.037929700018139556,10,0.059524394791198525,0.31678438634678596,16,0.069067706841418,0.1267150878211029,26,0.05436760411267477,0.07312908479300491
122,10-16-26,3,0.16780328034222114,26x212,0.050424600020051,10,0.06074167288376649,0.3751904547526418,16,0.10709820966709815,0.12830677941858995,26,0.07375588009596601,0.06764935873186777
123,10-16-26,3,0.14057961837806865,26x212,0.04821259999880567,10,0.05390430204748992,0.35017530886345744,16,0.056002667145862564,0.12067421160506424,26,0.05926782054509261,0.06534636678807505
124,10-16-26,3,0.14527625550486623,26x212,0.04711489999317564,10,0.05764510349386452,0.43628561951427314,16,0.07960004394607181,0.1255685493142759,26,0.05344846968500833,0.0942403380915657
125,10-16-26,3,0.15070342790542984,26x212,0.04261530001531355,10,0.059017512416136765,0.3721663518204127,16,0.07663792016600768,0.12507072029330374,26,0.061258098254708605,0.07183885457590429
126,10-16-26,3,0.14792983129665993,26x212,0.038968300010310486,10,0.05610922109057876,0.3743102867852165,16,0.06255518213807545,0.18278064779187508,26,0.0793132846712415,0.12928809856184745
127,10-16-26,3,0.13770845356571637,26x212,0.04875370001536794,10,0.0588011440745987,0.39861792160736287,16,0.07110624044004347,0.20935657390624576,26,0.05822259680684677,0.11839910777181993
128,10-16-26,3,0.1418568576432361,26x212,0.05915870002354495,10,0.053399334329236436,0.38652933696623265,16,0.08097782129196911,0.142625542655413,26,0.07112303792156895,0.09367126810789998
129,10-16-26,3,0.15716875913522688,26x212,0.04893859999720007,10,0.054598961229791985,0.43210417281616054,16,0.08245546834986094,0.17828194978057813,26,0.06918094747409116,0.11684436776290742
130,10-16-26,3,0.1540234819576524,26x212,0.04531210000277497,10,0.06068922208823585,0.3933939853091381,16,0.06880266159789043,0.16383338707571377,26,0.06453018886779599,0.09567415289305328
131,10-16-26,3,0.1475743962005019,26x212,0.048419600003398955,10,0.0630084610459364,0.36375875540158337,16,0.07081814433541381,0.12665400753659334,26,0.05292482280044795,0.1031869074137917
132,10-16-26,3,0.15006017891493717,26x212,0.04817900000489317,10,0.07095577984617132,0.34188821544647635,16,0.07186530209611547,0.14170552683748755,26,0.048309577010827644,0.11429367566907567
133,10-16-26,3,0.14080486054529517,26x212,0.046522899996489286,10,0.05540165533109586,0.3374436877511772,16,0.06787498845837578,0.13849304527963924,26,0.06024720039905,0.10455827961464571
134,10-16-26,3,0.13589510388781553,26x212,0.045462400012183934,10,0.05086258917520075,0.34606078340314333,16,0.05812187930615133,0.15501026781582064,26,0.06373377814539412,0.10157380410109539
135,10-16-26,3,0.14689617040840483,26x212,0.05564559999038465,10,0.051898438178975284,0.42118552124897723,16,0.06815962781693317,0.12935047398895505,26,0.0569924615089457,0.0955887807775171
136,10-16-26,3,0.14356493010066093,26x212,0.03947259997949004,10,0.05670180822459902,0.3974522708594942,16,0.07304405971149161,0.18721063811315775,26,0.05526859377351636,0.10055828387720012
137,10-16-26,3,0.14972382358781697,26x212,0.03803310001967475,10,0.05931931043001387,0.32639439496812717,16,0.06043839611803996,0.1600003236211564,26,0.05479726596725534,0.10544942168038021
138,10-16-26,3,0.13098570989087477,26x212,0.04454919998534024,10,0.0458539395111563,0.37859175489974983,16,0.0571460145220004,0.1740029538780596,26,0.05952880572645084,0.09981714715653696
139,10-16-26,3,0.1519856830312044,26x212,0.04125109998858534,10,0.053194694674163975,0.29134859444848055,16,0.060114715218969876,0.13613713567301894,26,0.051143330255453215,0.11292969207460682
140,10-16-26,3,0.14112151580260657,26x212,0.04915710000204854,10,0.05229686582163918,0.2987757702140169,16,0.06969020470081054,0.10767605133200106,26,0.056416883999010216,0.08075689693080362
141,10-16-26,3,0.14287054103722552,26x212,0.04984009999316186,10,0.048963561103968545,0.3964486023169252,16,0.06427806044363317,0.18967066797055424,26,0.07562165211047335,0.10854225680547125
142,10-16-26,3,0.15385397852775204,26x212,0.03846859998884611,10,0.05342573863698801,0.36979417666277453,16,0.07160543473707236,0.15501174679279237,26,0.0589173502652203,0.106668228754026
143,10-16-26,3,0.14847637413450354,26x212,0.04398890002630651,10,0.054678139908230575,0.36297874438969296,16,0.06294543609845396,0.13692091240114193,26,0.06684181533489958,0.08164898286532452
144,10-16-26,3,0.15699302421892328,26x212,0.04677869999432005,10,0.053922432600697366,0.311876559088985,16,0.07846633356387618,0.1512387855072404,26,0.07118240750216549,0.08458244303342562
145,10-16-26,3,0.15530661493461845,26x212,0.05229789999430068,10,0.04844083363795819,0.3680069824113567,16,0.08671168866777833,0.1729873455663041,26,0.06969934836315135,0.10517495250591004
146,10-16-26,3,0.15415859990009273,26x212,0.0532099999836646,10,0.0544584222989413,0.3354088521742609,16,0.07955441729982812,0.14494749980139682,26,0.05399494645763485,0.10796259914309592
147,10-16-26,3,0.14986563882928963,26x212,0.04125089998706244,10,0.049142083720786975,0.3906829204950864,16,0.062450418919296105,0.19497580879270046,26,0.08041540826103208,0.09082065285835024
148,10-16-26,3,0.14714939495524684,26x212,0.04036440001800656,10,0.05171684446783711,0.340983062794973,16,0.0563805036417766,0.1551916243765384,26,0.06571987490340395,0.10773283070205425
149,10-16-26,3,0.14871484110790298,26x212,0.03831130001344718,10,0.0518176613294752,0.3061540049999189,16,0.07631009098021783,0.11483012602466355,26,0.05962518372403231,0.10153971121753522
150,10-16-26,3,0.13867623211830907,26x212,0.04750469999271445,10,0.05579429688132326,0.3764933019749656,16,0.06744956491665556,0.18309302651203618,26,0.05470346769978139,0.09145222899755197
151,10-16-26,3,0.15703843106736157,26x212,0.06087130002561025,10,0.06114198163076887,0.32766341234221186,16,0.07491057483057419,0.16260300063536762,26,0.0691583233091392,0.12222005813502357
152,10-16-26,3,0.15279998177840926,26x212,0.05123800001456402,10,0.05694522673999874,0.39503599205210654,16,0.07993174865211948,0.16491514941229746,26,0.0708928311849164,0.10389261385967827
153,10-16-26,3,0.15536748641795486,26x212,0.050342799979262054,10,0.058140862991116836,0.3111882607722844,16,0.07922906290442888,0.1441563325386284,26,0.06549217890602568,0.08221594998223347
154,10-16-26,3,0.1534317032331224,26x212,0.049718800000846386,10,0.057965897419038535,0.41185394227999644,16,0.07838458837292729,0.16953726951688786,26,0.06380361001722344,0.09639619705251322
155,10-16-26,3,0.15059894144699507,26x212,0.0454907999956049,10,0.057324154921929514,0.30527014803564495,16,0.0835923347017479,0.16566855838958264,26,0.0519713031457663,0.10731800437584219
156,10-16-26,3,0.15363546915616982,26x212,0.045691800012718886,10,0.058226561389929384,0.3914163800629989,16,0.07518144388220711,0.16024989628205938,26,0.07128933433736519,0.08496569119645811
157,10-16-26,3,0.15033455081336905,26x212,0.04168619998381473,10,0.058908279646250776,0.43351537383176414,16,0.08844339397255702,0.17556110152294746,26,0.05453452613471642,0.13255355275225852
158,10-16-26,3,0.1564647499194097,26x212,0.032499699998879805,10,0.06447992742032906,0.27023002494849946,16,0.05344631002160434,0.13611910067629,26,0.0731421656652748,0.08772968260594605
159,10-16-26,3,0.15746943485692733,26x212,0.0550101000117138,10,0.06077196780847772,0.34498992317975014,16,0.07965306339064213,0.19074467267610803,26,0.07673267453348398,0.09803350809423865
160,10-16-26,3,0.1669615236672959,26x212,0.04965249999077059,10,0.06376318398554072,0.30458846482376156,16,0.1160598457236502,0.18229131757333175,26,0.07398711569738631,0.08684550612663115
161,10-16-26,3,0.16044851179266278,26x212,0.05337049998342991,10,0.06811131858170778,0.34150097067432106,16,0.09966270436892598,0.15627973448983906,26,0.06288801918524446,0.08955965327534596
162,10-16-26,3,0.15992152212332256,26x212,0.040273499995237216,10,0.086907607750641,0.30664161792300904,16,0.060988127074130365,0.1714108644228813,26,0.04997467096575748,0.11359817930073632
163,10-16-26,3,0.15984005435869247,26x212,0.043894599977647886,10,0.06394446994494281,0.3557047861422935,16,0.07301595336161167,0.14435296402065892,26,0.06901208634559902,0.07855141511216109
164,10-16-26,3,0.1487451552604485,26x212,0.05678720001014881,10,0.056884771055276034,0.30455483258191995,16,0.06477859876948994,0.15731755723988824,26,0.05875073291241468,0.09635354078051162
165,10-16-26,3,0.166243178266141,26x212,0.04644479998387396,10,0.07674397436284358,0.39360459017735766,16,0.09914445863434891,0.14983774840552874,26,0.07048270589900539,0.10352573444405046
166,10-16-26,3,0.15836271919876155,26x212,0.043673899985151365,10,0.06663273047936483,0.2994129985479016,16,0.058629234101174384,0.13636183332732663,26,0.0594707852735822,0.10566581034745973
167,10-16-26,3,0.1596226274904188,26x212,0.03876489997492172,10,0.07246486592650818,0.35504543244448666,16,0.07656486858664237,0.14643860420437235,26,0.05386035022182198,0.09196469306828559
168,10-16-26,3,0.18064970176061956,26x212,0.03767999997944571,10,0.06569355471529488,0.34636167890625336,16,0.10953036038502066,0.18422483238141427,26,0.07301279031486574,0.11369983690586677
169,10-16-26,3,0.169916294532555,26x212,0.05044170000473969,10,0.07220315056935156,0.2665777904368181,16,0.059918558752095924,0.15620109572723853,26,0.07991050822605927,0.08816121975836522
170,10-16-26,3,0.15754618988032895,26x212,0.04233669998939149,10,0.06280930009117675,0.3527684716326853,16,0.08778488719323418,0.16243459319213177,26,0.054748496731073966,0.1116729505716214
171,10-16-26,3,0.17060388376369112,26x212,0.04896580000058748,10,0.07630028649926503,0.3593041611615076,16,0.07474189386360394,0.16802555881217163,26,0.07456394039145622,0.08724874325450681
172,10-16-26,3,0.1671716573348974,26x212,0.0466854999831412,10,0.07069134218625135,0.41243816034706027,16,0.08370859387982363,0.16447059473853073,26,0.0737997244648935,0.09625665363040677
173,10-16-26,3,0.1549727997652295,26x212,0.05366840001079254,10,0.0727456646387159,0.3332336865721433,16,0.06573086034319195,0.1542648918736439,26,0.05358103436770558,0.1009539542925052
174,10-16-26,3,0.16352105482441937,26x212,0.04526449998957105,10,0.0646663828216088,0.32253719695049043,16,0.07694007753202545,0.14649623469134454,26,0.059310626218654974,0.08280367250878934
175,10-16-26,3,0.16622823368160303,26x212,0.038832299993373454,10,0.0680669821782744,0.3431529413422277,16,0.08274678195917336,0.1528632895156705,26,0.06112938713938198,0.08759551942064307
176,10-16-26,3,0.16371978410996268,26x212,0.04723980001290329,10,0.06307401788345837,0.3760074302196619,16,0.08386708453939129,0.1615207107488539,26,0.06142624816094774,0.09538821856290064
177,10-16-26,3,0.16367197765391822,26x212,0.055839199980255216,10,0.060206970596028433,0.3476821073821694,16,0.061160864496696214,0.17458706879417382,26,0.09288064981604915,0.08357473585328466
178,10-16-26,3,0.1606000724924012,26x212,0.043625099991913885,10,0.06565845896573293,0.32240196324603837,16,0.0794293923046843,0.14581447378355972,26,0.07253157480760337,0.09124098491850727
179,10-16-26,3,0.1640434471778048,26x212,0.05105760000878945,10,0.0653619946894055,0.3351691337275943,16,0.07649502107673765,0.1317764950125202,26,0.05544200221562232,0.09123948063240273
180,10-16-26,3,0.15821121190275417,26x212,0.04406420001760125,10,0.06518135445447829,0.3797176833096008,16,0.083333709965375,0.16842393207093026,26,0.05675177025406992,0.09770151862647923
181,10-16-26,3,0.16521534375431127,26x212,0.05073029999039136,10,0.07509162270958915,0.3188395671895471,16,0.06217023993974214,0.1563890325331528,26,0.062187206610924736,0.08394267223703218
182,10-16-26,3,0.17204399601199644,26x212,0.04673689999617636,10,0.06388272358789483,0.45660153651016555,16,0.11314760129034733,0.17321202548693712,26,0.06251879058348979,0.10199839689102029
183,10-16-26,3,0.15229645904053346,26x212,0.045982499985257164,10,0.0636744667258655,0.3404790044190883,16,0.08155397031378844,0.1404876302334897,26,0.0499493012243638,0.0956234465283886
184,10-16-26,3,0.1631693384820315,26x212,0.03749919999972917,10,0.07024548600114278,0.2570881384846476,16,0.07659853379629347,0.14975453374531716,26,0.05274497581148158,0.10305268765448991
185,10-16-26,3,0.17319569281130895,26x212,0.041408499993849546,10,0.07306164665539043,0.31578424959255036,16,0.0647215162083684,0.16373344570417722,26,0.0875469800800795,0.10130900831154326
186,10-16-26,3,0.15457596497255902,26x212,0.03905530000338331,10,0.07085849707687282,0.3333702005732791,16,0.07412212932644051,0.13452508173532365,26,0.052941443179677694,0.08473614240936572
187,10-16-26,3,0.15183224424263225,26x212,0.042032600002130494,10,0.06446618631140413,0.3557094279625358,16,0.08552142009445296,0.13967397476696533,26,0.05192625866223651,0.09574806934255543
188,10-16-26,3,0.16526070422718458,26x212,0.038689800014253706,10,0.06968908019421571,0.3610416003801732,16,0.07498067053963767,0.1428758243987623,26,0.056199544759407874,0.0909118320532862
189,10-16-26,3,0.1550789412671214,26x212,0.0386337999952957,10,0.06422239267234521,0.342182092039005,16,0.07282691362332218,0.1682831972905417,26,0.05633237015641374,0.10629392083874888
190,10-16-26,3,0.1519994488753275,26x212,0.04512270001578145,10,0.0667907504000897,0.36776992385896706,16,0.06761053745019052,0.15664898295719745,26,0.04939898884178983,0.10924314834763721
191,10-16-26,3,0.16701572607347542,26x212,0.048176500014960766,10,0.07266625500299899,0.3761267667275404,16,0.06839316470946051,0.16068736768724776,26,0.08552886998708953,0.07920356877898548
192,10-16-26,3,0.17276570481100245,26x212,0.05210530001204461,10,0.06159701239573554,0.30647011682936426,16,0.08670009570317627,0.1317071423849537,26,0.09226465021885237,0.08747022098217387
193,10-16-26,3,0.15284180125693567,26x212,0.05285880001611076,10,0.06316891798202501,0.25829877609636037,16,0.055307014915285474,0.13064427046548402,26,0.054349832622887645,0.08580128781383467
194,10-16-26,3,0.15432622156946252,26x212,0.049644999991869554,10,0.06693599521622468,0.280618502850305,16,0.06158259788021721,0.14597341084290041,26,0.06800046579727831,0.09024625144337779
195,10-16-26,3,0.15968739888676414,26x212,0.049636099982308224,10,0.07000555046807434,0.35230138884456413,16,0.0610851522751069,0.14958911553049264,26,0.061758820740881584,0.1015561655669116
196,10-16-26,3,0.15478937312720478,26x212,0.04386299999896437,10,0.06216934269258133,0.34696641330514316,16,0.07357985885384381,0.14662119693697143,26,0.06074599242110728,0.06894247084975227
197,10-16-26,3,0.15786839409150777,26x212,0.033889399986946955,10,0.07549951724819078,0.31320318445296835,16,0.058897452027102525,0.13693473154070132,26,0.057181893682478065,0.08468160238983555
198,10-16-26,3,0.15871726546333417,26x212,0.03579310001805425,10,0.06325241465620138,0.3137430371594958,16,0.07659745130434653,0.12539147094959657,26,0.056605917942836224,0.07157633457937908
199,10-16-26,3,0.14658934375135144,26x212,0.0451597000064794,10,0.06685613414667232,0.3171467189359531,16,0.05987196911993755,0.1476956342405158,26,0.05240848645151961,0.0858413028845208
200,10-16-26,3,0.1853434364969632,26x212,0.046091799973510206,10,0.10058900894371396,0.28919776135491804,16,0.05497909232233718,0.15453454422999247,26,0.0730017093564338,0.10093722948559043
201,10-16-26,3,0.1835372485470453,26x212,0.03556709998520091,10,0.10355090286400621,0.2924386708903509,16,0.07293403766448076,0.1667369606982069,26,0.07526108397622056,0.10044684701467735
202,10-16-26,3,0.17241023808672307,26x212,0.037464599998202175,10,0.10237673656261277,0.2706126955506862,16,0.0528869958174989,0.16659616665315183,26,0.05285890527127622,0.0928820008181744
203,10-16-26,3,0.1770455622653749,26x212,0.041159799991874024,10,0.1000134012691153,0.27224383519428647,16,0.05821414435258249,0.15923990472705027,26,0.056697799340716455,0.09319051175086845
204,10-16-26,3,0.1826264864061981,26x212,0.06141660001594573,10,0.10412742022796057,0.26619431923099623,16,0.06381766904570796,0.13376900522603793,26,0.05321945531622188,0.10428494496109977
205,10-16-26,3,0.17511382724076838,26x212,0.059230800019577146,10,0.09451674595403178,0.26643292281831277,16,0.07210429810129033,0.1338426209856058,26,0.0502905272418332,0.09096188858437507
206,10-16-26,3,0.1790459183496755,26x212,0.05821829999331385,10,0.1031408125655143,0.24784389686478514,16,0.05557797384772274,0.13737646214721347,26,0.059063577282133954,0.08984110150267255
207,10-16-26,3,0.1725090928993834,26x212,0.0648388999979943,10,0.10231335649020022,0.2425852718634916,16,0.05485938579743318,0.13547869690859216,26,0.05156374312649954,0.09589424463365588
