indice_interno,base,clase,archivo,distribucion,representacion,numero_capas,inicializacion_onmf,error_final,forma_h_final,segundos_extraccion_deep,capa_1_rango,capa_1_error,capa_1_ortogonalidad_h,capa_1_segundos,capa_2_rango,capa_2_error,capa_2_ortogonalidad_h,capa_2_segundos,capa_3_rango,capa_3_error,capa_3_ortogonalidad_h,capa_3_segundos,capa_4_rango,capa_4_error,capa_4_ortogonalidad_h,capa_4_segundos
0,SNR_0db,N,New_N_001.wav,26-16-10-6,DeepONMF_H4,4,nndsvd,0.3957734348994325,6x212,0.04433000006247312,26,0.24130793337642953,0.28247480050130924,0.02926599991042167,16,0.18523593450141526,0.28880996520468777,0.006527199991978705,10,0.1720580779539765,0.29054588865782893,0.004219999886117876,6,0.15602192267916593,0.3028146291122315,0.0031639999942854047
1,SNR_0db,N,New_N_002.wav,26-16-10-6,DeepONMF_H4,4,nndsvd,0.3920742193380258,6x212,0.04517749999649823,26,0.2405200608182775,0.299997192169213,0.029371900018304586,16,0.173870021785599,0.3040622764381544,0.006048299954272807,10,0.161374460782841,0.3071915266886122,0.005081200040876865,6,0.15076660775899015,0.33020696766396646,0.0036195999709889293
2,SNR_0db,N,New_N_003.wav,26-16-10-6,DeepONMF_H4,4,nndsvd,0.3989963981725509,6x212,0.04352529998868704,26,0.24501550155383317,0.2944166339152159,0.02939949999563396,16,0.17654344137918881,0.30084954518963325,0.00617079995572567,10,0.16008552210619134,0.30781511139957973,0.0038452999433502555,6,0.15256481189260399,0.3050540403691654,0.0030915000243112445
3,SNR_0db,N,New_N_004.wav,26-16-10-6,DeepONMF_H4,4,nndsvd,0.39854584586909286,6x212,0.037101299967616796,26,0.24433791927811466,0.2973966973914304,0.02443310001399368,16,0.18444803208555047,0.31456508573892944,0.004929100046865642,10,0.16404150782580476,0.3140704908406845,0.0037875999696552753,6,0.157362785156152,0.30335074937764384,0.0030877001117914915
4,SNR_0db,N,New_N_005.wav,26-16-10-6,DeepONMF_H4,4,nndsvd,0.389179725952125,6x212,0.035542999976314604,26,0.2416167547851564,0.29449547053574904,0.02204350009560585,16,0.1792356198384011,0.29822558759670925,0.004937699995934963,10,0.1603550958398684,0.2980537886643597,0.0035797000164166093,6,0.15510598314758828,0.3169764185086942,0.003970899968408048
5,SNR_0db,N,New_N_006.wav,26-16-10-6,DeepONMF_H4,4,nndsvd,0.40063490767141824,6x212,0.0369951999746263,26,0.24303838013569154,0.2963353564670574,0.02320169995073229,16,0.18592739114192702,0.2878174157441383,0.006178000010550022,10,0.16805468788382996,0.2987449968367585,0.0037587000988423824,6,0.15099478205381406,0.305103613063319,0.002841999987140298
6,SNR_0db,N,New_N_007.wav,26-16-10-6,DeepONMF_H4,4,nndsvd,0.40118121203523927,6x212,0.03933049994520843,26,0.24284725824221995,0.2974461827276294,0.027057699975557625,16,0.1799740431740298,0.300636802324328,0.005015900009311736,10,0.1640660314862042,0.30040289782627205,0.003485499997623265,6,0.159963015917391,0.29779009646596755,0.0027048999909311533
7,SNR_0db,N,New_N_008.wav,26-16-10-6,DeepONMF_H4,4,nndsvd,0.3950767612695715,6x212,0.037144500063732266,26,0.2390369744511868,0.2920853155441222,0.02487899991683662,16,0.1785896759305295,0.290749069843508,0.004946600063703954,10,0.1690451087927345,0.30079680078313203,0.0035066999262198806,6,0.15802804528312786,0.29195050096255276,0.0029900999506935477
8,SNR_0db,N,New_N_009.wav,26-16-10-6,DeepONMF_H4,4,nndsvd,0.40059421475483326,6x212,0.03839020000305027,26,0.24138212928622116,0.289746493964911,0.02584660006687045,16,0.17968968341192426,0.2957445183979817,0.004879100015386939,10,0.16725855023216846,0.31576416971103216,0.003973899991251528,6,0.1577213287920539,0.30479171165982394,0.002863299916498363
9,SNR_0db,N,New_N_010.wav,26-16-10-6,DeepONMF_H4,4,nndsvd,0.40428018604051497,6x212,0.037752000032924116,26,0.2427622485094985,0.2930495795370536,0.024200999992899597,16,0.18357872132390743,0.2971645074811825,0.0056928000412881374,10,0.16163962145502195,0.30337173802910306,0.0036903000436723232,6,0.15795299822000225,0.3178604136110224,0.0028034000424668193
10,SNR_0db,N,New_N_011.wav,26-16-10-6,DeepONMF_H4,4,nndsvd,0.3981703582640083,6x212,0.03664479998406023,26,0.24212181984606573,0.301263228236266,0.024403699906542897,16,0.17923123690552487,0.3016047787716501,0.005013999994844198,10,0.1660965541033223,0.3083712926370735,0.0034796999534592032,6,0.15716441679477094,0.3029536111983385,0.0027266000397503376
11,SNR_0db,N,New_N_012.wav,26-16-10-6,DeepONMF_H4,4,nndsvd,0.3943555024551736,6x212,0.038443999947048724,26,0.24522552231825875,0.28838381912649574,0.02594419999513775,16,0.17855167223023116,0.28634423668757947,0.004920099978335202,10,0.1672566747645964,0.29422255685740395,0.0034595999168232083,6,0.15874361914560406,0.3169058736070536,0.0031775999814271927
12,SNR_0db,N,New_N_013.wav,26-16-10-6,DeepONMF_H4,4,nndsvd,0.3994423264759715,6x212,0.038401000085286796,26,0.23965862914364183,0.2981722258420609,0.025303200003691018,16,0.18125298296493467,0.3028623456907737,0.005135999992489815,10,0.16451748702514044,0.3045800045713034,0.003815599950030446,6,0.15525515180774319,0.28675718752754525,0.002848500036634505
13,SNR_0db,N,New_N_014.wav,26-16-10-6,DeepONMF_H4,4,nndsvd,0.3921646467510695,6x212,0.0383075000718236,26,0.23931703953358238,0.29099126999397484,0.024283200036734343,16,0.18014507792223203,0.2952578015883629,0.006521700066514313,10,0.16310694722828162,0.30029866643212144,0.0035792000126093626,6,0.15636007279953265,0.31924957633478884,0.0027574000414460897
14,SNR_0db,N,New_N_015.wav,26-16-10-6,DeepONMF_H4,4,nndsvd,0.4044631181360112,6x212,0.03839219990186393,26,0.24761352014233587,0.289677045323626,0.025319500011391938,16,0.18616144687372443,0.29807533678183573,0.004941000021062791,10,0.16846645790454248,0.309482119458839,0.003519000019878149,6,0.15501587923075855,0.32177855124932553,0.0038004000671207905
15,SNR_0db,N,New_N_016.wav,26-16-10-6,DeepONMF_H4,4,nndsvd,0.4023444247852075,6x212,0.03868290001992136,26,0.24659833528200936,0.2891516185059221,0.02493529999628663,16,0.1811109616069136,0.2930429858016335,0.005828800029121339,10,0.16716848012160185,0.2954432773690339,0.003963800030760467,6,0.1552940039696294,0.30848143305449166,0.002825499977916479
16,SNR_0db,N,New_N_017.wav,26-16-10-6,DeepONMF_H4,4,nndsvd,0.4001657053550301,6x212,0.03662350005470216,26,0.2473183656026105,0.29321290515018833,0.023258299916051328,16,0.18785485735541418,0.2964470868699975,0.005685199983417988,10,0.16761049704706923,0.3006381260529305,0.0036240000044927,6,0.1648776413667848,0.2980316425420622,0.0027580000460147858
17,SNR_0db,N,New_N_018.wav,26-16-10-6,DeepONMF_H4,4,nndsvd,0.40206651866974324,6x212,0.03655849990900606,26,0.2451966102756904,0.2918640234168406,0.02399010001681745,16,0.18087519242343142,0.2938067371982253,0.005165399983525276,10,0.16569988144385445,0.28632945998875337,0.0035773999989032745,6,0.15701409959674215,0.3040053345695068,0.0028013999108225107
18,SNR_0db,N,New_N_019.wav,26-16-10-6,DeepONMF_H4,4,nndsvd,0.39449332510629026,6x212,0.03791610000189394,26,0.24335419942947162,0.294173125055076,0.025479799951426685,16,0.17730806898607882,0.2909325473391821,0.004955000011250377,10,0.1669605599216996,0.30236340731268635,0.0035948000149801373,6,0.15521475953307043,0.2955945626084222,0.002974799950607121
19,SNR_0db,N,New_N_020.wav,26-16-10-6,DeepONMF_H4,4,nndsvd,0.39627524827261745,6x212,0.03980780008714646,26,0.24524778826857674,0.29583353693906117,0.026850900030694902,16,0.175092087478627,0.30059924382924524,0.005299399956129491,10,0.16354402452584998,0.3023663166675877,0.0038253999082371593,6,0.1562050245045284,0.3064667596706441,0.002825799980200827
20,SNR_0db,N,New_N_021.wav,26-16-10-6,DeepONMF_H4,4,nndsvd,0.39292761541139926,6x212,0.03828460001386702,26,0.24026487253947232,0.2980019066491136,0.02458020008634776,16,0.1806790012177723,0.30425487209138374,0.005715199979022145,10,0.16274453681813894,0.3036817321545622,0.003880099975503981,6,0.15149640917768004,0.29202127351107493,0.002937300014309585
21,SNR_0db,N,New_N_022.wav,26-16-10-6,DeepONMF_H4,4,nndsvd,0.3987143335160561,6x212,0.04040700010955334,26,0.2452480122108075,0.30151312577682293,0.026091899955645204,16,0.18199336223712484,0.3119583202619169,0.00551299995277077,10,0.16087107013978375,0.3039333342746205,0.0038885000394657254,6,0.15617621745647997,0.30424068390773734,0.004000900080427527
22,SNR_0db,N,New_N_023.wav,26-16-10-6,DeepONMF_H4,4,nndsvd,0.39864100696628346,6x212,0.039043899974785745,26,0.23909608722060502,0.29502775846040524,0.02593809994868934,16,0.17527205422851316,0.2977348677869384,0.005426599993370473,10,0.1626049582032196,0.3001812081304602,0.0037212999304756522,6,0.1561191330775912,0.281913032454386,0.0028171000303700566
23,SNR_0db,N,New_N_024.wav,26-16-10-6,DeepONMF_H4,4,nndsvd,0.4005469251506655,6x212,0.03799400001298636,26,0.2461227620192109,0.2968567260525786,0.02552530006505549,16,0.18276340380698994,0.28968334317317257,0.0051009999588131905,10,0.15738935056361325,0.2963157013856006,0.0035732999676838517,6,0.15392786332289238,0.28609148102656673,0.0027153000701218843
24,SNR_0db,N,New_N_025.wav,26-16-10-6,DeepONMF_H4,4,nndsvd,0.4045021000942889,6x212,0.040040899999439716,26,0.24412459163460412,0.2998470668852254,0.027524900040589273,16,0.18297595524966298,0.2954948199803349,0.004865000024437904,10,0.17201838405919467,0.30378960908763575,0.0038024000823497772,6,0.1591643769523412,0.31636405878606705,0.003033400047570467
25,SNR_0db,N,New_N_026.wav,26-16-10-6,DeepONMF_H4,4,nndsvd,0.39673074672145336,6x212,0.036541400011628866,26,0.24272370331133333,0.3053103146214065,0.023475500056520104,16,0.18534467316759684,0.3047892204406259,0.005090599996037781,10,0.16502478330635234,0.301860370779519,0.004175000009126961,6,0.16058908033686922,0.30918646201807987,0.0028505000518634915
26,SNR_0db,N,New_N_027.wav,26-16-10-6,DeepONMF_H4,4,nndsvd,0.3897580325239992,6x212,0.03641079994849861,26,0.24254652134461674,0.28878416441243104,0.023261900059878826,16,0.1777983302517332,0.30202824268635087,0.005519099999219179,10,0.15826278820893186,0.2897423285206083,0.0036106000188738108,6,0.15964916366911763,0.2937455399912064,0.0027565999189391732
27,SNR_0db,N,New_N_028.wav,26-16-10-6,DeepONMF_H4,4,nndsvd,0.4012542800729053,6x212,0.03749020001851022,26,0.24364619049636316,0.2989239296902932,0.02478259999770671,16,0.1808627245643582,0.300183740118193,0.005221100058406591,10,0.16191049403351554,0.30689623952312217,0.0036059999838471413,6,0.15121049228544214,0.30297926664128405,0.0027703000232577324
28,SNR_0db,N,New_N_029.wav,26-16-10-6,DeepONMF_H4,4,nndsvd,0.40455779312294265,6x212,0.03901019995100796,26,0.24803674805040665,0.2871666953798647,0.02599039999768138,16,0.19268394621198395,0.2892473331881388,0.005091200000606477,10,0.16502778799936846,0.31235014992070026,0.003687500022351742,6,0.1569654250015764,0.3107125018889887,0.003372899955138564
29,SNR_0db,N,New_N_030.wav,26-16-10-6,DeepONMF_H4,4,nndsvd,0.392325838644379,6x212,0.04088139999657869,26,0.24143454896793062,0.292850413301377,0.026390999904833734,16,0.17901664075803086,0.30639390165605523,0.006353799952194095,10,0.16695955084056613,0.30659533631154434,0.004041800042614341,6,0.15272547879847906,0.3382270008366877,0.0031023999908939004
30,SNR_0db,N,New_N_031.wav,26-16-10-6,DeepONMF_H4,4,nndsvd,0.40369759021066753,6x212,0.0389452000381425,26,0.24392525853383226,0.29251347395535593,0.026251600007526577,16,0.18288844482905597,0.31192558593323305,0.005003499914892018,10,0.16364257517320197,0.2978641799562313,0.003737799939699471,6,0.15829778939414557,0.30021152122426564,0.002794399973936379
31,SNR_0db,N,New_N_032.wav,26-16-10-6,DeepONMF_H4,4,nndsvd,0.40070019461351775,6x212,0.03723310003988445,26,0.24245548006154036,0.29768822133109035,0.02401549997739494,16,0.17918505703499207,0.29720643053295587,0.004990900051780045,10,0.16761802414843616,0.30531250686294004,0.0037486000219359994,6,0.1543566275048323,0.30196147719080996,0.0034266000147908926
32,SNR_0db,N,New_N_033.wav,26-16-10-6,DeepONMF_H4,4,nndsvd,0.40121807625669287,6x212,0.037914999993517995,26,0.24185950286622915,0.29566478939035884,0.024399299989454448,16,0.1861277852339894,0.28778030173690594,0.005325599922798574,10,0.16871901476662268,0.30484385071954667,0.004275399958714843,6,0.1547004490042896,0.3090819242182112,0.0029349999967962503
33,SNR_0db,N,New_N_034.wav,26-16-10-6,DeepONMF_H4,4,nndsvd,0.3929792903885618,6x212,0.03851880005095154,26,0.24200467547632606,0.291597597967648,0.025943999993614852,16,0.1815642623298611,0.303637740632775,0.0050657999236136675,10,0.1677129303834976,0.3126640453160798,0.0035689000505954027,6,0.15303192485216952,0.3072459365192804,0.00270990002900362
34,SNR_0db,N,New_N_035.wav,26-16-10-6,DeepONMF_H4,4,nndsvd,0.3908052231196553,6x212,0.03740170004311949,26,0.24220103850006783,0.29058209495141185,0.02503050002269447,16,0.18012564197995876,0.30114653948658204,0.004953199997544289,10,0.16397845757893198,0.29458338800373307,0.0035053000319749117,6,0.15832434280026308,0.297623840975978,0.00282990001142025
35,SNR_0db,N,New_N_036.wav,26-16-10-6,DeepONMF_H4,4,nndsvd,0.39546596922890526,6x212,0.03701049997471273,26,0.2421723265414796,0.29268068685401166,0.02422440005466342,16,0.1820887952910055,0.29807390831576763,0.005011899978853762,10,0.16622405857759315,0.2957475456045495,0.003729499992914498,6,0.1535934548498885,0.31312269183588837,0.0031296999659389257
36,SNR_0db,N,New_N_037.wav,26-16-10-6,DeepONMF_H4,4,nndsvd,0.3346033793798802,6x212,0.035892499960027635,26,0.1799232980037373,0.2947350740129992,0.02262840000912547,16,0.12477781003538507,0.293029141178353,0.005172699922695756,10,0.12081932268181009,0.28908737258427863,0.004331500036641955,6,0.11318193429425356,0.2753970171207415,0.0028975000604987144
37,SNR_0db,N,New_N_038.wav,26-16-10-6,DeepONMF_H4,4,nndsvd,0.4019831230605658,6x212,0.03781149990390986,26,0.2403333916425134,0.29484462487741614,0.024751299992203712,16,0.18176958561149809,0.28509525492401994,0.005645900033414364,10,0.16247918399743722,0.2946615922791427,0.003582900040782988,6,0.15737568298854776,0.2728620111526865,0.002748899976722896
38,SNR_0db,N,New_N_039.wav,26-16-10-6,DeepONMF_H4,4,nndsvd,0.40458716644848125,6x212,0.038110900088213384,26,0.2448008838526518,0.28993064883693787,0.025493100052699447,16,0.18491589788885482,0.2989841031223966,0.005016500013880432,10,0.17502909660576565,0.30366879512761336,0.0036644000792875886,6,0.16141524788638129,0.28030592144650723,0.0027913000667467713
39,SNR_0db,N,New_N_040.wav,26-16-10-6,DeepONMF_H4,4,nndsvd,0.399683743832698,6x212,0.03768860001582652,26,0.24312374531074452,0.2904959493201819,0.024556500022299588,16,0.18244883993362032,0.29368389448925775,0.0051793999737128615,10,0.16355109570191273,0.29378898087573163,0.003810000023804605,6,0.15368909423505453,0.2782202485896073,0.0030082999728620052
40,SNR_0db,N,New_N_041.wav,26-16-10-6,DeepONMF_H4,4,nndsvd,0.3911245016111619,6x212,0.03977330005727708,26,0.24073946186917766,0.29727065645334516,0.026541900006122887,16,0.1747798083179938,0.3113179526449371,0.005603599944151938,10,0.1592580013250085,0.317108355521476,0.0036970999790355563,6,0.1459784052768451,0.33141779483196193,0.002715500071644783
41,SNR_0db,N,New_N_042.wav,26-16-10-6,DeepONMF_H4,4,nndsvd,0.3958522430718116,6x212,0.03748769999947399,26,0.24457234735748665,0.2933227040193165,0.024323200108483434,16,0.17963850943870097,0.2965999558338356,0.00593809993006289,10,0.16251341488289195,0.2937481581220326,0.0035117999650537968,6,0.15646256184411028,0.3090492850001106,0.0026811999268829823
42,SNR_0db,N,New_N_043.wav,26-16-10-6,DeepONMF_H4,4,nndsvd,0.3928274321931576,6x212,0.03847609995864332,26,0.23593793404871516,0.2945201547904246,0.026003199978731573,16,0.1730125691188676,0.29589490451465156,0.0048816000344231725,10,0.16235572292550676,0.31578028704779804,0.003445400041528046,6,0.1469249069685554,0.32708635316879153,0.0031585999531671405
43,SNR_0db,N,New_N_044.wav,26-16-10-6,DeepONMF_H4,4,nndsvd,0.39539372275367657,6x212,0.03747590002603829,26,0.24135238605109827,0.30554167675500776,0.024468199932016432,16,0.17347949495953194,0.30849628417570246,0.0051389000145718455,10,0.15463848398439692,0.3156664187505745,0.004163599922321737,6,0.14726916250886163,0.3183344708714871,0.0028172999154776335
44,SNR_0db,N,New_N_045.wav,26-16-10-6,DeepONMF_H4,4,nndsvd,0.3926429963628873,6x212,0.03627549996599555,26,0.238219439286771,0.30469895662228774,0.023037699982523918,16,0.17654770675141337,0.30979139380626636,0.0056974999606609344,10,0.16126380040785823,0.3154845858532269,0.0035704999463632703,6,0.14504628785300872,0.33863231574635516,0.0027444999432191253
45,SNR_0db,N,New_N_046.wav,26-16-10-6,DeepONMF_H4,4,nndsvd,0.3905294462018784,6x212,0.03859430004376918,26,0.23476949956878157,0.29447987093151,0.02637580002192408,16,0.17020507836962553,0.3011164725548531,0.004924400011077523,10,0.15798272961781443,0.31138546700544917,0.0034602999221533537,6,0.150803493622191,0.323170524982223,0.002673799986951053
46,SNR_0db,N,New_N_047.wav,26-16-10-6,DeepONMF_H4,4,nndsvd,0.38744068467268067,6x212,0.03881800000090152,26,0.2373058919880896,0.2993185380970608,0.025476399925537407,16,0.17714868673626374,0.3075134921125182,0.005113600054755807,10,0.1529848450789799,0.31294971506776764,0.0038377000018954277,6,0.1476090534124149,0.32060066528744785,0.0032026999397203326
47,SNR_0db,N,New_N_048.wav,26-16-10-6,DeepONMF_H4,4,nndsvd,0.3994022219747929,6x212,0.03822409990243614,26,0.23761124375945047,0.29687432663281704,0.02489710005465895,16,0.17030212080249335,0.30013546853435763,0.005781900021247566,10,0.15759598126231317,0.31064416224402536,0.0037085999501869082,6,0.14617652000334114,0.3303556856365321,0.00285799999255687
48,SNR_0db,N,New_N_049.wav,26-16-10-6,DeepONMF_H4,4,nndsvd,0.39400747925585977,6x212,0.03927920002024621,26,0.2400904389375964,0.2944294912131593,0.027099399943836033,16,0.18024181955717414,0.3019827094168149,0.004901600070297718,10,0.15656098749085556,0.32338498094247864,0.0035957000218331814,6,0.15068407929157665,0.3302074517601572,0.002681699930690229
49,SNR_0db,N,New_N_050.wav,26-16-10-6,DeepONMF_H4,4,nndsvd,0.3953500559887198,6x212,0.03940190002322197,26,0.23933372836806116,0.29238554388259436,0.026072200038470328,16,0.17579909636068417,0.299767232040864,0.004919199971482158,10,0.16126964244038242,0.30198026725520755,0.00437949993647635,6,0.15278070615732592,0.30318539190781574,0.0029808999970555305
50,SNR_0db,N,New_N_051.wav,26-16-10-6,DeepONMF_H4,4,nndsvd,0.39365808540727965,6x212,0.038368399953469634,26,0.2370816187109527,0.2914035571730077,0.025528899976052344,16,0.16979430266361745,0.30042098131360984,0.005651700077578425,10,0.15408765234003616,0.30934827737167614,0.003589399973861873,6,0.15030046491732882,0.3025929303537508,0.0027415999211370945
51,SNR_0db,N,New_N_052.wav,26-16-10-6,DeepONMF_H4,4,nndsvd,0.39420790883896634,6x212,0.03654040000401437,26,0.23931715362788164,0.3002387599943102,0.023967600078321993,16,0.17775799260529535,0.30649892862647654,0.005136299994774163,10,0.16319311458469946,0.30397811610849335,0.003564500017091632,6,0.14881746767671927,0.31811822042816895,0.002732899971306324
52,SNR_0db,N,New_N_053.wav,26-16-10-6,DeepONMF_H4,4,nndsvd,0.4056741804793945,6x212,0.03926220000721514,26,0.24230260236460013,0.2889180596124208,0.02670409996062517,16,0.17848114765683584,0.29731781005075314,0.005015500006265938,10,0.16061130859866876,0.31124558665042823,0.0035685000475496054,6,0.14989957418802977,0.3162129736101116,0.0030830000760033727
53,SNR_0db,N,New_N_054.wav,26-16-10-6,DeepONMF_H4,4,nndsvd,0.4006908184470993,6x212,0.036679200013168156,26,0.2400492017797697,0.2938508769408849,0.024054300040006638,16,0.1729626101971138,0.2956925360316773,0.004925100016407669,10,0.16065670597160475,0.31198517359775885,0.004028199939057231,6,0.15019112099280163,0.3344311405507001,0.002870099968276918
54,SNR_0db,N,New_N_055.wav,26-16-10-6,DeepONMF_H4,4,nndsvd,0.3957591578716337,6x212,0.0370380999520421,26,0.24171143962438302,0.2931343242425759,0.0240135999629274,16,0.17433388628217397,0.3032262075264414,0.005465699941851199,10,0.16042421872915977,0.3176482393095468,0.0036467999452725053,6,0.1461958837930969,0.3377226332424777,0.002791799954138696
55,SNR_0db,N,New_N_056.wav,26-16-10-6,DeepONMF_H4,4,nndsvd,0.39694749616862096,6x212,0.038444200064986944,26,0.23869008401128033,0.29858229570440525,0.026081399992108345,16,0.1682110428999329,0.3049239137243514,0.005107500008307397,10,0.1599962458419769,0.30053922730687876,0.0034938999451696873,6,0.1533551364393052,0.29439539364343975,0.002692400012165308
56,SNR_0db,N,New_N_057.wav,26-16-10-6,DeepONMF_H4,4,nndsvd,0.3949544818928349,6x212,0.03868609992787242,26,0.2365632713848709,0.2938422787108277,0.02601089992094785,16,0.17200564087425999,0.2954393989330554,0.004856099956668913,10,0.15048049915867387,0.3017022870508531,0.003548000007867813,6,0.14325463469312452,0.3253291724656579,0.0034367000916972756
57,SNR_0db,N,New_N_058.wav,26-16-10-6,DeepONMF_H4,4,nndsvd,0.3932106513928941,6x212,0.04103620001114905,26,0.24075226882030434,0.2939509076657793,0.02695199998561293,16,0.17208296835444953,0.29646952719935626,0.006217400077730417,10,0.15592976433161648,0.31462995609194666,0.003973499988205731,6,0.1459744406693557,0.33018320538883383,0.0030533000826835632
58,SNR_0db,N,New_N_059.wav,26-16-10-6,DeepONMF_H4,4,nndsvd,0.3992927133605067,6x212,0.03984749992378056,26,0.23773500992753846,0.2938588115823831,0.027050500037148595,16,0.1803404903896571,0.30046941674806077,0.005126400035806,10,0.16119849536272982,0.311943612045165,0.003549100016243756,6,0.1502508702777617,0.32218814890097497,0.003132499987259507
59,SNR_0db,N,New_N_060.wav,26-16-10-6,DeepONMF_H4,4,nndsvd,0.3917990808726021,6x212,0.03756220010109246,26,0.23882307626276222,0.2916272883941859,0.02399909996893257,16,0.17427178492144565,0.300455346373448,0.005012000096030533,10,0.1586321966317609,0.30004526256709285,0.004662799998186529,6,0.14993544983229445,0.32920715531039874,0.002955600037239492
60,SNR_0db,N,New_N_061.wav,26-16-10-6,DeepONMF_H4,4,nndsvd,0.3988757445919589,6x212,0.038071799906902015,26,0.23826576225543825,0.29183723993743466,0.02495029999408871,16,0.17784976570047079,0.29314538133072193,0.005618799943476915,10,0.16031694185023057,0.2962352562675879,0.0036726000253111124,6,0.15275167978335985,0.33298105048632654,0.002773699932731688
61,SNR_0db,N,New_N_062.wav,26-16-10-6,DeepONMF_H4,4,nndsvd,0.3947050094004925,6x212,0.035334000014699996,26,0.23921791053035102,0.29395965496030885,0.022295800037682056,16,0.1748519516174916,0.3032629878970327,0.005349799990653992,10,0.16019432649131785,0.31702705509272905,0.0036118999123573303,6,0.15450451486828531,0.33828881089053486,0.002758100046776235
62,SNR_0db,N,New_N_063.wav,26-16-10-6,DeepONMF_H4,4,nndsvd,0.39315204474073223,6x212,0.03897360002156347,26,0.2376443263372881,0.29579275353416207,0.026019299984909594,16,0.17064678615477633,0.30547739071042523,0.005151399993337691,10,0.15943574319152784,0.3111407412758267,0.003618599963374436,6,0.14759456915324798,0.31491552048035243,0.0027414000360295177
63,SNR_0db,N,New_N_064.wav,26-16-10-6,DeepONMF_H4,4,nndsvd,0.3902083442740022,6x212,0.03834840003401041,26,0.2368392325350655,0.29161186329878686,0.025160099961794913,16,0.17064174098134546,0.2998272614774583,0.005017200019210577,10,0.16235376600142287,0.30276589846557206,0.004272199934348464,6,0.15089354119154164,0.3237146132593,0.0029152999632060528
64,SNR_0db,N,New_N_065.wav,26-16-10-6,DeepONMF_H4,4,nndsvd,0.390360599393409,6x212,0.038072200026363134,26,0.23495924082034,0.2960134674142482,0.023986599990166724,16,0.17281074813601496,0.2962784042116728,0.006566200056113303,10,0.15419901106724804,0.3075194719406158,0.003590299980714917,6,0.14258360199119438,0.31615189187232917,0.0027129000518471003
65,SNR_0db,N,New_N_066.wav,26-16-10-6,DeepONMF_H4,4,nndsvd,0.3922437153204264,6x212,0.03982399997767061,26,0.23656413053227718,0.29937246211560137,0.027265700045973063,16,0.17712123710450098,0.3045415287320342,0.004953900002874434,10,0.1561824307133471,0.3084077987887111,0.003465699963271618,6,0.1473287009825708,0.30674017451726965,0.002778699970804155
66,SNR_0db,N,New_N_067.wav,26-16-10-6,DeepONMF_H4,4,nndsvd,0.39457759001320464,6x212,0.03960299992468208,26,0.2373042822129037,0.29776309024829745,0.026210200041532516,16,0.1738956690912269,0.30428364391748725,0.005658900015987456,10,0.15809093836434496,0.30986549063663826,0.0038810999831184745,6,0.14807381512639484,0.3168222446628184,0.002828199998475611
67,SNR_0db,N,New_N_068.wav,26-16-10-6,DeepONMF_H4,4,nndsvd,0.3993585361126017,6x212,0.03898800001479685,26,0.24202186015293778,0.30004066017741227,0.025300699984654784,16,0.17931998074929145,0.3065124611508155,0.005866899969987571,10,0.16572314997891557,0.3115419190400822,0.0037486000219359994,6,0.148264894607387,0.3383748655924776,0.0028214999474585056
68,SNR_0db,N,New_N_069.wav,26-16-10-6,DeepONMF_H4,4,nndsvd,0.39245301234012875,6x212,0.0371201999951154,26,0.24061843909052114,0.29451568844651066,0.024826299981214106,16,0.17713556365525618,0.2960678849623767,0.004984400002285838,10,0.15746154920806085,0.30461406747090036,0.0034856999991461635,6,0.1502887661686892,0.32116284422577657,0.0026834000600501895
69,SNR_0db,N,New_N_070.wav,26-16-10-6,DeepONMF_H4,4,nndsvd,0.3925080739633643,6x212,0.039400900015607476,26,0.24034683490966247,0.3123816124523043,0.02663960005156696,16,0.17852494180197417,0.3099557411928669,0.004963399958796799,10,0.16573266559426283,0.3201427884475016,0.0041022999212145805,6,0.15429085091089875,0.31831856020312055,0.002870099968276918
70,SNR_0db,N,New_N_071.wav,26-16-10-6,DeepONMF_H4,4,nndsvd,0.39229093379210933,6x212,0.03900360001716763,26,0.23987565808171454,0.3022200899169394,0.025285000097937882,16,0.17874298190683022,0.306134523785457,0.0061808000318706036,10,0.16014514415982442,0.30816835790266217,0.0036096000112593174,6,0.1462364092585169,0.34028978080610545,0.002759199938736856
71,SNR_0db,N,New_N_072.wav,26-16-10-6,DeepONMF_H4,4,nndsvd,0.39997123256494493,6x212,0.03531680000014603,26,0.24263888826328514,0.2934062850752716,0.022544499952346087,16,0.1754205769576931,0.3060413235332902,0.00517080002464354,10,0.16702042200894007,0.3245397142568689,0.003572199959307909,6,0.15729056968875313,0.3533109889600437,0.0028950999258086085
72,SNR_0db,N,New_N_073.wav,26-16-10-6,DeepONMF_H4,4,nndsvd,0.39530384845317734,6x212,0.039640899980440736,26,0.24034834449811912,0.29896033587037857,0.0266140999738127,16,0.1798512473913215,0.30560922109547395,0.005255800089798868,10,0.1625986218292282,0.31105711455355467,0.0035900999791920185,6,0.15001627402425444,0.32539950679484053,0.0031710000475868583
73,SNR_0db,N,New_N_074.wav,26-16-10-6,DeepONMF_H4,4,nndsvd,0.4018058501037958,6x212,0.03848330001346767,26,0.2420311259874708,0.30052103707418665,0.02447609999217093,16,0.1801429387444482,0.3009226550868095,0.005342200049199164,10,0.15477465956467015,0.2974153557292876,0.004643099964596331,6,0.15073140561260706,0.3338301694741574,0.0028107999823987484
74,SNR_0db,N,New_N_075.wav,26-16-10-6,DeepONMF_H4,4,nndsvd,0.39269871898900566,6x212,0.03796599991619587,26,0.23980457475989375,0.2905933042870648,0.02392659999895841,16,0.17712907035098915,0.30107783930623916,0.0063590999925509095,10,0.16481788086020116,0.30761750064405385,0.0036767999408766627,6,0.15780694882981483,0.3103670016199727,0.0027673000004142523
75,SNR_0db,N,New_N_076.wav,26-16-10-6,DeepONMF_H4,4,nndsvd,0.3996981920284366,6x212,0.037747700000181794,26,0.24013047357341707,0.28684355960353114,0.024951700004749,16,0.17756637703430972,0.29620753783485265,0.005100200069136918,10,0.16006271627040575,0.30015683353284633,0.003579499898478389,6,0.15475142893721214,0.299813096864781,0.0027538000140339136
76,SNR_0db,N,New_N_077.wav,26-16-10-6,DeepONMF_H4,4,nndsvd,0.4004430214614359,6x212,0.03761910006869584,26,0.24164076125019177,0.29765891102477166,0.025032700039446354,16,0.17978534882848374,0.30944703000733575,0.005029700114391744,10,0.16015762837140582,0.3161125391824121,0.0038973999908193946,6,0.1532513131313334,0.3242156617929951,0.002853299956768751
77,SNR_0db,N,New_N_078.wav,26-16-10-6,DeepONMF_H4,4,nndsvd,0.39690378663953785,6x212,0.037209499976597726,26,0.244262126889366,0.29164962095214253,0.024197099963203073,16,0.1781753237362924,0.3051945455559662,0.005594999995082617,10,0.1577765715674334,0.3047105691705096,0.0037257999647408724,6,0.15465323511768256,0.30540799632371585,0.0027956999838352203
78,SNR_0db,N,New_N_079.wav,26-16-10-6,DeepONMF_H4,4,nndsvd,0.4013294436351793,6x212,0.03797349997330457,26,0.23764066810088427,0.29677785947821733,0.024968600017018616,16,0.1758635933605722,0.3006462656296361,0.005225899978540838,10,0.16529089310553308,0.30851529322668786,0.003630099934525788,6,0.15408069002301536,0.3184236844016718,0.002777599962428212
79,SNR_0db,N,New_N_080.wav,26-16-10-6,DeepONMF_H4,4,nndsvd,0.39493182516860037,6x212,0.03762339998502284,26,0.24227499280646028,0.286571479306125,0.02494750008918345,16,0.1782131765714925,0.28847981397334643,0.005097799934446812,10,0.1613661368320464,0.2938412554526109,0.0035445999819785357,6,0.1553409873503945,0.3102666679183767,0.0031012999825179577
80,SNR_0db,N,New_N_081.wav,26-16-10-6,DeepONMF_H4,4,nndsvd,0.39371008405347424,6x212,0.03820129996165633,26,0.23939314891066527,0.3005384696146566,0.025550000020302832,16,0.1806003165560042,0.3044342546122153,0.005032500019297004,10,0.15987999378953838,0.3142390417747421,0.003895999980159104,6,0.15403619002634933,0.32743462116120753,0.0028360000578686595
81,SNR_0db,N,New_N_082.wav,26-16-10-6,DeepONMF_H4,4,nndsvd,0.39632459247739316,6x212,0.03695430001243949,26,0.2382544008331612,0.30684724212642306,0.023451499990187585,16,0.17620332779248357,0.31380568994705377,0.005885399994440377,10,0.16179975628689824,0.3220125725548027,0.003695900086313486,6,0.14865539467928438,0.3164976157154654,0.0027972999960184097
82,SNR_0db,N,New_N_083.wav,26-16-10-6,DeepONMF_H4,4,nndsvd,0.3914739805428376,6x212,0.03749299992341548,26,0.24010174611328275,0.29116624385013395,0.024850700050592422,16,0.1789281911528994,0.293841690469888,0.0052013000240549445,10,0.1625772568573809,0.31506533573376905,0.003600899945013225,6,0.15090352763185633,0.3102475729310989,0.0027230000123381615
83,SNR_0db,N,New_N_084.wav,26-16-10-6,DeepONMF_H4,4,nndsvd,0.3960501470398964,6x212,0.03711089992430061,26,0.24219265382570748,0.3052816042401187,0.02396230003796518,16,0.17952913982582547,0.3026930077656754,0.005116199958138168,10,0.160956802038072,0.3095158304241195,0.0038358999881893396,6,0.15033651234210602,0.32535849515364973,0.0028214999474585056
84,SNR_0db,N,New_N_085.wav,26-16-10-6,DeepONMF_H4,4,nndsvd,0.39681077946135757,6x212,0.038728400017134845,26,0.2387460336845447,0.29040150714941476,0.02480820007622242,16,0.18000790811017264,0.2940431077148965,0.005602900055237114,10,0.161090897294625,0.3080143483691374,0.0044510000152513385,6,0.1489995446764325,0.3258307618499057,0.002965599996969104
85,SNR_0db,N,New_N_086.wav,26-16-10-6,DeepONMF_H4,4,nndsvd,0.3980847666887244,6x212,0.04062560002785176,26,0.23929074662577807,0.3012399736027118,0.025955399964004755,16,0.17638219983999187,0.30085438518344115,0.006386499968357384,10,0.159176067279966,0.2899159951290404,0.004192399908788502,6,0.15349252440529995,0.29985038587822826,0.0031495000002905726
86,SNR_0db,N,New_N_087.wav,26-16-10-6,DeepONMF_H4,4,nndsvd,0.4027779691372975,6x212,0.03889640001580119,26,0.24221603987744503,0.29636372979966863,0.025786500074900687,16,0.17775572403364487,0.29835776968680333,0.005483200075104833,10,0.164346437200297,0.3010401022083536,0.0036735000321641564,6,0.14753590572116604,0.3222079280447552,0.003111999947577715
87,SNR_0db,N,New_N_088.wav,26-16-10-6,DeepONMF_H4,4,nndsvd,0.397263145767612,6x212,0.03685369994491339,26,0.24177294639705238,0.2918746920302095,0.023715800023637712,16,0.1758375986966322,0.29873279741766035,0.005088799982331693,10,0.16166739021904333,0.30946542834198165,0.004219399997964501,6,0.15547872133284654,0.31819058203783523,0.002891700016334653
88,SNR_0db,N,New_N_089.wav,26-16-10-6,DeepONMF_H4,4,nndsvd,0.3942573996297684,6x212,0.03681900002993643,26,0.23909231032834904,0.2964747232764691,0.023307700059376657,16,0.17766646411417134,0.2995207908210283,0.0059408999513834715,10,0.15991842972298975,0.3054768426802495,0.0037693000631406903,6,0.15085830279919366,0.3006701032830482,0.0028550000861287117
89,SNR_0db,N,New_N_090.wav,26-16-10-6,DeepONMF_H4,4,nndsvd,0.3954768136619651,6x212,0.03843159996904433,26,0.2408794106853726,0.29649082545407673,0.025979200028814375,16,0.17608424012853288,0.302445057066616,0.005080399918369949,10,0.1626760250358161,0.3068780161606529,0.0035191000206395984,6,0.15633977451863848,0.3314007608671836,0.0027116999262943864
90,SNR_0db,N,New_N_091.wav,26-16-10-6,DeepONMF_H4,4,nndsvd,0.39656859125139476,6x212,0.03978120000101626,26,0.23737299274152526,0.2891967856503914,0.026946899946779013,16,0.1795535781418289,0.2985937110748112,0.004900200059637427,10,0.16145824018321442,0.3146182307625664,0.0038226000033318996,6,0.151036776450302,0.3233382912858735,0.00302990002091974
91,SNR_0db,N,New_N_092.wav,26-16-10-6,DeepONMF_H4,4,nndsvd,0.39515912140161435,6x212,0.038098799996078014,26,0.2419878619080659,0.29380694910105776,0.025153900031000376,16,0.1794348747077573,0.29813018379642864,0.005635700072161853,10,0.1615548571565006,0.3147974411733606,0.0035725999623537064,6,0.15138476643911103,0.3159458916021237,0.002714600064791739
92,SNR_0db,N,New_N_093.wav,26-16-10-6,DeepONMF_H4,4,nndsvd,0.39446145862174486,6x212,0.03898240008857101,26,0.23818308124080187,0.2953370379187813,0.026814399985596538,16,0.17685732243674332,0.3027836352728138,0.004883999936282635,10,0.16450021529634978,0.3006818202335814,0.0034347999608144164,6,0.15286965618241116,0.3046862449594583,0.0026488000294193625
93,SNR_0db,N,New_N_094.wav,26-16-10-6,DeepONMF_H4,4,nndsvd,0.3942156212692561,6x212,0.038645399967208505,26,0.24177439624186425,0.2954623781871899,0.026102099916897714,16,0.18004437072939278,0.3064348231376197,0.004860399989411235,10,0.16291855717298317,0.31465774113298345,0.003670400008559227,6,0.15698647500701035,0.32122003903492247,0.0031304999720305204
94,SNR_0db,N,New_N_095.wav,26-16-10-6,DeepONMF_H4,4,nndsvd,0.3950456244001099,6x212,0.03707219997886568,26,0.2423097544683031,0.2891474306849547,0.02415459998883307,16,0.18050304481703067,0.29985971193706856,0.00508050003554672,10,0.16046388639657785,0.30855810420704544,0.004051099997013807,6,0.15238763088783,0.32891204826780673,0.002837899955920875
95,SNR_0db,N,New_N_096.wav,26-16-10-6,DeepONMF_H4,4,nndsvd,0.39742700535372766,6x212,0.0363373999716714,26,0.2403345390235307,0.29721716556001654,0.022087199962697923,16,0.17854751617493694,0.3019830283557798,0.006553799961693585,10,0.15883602751337028,0.3139600896815672,0.0035921999951824546,6,0.15305942017951502,0.3179074228204432,0.00269210000988096
96,SNR_0db,N,New_N_097.wav,26-16-10-6,DeepONMF_H4,4,nndsvd,0.39931075767404367,6x212,0.03779840003699064,26,0.2380605515028008,0.3007712634142078,0.025534800020977855,16,0.169574692587474,0.30596767422753807,0.004995299968868494,10,0.1628717673329005,0.31329307430841097,0.0034707000013440847,6,0.14649979018844866,0.3145313300213568,0.002666299929842353
97,SNR_0db,N,New_N_098.wav,26-16-10-6,DeepONMF_H4,4,nndsvd,0.3978170802413678,6x212,0.039332599961198866,26,0.24296579074627078,0.3001961413294791,0.026648799888789654,16,0.1801074763945714,0.30827059618603564,0.004968099994584918,10,0.16165451844583617,0.3254799061156792,0.0038225000025704503,6,0.15637702172294082,0.33233884274101455,0.003023300087079406
98,SNR_0db,N,New_N_099.wav,26-16-10-6,DeepONMF_H4,4,nndsvd,0.3902225427529977,6x212,0.03875999990850687,26,0.23711217490694506,0.2971057035860308,0.02546869998332113,16,0.17160963929444256,0.3122787015690979,0.005630500032566488,10,0.15995519183628987,0.32277349394583144,0.0035804000217467546,6,0.15219771730967557,0.3387166592786631,0.002740599913522601
99,SNR_0db,N,New_N_100.wav,26-16-10-6,DeepONMF_H4,4,nndsvd,0.39856364779769426,6x212,0.03547550004441291,26,0.24429285535997425,0.2890503704564279,0.02257959998678416,16,0.1775148393978935,0.2899534678772523,0.005363199976272881,10,0.16204931419713967,0.3011730233212418,0.0036321000661700964,6,0.15229306817173335,0.31564578113429814,0.0027163000777363777
100,SNR_0db,N,New_N_101.wav,26-16-10-6,DeepONMF_H4,4,nndsvd,0.39320276958718287,6x212,0.039896000060252845,26,0.23683178413864023,0.2956489931834367,0.02644359995611012,16,0.1704607337517348,0.30786122341568506,0.004961600061506033,10,0.1577260302128329,0.31088975458920604,0.003492099931463599,6,0.14893175040178708,0.3272524425313434,0.0038618999533355236
101,SNR_0db,N,New_N_102.wav,26-16-10-6,DeepONMF_H4,4,nndsvd,0.3963343348227842,6x212,0.03805480001028627,26,0.2387618093624825,0.29347110951204164,0.024902600096538663,16,0.17452273688953573,0.30769704084042665,0.0049137999303638935,10,0.16174036593808017,0.32014607951957974,0.004554599989205599,6,0.15026733752239663,0.325350200709089,0.0028880999889224768
102,SNR_0db,N,New_N_103.wav,26-16-10-6,DeepONMF_H4,4,nndsvd,0.39991660214259167,6x212,0.037377300090156496,26,0.23441135602394944,0.2970750024326986,0.02405560004990548,16,0.1757241009302294,0.289538983780041,0.0058466000482439995,10,0.15675891111856605,0.30036886928326373,0.0036932999501004815,6,0.15021243412189822,0.30975295352765836,0.002797099994495511
103,SNR_0db,N,New_N_104.wav,26-16-10-6,DeepONMF_H4,4,nndsvd,0.39590930361543025,6x212,0.039118400076404214,26,0.23821746779656394,0.29230272575735056,0.026548700057901442,16,0.17268963353850506,0.3055502382546292,0.005032100016251206,10,0.16018318519594546,0.31675835904687555,0.0035694000544026494,6,0.15066847918246323,0.32798931491302147,0.002723699901252985
104,SNR_0db,N,New_N_105.wav,26-16-10-6,DeepONMF_H4,4,nndsvd,0.39665860594507757,6x212,0.037015299894846976,26,0.24098996873129153,0.29456393813266163,0.024053200031630695,16,0.17932279398294754,0.30553762282874775,0.004966899985447526,10,0.1579845124338957,0.31488837151931726,0.0035567000741139054,6,0.1508266066561686,0.3147160661764255,0.003183899912983179
105,SNR_0db,N,New_N_106.wav,26-16-10-6,DeepONMF_H4,4,nndsvd,0.399164813682392,6x212,0.037304400000721216,26,0.2392942096572614,0.28751936510124515,0.024396999971941113,16,0.17523331698675784,0.29329042721667464,0.005047300015576184,10,0.16404942047420093,0.3026913090509548,0.004036500002257526,6,0.14912237611448287,0.320184248183515,0.0028132000006735325
106,SNR_0db,N,New_N_107.wav,26-16-10-6,DeepONMF_H4,4,nndsvd,0.3950141995187819,6x212,0.038027500035241246,26,0.24031142598069502,0.2947957718872976,0.024699100060388446,16,0.17946933384317812,0.2981318604263265,0.00550109997857362,10,0.1619667193971469,0.308576282191384,0.0036398000083863735,6,0.15521669320425532,0.3258241738433165,0.002759799943305552
107,SNR_0db,N,New_N_108.wav,26-16-10-6,DeepONMF_H4,4,nndsvd,0.40070694166514337,6x212,0.03656599996611476,26,0.24320499973941348,0.295387492132035,0.02443940006196499,16,0.17645425850248675,0.300669474375883,0.004984400002285838,10,0.16106292931677743,0.3003919138236687,0.003468999988399446,6,0.15109461166044844,0.2970072722786044,0.002686699968762696
108,SNR_0db,N,New_N_109.wav,26-16-10-6,DeepONMF_H4,4,nndsvd,0.39095353370463987,6x212,0.03886010008864105,26,0.23400627179612424,0.2938919145664147,0.026344900019466877,16,0.17241642635573215,0.3109045576624523,0.004808999947272241,10,0.15263745976465617,0.3087597869486713,0.003993300022557378,6,0.14607619529693747,0.3160798404634309,0.002864200039766729
109,SNR_0db,N,New_N_110.wav,26-16-10-6,DeepONMF_H4,4,nndsvd,0.3960263379841707,6x212,0.03593959996942431,26,0.24187569754634672,0.3010586209381416,0.023223199998028576,16,0.1748745585572082,0.3108884033530611,0.005018600029870868,10,0.15769317239965608,0.3100474417092766,0.004065899993292987,6,0.14958694395660765,0.3107364890769922,0.002835600054822862
