indice_interno,base,clase,archivo,distribucion,representacion,numero_capas,inicializacion_onmf,error_final,forma_h_final,segundos_extraccion_deep,capa_1_rango,capa_1_error,capa_1_ortogonalidad_h,capa_1_segundos,capa_2_rango,capa_2_error,capa_2_ortogonalidad_h,capa_2_segundos,capa_3_rango,capa_3_error,capa_3_ortogonalidad_h,capa_3_segundos,capa_4_rango,capa_4_error,capa_4_ortogonalidad_h,capa_4_segundos
0,SNR_0db,N,New_N_001.wav,18-12-9-6,DeepONMF_H4,4,nndsvd,0.3941067827772925,6x212,0.03145150002092123,18,0.2647023838318038,0.2979125995586145,0.018640500027686357,12,0.16646787448686046,0.30479826989819325,0.005259600002318621,9,0.12989594601970186,0.3111830937483447,0.0034989999840036035,6,0.13717638935144497,0.30955263064949357,0.0030180999310687184
1,SNR_0db,N,New_N_002.wav,18-12-9-6,DeepONMF_H4,4,nndsvd,0.38725888149882587,6x212,0.0331923000048846,18,0.2620956332074962,0.32140622889420584,0.019460099982097745,12,0.15173561358396997,0.33082087266616167,0.0057471999898552895,9,0.1227413453371055,0.32898842073929635,0.0037765000015497208,6,0.13471254051881637,0.3455348550795777,0.0032294000266119838
2,SNR_0db,N,New_N_003.wav,18-12-9-6,DeepONMF_H4,4,nndsvd,0.39531892928748735,6x212,0.03457349992822856,18,0.26762554798875493,0.3166605375831365,0.02141940000001341,12,0.15022225981611229,0.3240874232448464,0.0052785000298172235,9,0.1262526746391241,0.3203195134871784,0.0036668000975623727,6,0.1360910712536505,0.31682257151109855,0.0031648000003769994
3,SNR_0db,N,New_N_004.wav,18-12-9-6,DeepONMF_H4,4,nndsvd,0.39405351595993715,6x212,0.03157720004674047,18,0.2678204393968295,0.31691992331055363,0.018389899982139468,12,0.1568540389424365,0.3345904340605454,0.005733099998906255,9,0.12948479021703677,0.33323183395911227,0.0035170000046491623,6,0.13751659163322927,0.3301950382270497,0.003005299950018525
4,SNR_0db,N,New_N_005.wav,18-12-9-6,DeepONMF_H4,4,nndsvd,0.39442017287722664,6x212,0.028331700013950467,18,0.26478600855246914,0.31304731098223954,0.017326900037005544,12,0.15631221421955133,0.31160937751893236,0.0039678000612184405,9,0.12671719053365194,0.3069611946200968,0.0034164999378845096,6,0.13431436567782656,0.30553191830199183,0.002835499937646091
5,SNR_0db,N,New_N_006.wav,18-12-9-6,DeepONMF_H4,4,nndsvd,0.3912443155190173,6x212,0.028828200069256127,18,0.26679546312199953,0.3126545079308331,0.017581799998879433,12,0.15808053622101637,0.3266347918729355,0.004330200026743114,9,0.1306632460945705,0.3207359666484909,0.003081499948166311,6,0.13703647893883356,0.3184749764760798,0.0026664999313652515
6,SNR_0db,N,New_N_007.wav,18-12-9-6,DeepONMF_H4,4,nndsvd,0.3924198322176451,6x212,0.028303600032813847,18,0.2665353124614772,0.31118754596797615,0.017098800046369433,12,0.15615564621984804,0.3105511571401822,0.004185799974948168,9,0.12975100770987436,0.31105154796360956,0.0031210000161081553,6,0.14060528805297973,0.30463220454041,0.0026847999542951584
7,SNR_0db,N,New_N_008.wav,18-12-9-6,DeepONMF_H4,4,nndsvd,0.3918605197605184,6x212,0.03045299998484552,18,0.2615378674506961,0.31188223957372485,0.01857349998317659,12,0.16536087394106944,0.30216321862870027,0.004678400000557303,9,0.129324889342168,0.31051498810355027,0.003295099944807589,6,0.13749212255137805,0.30480195143950156,0.0028229999588802457
8,SNR_0db,N,New_N_009.wav,18-12-9-6,DeepONMF_H4,4,nndsvd,0.3888596004178344,6x212,0.029519699979573488,18,0.26367160446313154,0.31542407813340434,0.018054199987091124,12,0.15633470851053943,0.32027304666279605,0.004237600020132959,9,0.1281835900640244,0.32720262207949774,0.0035027998965233564,6,0.14036941664588776,0.3149517659527504,0.0028649999294430017
9,SNR_0db,N,New_N_010.wav,18-12-9-6,DeepONMF_H4,4,nndsvd,0.3893530870252283,6x212,0.028058199910447,18,0.26470449819528713,0.3136192425534522,0.01701950002461672,12,0.15554572074307738,0.3212927944310139,0.004177100025117397,9,0.1313294224833586,0.3283618899712851,0.003042299998924136,6,0.13965726153442373,0.34395202224028465,0.002640599966980517
10,SNR_0db,N,New_N_011.wav,18-12-9-6,DeepONMF_H4,4,nndsvd,0.39366641524012397,6x212,0.02792080002836883,18,0.26504166609235924,0.3160090164668364,0.016497099888511002,12,0.1628270965021511,0.32762585317071513,0.0044030999997630715,9,0.12448741612233655,0.32056619876124426,0.003118199994787574,6,0.13489713961751046,0.31159066766128735,0.002674899995326996
11,SNR_0db,N,New_N_012.wav,18-12-9-6,DeepONMF_H4,4,nndsvd,0.39275945990309463,6x212,0.029701199964620173,18,0.26704432848834436,0.30267483366462733,0.017763899988494813,12,0.1577445766586009,0.31015651198251043,0.004428600077517331,9,0.1274946712000741,0.30647886213828596,0.003562400001101196,6,0.13931327533254426,0.32126666882487753,0.003018599934875965
12,SNR_0db,N,New_N_013.wav,18-12-9-6,DeepONMF_H4,4,nndsvd,0.39482303695880283,6x212,0.03197709994856268,18,0.26351372619360736,0.3195371836372999,0.018418099964037538,12,0.15874671819514855,0.3211260717128178,0.005199300008825958,9,0.12939857113739497,0.32177460916488676,0.0042508000042289495,6,0.13475163021995576,0.31291057523474225,0.0032432000152766705
13,SNR_0db,N,New_N_014.wav,18-12-9-6,DeepONMF_H4,4,nndsvd,0.3861415538135844,6x212,0.030043100006878376,18,0.26216790662604555,0.31750819109227857,0.01817349996417761,12,0.1547399933689108,0.3205539452097444,0.0043883000034838915,9,0.12681055888828058,0.3114685950190019,0.003251899965107441,6,0.13895778594896854,0.33424740716821355,0.0032234000973403454
14,SNR_0db,N,New_N_015.wav,18-12-9-6,DeepONMF_H4,4,nndsvd,0.3989507134946161,6x212,0.027374499943107367,18,0.27186536213833146,0.30615674975792395,0.016639200039207935,12,0.16092030822725284,0.3189294989632295,0.003998800064437091,9,0.12890597249813596,0.324376258107933,0.003112100064754486,6,0.13626931434918152,0.3284505828766871,0.0027200999902561307
15,SNR_0db,N,New_N_016.wav,18-12-9-6,DeepONMF_H4,4,nndsvd,0.39332937625163616,6x212,0.030295299948193133,18,0.26942535182471933,0.3077298315346199,0.017582500004209578,12,0.16133095831728486,0.3132037187541217,0.005418699933215976,9,0.12569860129619398,0.30410749492274414,0.0032149999169632792,6,0.13648961651310004,0.3075228939339955,0.0027588000521063805
16,SNR_0db,N,New_N_017.wav,18-12-9-6,DeepONMF_H4,4,nndsvd,0.39602943565327214,6x212,0.02988990000449121,18,0.2710550272758283,0.31779958320396096,0.017499800072982907,12,0.1630927231320882,0.32445619760835426,0.005145999952219427,9,0.12908897785613993,0.330628094421143,0.0032765999203547835,6,0.14089247241027444,0.32561394785507797,0.0027294999454170465
17,SNR_0db,N,New_N_018.wav,18-12-9-6,DeepONMF_H4,4,nndsvd,0.39668101661014665,6x212,0.029542300035245717,18,0.2680969461634612,0.3091888762734411,0.01758370001334697,12,0.16114204013354672,0.3114422990221946,0.004465300007723272,9,0.12979876606472723,0.3118649326345386,0.003326199948787689,6,0.13463449099926772,0.31492213523832896,0.003323799930512905
18,SNR_0db,N,New_N_019.wav,18-12-9-6,DeepONMF_H4,4,nndsvd,0.390894856513092,6x212,0.02936539996881038,18,0.2662780149058422,0.309898409642187,0.017779599991627038,12,0.1573408494791752,0.314803783855572,0.004289899952709675,9,0.1257355592119447,0.31727965338809866,0.003500099992379546,6,0.138460108836668,0.30985899512361015,0.002957700053229928
19,SNR_0db,N,New_N_020.wav,18-12-9-6,DeepONMF_H4,4,nndsvd,0.3932569517057564,6x212,0.030001500039361417,18,0.2669308210179279,0.31683363688772836,0.018309100065380335,12,0.15382593079298668,0.3112216290184232,0.004394599935039878,9,0.1299793389077819,0.3053595232419268,0.003406299976631999,6,0.13944887977758855,0.31391025273542056,0.0029525000136345625
20,SNR_0db,N,New_N_021.wav,18-12-9-6,DeepONMF_H4,4,nndsvd,0.3886908367928614,6x212,0.030682199983857572,18,0.26308230624643597,0.3191840091772191,0.018102800007909536,12,0.15875704016703243,0.31874254368354804,0.004968299996107817,9,0.1258748680909205,0.31534407782762464,0.0034464000491425395,6,0.1379561998538412,0.30147098825711705,0.0029645999893546104
21,SNR_0db,N,New_N_022.wav,18-12-9-6,DeepONMF_H4,4,nndsvd,0.3970040315797203,6x212,0.03215490002185106,18,0.26761082257752916,0.3171166166248723,0.018850200111046433,12,0.15805783150884647,0.31851409476499104,0.005838600103743374,9,0.1325026519661068,0.31519915083154904,0.0034821999724954367,6,0.13933594628747853,0.3115877637378376,0.0029875999316573143
22,SNR_0db,N,New_N_023.wav,18-12-9-6,DeepONMF_H4,4,nndsvd,0.3878625211815913,6x212,0.030855500022880733,18,0.26103591184403047,0.3165173537894718,0.018328199977986515,12,0.15470243177117257,0.3178977888510575,0.004407600034028292,9,0.12755035605585321,0.3204036763688985,0.004018599982373416,6,0.1389240922719108,0.3003663981946217,0.0030939000425860286
23,SNR_0db,N,New_N_024.wav,18-12-9-6,DeepONMF_H4,4,nndsvd,0.3949107715332416,6x212,0.03186769993044436,18,0.2678380935153827,0.31504713588655026,0.018653700011782348,12,0.15424839166449972,0.3170950952108843,0.005520800012163818,9,0.1284749385616629,0.3136080079495783,0.0037611000007018447,6,0.13967651842719905,0.31453167830107254,0.003050500061362982
24,SNR_0db,N,New_N_025.wav,18-12-9-6,DeepONMF_H4,4,nndsvd,0.3958471048733385,6x212,0.030048999935388565,18,0.26762315098861933,0.31476276987701124,0.018119500018656254,12,0.16771521638836503,0.32586161863409774,0.004401999991387129,9,0.12887524865154773,0.3265445414450524,0.0034450000384822488,6,0.13397357476711466,0.3239123151642606,0.003275600029155612
25,SNR_0db,N,New_N_026.wav,18-12-9-6,DeepONMF_H4,4,nndsvd,0.39171370080508405,6x212,0.029859800008125603,18,0.26638532551923444,0.3273869660828436,0.01823699998203665,12,0.15693294460173043,0.32631053574805957,0.004284299910068512,9,0.132911901720141,0.31994062572885434,0.0034785999450832605,6,0.1405809555746517,0.32652994189912177,0.0029769999673590064
26,SNR_0db,N,New_N_027.wav,18-12-9-6,DeepONMF_H4,4,nndsvd,0.39274741845059635,6x212,0.02934910007752478,18,0.26479361781044053,0.31387141003507096,0.017958099953830242,12,0.1564463923304362,0.3076111435603452,0.004247000091709197,9,0.12682326005545952,0.3072585737167062,0.003188100061379373,6,0.13981119242198858,0.31034505048981115,0.00273800001014024
27,SNR_0db,N,New_N_028.wav,18-12-9-6,DeepONMF_H4,4,nndsvd,0.39597419607926204,6x212,0.029783899895846844,18,0.26589845350092817,0.3198284268780723,0.017539499909617007,12,0.16212461622349786,0.3288059758154105,0.0050481000216677785,9,0.12683452005282675,0.3259230545531843,0.003248899942263961,6,0.12950121268183531,0.31957524044786456,0.0027296999469399452
28,SNR_0db,N,New_N_029.wav,18-12-9-6,DeepONMF_H4,4,nndsvd,0.40113604506715494,6x212,0.028717500041238964,18,0.27126542536885234,0.3042962252070134,0.017420500051230192,12,0.167407729315279,0.312357128733727,0.004380499944090843,9,0.1304986318172965,0.31178491247007034,0.0030207999516278505,6,0.1428611888797681,0.30805812571253555,0.0029986000154167414
29,SNR_0db,N,New_N_030.wav,18-12-9-6,DeepONMF_H4,4,nndsvd,0.38835521435612136,6x212,0.027727299951948225,18,0.2642545132660256,0.3128998568650633,0.01662080001551658,12,0.15726730714015136,0.3212294394240338,0.004219299997203052,9,0.1272700201977963,0.3334714186509468,0.0030184000497683883,6,0.1392537909524967,0.3293041293845716,0.002634699922055006
30,SNR_0db,N,New_N_031.wav,18-12-9-6,DeepONMF_H4,4,nndsvd,0.39311213789597244,6x212,0.029771000030450523,18,0.2668688007883309,0.31550110857079905,0.01739239995367825,12,0.15584199125679626,0.31664827560548764,0.005135899991728365,9,0.12818762098824638,0.30725475651031725,0.003173600067384541,6,0.14148020730042105,0.3017719702376464,0.0027396000223234296
31,SNR_0db,N,New_N_032.wav,18-12-9-6,DeepONMF_H4,4,nndsvd,0.39380129224761096,6x212,0.028967299964278936,18,0.2651399789366002,0.31679967057691627,0.01752709993161261,12,0.16140450280137206,0.32682501050003526,0.004031799966469407,9,0.12571376399824033,0.3187393247251333,0.0035295000998303294,6,0.1408619678253474,0.2982257958209785,0.002857099985703826
32,SNR_0db,N,New_N_033.wav,18-12-9-6,DeepONMF_H4,4,nndsvd,0.39305363627238354,6x212,0.028226900030858815,18,0.26538594506071445,0.3129612527520638,0.017284699948504567,12,0.16318642203973965,0.3040688463905029,0.003922900068573654,9,0.1299848925032581,0.3184456782393471,0.0030749000143259764,6,0.13838445547133166,0.3240246482709244,0.0031196000054478645
33,SNR_0db,N,New_N_034.wav,18-12-9-6,DeepONMF_H4,4,nndsvd,0.38951833087055576,6x212,0.027728799963369966,18,0.2653678520512203,0.31483391011218437,0.016567999962717295,12,0.15949684076650797,0.326432251021282,0.004292399971745908,9,0.12738679859799476,0.3350805250591781,0.0031244000419974327,6,0.13646785419784457,0.3287021445609074,0.002682400052435696
34,SNR_0db,N,New_N_035.wav,18-12-9-6,DeepONMF_H4,4,nndsvd,0.39382313596011315,6x212,0.02854329999536276,18,0.2663771095461269,0.3007775356379885,0.016690799966454506,12,0.1584579941097657,0.3053889868556646,0.004415999981574714,9,0.1236298053002487,0.2975686474886129,0.0033187000080943108,6,0.14130061614619613,0.30630702093251544,0.0027239000191912055
35,SNR_0db,N,New_N_036.wav,18-12-9-6,DeepONMF_H4,4,nndsvd,0.3927903784595477,6x212,0.02849860000424087,18,0.2645361273118095,0.3147634552893175,0.017080700024962425,12,0.1622534052901246,0.31649412029282925,0.004334799945354462,9,0.12785336213690784,0.3279419521243796,0.0030970999505370855,6,0.13468000867656346,0.32599589266870604,0.003069199970923364
36,SNR_0db,N,New_N_037.wav,18-12-9-6,DeepONMF_H4,4,nndsvd,0.33246929260817604,6x212,0.027733299997635186,18,0.1959468012879291,0.3016199891160974,0.01643249997869134,12,0.11162190637569337,0.2949454677661629,0.004183699958957732,9,0.09434809144756096,0.28701235630607547,0.003323200042359531,6,0.10215237618931094,0.29055037228328445,0.0030028000473976135
37,SNR_0db,N,New_N_038.wav,18-12-9-6,DeepONMF_H4,4,nndsvd,0.3921885257695982,6x212,0.029800200019963086,18,0.26318825038357324,0.30663622412764185,0.01774039992596954,12,0.15752140029282574,0.31418452106263856,0.004805599921382964,9,0.12720585393204178,0.30147402491674363,0.0034168000565841794,6,0.13753352298596958,0.2808252149595282,0.003021199954673648
38,SNR_0db,N,New_N_039.wav,18-12-9-6,DeepONMF_H4,4,nndsvd,0.39526310780814683,6x212,0.029846099903807044,18,0.2686826674734532,0.3060521144976354,0.017977200099267066,12,0.1617031645040999,0.3090762282667151,0.004566600080579519,9,0.1330512008806933,0.3045745810084892,0.0035825000377371907,6,0.14089737516207013,0.3086775589178732,0.002890000003390014
39,SNR_0db,N,New_N_040.wav,18-12-9-6,DeepONMF_H4,4,nndsvd,0.3921188219260656,6x212,0.027830599923618138,18,0.2662009918112212,0.30795732631731615,0.016963999951258302,12,0.15722925709524543,0.313194163915129,0.0038844000082463026,9,0.12658356912044735,0.3049579759691562,0.0030590000096708536,6,0.13316454816422582,0.2830692893654509,0.0029591999482363462
40,SNR_0db,N,New_N_041.wav,18-12-9-6,DeepONMF_H4,4,nndsvd,0.3888830394095601,6x212,0.028031100053340197,18,0.2631167945865196,0.323440164915526,0.017076599993743002,12,0.1542709441973055,0.3283245075209584,0.0040330999763682485,9,0.12488695500701069,0.32037593360363115,0.00310550001449883,6,0.1299101106528568,0.32859430256030364,0.0026587999891489744
41,SNR_0db,N,New_N_042.wav,18-12-9-6,DeepONMF_H4,4,nndsvd,0.3968004601716089,6x212,0.030510099953971803,18,0.2682679807061684,0.3031956029647657,0.018099699984304607,12,0.15886773306600668,0.29804718808057035,0.005503199994564056,9,0.12258166667765798,0.2956472275319881,0.0031344000017270446,6,0.13477782018415818,0.3169963411151245,0.0026838999474421144
42,SNR_0db,N,New_N_043.wav,18-12-9-6,DeepONMF_H4,4,nndsvd,0.3861714583975979,6x212,0.029535300098359585,18,0.25912218901972944,0.31611318381879255,0.01718049996998161,12,0.154838209318139,0.3323512299519169,0.0046181000070646405,9,0.12142932652006908,0.3357601943759374,0.0034410000080242753,6,0.12876070754646998,0.342069891241656,0.0028623000252991915
43,SNR_0db,N,New_N_044.wav,18-12-9-6,DeepONMF_H4,4,nndsvd,0.3914225976682844,6x212,0.027985200053080916,18,0.2636589749641819,0.3249099762641416,0.01672999991569668,12,0.15146426230566323,0.34106463590569086,0.0042975000105798244,9,0.12382271867386108,0.3400705393989652,0.0032405999954789877,6,0.12749129293127665,0.3355730115644514,0.0027458000695332885
44,SNR_0db,N,New_N_045.wav,18-12-9-6,DeepONMF_H4,4,nndsvd,0.3890607328170117,6x212,0.028385200072079897,18,0.2614854100475768,0.32083123240799705,0.016409400035627186,12,0.15744090387461757,0.33372157458582,0.005256199976429343,9,0.12221291668113514,0.3364308188878036,0.0031440999591723084,6,0.1276409052391479,0.3463804164490326,0.0027436999371275306
45,SNR_0db,N,New_N_046.wav,18-12-9-6,DeepONMF_H4,4,nndsvd,0.38205581714084147,6x212,0.0278630000539124,18,0.25715023798697456,0.31493843176541525,0.016566399950534105,12,0.15180121205867944,0.32896443385422536,0.004118599928915501,9,0.12276589426647218,0.3364406500646458,0.0033511000219732523,6,0.13285761418376033,0.3576245328180377,0.0027284000534564257
46,SNR_0db,N,New_N_047.wav,18-12-9-6,DeepONMF_H4,4,nndsvd,0.3876463153332628,6x212,0.028419599984772503,18,0.2596226352811707,0.3180754878522216,0.01691699994262308,12,0.14974935617731627,0.3233273002954329,0.004609599942341447,9,0.12352190903880811,0.3278338759911011,0.0030818000668659806,6,0.1320707761802679,0.340722901055205,0.0029633999802172184
47,SNR_0db,N,New_N_048.wav,18-12-9-6,DeepONMF_H4,4,nndsvd,0.3865373463568655,6x212,0.027077000006102026,18,0.25953221508663105,0.31751129611884854,0.016132400021888316,12,0.1489794102547574,0.3307559667046709,0.00400319998152554,9,0.11992593028539758,0.33221510585209973,0.003139000036753714,6,0.12874330287149965,0.34962485961047474,0.002675199997611344
48,SNR_0db,N,New_N_049.wav,18-12-9-6,DeepONMF_H4,4,nndsvd,0.38941487443623013,6x212,0.02906339999753982,18,0.26270280540079144,0.3192795910260834,0.017233300022780895,12,0.15789786228123845,0.33880271356237723,0.004497600020840764,9,0.1251587117126442,0.3490623643813034,0.003276499919593334,6,0.13346405040649095,0.3465889530718758,0.0027525000041350722
49,SNR_0db,N,New_N_050.wav,18-12-9-6,DeepONMF_H4,4,nndsvd,0.3887747944233903,6x212,0.02908090001437813,18,0.26249307346168993,0.30970144769846547,0.016964699956588447,12,0.15217379654473084,0.3257176972428449,0.004827799974009395,9,0.1262987946602786,0.3317870119830617,0.0034362999722361565,6,0.13402192923330083,0.34596868776504686,0.0029597000684589148
50,SNR_0db,N,New_N_051.wav,18-12-9-6,DeepONMF_H4,4,nndsvd,0.38379301950874434,6x212,0.02768359996844083,18,0.25908325349874395,0.3080012106223395,0.016795200062915683,12,0.14706254242019165,0.3154414797943177,0.0039836999494582415,9,0.12241448399206234,0.32719538453959335,0.0031378999119624496,6,0.12886993738135555,0.32928534941183085,0.0026877999771386385
51,SNR_0db,N,New_N_052.wav,18-12-9-6,DeepONMF_H4,4,nndsvd,0.39020299198704905,6x212,0.029499199939891696,18,0.26308120599101215,0.31745809849058715,0.017935300013050437,12,0.15499802021218417,0.3208058587847876,0.004571700002998114,9,0.12335344050387795,0.33659596504925937,0.0031464999774470925,6,0.12771172036128906,0.3458812183053871,0.0026843000669032335
52,SNR_0db,N,New_N_053.wav,18-12-9-6,DeepONMF_H4,4,nndsvd,0.3949474239838727,6x212,0.029443199979141355,18,0.26554612577590975,0.3027945982021515,0.017219800036400557,12,0.15470138493380325,0.3186316838844349,0.0053255000384524465,9,0.12284541090219743,0.3235181511000564,0.0032601000275462866,6,0.12903548602850862,0.33732869581871266,0.0027381000109016895
53,SNR_0db,N,New_N_054.wav,18-12-9-6,DeepONMF_H4,4,nndsvd,0.39269714130187194,6x212,0.02870169992092997,18,0.26293181380114455,0.31268275674954243,0.017033400014042854,12,0.15190240793412244,0.32534112118136327,0.00407460005953908,9,0.12397386762950886,0.3358471949692896,0.0031967998947948217,6,0.13082143435054663,0.3475758844635334,0.003361999988555908
54,SNR_0db,N,New_N_055.wav,18-12-9-6,DeepONMF_H4,4,nndsvd,0.38894628554282684,6x212,0.027905000024475157,18,0.2652402217747767,0.3072447307167438,0.017068299930542707,12,0.1544422314931723,0.3212591794386902,0.004125800100155175,9,0.12007122925399102,0.3335106530391505,0.0030860999831929803,6,0.12921287425943576,0.34417541735082285,0.0026509000454097986
55,SNR_0db,N,New_N_056.wav,18-12-9-6,DeepONMF_H4,4,nndsvd,0.38673123346275623,6x212,0.029285100055858493,18,0.2598929974857241,0.3142486994606722,0.017301599960774183,12,0.1486222143993117,0.3108327789660955,0.005051300046034157,9,0.126426665515631,0.3212591051591636,0.0031237000366672873,6,0.135922246987925,0.33532789055759976,0.002715200069360435
56,SNR_0db,N,New_N_057.wav,18-12-9-6,DeepONMF_H4,4,nndsvd,0.38304434295221895,6x212,0.03116679994855076,18,0.25919428833541835,0.31366257264496294,0.018729500006884336,12,0.14482785636335146,0.33167812042702527,0.004941700026392937,9,0.12064402173916572,0.3389142898403629,0.0032514999620616436,6,0.12533928338224778,0.34064138818997175,0.002756499918177724
57,SNR_0db,N,New_N_058.wav,18-12-9-6,DeepONMF_H4,4,nndsvd,0.3892011009388367,6x212,0.028280399972572923,18,0.2625761958191444,0.3115062439322,0.016800399986095726,12,0.14723814364628907,0.31375122864617894,0.00385820004157722,9,0.12405352298490946,0.3179045826187521,0.0032269000075757504,6,0.13070122317286084,0.3240061700052089,0.0031105000525712967
58,SNR_0db,N,New_N_059.wav,18-12-9-6,DeepONMF_H4,4,nndsvd,0.38965398449225774,6x212,0.027370100026018918,18,0.2614948728205617,0.31027773903472483,0.01659410004504025,12,0.15228809238051014,0.3135168435070688,0.003938900073990226,9,0.1277394812276443,0.32257092789577846,0.0030938000418245792,6,0.13403795297828522,0.3336625931948089,0.002664499916136265
59,SNR_0db,N,New_N_060.wav,18-12-9-6,DeepONMF_H4,4,nndsvd,0.3868059470396053,6x212,0.02977730007842183,18,0.26138904261495804,0.3105303808806559,0.017787199933081865,12,0.15197138720094772,0.3205136236935936,0.004964700085110962,9,0.12248112708734282,0.3103039077456378,0.003153400029987097,6,0.13129574013960774,0.31814139419946635,0.002723400015383959
60,SNR_0db,N,New_N_061.wav,18-12-9-6,DeepONMF_H4,4,nndsvd,0.39086923278654734,6x212,0.029671599972061813,18,0.2616132865246298,0.30797771962760334,0.017691300017759204,12,0.16120727323202835,0.31809251150601225,0.004891599994152784,9,0.12102672857362028,0.3123579545069112,0.0033869000617414713,6,0.1269487291916396,0.32541442489989414,0.0027263000374659896
61,SNR_0db,N,New_N_062.wav,18-12-9-6,DeepONMF_H4,4,nndsvd,0.38985975430776787,6x212,0.028273799922317266,18,0.26163122182818505,0.3069788423600908,0.017239299952052534,12,0.1552364365388542,0.30922907109850856,0.003923899959772825,9,0.1270219350565793,0.31821566444232563,0.0031397000420838594,6,0.13558295855677496,0.3420827252725163,0.0028963000513613224
62,SNR_0db,N,New_N_063.wav,18-12-9-6,DeepONMF_H4,4,nndsvd,0.38540045532270967,6x212,0.028199499938637018,18,0.26036788665609467,0.313948246210869,0.016992000048048794,12,0.15118259647942514,0.31723611624054804,0.003974399995058775,9,0.11860863774072809,0.31646574281094675,0.003123299917206168,6,0.1301926341375971,0.31333989190740674,0.0026923000114038587
63,SNR_0db,N,New_N_064.wav,18-12-9-6,DeepONMF_H4,4,nndsvd,0.38946855045403334,6x212,0.028579500038176775,18,0.2592724186250642,0.31392582493616644,0.01716709998436272,12,0.15510894686091942,0.3255210061990672,0.0044744000770151615,9,0.1237463621129569,0.3278150219201808,0.003221399965696037,6,0.13109127401593307,0.3286959079325294,0.002715199952945113
64,SNR_0db,N,New_N_065.wav,18-12-9-6,DeepONMF_H4,4,nndsvd,0.383396419299494,6x212,0.027642600005492568,18,0.2578029157058102,0.3121857395215037,0.016868899925611913,12,0.14966528878493113,0.3237548036558667,0.003907599952071905,9,0.12025931365856689,0.3275073823003095,0.0030746000120416284,6,0.1241047884592612,0.33387218502582067,0.002982800011523068
65,SNR_0db,N,New_N_066.wav,18-12-9-6,DeepONMF_H4,4,nndsvd,0.38754746421163144,6x212,0.027652099961414933,18,0.2599793298711775,0.3208910777510472,0.016806400031782687,12,0.1531573124163232,0.32016468197858183,0.003922200063243508,9,0.12141801432992926,0.31603666792668733,0.00312180002219975,6,0.13081311953038777,0.33809330139501304,0.0026639000279828906
66,SNR_0db,N,New_N_067.wav,18-12-9-6,DeepONMF_H4,4,nndsvd,0.39389307103626264,6x212,0.028450899990275502,18,0.26091683442738556,0.311376423796696,0.016925400006584823,12,0.15071846092898888,0.3184733391086833,0.004534499952569604,9,0.12122608221456659,0.3189113911435133,0.003131000092253089,6,0.13224754652602447,0.32433337950484753,0.002683800063095987
67,SNR_0db,N,New_N_068.wav,18-12-9-6,DeepONMF_H4,4,nndsvd,0.3903260505148967,6x212,0.029828099999576807,18,0.2657085164653681,0.31969975185712607,0.017383300000801682,12,0.15602701533031185,0.3384226164666153,0.004905400099232793,9,0.1218959905254574,0.33804807086894917,0.0033913999795913696,6,0.12946336231544825,0.34956271292988095,0.003088700002990663
68,SNR_0db,N,New_N_069.wav,18-12-9-6,DeepONMF_H4,4,nndsvd,0.3917998073331345,6x212,0.028338400064967573,18,0.2637847011977704,0.31196842795945867,0.01711979997344315,12,0.14999597227623368,0.31563264662030843,0.004087400040589273,9,0.12770429955852658,0.318978044375458,0.003114099963568151,6,0.13481891347742736,0.32393553830832356,0.0028449000092223287
69,SNR_0db,N,New_N_070.wav,18-12-9-6,DeepONMF_H4,4,nndsvd,0.3885429346951469,6x212,0.028225400019437075,18,0.2632861548175859,0.32814255800577835,0.016864200006239116,12,0.15973096202861828,0.33779361215277615,0.004278199980035424,9,0.12578494542909546,0.3494952843340404,0.0031892000697553158,6,0.13578933470843782,0.3366453564895846,0.0027344999834895134
70,SNR_0db,N,New_N_071.wav,18-12-9-6,DeepONMF_H4,4,nndsvd,0.39199740347233464,6x212,0.030068299965932965,18,0.26224457490153047,0.32573560990768685,0.017487999983131886,12,0.15455454803948138,0.32542871262885886,0.005617499933578074,9,0.12043068117906358,0.33754317603708234,0.003256900003179908,6,0.12803742279005284,0.3341832743813937,0.0027303999522700906
71,SNR_0db,N,New_N_072.wav,18-12-9-6,DeepONMF_H4,4,nndsvd,0.39178462240805473,6x212,0.03036400000564754,18,0.26466700106380125,0.3119277720955058,0.018190799979493022,12,0.15828842873858734,0.3292616170595051,0.005072799976915121,9,0.12927631877232246,0.3392874791978123,0.003369700047187507,6,0.1383027443928363,0.364456093499755,0.0027854000218212605
72,SNR_0db,N,New_N_073.wav,18-12-9-6,DeepONMF_H4,4,nndsvd,0.39066045828065143,6x212,0.028030200046487153,18,0.26414511165563603,0.3202542565541025,0.016933999955654144,12,0.1621803055074174,0.33005247358187423,0.004260500078089535,9,0.12178765989208915,0.33338828286062255,0.0029998000245541334,6,0.13109790196003163,0.334076415302688,0.00272320001386106
73,SNR_0db,N,New_N_074.wav,18-12-9-6,DeepONMF_H4,4,nndsvd,0.3903880224361195,6x212,0.028718099929392338,18,0.26553745996040173,0.3177156926448349,0.017303899978287518,12,0.1515347806710106,0.3234545274217222,0.0042851000325754285,9,0.12248277236856886,0.3142343497091937,0.0033572999527677894,6,0.135711643118724,0.32822372052494314,0.0029203000012785196
74,SNR_0db,N,New_N_075.wav,18-12-9-6,DeepONMF_H4,4,nndsvd,0.3891661306652281,6x212,0.030749699915759265,18,0.26290724591101966,0.31375382119710066,0.018308699945919216,12,0.1544374389155745,0.3155238060996555,0.00504940003156662,9,0.12846850341730498,0.32281084798040166,0.003522300045005977,6,0.13949815346810768,0.3157220677085098,0.003001500037498772
75,SNR_0db,N,New_N_076.wav,18-12-9-6,DeepONMF_H4,4,nndsvd,0.3900690487477515,6x212,0.034242100082337856,18,0.26334826825909197,0.3060387688795423,0.022199600003659725,12,0.15602936377953786,0.32209417232436915,0.004968599998392165,9,0.12541406331865682,0.31654952626821137,0.0032836999744176865,6,0.1317767372046378,0.32086576710652187,0.0027883000439032912
76,SNR_0db,N,New_N_077.wav,18-12-9-6,DeepONMF_H4,4,nndsvd,0.394454371718066,6x212,0.030938999960199,18,0.264257981170544,0.3156850378098827,0.01843689999077469,12,0.15864230535685406,0.32665812871667244,0.0054847999708727,9,0.12676090407465396,0.31362100829018436,0.0031539000337943435,6,0.13687008149471866,0.3326791997336455,0.0026702999603003263
77,SNR_0db,N,New_N_078.wav,18-12-9-6,DeepONMF_H4,4,nndsvd,0.3936955441694024,6x212,0.02802890003658831,18,0.26666190884811525,0.3125117962513896,0.016926400014199317,12,0.15124270127246695,0.3104976625470313,0.004096299991942942,9,0.12811067431556136,0.3142434239753879,0.0029778999742120504,6,0.13452096224641683,0.32236851984810755,0.003132399986498058
78,SNR_0db,N,New_N_079.wav,18-12-9-6,DeepONMF_H4,4,nndsvd,0.3917907287727415,6x212,0.02724540000781417,18,0.26129901363345276,0.3149727262858925,0.016647000098600984,12,0.15668315799647678,0.32365140426507166,0.0039056999376043677,9,0.1204812753623288,0.33074676576304757,0.003079000045545399,6,0.1348206212213934,0.3308189239566516,0.002647400018759072
79,SNR_0db,N,New_N_080.wav,18-12-9-6,DeepONMF_H4,4,nndsvd,0.3923347147129294,6x212,0.029511700035072863,18,0.2653496385965008,0.30018151135405946,0.0174073000671342,12,0.15733320007142818,0.31293708903472206,0.005177699960768223,9,0.1266976322050029,0.31753275731639247,0.003155500045977533,6,0.1351053102990749,0.3189847772950891,0.0026938999071717262
80,SNR_0db,N,New_N_081.wav,18-12-9-6,DeepONMF_H4,4,nndsvd,0.387826879834447,6x212,0.030281899962574244,18,0.26370619778427623,0.32488692355095933,0.017826399998739362,12,0.15327838734047805,0.3406498439570213,0.004823100054636598,9,0.1263752923061044,0.33982770257614864,0.0033450000919401646,6,0.1352590365678301,0.34481449739296344,0.0027399000246077776
81,SNR_0db,N,New_N_082.wav,18-12-9-6,DeepONMF_H4,4,nndsvd,0.3886226872658696,6x212,0.02766030002385378,18,0.26162328695605847,0.3210145738924862,0.01663079997524619,12,0.15462124913672215,0.32533952705226205,0.004252600017935038,9,0.12526385930359382,0.32815227390306145,0.0030015999218448997,6,0.13217325138140934,0.3431208776729058,0.0028600000077858567
82,SNR_0db,N,New_N_083.wav,18-12-9-6,DeepONMF_H4,4,nndsvd,0.38881893068225665,6x212,0.027554300031624734,18,0.26288745939333596,0.31451131624854384,0.016677599982358515,12,0.15398331400685591,0.3202820382833758,0.004032999975606799,9,0.12845841579241232,0.3269069811697651,0.003089000005275011,6,0.13352034935473917,0.31695993007533474,0.002677600015886128
83,SNR_0db,N,New_N_084.wav,18-12-9-6,DeepONMF_H4,4,nndsvd,0.3910566758213015,6x212,0.029981100000441074,18,0.26643449755294185,0.3228110322962739,0.01787839992903173,12,0.15538152978150324,0.3220112802310369,0.005354699911549687,9,0.12042684180047507,0.31046113051419233,0.0031290999613702297,6,0.1348158018746398,0.3287127087933061,0.0026996999513357878
84,SNR_0db,N,New_N_085.wav,18-12-9-6,DeepONMF_H4,4,nndsvd,0.38826914651046474,6x212,0.02931339992210269,18,0.2614124325531238,0.3042222268547881,0.017514299950562418,12,0.15581071772574673,0.31732430531543,0.004456799943000078,9,0.13096164791393197,0.3298939332581364,0.003244600025936961,6,0.12918456695301264,0.3261701934249869,0.0029433000599965453
85,SNR_0db,N,New_N_086.wav,18-12-9-6,DeepONMF_H4,4,nndsvd,0.3862147395403092,6x212,0.028255100012756884,18,0.26216263223848346,0.31491164851941056,0.01756609999574721,12,0.15186692728601014,0.3112149269869483,0.003832999966107309,9,0.12626749145333035,0.31775834696086364,0.0030155000276863575,6,0.13335937564011813,0.3297977288943084,0.0026018000207841396
86,SNR_0db,N,New_N_087.wav,18-12-9-6,DeepONMF_H4,4,nndsvd,0.3959885982314765,6x212,0.0285250999731943,18,0.2654695680901449,0.3170364526137321,0.017298300052061677,12,0.15393255735325478,0.31558748671970244,0.004331000032834709,9,0.1249612199862965,0.32339475420775066,0.0032066000858321786,6,0.13431377368549383,0.32848168220978297,0.0027626000810414553
87,SNR_0db,N,New_N_088.wav,18-12-9-6,DeepONMF_H4,4,nndsvd,0.3925051689753999,6x212,0.028755999985150993,18,0.26462305171144834,0.3077069243411661,0.01736160006839782,12,0.15405262000062991,0.3181061222111221,0.004307599971070886,9,0.12447173071662611,0.3208297582699388,0.0033110000658780336,6,0.13952890908389134,0.3269276626604967,0.0027410000329837203
88,SNR_0db,N,New_N_089.wav,18-12-9-6,DeepONMF_H4,4,nndsvd,0.3860743285664959,6x212,0.028401699964888394,18,0.2624171957338645,0.31204242501058305,0.016920999973081052,12,0.15033503744931193,0.3237958067825025,0.004335899953730404,9,0.12435601682553736,0.32701587336374127,0.003269099979661405,6,0.13168128369420418,0.3194250021255248,0.003068599966354668
89,SNR_0db,N,New_N_090.wav,18-12-9-6,DeepONMF_H4,4,nndsvd,0.39070072238943504,6x212,0.0272094999672845,18,0.26314479653520084,0.31812547046445744,0.016320699942298234,12,0.15581979768347276,0.3237238878604262,0.004083500010892749,9,0.12546470906232404,0.32117286967263736,0.00316920003388077,6,0.13822320188727646,0.34366811503582206,0.0028377000708132982
90,SNR_0db,N,New_N_091.wav,18-12-9-6,DeepONMF_H4,4,nndsvd,0.39241565490783353,6x212,0.028352900058962405,18,0.2604405826266981,0.30802557300662037,0.017124000005424023,12,0.15914572546869513,0.3091944298106231,0.0042690999107435346,9,0.12746609180414573,0.31961890053022685,0.003281799959950149,6,0.13118809086725236,0.34775376209072484,0.0027628999669104815
91,SNR_0db,N,New_N_092.wav,18-12-9-6,DeepONMF_H4,4,nndsvd,0.3876177759492461,6x212,0.027882599970325828,18,0.26473173901935576,0.31136856036254884,0.016915200045332313,12,0.15222001885042813,0.3232469064856233,0.004018599982373416,9,0.12409373830440838,0.3276887046894154,0.0030820000683888793,6,0.13050205479874583,0.32617490881954153,0.002999599906615913
92,SNR_0db,N,New_N_093.wav,18-12-9-6,DeepONMF_H4,4,nndsvd,0.386699146470808,6x212,0.0306230999995023,18,0.26119925177129955,0.3120111048488132,0.018200700054876506,12,0.15430019222217983,0.3198498127985725,0.004783299984410405,9,0.126815858817964,0.33375153386271905,0.00366420007776469,6,0.13752280142201168,0.3430555636395259,0.003141400055028498
93,SNR_0db,N,New_N_094.wav,18-12-9-6,DeepONMF_H4,4,nndsvd,0.38973590954343496,6x212,0.03787720005493611,18,0.26451721851159526,0.3194340791997432,0.02157670003362,12,0.15613555996450706,0.32956358019187304,0.0070192000130191445,9,0.1296140102261491,0.33347919894141964,0.0036724999081343412,6,0.13869054031323858,0.35117145998968197,0.004585899994708598
94,SNR_0db,N,New_N_095.wav,18-12-9-6,DeepONMF_H4,4,nndsvd,0.39339294255788365,6x212,0.038063199957832694,18,0.26557691975140685,0.30941036809466793,0.02162539993878454,12,0.15950401485446067,0.31984430377586776,0.006022899993695319,9,0.1209299440562979,0.3232706875115014,0.005758100072853267,6,0.13488477889282663,0.3406820727666395,0.003691099933348596
95,SNR_0db,N,New_N_096.wav,18-12-9-6,DeepONMF_H4,4,nndsvd,0.3880054406340402,6x212,0.03552010003477335,18,0.2632005809341702,0.31772443329246886,0.02134259999729693,12,0.1561471593310493,0.31588366093526954,0.005889800027944148,9,0.12181987522486937,0.3188258880705632,0.00393649993930012,6,0.13230448677644502,0.3292655025026005,0.003324699937365949
96,SNR_0db,N,New_N_097.wav,18-12-9-6,DeepONMF_H4,4,nndsvd,0.38909417303712346,6x212,0.03890269994735718,18,0.2609039785486734,0.3170559338361179,0.020440399996005,12,0.14955903488388783,0.3213270589431295,0.008901900029741228,9,0.12063228887470512,0.32078393381307146,0.005144799943082035,6,0.13012059349322133,0.3207206160958263,0.003369900048710406
97,SNR_0db,N,New_N_098.wav,18-12-9-6,DeepONMF_H4,4,nndsvd,0.39403123787312455,6x212,0.03271790000144392,18,0.2660334273892555,0.32134473926047785,0.019854399957694113,12,0.15818853483934406,0.32346265212254904,0.004940100014209747,9,0.1261519952961359,0.32728644479245644,0.0037184000248089433,6,0.13779736543455287,0.336025196922539,0.003113799961283803
98,SNR_0db,N,New_N_099.wav,18-12-9-6,DeepONMF_H4,4,nndsvd,0.38852364541404055,6x212,0.03274639998562634,18,0.2603182027830588,0.3124675680861856,0.02050529990810901,12,0.15111326536492756,0.32214730634272576,0.004518100060522556,9,0.12167974608762762,0.3288734707756281,0.003519600024446845,6,0.13479954261579974,0.3492220044077229,0.0030648999381810427
99,SNR_0db,N,New_N_100.wav,18-12-9-6,DeepONMF_H4,4,nndsvd,0.3919236153255751,6x212,0.03371129999868572,18,0.26768487877192026,0.30617898828396606,0.020197700010612607,12,0.15670848583023195,0.31632501740433244,0.006053199991583824,9,0.12111930834343095,0.3076113502836541,0.003540499950759113,6,0.13670260369353432,0.32358546770388386,0.0030122000025585294
100,SNR_0db,N,New_N_101.wav,18-12-9-6,DeepONMF_H4,4,nndsvd,0.38700508562530384,6x212,0.0319385000038892,18,0.2592124164594051,0.3094506788137132,0.01962819998152554,12,0.1508155766829649,0.32697533115912586,0.0045396999921649694,9,0.12149084212299975,0.32310296582030473,0.0035929000005126,6,0.13092441983740088,0.3418502828382491,0.0030796999344602227
101,SNR_0db,N,New_N_102.wav,18-12-9-6,DeepONMF_H4,4,nndsvd,0.38901022358296744,6x212,0.031893800012767315,18,0.26090741637213305,0.3169592331292203,0.019553299993276596,12,0.15248981600184539,0.321276932349818,0.004669699934311211,9,0.12930862124721207,0.3206347879784889,0.0035160999977961183,6,0.1306554077977562,0.3465809143455386,0.0030042999424040318
102,SNR_0db,N,New_N_103.wav,18-12-9-6,DeepONMF_H4,4,nndsvd,0.38690017757011996,6x212,0.036763799958862364,18,0.2579232343731136,0.31475719008240455,0.018833799986168742,12,0.1517336942023833,0.3260734524677,0.007476900005713105,9,0.12271828653516574,0.3361913868985782,0.00641219993121922,6,0.12917698621443766,0.33573817273027545,0.003072099993005395
103,SNR_0db,N,New_N_104.wav,18-12-9-6,DeepONMF_H4,4,nndsvd,0.38939087910185927,6x212,0.031428399961441755,18,0.2605508400370754,0.3149873531303368,0.0190855999244377,12,0.1537236901230665,0.32354198984494476,0.004496800014749169,9,0.12753533557087846,0.32802387038812914,0.0036204999778419733,6,0.13350920300500485,0.35150310455469164,0.0031149000860750675
104,SNR_0db,N,New_N_105.wav,18-12-9-6,DeepONMF_H4,4,nndsvd,0.38820894939766404,6x212,0.030950099928304553,18,0.26455023942498423,0.3138461446181448,0.018815899966284633,12,0.15361544282761402,0.3286383401192241,0.004737199982628226,9,0.12599962747506618,0.32884082981885654,0.003451799973845482,6,0.13449900320734035,0.340678097761711,0.0029900999506935477
105,SNR_0db,N,New_N_106.wav,18-12-9-6,DeepONMF_H4,4,nndsvd,0.3897286785070296,6x212,0.029483099933713675,18,0.26244327134805184,0.3074409370828328,0.0174469999037683,12,0.1539962129577517,0.3202374043963955,0.004496400011703372,9,0.11995504251105442,0.31654465735146914,0.0035704999463632703,6,0.13360939654007084,0.3180471194294038,0.0030008999165147543
106,SNR_0db,N,New_N_107.wav,18-12-9-6,DeepONMF_H4,4,nndsvd,0.3961496636519435,6x212,0.0342044000281021,18,0.26409263673671085,0.3093136217588961,0.019938300014473498,12,0.15640251817715942,0.31020078564485354,0.006144299986772239,9,0.1285178826025681,0.31486139808415153,0.003914800006896257,6,0.1355441936865908,0.33112509525957373,0.003142499946989119
107,SNR_0db,N,New_N_108.wav,18-12-9-6,DeepONMF_H4,4,nndsvd,0.39351450996201714,6x212,0.03554840001743287,18,0.26588471735601,0.310008416244123,0.01964780001435429,12,0.15989499433327253,0.311390931349168,0.006354299956001341,9,0.11992820009435613,0.30594682314890975,0.004510500002652407,6,0.13178772662690957,0.2986310473833148,0.004090399947017431
108,SNR_0db,N,New_N_109.wav,18-12-9-6,DeepONMF_H4,4,nndsvd,0.3870562117654139,6x212,0.03638389997649938,18,0.25641547939496157,0.31042756675998706,0.021183099946938455,12,0.1504194779046501,0.3104579869251985,0.006477099959738553,9,0.12297181865827143,0.31019902430915053,0.004146500024944544,6,0.1299220615700572,0.30799756396456013,0.003553600050508976
109,SNR_0db,N,New_N_110.wav,18-12-9-6,DeepONMF_H4,4,nndsvd,0.3876120002959599,6x212,0.03752789995633066,18,0.26457075175290684,0.3150854466173542,0.023851900012232363,12,0.15154994422511597,0.3356364727694624,0.004953600000590086,9,0.12277495409297802,0.3380500958842989,0.0038157999515533447,6,0.1318201885601848,0.33313889717620015,0.0038717000279575586
110,SNR_0db,N,New_N_111.wav,18-12-9-6,DeepONMF_H4,4,nndsvd,0.38866955960519367,6x212,0.037390199955552816,18,0.2616570877171779,0.3220529664101482,0.02156050002668053,12,0.14939194103873063,0.32465223306440927,0.005408999975770712,9,0.11929346049444714,0.3166698328456253,0.005323300021700561,6,0.13147565277947254,0.33093059628798527,0.004139400087296963
