indice_interno,clase,archivo,distribucion,numero_capas,error_final,forma_w_final,forma_h_final,capa_1_rango,capa_1_error,capa_1_ortogonalidad_h,capa_1_segundos,capa_2_rango,capa_2_error,capa_2_ortogonalidad_h,capa_2_segundos,capa_3_rango,capa_3_error,capa_3_ortogonalidad_h,capa_3_segundos,capa_4_rango,capa_4_error,capa_4_ortogonalidad_h,capa_4_segundos
0,N,New_N_001.wav,19-16-15-14,4,0.31877392104277,126x14,14x212,19,0.044899792521061375,0.3734551920352313,0.023386200016830117,16,0.15211910121234665,0.1616285192425992,0.012059599976055324,15,0.1313983076043229,0.1117557544660202,0.012500099983299151,14,0.27639536663297587,0.10763939410246415,0.010834600019734353
1,N,New_N_002.wav,19-16-15-14,4,0.33760240082167237,126x14,14x212,19,0.04668793456696695,0.36145977679474484,0.02281070000026375,16,0.213690924083058,0.1610619749523533,0.011657399998512119,15,0.24244117902174603,0.10586459377828816,0.007320300006540492,14,0.1483175628093001,0.08092364497917647,0.007144999981392175
2,N,New_N_003.wav,19-16-15-14,4,0.28177118656152766,126x14,14x212,19,0.0439777377898281,0.3573443985436772,0.023703400016529486,16,0.13281893351292298,0.15715654161228898,0.00976960000116378,15,0.19770194092458862,0.11348136252173838,0.01090470000053756,14,0.16668198766125797,0.10095518754354227,0.012027400021906942
3,N,New_N_004.wav,19-16-15-14,4,0.31593790939921196,126x14,14x212,19,0.04531949161190232,0.4149245657690085,0.024587699997937307,16,0.17539937689924748,0.148585723131486,0.009314099996117875,15,0.12606294814636856,0.11301043225852003,0.008956600009696558,14,0.1980954538651215,0.08304092320170699,0.008564200019463897
4,N,New_N_005.wav,19-16-15-14,4,0.2908401457900487,126x14,14x212,19,0.048597277694043234,0.40711306238784306,0.017044700012775138,16,0.19892774766690327,0.14705759400937649,0.00882439999259077,15,0.13757868708433388,0.11385014641344826,0.011189900018507615,14,0.2304503774707843,0.1091219966826607,0.006645699992077425
5,N,New_N_006.wav,19-16-15-14,4,0.3024078166391661,126x14,14x212,19,0.04437355068742787,0.3696875491364498,0.02096640001400374,16,0.1757327252078328,0.14827922222414147,0.010168599983444437,15,0.18651767253575532,0.13238647900115835,0.00974599999608472,14,0.24275338053395176,0.08525270487566558,0.006897000013850629
6,N,New_N_007.wav,19-16-15-14,4,0.31700994192922655,126x14,14x212,19,0.046578216198639666,0.3710947123687301,0.01888009998947382,16,0.19518349154796322,0.1678069925682088,0.007317699986742809,15,0.17086159655329466,0.14314250337752973,0.012437800003681332,14,0.18469175043166547,0.13384177167696176,0.010799099982250482
7,N,New_N_008.wav,19-16-15-14,4,0.2809075915692477,126x14,14x212,19,0.048576829232156886,0.4001840885807476,0.023404100007610396,16,0.2154427581934573,0.1350422377757141,0.01131489998078905,15,0.20281440596661782,0.09228566048520646,0.012727499997708946,14,0.19596958224475405,0.08774007551831824,0.010391400021035224
8,N,New_N_009.wav,19-16-15-14,4,0.27404588467720337,126x14,14x212,19,0.047680351495850114,0.3938974761651087,0.024187700008042157,16,0.18412277137666302,0.17585325610775843,0.00943939998978749,15,0.1634193120455974,0.12818180098203086,0.0069503000122494996,14,0.1964406087577659,0.11006576538472065,0.009367800026666373
9,N,New_N_010.wav,19-16-15-14,4,0.30042714392805236,126x14,14x212,19,0.045304926462500894,0.37431506812177917,0.02032919999328442,16,0.16024567128218561,0.1592780832332841,0.01239359998726286,15,0.18177043968485104,0.11756366004468172,0.010687499976484105,14,0.19987996853724266,0.1070200110705675,0.01016969999182038
10,N,New_N_011.wav,19-16-15-14,4,0.2932935446261848,126x14,14x212,19,0.04159823934246897,0.3554262649213635,0.024800999992294237,16,0.15918265503494053,0.16071047607079655,0.009381800016853958,15,0.1917623143422997,0.11282153926481715,0.007583500002510846,14,0.12369735311277694,0.08925948141421143,0.006504999997559935
11,N,New_N_012.wav,19-16-15-14,4,0.3133417147439716,126x14,14x212,19,0.05047549160510288,0.38144944508386386,0.02627190001658164,16,0.1762329634896597,0.19850743074697483,0.01138599999831058,15,0.21601979977489927,0.13248135099024436,0.008658300008391961,14,0.12637487628128058,0.11423571796309878,0.007198899984359741
12,N,New_N_013.wav,19-16-15-14,4,0.29686908430674225,126x14,14x212,19,0.04132047096401582,0.38107723891071815,0.01880759999039583,16,0.16636572312168085,0.1254342421206472,0.007736500003375113,15,0.18987294654890283,0.08120526919715831,0.012518500006990507,14,0.11248881142059018,0.0679209323620498,0.011613499984377995
13,N,New_N_014.wav,19-16-15-14,4,0.30665952089053794,126x14,14x212,19,0.04434408774163473,0.35012449346981483,0.022426600015023723,16,0.18034628065002842,0.14040039332621487,0.01203350001014769,15,0.18889998719661352,0.12685662943349332,0.011579000012716278,14,0.16143546274390683,0.112244418883065,0.007065300014801323
14,N,New_N_015.wav,19-16-15-14,4,0.29009770488370124,126x14,14x212,19,0.048202667511308146,0.3958323276573827,0.02048599999397993,16,0.20939965054738435,0.17227997195049696,0.009988700010580942,15,0.2029350539782595,0.13408699003544125,0.007072900014463812,14,0.18916395432202796,0.1167237244290867,0.008742700010770932
15,N,New_N_016.wav,19-16-15-14,4,0.35035905767407566,126x14,14x212,19,0.04695051705567097,0.37984234465524347,0.018635000014910474,16,0.1871868064737326,0.1825840661421388,0.010286299977451563,15,0.17378519802207748,0.13498360855911104,0.011635200004093349,14,0.23634355869052573,0.09310969830545125,0.010805900004925206
16,N,New_N_017.wav,19-16-15-14,4,0.28111993390770906,126x14,14x212,19,0.04622934885934576,0.3865447858457444,0.01805469999089837,16,0.18456811963727854,0.1547772777232185,0.007141799986129627,15,0.1480834684434029,0.13147819753132214,0.00865549998707138,14,0.19946368403523673,0.11944551719710861,0.01225130000966601
17,N,New_N_018.wav,19-16-15-14,4,0.30148080343268885,126x14,14x212,19,0.03772530503896667,0.37059769294597217,0.02173080001375638,16,0.19032243613733674,0.15805808842296679,0.00676789999124594,15,0.16065022695911368,0.13202793055816758,0.011267900001257658,14,0.17416629782359824,0.09731305599034484,0.010919699998339638
18,N,New_N_019.wav,19-16-15-14,4,0.3014299370358025,126x14,14x212,19,0.049176070005024275,0.3419200771316333,0.023652000003494322,16,0.18750173220147415,0.14300828931175377,0.011552299984032288,15,0.11184275894864207,0.1194053158877418,0.009933699999237433,14,0.15696273869042393,0.10712703401695187,0.011243300017667934
19,N,New_N_020.wav,19-16-15-14,4,0.29081500930037374,126x14,14x212,19,0.04453049432793289,0.3467739736473363,0.017810799996368587,16,0.1452928552536512,0.16219001825820017,0.007853299990529194,15,0.1599025542887484,0.11970101432283026,0.009951399988494813,14,0.15907935831715755,0.09581276324505089,0.010904400027357042
20,N,New_N_021.wav,19-16-15-14,4,0.2911088543576552,126x14,14x212,19,0.04408101674844697,0.3998667030177808,0.02063429998815991,16,0.17619773396617686,0.17137035536677153,0.01198330000624992,15,0.19586560226240474,0.12900569314476093,0.007449900003848597,14,0.15128061398484313,0.10079352739009562,0.012019799993140623
21,N,New_N_022.wav,19-16-15-14,4,0.3012553774920709,126x14,14x212,19,0.04459519691908646,0.4217061369658098,0.024691700004041195,16,0.16972464655918806,0.16816005053321717,0.011127200006740168,15,0.12953027238978726,0.13736751396168703,0.00881570001365617,14,0.18680308539162627,0.12932322892567144,0.010303299990482628
22,N,New_N_023.wav,19-16-15-14,4,0.3102056202757047,126x14,14x212,19,0.043931234650273744,0.374606173867725,0.018959600012749434,16,0.14947917274599906,0.1655190036456761,0.012662299996009097,15,0.21518513404362732,0.11233158953227032,0.010971000010613352,14,0.1892183874156021,0.07019318573506118,0.0069457000063266605
23,N,New_N_024.wav,19-16-15-14,4,0.3043646050727245,126x14,14x212,19,0.043689704962545574,0.35411213875583564,0.016871500003617257,16,0.163248115969744,0.15982641807990222,0.009227800008375198,15,0.17136313120448587,0.1310757841687979,0.011720599984982982,14,0.18284236530721917,0.1023469699037648,0.010802499979035929
24,N,New_N_025.wav,19-16-15-14,4,0.3228970328097337,126x14,14x212,19,0.047275317302738415,0.36543896855172936,0.018630099977599457,16,0.20307310536511877,0.15345958796402165,0.00671459999284707,15,0.21070892577230027,0.1384640014853045,0.01255519999540411,14,0.13262606033469693,0.1192330802269808,0.010254599998006597
25,N,New_N_026.wav,19-16-15-14,4,0.32242524511645737,126x14,14x212,19,0.046917868679549,0.3741720882792379,0.019932800001697615,16,0.17975419552691885,0.23075722167827195,0.009817299986025319,15,0.18604154971048031,0.16767795321330467,0.012905699986731634,14,0.21670013778897568,0.14216826078570244,0.008188000007066876
26,N,New_N_027.wav,19-16-15-14,4,0.29213674128409506,126x14,14x212,19,0.04489780782572661,0.3999970910018628,0.024262099992483854,16,0.19842624590978303,0.14888914539175901,0.00915929998154752,15,0.1843727271688734,0.1319819260388017,0.007577899988973513,14,0.1383161152151996,0.11889378733015295,0.006816700013587251
27,N,New_N_028.wav,19-16-15-14,4,0.30519952153607244,126x14,14x212,19,0.04812143120867445,0.3808066502992746,0.024995099985972047,16,0.15082780037386365,0.1589438147678956,0.013340900011826307,15,0.18352365370024473,0.11389053753763141,0.013416300003882498,14,0.1763014078486096,0.09453531550784694,0.011749699973734096
28,N,New_N_029.wav,19-16-15-14,4,0.32236302081397883,126x14,14x212,19,0.04274841222033331,0.38366067274680654,0.023581700021168217,16,0.2174917510312078,0.13551344298063986,0.012050500023178756,15,0.2055590438906654,0.10537826608413418,0.013202900008764118,14,0.1926701846765616,0.08127368591544254,0.011614899995038286
29,N,New_N_030.wav,19-16-15-14,4,0.328428979339684,126x14,14x212,19,0.050117400468772284,0.39071086927846177,0.018857600021874532,16,0.17761957571590092,0.1568436761166185,0.008896799990907311,15,0.17977908646343704,0.13745818069216462,0.0069216000265441835,14,0.22512105207467295,0.11435681746906955,0.007764099980704486
30,N,New_N_031.wav,19-16-15-14,4,0.2977664033571053,126x14,14x212,19,0.04810198088020102,0.41961423024826594,0.02358579999417998,16,0.19786165343826698,0.15958144760637324,0.012973999982932582,15,0.20039093901832236,0.11958700608503131,0.012747200002195314,14,0.17929229057980822,0.10596987765134834,0.009530300012556836
31,N,New_N_032.wav,19-16-15-14,4,0.3298577198499655,126x14,14x212,19,0.03863449839734511,0.38533124908953637,0.025733499991474673,16,0.18412434629869912,0.1749500642291388,0.00882310001179576,15,0.19465506645762612,0.13323166899577524,0.0073502000013832,14,0.24201974627577966,0.1036235212437636,0.010956599988276139
32,N,New_N_033.wav,19-16-15-14,4,0.3272316048153859,126x14,14x212,19,0.04465881906998332,0.37800881559826893,0.0199436999973841,16,0.1729729743913264,0.13366525031031848,0.007579600001918152,15,0.2206221633579024,0.08734352169922599,0.011287500004982576,14,0.14196226967192105,0.08285346787741928,0.011722900002496317
33,N,New_N_034.wav,19-16-15-14,4,0.34092257134175824,126x14,14x212,19,0.04886972788073931,0.4065186374301939,0.024632099986774847,16,0.19317481056477145,0.1524741842657494,0.006871399993542582,15,0.24187622792839703,0.1097994651825484,0.007280799996806309,14,0.14244366626346272,0.10025293432270412,0.010113099997397512
34,N,New_N_035.wav,19-16-15-14,4,0.32323170042374,126x14,14x212,19,0.04146713580475579,0.36707154501566375,0.021264899987727404,16,0.1794265176819762,0.21843554800695478,0.011868299974594265,15,0.2678067329287936,0.14947646142557738,0.009893199981888756,14,0.12513725625762265,0.12672610217379782,0.01191520001157187
35,N,New_N_036.wav,19-16-15-14,4,0.29468179102060493,126x14,14x212,19,0.0477575089424633,0.37719052613394427,0.020677799999248236,16,0.1670680751997505,0.17951307675262823,0.011776200000895187,15,0.2014265675373758,0.11411426215074372,0.012200400000438094,14,0.15939962807438893,0.10829513318179287,0.012045099982060492
36,N,New_N_037.wav,19-16-15-14,4,0.2678634966736296,126x14,14x212,19,0.025300580311610466,0.43309304680991767,0.023039400024572387,16,0.12623753492010262,0.12924283044765936,0.01095210001221858,15,0.10695500726132634,0.06111253478880852,0.009573599993018433,14,0.15917724021770632,0.034547564399282214,0.006469200015999377
37,N,New_N_038.wav,19-16-15-14,4,0.274717294830705,126x14,14x212,19,0.03528238572123906,0.3941017908913718,0.01889960002154112,16,0.1314134338781408,0.13992129705791634,0.010212899971520528,15,0.12862932687081188,0.09719379686555121,0.008300300018163398,14,0.15845931005840944,0.057142027136639406,0.01015630000620149
38,N,New_N_039.wav,19-16-15-14,4,0.25221918807475596,126x14,14x212,19,0.028633114669014987,0.3729405552000676,0.02459009998710826,16,0.12973334079194732,0.14151627848447332,0.011130500002764165,15,0.14264763582792284,0.07413823945210812,0.012653399986447766,14,0.06815367741755442,0.05807410183632831,0.010774999973364174
39,N,New_N_040.wav,19-16-15-14,4,0.2911687573392562,126x14,14x212,19,0.029257278257405445,0.3746219572713642,0.022040599986212328,16,0.11812529926774125,0.12044960545988495,0.010006199998315424,15,0.18706090368585404,0.07112877801198152,0.012755500007187948,14,0.13874465520929166,0.05448819241958474,0.011740999994799495
40,N,New_N_041.wav,19-16-15-14,4,0.2700828764085014,126x14,14x212,19,0.045813471293562565,0.4189978179231678,0.02636069999425672,16,0.1683044356933328,0.11909625206050783,0.009468299977015704,15,0.183841220913255,0.08311269155692676,0.01267060000100173,14,0.06862348107474465,0.0664719648527629,0.010825600009411573
41,N,New_N_042.wav,19-16-15-14,4,0.3636486829635289,126x14,14x212,19,0.03999411429342968,0.4210770214252482,0.02600069998879917,16,0.15784661619315674,0.16355824286744866,0.009761299996171147,15,0.24278867453682004,0.10473311743594521,0.012769699998898432,14,0.15924492309211355,0.06979400133937243,0.012280599999940023
42,N,New_N_043.wav,19-16-15-14,4,0.31111918064377553,126x14,14x212,19,0.0342859746726258,0.4604546781167289,0.026918199990177527,16,0.18182479437385124,0.13353438753378846,0.015586299996357411,15,0.19201083760234283,0.06119702627389048,0.016821500001242384,14,0.17072029469776281,0.054842192816176034,0.012611599988304079
43,N,New_N_044.wav,19-16-15-14,4,0.2731789303945757,126x14,14x212,19,0.03868485862861017,0.41527607251198817,0.021211099985521287,16,0.13240699606741696,0.16336188271728957,0.009544200001982972,15,0.11941191931061833,0.08728710267451378,0.011247500020544976,14,0.17406042715741896,0.08199706209546953,0.0091398999793455
44,N,New_N_045.wav,19-16-15-14,4,0.3029263206987402,126x14,14x212,19,0.03377161412378064,0.3996210890932778,0.01923419997910969,16,0.14633039774940332,0.14720256714358904,0.006680199992842972,15,0.14962755475033993,0.09007835995651611,0.01079050000407733,14,0.1662148571479817,0.06749553195603637,0.010736099997302517
45,N,New_N_046.wav,19-16-15-14,4,0.2921902907061173,126x14,14x212,19,0.036884229172689964,0.4598364909652715,0.02272770000854507,16,0.14640934517775683,0.16213512178182646,0.012309499987168238,15,0.14167518780100566,0.08748408237372225,0.011598500015679747,14,0.19223818563134967,0.07849889497409081,0.007796699996106327
46,N,New_N_047.wav,19-16-15-14,4,0.2941131562852404,126x14,14x212,19,0.03404555296633686,0.39983560367070203,0.02420499999425374,16,0.15430462812790235,0.12478103386732668,0.0119667999970261,15,0.1269523588045883,0.08565085559515485,0.009197600011248142,14,0.17299500837178192,0.0827603592025315,0.009623399993870407
47,N,New_N_048.wav,19-16-15-14,4,0.3026593947211765,126x14,14x212,19,0.03244150323552919,0.42052341545022565,0.02678129999549128,16,0.19961861038016993,0.14177718979675707,0.012659800006076694,15,0.17996232257770503,0.10324561009913634,0.009289199981139973,14,0.2120215634031019,0.07058536487012611,0.009922999975970015
48,N,New_N_049.wav,19-16-15-14,4,0.29581755934726134,126x14,14x212,19,0.031910948643908504,0.45796182047211836,0.02612799999769777,16,0.16715724680629118,0.13442763340478325,0.007721700007095933,15,0.1579152859513217,0.10109667310050581,0.011525200010510162,14,0.13442403368558,0.08055561398965468,0.010868400015169755
49,N,New_N_050.wav,19-16-15-14,4,0.32421037517812784,126x14,14x212,19,0.03610193489761071,0.46001114443665436,0.025558000023011118,16,0.16268646230854894,0.14795304383961458,0.012415000004693866,15,0.1989114855883471,0.08924115349724267,0.012897499982500449,14,0.14508575726064524,0.058881326156066026,0.009374599991133437
50,N,New_N_051.wav,19-16-15-14,4,0.30218886930481875,126x14,14x212,19,0.037647788315813446,0.44613936095815165,0.02604060000157915,16,0.14896509924021548,0.16191542947970933,0.008905700000468642,15,0.19334198444130712,0.09733671491805254,0.012000900023849681,14,0.11539449821283665,0.07204336370564067,0.012185500003397465
51,N,New_N_052.wav,19-16-15-14,4,0.30249108280164383,126x14,14x212,19,0.03267925450536458,0.41028001603135367,0.02340169998933561,16,0.14316215039893657,0.12164931198866959,0.011180900008184835,15,0.17096513710489966,0.07666739513151931,0.012517399998614565,14,0.20893639570037886,0.04140304611898856,0.012930800003232434
52,N,New_N_053.wav,19-16-15-14,4,0.2795158272877817,126x14,14x212,19,0.0303802415944218,0.42007456564804446,0.024810200004139915,16,0.15209467750274044,0.14891383407002415,0.012480500008678064,15,0.12222314484621946,0.10324501959812676,0.010450699977809563,14,0.1633573483345207,0.08419164044141242,0.007848700013710186
53,N,New_N_054.wav,19-16-15-14,4,0.31602331026185565,126x14,14x212,19,0.03650471100825349,0.42404385259132515,0.024401100003160536,16,0.1714930589698711,0.16749883255136952,0.011385099991457537,15,0.17378068774284583,0.09689791120157347,0.010806100006448105,14,0.22298267063453128,0.07932013486819109,0.009069599997019395
54,N,New_N_055.wav,19-16-15-14,4,0.31037652613501865,126x14,14x212,19,0.02819115679084021,0.4207433767639104,0.020573000016156584,16,0.16000268523921896,0.15468798739094897,0.006939600018085912,15,0.21577037190694276,0.0984720866866527,0.010324700007913634,14,0.20086676262977773,0.07230693772604753,0.008777900016866624
55,N,New_N_056.wav,19-16-15-14,4,0.25276554712066884,126x14,14x212,19,0.038358759426991115,0.4375264063172518,0.023227700003189966,16,0.17839930358172087,0.11457443585651036,0.00730140000814572,15,0.20154141774966017,0.09702488986234699,0.010894600010942668,14,0.0751743600991376,0.07078929681060973,0.012555900000734255
56,N,New_N_057.wav,19-16-15-14,4,0.3038197874962068,126x14,14x212,19,0.032833943933411464,0.4688806245391798,0.024986500007798895,16,0.17994145946881965,0.16419049207191977,0.009084999997867271,15,0.17959614535421933,0.0997118086381615,0.008230700012063608,14,0.2465951486442471,0.09735982194355168,0.00956370000494644
57,N,New_N_058.wav,19-16-15-14,4,0.2799253142482757,126x14,14x212,19,0.03266291895068833,0.4146403142437422,0.017362000013235956,16,0.15026564109890567,0.12596810240291528,0.0069451000017579645,15,0.1429069328861053,0.0840106666885427,0.010515800007851794,14,0.16966829556110521,0.06776743880586862,0.00957130000460893
58,N,New_N_059.wav,19-16-15-14,4,0.3040081967654156,126x14,14x212,19,0.040021400733078936,0.4358303926032184,0.020510700007434934,16,0.13964550552817373,0.14282491668352684,0.00921260000905022,15,0.18890206816766703,0.07359697711828635,0.009653799992520362,14,0.27780209303160647,0.05114370683136075,0.01257150000310503
59,N,New_N_060.wav,19-16-15-14,4,0.25858134544584316,126x14,14x212,19,0.0379712628181364,0.422398630531491,0.024005500017665327,16,0.15807884282010629,0.10862879975739145,0.011937500006752089,15,0.12933111475390055,0.08152717718886733,0.011568000016268343,14,0.15831601100735787,0.06303326911392418,0.006927899987204
60,N,New_N_061.wav,19-16-15-14,4,0.35359269707593677,126x14,14x212,19,0.03916484688089375,0.4201820889485795,0.022151699988171458,16,0.14946361677735223,0.18481155398129562,0.012998999998671934,15,0.19831074915094146,0.12290961984505919,0.012432699993951246,14,0.1743396013634341,0.08716387117726404,0.007006400002865121
61,N,New_N_062.wav,19-16-15-14,4,0.304738877440779,126x14,14x212,19,0.030353270876222756,0.41462742721439655,0.020919899980071932,16,0.20733877056239533,0.1503062484734626,0.00933709999662824,15,0.15042879515527946,0.09781727559079886,0.011319699988234788,14,0.14944536061120417,0.061389245218789606,0.009307900007115677
62,N,New_N_063.wav,19-16-15-14,4,0.30221956706000896,126x14,14x212,19,0.030249210569394506,0.3921547228947956,0.020783300016773865,16,0.1556079413743783,0.11844333035357742,0.006675699987681583,15,0.19495070261513303,0.0957588005882588,0.009627899999031797,14,0.2343761653955762,0.07654265530692267,0.010483500023838133
63,N,New_N_064.wav,19-16-15-14,4,0.2939884626972584,126x14,14x212,19,0.03424593859294488,0.43936827792372946,0.024404600000707433,16,0.17485971914507517,0.14510465503047185,0.007011199981207028,15,0.09899790197216485,0.11802629516502135,0.007068900013109669,14,0.2130825790664412,0.07612522039468542,0.0064483999740332365
64,N,New_N_065.wav,19-16-15-14,4,0.3078041838920692,126x14,14x212,19,0.030910975231512802,0.4770681870583385,0.018894499982707202,16,0.1193991770734645,0.17461683260715674,0.009344599995529279,15,0.18077704519907617,0.0904996507900671,0.0084391999989748,14,0.18860228998295753,0.06547752935494444,0.007517899997765198
65,N,New_N_066.wav,19-16-15-14,4,0.3181346805397469,126x14,14x212,19,0.034669291208498904,0.42294441536480193,0.024475599988363683,16,0.15205020824566548,0.14487103749045613,0.010314299986930564,15,0.19241043267018876,0.0938185073808337,0.008673100004671142,14,0.1754971848534614,0.0742635187934743,0.010985900007653981
66,N,New_N_067.wav,19-16-15-14,4,0.3028448935356479,126x14,14x212,19,0.02970951539990214,0.4070985487758266,0.018593499989947304,16,0.14669855994314676,0.14048144182793756,0.012168599991127849,15,0.22348104336902577,0.08715934281718742,0.008482600009301677,14,0.18235374469873092,0.07879544802690175,0.006554399995366111
67,N,New_N_068.wav,19-16-15-14,4,0.2735941025351302,126x14,14x212,19,0.037793968829885005,0.4305717954545314,0.02322999999159947,16,0.15611267040763518,0.10859362140861838,0.010616299987304956,15,0.1387931791711926,0.0702171698832446,0.012348799995379522,14,0.15400755115889614,0.06121961627676711,0.009724499977892265
68,N,New_N_069.wav,19-16-15-14,4,0.28701871265309664,126x14,14x212,19,0.04431339960218198,0.4370462669885069,0.026309999986551702,16,0.1737754656247391,0.1271683849557428,0.011976800014963374,15,0.143941908512066,0.0910871666676309,0.012507100007496774,14,0.1827619222983575,0.06311668712924973,0.006466500024544075
69,N,New_N_070.wav,19-16-15-14,4,0.32316995060501913,126x14,14x212,19,0.043719562524220316,0.401382499789485,0.026097699999809265,16,0.18941788014052188,0.14092394591840912,0.01186329999472946,15,0.16476733046064126,0.10484140264515288,0.00997559999814257,14,0.2557590133972747,0.09022193053295946,0.010754700022516772
70,N,New_N_071.wav,19-16-15-14,4,0.3206720067984637,126x14,14x212,19,0.03676876185616953,0.42124073996176475,0.021273199992720038,16,0.178372793314886,0.16642990290008236,0.007266500004334375,15,0.14644197932567435,0.14723136438974882,0.007615800015628338,14,0.2305757047644092,0.10458168942659656,0.010600499983411282
71,N,New_N_072.wav,19-16-15-14,4,0.3224874259415461,126x14,14x212,19,0.04209063668090586,0.41463454642660025,0.02340169998933561,16,0.14141799796179297,0.15634560289872299,0.00873259999207221,15,0.19556723185602745,0.11832254318836004,0.01351509999949485,14,0.1635548201920151,0.09328332687375583,0.011511500022606924
72,N,New_N_073.wav,19-16-15-14,4,0.2894863858951682,126x14,14x212,19,0.03943160664041656,0.39347293415480156,0.023663900006795302,16,0.15820463320873104,0.16266084124616448,0.010581400012597442,15,0.15549212312936267,0.0929196818636155,0.006989599991356954,14,0.1859112021356679,0.07833177491406049,0.006926400004886091
73,N,New_N_074.wav,19-16-15-14,4,0.32724048429817154,126x14,14x212,19,0.04400194179314274,0.3874889238182306,0.026873100025113672,16,0.16381682648264106,0.13437712942915786,0.010458200005814433,15,0.12103021173476766,0.08726921733177834,0.010728599998401478,14,0.27091183650354994,0.06973210721861518,0.011729999998351559
74,N,New_N_075.wav,19-16-15-14,4,0.3168372180653287,126x14,14x212,19,0.03912752687559419,0.40358014424544153,0.027922000008402392,16,0.1998451783375734,0.1638471960113456,0.009284900006605312,15,0.18100183987933194,0.12815871840799775,0.010518099996261299,14,0.1666343942006292,0.09506220437668075,0.009073599998373538
75,N,New_N_076.wav,19-16-15-14,4,0.32012072865513913,126x14,14x212,19,0.04344949832961218,0.41631427367250523,0.024525600019842386,16,0.17119470673481063,0.17983380921529596,0.010721500002546236,15,0.1926016397908316,0.12220847412882264,0.010322799993446097,14,0.18133148103898683,0.09653842901904695,0.011509600008139387
76,N,New_N_077.wav,19-16-15-14,4,0.3072015723521665,126x14,14x212,19,0.037915882910112726,0.3957147330973209,0.022750700009055436,16,0.19033129263562884,0.1736293741100256,0.012692700023762882,15,0.1971258479339236,0.11562029329432032,0.011764800001401454,14,0.143294966800864,0.0966172751089839,0.009364600002299994
77,N,New_N_078.wav,19-16-15-14,4,0.3337318382441746,126x14,14x212,19,0.043850273562464896,0.40229711426234055,0.023762600001646206,16,0.17700383513824117,0.11667538425449432,0.006890299991937354,15,0.230322105557632,0.08527528313905172,0.009434300009161234,14,0.2693216733749016,0.07710443749808737,0.010801800002809614
78,N,New_N_079.wav,19-16-15-14,4,0.3533585017271998,126x14,14x212,19,0.040983377988184,0.40948145766311056,0.023180700023658574,16,0.2135029733695808,0.16452465716711634,0.010797099996125326,15,0.17221882560235433,0.1196873693922614,0.00735920001170598,14,0.24813350780674626,0.10036153182701289,0.011766200012061745
79,N,New_N_080.wav,19-16-15-14,4,0.38478291039835705,126x14,14x212,19,0.04410106675459243,0.35805732965821113,0.020331100007751957,16,0.16802833615076007,0.1956311850207346,0.009350799984531477,15,0.23360924779533243,0.10147281413335996,0.007214200013549998,14,0.242101780807451,0.08519397670168032,0.01006309999502264
80,N,New_N_081.wav,19-16-15-14,4,0.31184180411916645,126x14,14x212,19,0.03919931289678712,0.4032418362514265,0.022329199971864,16,0.17409173804470515,0.18606351560233628,0.012368800002150238,15,0.20417199637448263,0.12148384217982146,0.011664200021186844,14,0.2386339421933953,0.10184851614223404,0.008487400016747415
81,N,New_N_082.wav,19-16-15-14,4,0.2831428772329747,126x14,14x212,19,0.04259417923200649,0.3972760678586543,0.023081599996658042,16,0.1921716961239876,0.13380078503167223,0.009203299996443093,15,0.16151971404161095,0.09655429224835062,0.0117966000107117,14,0.16996021476886441,0.08365395872845813,0.010868799989111722
82,N,New_N_083.wav,19-16-15-14,4,0.2853643336470256,126x14,14x212,19,0.04112369430870457,0.39881188215547186,0.020530200010398403,16,0.13732664329640615,0.1381719676723785,0.007154399994760752,15,0.18415269626055777,0.08581501673745623,0.012073899997631088,14,0.1868811814626133,0.07093536401529672,0.011210099997697398
83,N,New_N_084.wav,19-16-15-14,4,0.31434613747936463,126x14,14x212,19,0.044421924047471424,0.36174783018170215,0.02555789999314584,16,0.14680150688291568,0.16649981406689798,0.007343499979469925,15,0.1650567501096751,0.13567910582484558,0.007381700008409098,14,0.15996387141717328,0.13918265378379704,0.01150609998148866
84,N,New_N_085.wav,19-16-15-14,4,0.3470295380907389,126x14,14x212,19,0.037180753183107436,0.43485758915107836,0.022853200003737584,16,0.16324695672060469,0.18172228640124685,0.009129299985943362,15,0.22038382062215367,0.12787975951361794,0.011316799995256588,14,0.23891070019462368,0.10646408065467149,0.01165269999182783
85,N,New_N_086.wav,19-16-15-14,4,0.2857970155037154,126x14,14x212,19,0.04163129218587846,0.36545347896223257,0.02318000001832843,16,0.18093933708801593,0.14687069053879007,0.012773499998729676,15,0.11700877422324954,0.1167079990681019,0.01235370000358671,14,0.11779699818538508,0.09816256973931188,0.007201500004157424
86,N,New_N_087.wav,19-16-15-14,4,0.31775463254736397,126x14,14x212,19,0.03938464465986606,0.40295111656086496,0.018500099977245554,16,0.17461566036681608,0.15733232713698664,0.009438200009753928,15,0.15702322738098343,0.10727648908756156,0.008957100013503805,14,0.16529906293695398,0.06670812355655197,0.0070189000107347965
87,N,New_N_088.wav,19-16-15-14,4,0.307751327654207,126x14,14x212,19,0.04272448922378608,0.37145372061659876,0.02504189999308437,16,0.2047096621187688,0.12374545690044349,0.011022599996067584,15,0.12708642242397908,0.10457428978527492,0.011704200005624443,14,0.22152017720803271,0.10584608024492292,0.010958900005789474
88,N,New_N_089.wav,19-16-15-14,4,0.2830994121188638,126x14,14x212,19,0.03740502093610404,0.40657203945848064,0.023060199979227036,16,0.16701811111277323,0.15696656349861415,0.008423199993558228,15,0.20711110217277276,0.10699058905405762,0.007399599999189377,14,0.09903018432593502,0.09324271901499538,0.012007599987555295
89,N,New_N_090.wav,19-16-15-14,4,0.278846307454626,126x14,14x212,19,0.039972269765938276,0.4238936655748349,0.024335800000699237,16,0.1702456423700495,0.17043495172613365,0.011460600013379008,15,0.1618406553840829,0.121020498810469,0.008180200005881488,14,0.15315080467954767,0.10666787530631644,0.008628499985206872
90,N,New_N_091.wav,19-16-15-14,4,0.3196166834368919,126x14,14x212,19,0.03729772283477351,0.37618034047193805,0.02463030000217259,16,0.16741984260622228,0.13976091448294173,0.012341999972704798,15,0.18401880764580136,0.10187820275858489,0.010577900015050545,14,0.238834519235394,0.06327363438447782,0.010407800000393763
91,N,New_N_092.wav,19-16-15-14,4,0.3696335519277015,126x14,14x212,19,0.0412429740247394,0.42540377682605096,0.021741500007919967,16,0.1649980158060586,0.19464362620442663,0.008426799991866574,15,0.18213959351935366,0.13377422144782677,0.01217289999476634,14,0.2718227311391859,0.08887009509689464,0.00773100001970306
92,N,New_N_093.wav,19-16-15-14,4,0.2831869833880038,126x14,14x212,19,0.04211880741027289,0.3886086074193989,0.016464099986478686,16,0.17767947302449974,0.13391956537805014,0.009967400023015216,15,0.15866285818295642,0.10662161925098229,0.011175399995408952,14,0.13000638666681338,0.096076839512608,0.008165999985067174
93,N,New_N_094.wav,19-16-15-14,4,0.3133995422595468,126x14,14x212,19,0.0385423465978836,0.4091730696139735,0.019720399985089898,16,0.17049779369419288,0.17822236957560875,0.0068627999862656,15,0.17687456796512688,0.10511824232942928,0.0070066000043880194,14,0.1918368810233749,0.09371058962938962,0.0107758000085596
94,N,New_N_095.wav,19-16-15-14,4,0.29702853596832507,126x14,14x212,19,0.03896254858870789,0.41472547526648584,0.025940599996829405,16,0.2078755797641876,0.1384170457892782,0.012245699996128678,15,0.2061838061054532,0.11167126673489425,0.01087349999579601,14,0.17147931009081036,0.10480743557874451,0.011848800000734627
95,N,New_N_096.wav,19-16-15-14,4,0.30936151619221147,126x14,14x212,19,0.038013320886599755,0.40137276069685585,0.024968899990199134,16,0.14834329875282215,0.15531572750409148,0.009464899980230257,15,0.17544707171615162,0.09200529791184588,0.006973800016567111,14,0.1719660522649278,0.06532334376365517,0.007120499998563901
96,N,New_N_097.wav,19-16-15-14,4,0.29469427641768386,126x14,14x212,19,0.043058161640921334,0.34462604611714204,0.017245199996978045,16,0.1459726277251401,0.10495455359802679,0.0077646000136155635,15,0.1848321707957148,0.088822657089005,0.007360299990978092,14,0.1468288892939404,0.07246824676016059,0.007038499985355884
97,N,New_N_098.wav,19-16-15-14,4,0.32201378981537887,126x14,14x212,19,0.042541575287828655,0.3910355537296791,0.02360640000551939,16,0.193710577107961,0.1679114072008203,0.008940300001995638,15,0.23131390724349962,0.13323909431356842,0.007442200003424659,14,0.24548233415769372,0.12641273985087226,0.010629700002027676
98,N,New_N_099.wav,19-16-15-14,4,0.3312308125492506,126x14,14x212,19,0.0338130177891361,0.4583206082873048,0.02185809999355115,16,0.13832792212604852,0.18960167778492568,0.006751300010364503,15,0.1961466013879193,0.1030755995334,0.007143599999835715,14,0.2226968155335801,0.0820508625426035,0.006521300005260855
99,N,New_N_100.wav,19-16-15-14,4,0.32539591351570246,126x14,14x212,19,0.034840149318863596,0.42665890402735496,0.018473100004484877,16,0.14975197851837777,0.17969581453791098,0.008832099993014708,15,0.179170018564153,0.10004012521362231,0.008419499994488433,14,0.18355536154559732,0.08360769318120836,0.008305600000312552
100,N,New_N_101.wav,19-16-15-14,4,0.28457482020678926,126x14,14x212,19,0.03798504076438992,0.42993742696025133,0.02503180000348948,16,0.17363399542525457,0.13761927265643772,0.00974460001452826,15,0.1666271525459023,0.08271260680491117,0.00990159998764284,14,0.16619440822139017,0.06984784318518458,0.011031200003344566
101,N,New_N_102.wav,19-16-15-14,4,0.2671220201279099,126x14,14x212,19,0.036878270000234976,0.42245340930955494,0.020106099982513115,16,0.1316285435435917,0.13919903867408973,0.012323500006459653,15,0.1627164749297173,0.10438139526960762,0.011499600019305944,14,0.06039891375705681,0.08612006799672799,0.009615199989639223
102,N,New_N_103.wav,19-16-15-14,4,0.30519944411865163,126x14,14x212,19,0.03701908049781709,0.41990116801148464,0.01867140000103973,16,0.1693452860306166,0.12643864259684887,0.00711759997648187,15,0.23237095229641422,0.07705095622119613,0.007365400000708178,14,0.11345975488166597,0.05739415113495258,0.010892300022533163
103,N,New_N_104.wav,19-16-15-14,4,0.3289704535148119,126x14,14x212,19,0.032468867321955606,0.3940040814919538,0.02174850000301376,16,0.13509270013431182,0.14986661686810945,0.011941900011152029,15,0.1678330330898818,0.099976791499619,0.007622899982379749,14,0.19960031403482614,0.08117892654402886,0.009377799986395985
104,N,New_N_105.wav,19-16-15-14,4,0.299848398066724,126x14,14x212,19,0.03449798528059933,0.4115344659077134,0.01966250000987202,16,0.1255753147701628,0.1271881399651021,0.011284400010481477,15,0.21926005849121122,0.09363158813139305,0.01246629998786375,14,0.1345303645014363,0.06876968925498758,0.008134800009429455
105,N,New_N_106.wav,19-16-15-14,4,0.2958424300946206,126x14,14x212,19,0.027838586241132737,0.46957914365784914,0.025284700008342043,16,0.16965132314117143,0.14825235624957386,0.010604000010062009,15,0.17403132183262485,0.08866560613743588,0.011906500003533438,14,0.1923849025791605,0.07501724585206145,0.010286500008078292
106,N,New_N_107.wav,19-16-15-14,4,0.2653863196863339,126x14,14x212,19,0.032132402994231146,0.40391338739497384,0.023623300017789006,16,0.14183435581384138,0.1214873006475697,0.010577500012004748,15,0.14135898283394316,0.07790684032666877,0.01002610000432469,14,0.11782790785009405,0.06023346957316981,0.008541799994418398
107,N,New_N_108.wav,19-16-15-14,4,0.28373995225672105,126x14,14x212,19,0.03682264582733646,0.40714082758019926,0.020686700008809566,16,0.13853170113017857,0.15058074157512072,0.006901700020534918,15,0.13599755142946476,0.09778457339911022,0.006820000009611249,14,0.135768094764479,0.07626946760482181,0.00719910001498647
108,N,New_N_109.wav,19-16-15-14,4,0.3026112827907776,126x14,14x212,19,0.03254626798441373,0.42007320934974807,0.021614199999021366,16,0.16386523736834835,0.16284167121766652,0.009806000016396865,15,0.1356527498028488,0.09580241256672772,0.007633499975781888,14,0.15327222745528785,0.06283665462808152,0.009293199982494116
109,N,New_N_110.wav,19-16-15-14,4,0.2922541021999983,126x14,14x212,19,0.03560012022012386,0.42206230891784774,0.022064699995098636,16,0.1726441255459069,0.09844799025357594,0.01102320000063628,15,0.2215349328786226,0.043828780435556096,0.010530400002608076,14,0.16655363462828462,0.03609956435957565,0.006841700000222772
110,N,New_N_111.wav,19-16-15-14,4,0.30613776831565803,126x14,14x212,19,0.0354717274519744,0.4187508719580729,0.01624409999931231,16,0.17098988732200449,0.15494983648317565,0.012622400012332946,15,0.16494401776323855,0.10268549873706367,0.011594200012041256,14,0.19304275863569925,0.08611562931886793,0.01086759997997433
111,N,New_N_112.wav,19-16-15-14,4,0.29646557696961906,126x14,14x212,19,0.028085705969442598,0.4200709488468772,0.025174799986416474,16,0.19659629079886784,0.11800164596039578,0.011364100006176159,15,0.16778337657389417,0.060303768038899044,0.012130399991292506,14,0.2002586548058017,0.05054059801513747,0.012792699999408796
112,N,New_N_113.wav,19-16-15-14,4,0.3141860222029104,126x14,14x212,19,0.03567500670334101,0.4469456047092564,0.022794799995608628,16,0.14458922816682293,0.14973666098316998,0.007092699990607798,15,0.16681505124757842,0.08563577117732721,0.010390300012659281,14,0.20529768854055727,0.0822145364551008,0.01143349998164922
113,N,New_N_114.wav,19-16-15-14,4,0.3322448525581778,126x14,14x212,19,0.033317890457321295,0.4309029110034894,0.022277899988694116,16,0.17137468221672084,0.14183342971244325,0.011280200007604435,15,0.14578778299856152,0.0867848665583859,0.012804999976651743,14,0.20665695987544447,0.07504096645974104,0.009251000010408461
114,N,New_N_115.wav,19-16-15-14,4,0.30529750580108383,126x14,14x212,19,0.03553352474899887,0.3877973362953372,0.024802999978419393,16,0.1553249291289335,0.10855888983099506,0.011410699982661754,15,0.18100365376685248,0.07593406547100492,0.011246700014453381,14,0.1837170361233874,0.07218123817957274,0.011992999992799014
115,N,New_N_116.wav,19-16-15-14,4,0.3218471746793057,126x14,14x212,19,0.033605128918733934,0.435614106701992,0.02333830000134185,16,0.15416179327638013,0.16068288388773508,0.007243400003062561,15,0.1888624916562737,0.11586651606055332,0.008955400000559166,14,0.20868149612449746,0.08275351404482835,0.009618100011721253
116,N,New_N_117.wav,19-16-15-14,4,0.32515572830426964,126x14,14x212,19,0.035430984673080174,0.4188174950068911,0.026347299979534,16,0.18693456221271795,0.134148827324303,0.011898600001586601,15,0.18624144655381603,0.10045749656867699,0.009799599996767938,14,0.1439553165404047,0.08020750195461321,0.006609700008993968
117,N,New_N_118.wav,19-16-15-14,4,0.31932638037569777,126x14,14x212,19,0.03721941085318923,0.4755318573443035,0.02106860000640154,16,0.16372901643134102,0.13955489565401363,0.010081099986564368,15,0.21992755204154882,0.08746681783020456,0.009232100012013689,14,0.14795517567614858,0.06259667821329762,0.011585000000195578
118,N,New_N_119.wav,19-16-15-14,4,0.2945402431285204,126x14,14x212,19,0.04157879550142861,0.4130121406841975,0.02671920001739636,16,0.15947862708399124,0.11900078094846142,0.007678900001337752,15,0.1742074853085378,0.08748740422758369,0.009832300012931228,14,0.21181338424584398,0.08292823880383729,0.010032699996372685
119,N,New_N_120.wav,19-16-15-14,4,0.2798072493070892,126x14,14x212,19,0.03353578507838024,0.4510170683610708,0.02506750001339242,16,0.1589670784380242,0.16920212371925433,0.011055999988457188,15,0.12407498939325462,0.10712379568462385,0.007147900003474206,14,0.18827269352439566,0.08545104478675229,0.01151500002015382
120,N,New_N_121.wav,19-16-15-14,4,0.32376940939908605,126x14,14x212,19,0.034004314784338734,0.39674561130521274,0.020328799990238622,16,0.17673625068175025,0.17089033931531414,0.010118799982592463,15,0.2038950126955342,0.13014951242159423,0.009431299986317754,14,0.14185225239230603,0.07820655896326002,0.011782900022808462
121,N,New_N_122.wav,19-16-15-14,4,0.3026947351989198,126x14,14x212,19,0.04130805324973393,0.40065500957005273,0.023420399986207485,16,0.20601508118577094,0.14880047794297663,0.011302200000500306,15,0.1705897811724503,0.08634820271606967,0.0078464999969583,14,0.1179936180530223,0.07401239507656227,0.011779399996157736
122,N,New_N_123.wav,19-16-15-14,4,0.32021637583502444,126x14,14x212,19,0.032979346459527784,0.4390130313291382,0.019633600022643805,16,0.13101592841355741,0.16938790502014697,0.00917410000693053,15,0.19601473413020473,0.0986988849569031,0.011209999996935949,14,0.16087677063394198,0.08682579611058576,0.008414699987042695
