clase,archivo,ruta,variante_deep_onmf,F_001,F_002,F_003,F_004,F_005
AS,New_AS_001.wav,C:\Users\armga\OneDrive\Escritorio\TFG\Programacion objetivo\Bases de Datos\AS_New_3주기\New_AS_001.wav,perfil_softmin_errores_f8,6.4862047709147236e-06,0.21447426087175486,0.24725181194904833,0.27165977580934353,0.2666076651650824
AS,New_AS_002.wav,C:\Users\armga\OneDrive\Escritorio\TFG\Programacion objetivo\Bases de Datos\AS_New_3주기\New_AS_002.wav,perfil_softmin_errores_f8,5.067005077046861e-06,0.20609360334583537,0.20119994439140093,0.32654663269239376,0.2661547525652928
AS,New_AS_003.wav,C:\Users\armga\OneDrive\Escritorio\TFG\Programacion objetivo\Bases de Datos\AS_New_3주기\New_AS_003.wav,perfil_softmin_errores_f8,9.186684858185574e-07,0.24741503338607154,0.21252675474484536,0.244095294452599,0.2959619987479982
AS,New_AS_004.wav,C:\Users\armga\OneDrive\Escritorio\TFG\Programacion objetivo\Bases de Datos\AS_New_3주기\New_AS_004.wav,perfil_softmin_errores_f8,1.6604949313228743e-06,0.25588271390615713,0.20775630058032918,0.23929967233424254,0.2970596526843398
AS,New_AS_005.wav,C:\Users\armga\OneDrive\Escritorio\TFG\Programacion objetivo\Bases de Datos\AS_New_3주기\New_AS_005.wav,perfil_softmin_errores_f8,3.104846866975402e-06,0.2299280801251004,0.19050945254570253,0.3135022189238481,0.26605714355848187
AS,New_AS_006.wav,C:\Users\armga\OneDrive\Escritorio\TFG\Programacion objetivo\Bases de Datos\AS_New_3주기\New_AS_006.wav,perfil_softmin_errores_f8,1.1233953956577148e-06,0.2005534338379247,0.1892667559380128,0.3506701026122415,0.2595085842164252
AS,New_AS_007.wav,C:\Users\armga\OneDrive\Escritorio\TFG\Programacion objetivo\Bases de Datos\AS_New_3주기\New_AS_007.wav,perfil_softmin_errores_f8,3.524705394727539e-06,0.20196253301259393,0.2151172804880031,0.29437336568824896,0.28854329610575924
AS,New_AS_008.wav,C:\Users\armga\OneDrive\Escritorio\TFG\Programacion objetivo\Bases de Datos\AS_New_3주기\New_AS_008.wav,perfil_softmin_errores_f8,1.311372593026427e-06,0.19802136224225333,0.20065950776484118,0.3640510886481283,0.23726672997218415
AS,New_AS_009.wav,C:\Users\armga\OneDrive\Escritorio\TFG\Programacion objetivo\Bases de Datos\AS_New_3주기\New_AS_009.wav,perfil_softmin_errores_f8,1.6756561035002204e-06,0.19418861765941015,0.20375401857990436,0.35079637035197986,0.25125931775260213
AS,New_AS_010.wav,C:\Users\armga\OneDrive\Escritorio\TFG\Programacion objetivo\Bases de Datos\AS_New_3주기\New_AS_010.wav,perfil_softmin_errores_f8,2.6827797736012665e-06,0.22126961735278233,0.21329354169419437,0.2930866615332081,0.2723474966400417
AS,New_AS_011.wav,C:\Users\armga\OneDrive\Escritorio\TFG\Programacion objetivo\Bases de Datos\AS_New_3주기\New_AS_011.wav,perfil_softmin_errores_f8,1.102803821595522e-06,0.20008204720494407,0.207520976475449,0.35322329870719354,0.23917257480859175
AS,New_AS_012.wav,C:\Users\armga\OneDrive\Escritorio\TFG\Programacion objetivo\Bases de Datos\AS_New_3주기\New_AS_012.wav,perfil_softmin_errores_f8,2.3298246863722304e-06,0.2186760838137988,0.22720231636024582,0.31900969212097996,0.23510957788028908
AS,New_AS_013.wav,C:\Users\armga\OneDrive\Escritorio\TFG\Programacion objetivo\Bases de Datos\AS_New_3주기\New_AS_013.wav,perfil_softmin_errores_f8,1.8156697699622364e-06,0.18393825816879691,0.18450347614148663,0.34982693018310745,0.28172951983683886
AS,New_AS_014.wav,C:\Users\armga\OneDrive\Escritorio\TFG\Programacion objetivo\Bases de Datos\AS_New_3주기\New_AS_014.wav,perfil_softmin_errores_f8,1.3504138154262164e-06,0.2034158010603933,0.17388479456950628,0.33822477690078573,0.2844732770554991
AS,New_AS_015.wav,C:\Users\armga\OneDrive\Escritorio\TFG\Programacion objetivo\Bases de Datos\AS_New_3주기\New_AS_015.wav,perfil_softmin_errores_f8,5.198981976239953e-06,0.2446506047917011,0.20589529990878896,0.26662635552017244,0.28282254079736124
AS,New_AS_016.wav,C:\Users\armga\OneDrive\Escritorio\TFG\Programacion objetivo\Bases de Datos\AS_New_3주기\New_AS_016.wav,perfil_softmin_errores_f8,1.6901232433158415e-06,0.22621747002096526,0.1879607983858039,0.35662516487110096,0.2291948765988865
AS,New_AS_017.wav,C:\Users\armga\OneDrive\Escritorio\TFG\Programacion objetivo\Bases de Datos\AS_New_3주기\New_AS_017.wav,perfil_softmin_errores_f8,4.512530679884528e-06,0.2413003087007106,0.19903662117325918,0.3149372311313764,0.2447213264639739
AS,New_AS_018.wav,C:\Users\armga\OneDrive\Escritorio\TFG\Programacion objetivo\Bases de Datos\AS_New_3주기\New_AS_018.wav,perfil_softmin_errores_f8,3.75032096177211e-06,0.24628326209239312,0.2140693601037667,0.3055752002535634,0.23406842722931517
AS,New_AS_019.wav,C:\Users\armga\OneDrive\Escritorio\TFG\Programacion objetivo\Bases de Datos\AS_New_3주기\New_AS_019.wav,perfil_softmin_errores_f8,2.1033989379411738e-06,0.2488875350229386,0.24015596823748644,0.2481931899118686,0.26276120342876835
AS,New_AS_020.wav,C:\Users\armga\OneDrive\Escritorio\TFG\Programacion objetivo\Bases de Datos\AS_New_3주기\New_AS_020.wav,perfil_softmin_errores_f8,1.964805952771011e-06,0.18801627904870874,0.18103584877232462,0.3769956124347891,0.25395029493822485
AS,New_AS_021.wav,C:\Users\armga\OneDrive\Escritorio\TFG\Programacion objetivo\Bases de Datos\AS_New_3주기\New_AS_021.wav,perfil_softmin_errores_f8,2.412618890276753e-06,0.230752749267103,0.21905955605950736,0.3144244940705102,0.2357607879839891
AS,New_AS_022.wav,C:\Users\armga\OneDrive\Escritorio\TFG\Programacion objetivo\Bases de Datos\AS_New_3주기\New_AS_022.wav,perfil_softmin_errores_f8,1.5293635446414555e-06,0.25622502401019,0.2185471743742234,0.2409030584746792,0.2843232137773628
AS,New_AS_023.wav,C:\Users\armga\OneDrive\Escritorio\TFG\Programacion objetivo\Bases de Datos\AS_New_3주기\New_AS_023.wav,perfil_softmin_errores_f8,2.5046864315391605e-06,0.21600068438494718,0.24115728579783471,0.29464253855056194,0.24819698658022463
AS,New_AS_024.wav,C:\Users\armga\OneDrive\Escritorio\TFG\Programacion objetivo\Bases de Datos\AS_New_3주기\New_AS_024.wav,perfil_softmin_errores_f8,1.3499022190046344e-06,0.19744943740697224,0.1985883501477125,0.35145739724833447,0.2525034652947617
AS,New_AS_025.wav,C:\Users\armga\OneDrive\Escritorio\TFG\Programacion objetivo\Bases de Datos\AS_New_3주기\New_AS_025.wav,perfil_softmin_errores_f8,2.2049673449085942e-06,0.18000944243118958,0.20758798645196644,0.3243840413279482,0.2880163248215508
AS,New_AS_026.wav,C:\Users\armga\OneDrive\Escritorio\TFG\Programacion objetivo\Bases de Datos\AS_New_3주기\New_AS_026.wav,perfil_softmin_errores_f8,1.4653858960697562e-06,0.18311473730777472,0.16259350708546783,0.4413262521657506,0.21296403805511088
AS,New_AS_027.wav,C:\Users\armga\OneDrive\Escritorio\TFG\Programacion objetivo\Bases de Datos\AS_New_3주기\New_AS_027.wav,perfil_softmin_errores_f8,8.595132215514683e-07,0.13990730261971412,0.17916356915771614,0.4080148871255367,0.27291338158381157
AS,New_AS_028.wav,C:\Users\armga\OneDrive\Escritorio\TFG\Programacion objetivo\Bases de Datos\AS_New_3주기\New_AS_028.wav,perfil_softmin_errores_f8,2.500880358916877e-06,0.18139648877988396,0.21033835687388905,0.34738416110448844,0.2608784923613797
AS,New_AS_029.wav,C:\Users\armga\OneDrive\Escritorio\TFG\Programacion objetivo\Bases de Datos\AS_New_3주기\New_AS_029.wav,perfil_softmin_errores_f8,3.2931901325970852e-06,0.18316838667424087,0.19312531303628172,0.35454085379980976,0.269162153299535
AS,New_AS_030.wav,C:\Users\armga\OneDrive\Escritorio\TFG\Programacion objetivo\Bases de Datos\AS_New_3주기\New_AS_030.wav,perfil_softmin_errores_f8,1.6830282644476466e-06,0.18272912872365585,0.20705242254711378,0.31257708196417167,0.2976396837367942
AS,New_AS_031.wav,C:\Users\armga\OneDrive\Escritorio\TFG\Programacion objetivo\Bases de Datos\AS_New_3주기\New_AS_031.wav,perfil_softmin_errores_f8,2.974767779495529e-06,0.19266059570166394,0.20038624159387494,0.3820100172620081,0.22494017067467356
AS,New_AS_032.wav,C:\Users\armga\OneDrive\Escritorio\TFG\Programacion objetivo\Bases de Datos\AS_New_3주기\New_AS_032.wav,perfil_softmin_errores_f8,1.0974641468513073e-06,0.18257784603255411,0.2064696390172242,0.34617366791726817,0.2647777495688067
AS,New_AS_033.wav,C:\Users\armga\OneDrive\Escritorio\TFG\Programacion objetivo\Bases de Datos\AS_New_3주기\New_AS_033.wav,perfil_softmin_errores_f8,3.889033021179797e-06,0.18721445480458873,0.241822323281824,0.29561804424750737,0.27534128863305873
AS,New_AS_034.wav,C:\Users\armga\OneDrive\Escritorio\TFG\Programacion objetivo\Bases de Datos\AS_New_3주기\New_AS_034.wav,perfil_softmin_errores_f8,2.1444696494874966e-06,0.20888118360137475,0.22427967746364996,0.2871689984269599,0.2796679960383659
AS,New_AS_035.wav,C:\Users\armga\OneDrive\Escritorio\TFG\Programacion objetivo\Bases de Datos\AS_New_3주기\New_AS_035.wav,perfil_softmin_errores_f8,2.198511934057991e-06,0.17993128431767774,0.17984525749032215,0.35449443386013546,0.2857268258199305
AS,New_AS_036.wav,C:\Users\armga\OneDrive\Escritorio\TFG\Programacion objetivo\Bases de Datos\AS_New_3주기\New_AS_036.wav,perfil_softmin_errores_f8,3.0856738746418966e-06,0.1725622495238408,0.191964823125814,0.336532802090166,0.2989370395863045
AS,New_AS_037.wav,C:\Users\armga\OneDrive\Escritorio\TFG\Programacion objetivo\Bases de Datos\AS_New_3주기\New_AS_037.wav,perfil_softmin_errores_f8,8.818960471399949e-07,0.18753983515614692,0.17746537780516364,0.4205212375032162,0.21447266763942624
AS,New_AS_038.wav,C:\Users\armga\OneDrive\Escritorio\TFG\Programacion objetivo\Bases de Datos\AS_New_3주기\New_AS_038.wav,perfil_softmin_errores_f8,3.606116077333598e-06,0.2038237876921086,0.22120879452842962,0.315529609200328,0.2594342024630565
AS,New_AS_039.wav,C:\Users\armga\OneDrive\Escritorio\TFG\Programacion objetivo\Bases de Datos\AS_New_3주기\New_AS_039.wav,perfil_softmin_errores_f8,2.7252361809753573e-06,0.1910913894210473,0.17066647578794752,0.3176424664025545,0.3205969431522697
AS,New_AS_040.wav,C:\Users\armga\OneDrive\Escritorio\TFG\Programacion objetivo\Bases de Datos\AS_New_3주기\New_AS_040.wav,perfil_softmin_errores_f8,1.19233671594572e-06,0.16019266483359704,0.19007261384426602,0.32343921911141166,0.32629430987400937
AS,New_AS_041.wav,C:\Users\armga\OneDrive\Escritorio\TFG\Programacion objetivo\Bases de Datos\AS_New_3주기\New_AS_041.wav,perfil_softmin_errores_f8,1.8182083474377887e-06,0.18584807793418975,0.2060055295938565,0.366024686190028,0.24211988807357834
AS,New_AS_042.wav,C:\Users\armga\OneDrive\Escritorio\TFG\Programacion objetivo\Bases de Datos\AS_New_3주기\New_AS_042.wav,perfil_softmin_errores_f8,3.2392674117411823e-06,0.1572602298458867,0.19140803334286186,0.36795899365220064,0.283369503891639
AS,New_AS_043.wav,C:\Users\armga\OneDrive\Escritorio\TFG\Programacion objetivo\Bases de Datos\AS_New_3주기\New_AS_043.wav,perfil_softmin_errores_f8,2.650479338792501e-06,0.18988977132027068,0.17985801313912972,0.3492653285829395,0.2809842364783212
AS,New_AS_044.wav,C:\Users\armga\OneDrive\Escritorio\TFG\Programacion objetivo\Bases de Datos\AS_New_3주기\New_AS_044.wav,perfil_softmin_errores_f8,1.8114601258833089e-06,0.15636435140724694,0.1992235700288978,0.36042225721824706,0.28398800988548234
AS,New_AS_045.wav,C:\Users\armga\OneDrive\Escritorio\TFG\Programacion objetivo\Bases de Datos\AS_New_3주기\New_AS_045.wav,perfil_softmin_errores_f8,1.5337954831722031e-06,0.16157258706939495,0.19581554263497739,0.4280114878561904,0.21459884864395415
AS,New_AS_046.wav,C:\Users\armga\OneDrive\Escritorio\TFG\Programacion objetivo\Bases de Datos\AS_New_3주기\New_AS_046.wav,perfil_softmin_errores_f8,2.5171862479066454e-06,0.15396799218001303,0.19602718002040317,0.34365287751666135,0.30634943309667456
AS,New_AS_047.wav,C:\Users\armga\OneDrive\Escritorio\TFG\Programacion objetivo\Bases de Datos\AS_New_3주기\New_AS_047.wav,perfil_softmin_errores_f8,1.2960370308184124e-06,0.14802620721441972,0.16850122605815618,0.4043417210624361,0.2791295496279572
AS,New_AS_048.wav,C:\Users\armga\OneDrive\Escritorio\TFG\Programacion objetivo\Bases de Datos\AS_New_3주기\New_AS_048.wav,perfil_softmin_errores_f8,7.528921576029841e-07,0.18919300077856122,0.1819439543466126,0.40207289524935175,0.226789396733317
AS,New_AS_049.wav,C:\Users\armga\OneDrive\Escritorio\TFG\Programacion objetivo\Bases de Datos\AS_New_3주기\New_AS_049.wav,perfil_softmin_errores_f8,2.0938228064770647e-05,0.0070802926666841065,0.17819539738581966,0.680938205675571,0.13376516604386052
AS,New_AS_050.wav,C:\Users\armga\OneDrive\Escritorio\TFG\Programacion objetivo\Bases de Datos\AS_New_3주기\New_AS_050.wav,perfil_softmin_errores_f8,0.00011743427750899132,0.002007234599552896,0.18346011525757142,0.7222875362139299,0.09212767965143678
AS,New_AS_051.wav,C:\Users\armga\OneDrive\Escritorio\TFG\Programacion objetivo\Bases de Datos\AS_New_3주기\New_AS_051.wav,perfil_softmin_errores_f8,0.0029156756580845074,0.061601851244004725,0.237119693480989,0.5013752309195042,0.19698754869741755
AS,New_AS_052.wav,C:\Users\armga\OneDrive\Escritorio\TFG\Programacion objetivo\Bases de Datos\AS_New_3주기\New_AS_052.wav,perfil_softmin_errores_f8,0.0013841947134463468,0.024934255134117882,0.18594584471568187,0.625112041332756,0.1626236641039979
AS,New_AS_053.wav,C:\Users\armga\OneDrive\Escritorio\TFG\Programacion objetivo\Bases de Datos\AS_New_3주기\New_AS_053.wav,perfil_softmin_errores_f8,9.95130013135494e-05,0.0008971325043606131,0.16782955193811813,0.7731599755752538,0.058013826980953864
AS,New_AS_054.wav,C:\Users\armga\OneDrive\Escritorio\TFG\Programacion objetivo\Bases de Datos\AS_New_3주기\New_AS_054.wav,perfil_softmin_errores_f8,0.0002495263322260072,0.03911191759157959,0.22102012697731227,0.5942435082161295,0.14537492088275272
AS,New_AS_055.wav,C:\Users\armga\OneDrive\Escritorio\TFG\Programacion objetivo\Bases de Datos\AS_New_3주기\New_AS_055.wav,perfil_softmin_errores_f8,0.0011982116163412975,0.03661940113322711,0.1608299637562427,0.5995139461297447,0.20183847736444424
AS,New_AS_056.wav,C:\Users\armga\OneDrive\Escritorio\TFG\Programacion objetivo\Bases de Datos\AS_New_3주기\New_AS_056.wav,perfil_softmin_errores_f8,0.0005074498070165229,0.0063009854612730625,0.1873705004769466,0.6776854863646637,0.1281355778901
AS,New_AS_057.wav,C:\Users\armga\OneDrive\Escritorio\TFG\Programacion objetivo\Bases de Datos\AS_New_3주기\New_AS_057.wav,perfil_softmin_errores_f8,0.0003709498709404674,0.03478013833563467,0.23070249370509677,0.5743443657762394,0.15980205231208874
AS,New_AS_058.wav,C:\Users\armga\OneDrive\Escritorio\TFG\Programacion objetivo\Bases de Datos\AS_New_3주기\New_AS_058.wav,perfil_softmin_errores_f8,0.0004359162642571378,0.03308778326657758,0.25993494223285724,0.5737840246137038,0.13275733362260422
AS,New_AS_059.wav,C:\Users\armga\OneDrive\Escritorio\TFG\Programacion objetivo\Bases de Datos\AS_New_3주기\New_AS_059.wav,perfil_softmin_errores_f8,0.0005318139963666642,0.003855845041878812,0.16499498354726694,0.7230182621009461,0.10759909531354156
AS,New_AS_060.wav,C:\Users\armga\OneDrive\Escritorio\TFG\Programacion objetivo\Bases de Datos\AS_New_3주기\New_AS_060.wav,perfil_softmin_errores_f8,0.003979975807173647,0.0472209389286107,0.19611964357685044,0.5504572691797294,0.20222217250763586
AS,New_AS_061.wav,C:\Users\armga\OneDrive\Escritorio\TFG\Programacion objetivo\Bases de Datos\AS_New_3주기\New_AS_061.wav,perfil_softmin_errores_f8,4.5189343757033076e-05,0.01468448478160857,0.2594933423098792,0.6085111743610941,0.1172658092036611
AS,New_AS_062.wav,C:\Users\armga\OneDrive\Escritorio\TFG\Programacion objetivo\Bases de Datos\AS_New_3주기\New_AS_062.wav,perfil_softmin_errores_f8,1.892536339190614e-05,0.006664292088014819,0.25244573252937225,0.6332341984124021,0.10763685160681882
AS,New_AS_063.wav,C:\Users\armga\OneDrive\Escritorio\TFG\Programacion objetivo\Bases de Datos\AS_New_3주기\New_AS_063.wav,perfil_softmin_errores_f8,0.0017739023118789785,0.0075388978513904435,0.1283461476519472,0.7323852149277104,0.12995583725707313
AS,New_AS_064.wav,C:\Users\armga\OneDrive\Escritorio\TFG\Programacion objetivo\Bases de Datos\AS_New_3주기\New_AS_064.wav,perfil_softmin_errores_f8,0.0012268749787559124,0.034882814046251265,0.1945747532108447,0.5632155930505515,0.20609996471359673
AS,New_AS_065.wav,C:\Users\armga\OneDrive\Escritorio\TFG\Programacion objetivo\Bases de Datos\AS_New_3주기\New_AS_065.wav,perfil_softmin_errores_f8,1.689218116092861e-05,0.010550108945208577,0.159499003579921,0.7069952285896864,0.122938766704023
AS,New_AS_066.wav,C:\Users\armga\OneDrive\Escritorio\TFG\Programacion objetivo\Bases de Datos\AS_New_3주기\New_AS_066.wav,perfil_softmin_errores_f8,0.0017995535405476665,0.05118983151701297,0.22367880804027826,0.516078354607443,0.20725345229471812
AS,New_AS_067.wav,C:\Users\armga\OneDrive\Escritorio\TFG\Programacion objetivo\Bases de Datos\AS_New_3주기\New_AS_067.wav,perfil_softmin_errores_f8,0.0003510163868129235,0.02056848405691387,0.18445347942144324,0.6203255518879148,0.1743014682469151
AS,New_AS_068.wav,C:\Users\armga\OneDrive\Escritorio\TFG\Programacion objetivo\Bases de Datos\AS_New_3주기\New_AS_068.wav,perfil_softmin_errores_f8,0.001452618180098789,0.01821897224958375,0.1531427120088696,0.6337928406728411,0.19339285688860675
AS,New_AS_069.wav,C:\Users\armga\OneDrive\Escritorio\TFG\Programacion objetivo\Bases de Datos\AS_New_3주기\New_AS_069.wav,perfil_softmin_errores_f8,0.00023509581776695414,0.03999852990817094,0.16907792542810982,0.6043579447207713,0.18633050412518104
AS,New_AS_070.wav,C:\Users\armga\OneDrive\Escritorio\TFG\Programacion objetivo\Bases de Datos\AS_New_3주기\New_AS_070.wav,perfil_softmin_errores_f8,6.36375969571456e-05,0.0027917873517136634,0.20153593206205964,0.7203745785728916,0.07523406441637795
AS,New_AS_071.wav,C:\Users\armga\OneDrive\Escritorio\TFG\Programacion objetivo\Bases de Datos\AS_New_3주기\New_AS_071.wav,perfil_softmin_errores_f8,0.0003405167400580356,0.04647381444990898,0.20765974371055698,0.59535969294462,0.150166232154856
AS,New_AS_072.wav,C:\Users\armga\OneDrive\Escritorio\TFG\Programacion objetivo\Bases de Datos\AS_New_3주기\New_AS_072.wav,perfil_softmin_errores_f8,0.00027608425048240517,0.03508677066688665,0.1864114817681075,0.5995316849846988,0.17869397832982462
AS,New_AS_073.wav,C:\Users\armga\OneDrive\Escritorio\TFG\Programacion objetivo\Bases de Datos\AS_New_3주기\New_AS_073.wav,perfil_softmin_errores_f8,0.00017614273719703736,0.05194932590187846,0.19780732606507626,0.5506102180278825,0.19945698726796585
AS,New_AS_074.wav,C:\Users\armga\OneDrive\Escritorio\TFG\Programacion objetivo\Bases de Datos\AS_New_3주기\New_AS_074.wav,perfil_softmin_errores_f8,0.0003948088905134358,0.02547428888179625,0.2071734056057896,0.5725351029130051,0.1944223937088955
AS,New_AS_075.wav,C:\Users\armga\OneDrive\Escritorio\TFG\Programacion objetivo\Bases de Datos\AS_New_3주기\New_AS_075.wav,perfil_softmin_errores_f8,0.00014825399284588964,0.010707101523855412,0.10253841899419046,0.7462464761045837,0.14035974938452445
AS,New_AS_076.wav,C:\Users\armga\OneDrive\Escritorio\TFG\Programacion objetivo\Bases de Datos\AS_New_3주기\New_AS_076.wav,perfil_softmin_errores_f8,0.0002976664786597779,0.02903758622247335,0.1963727959764681,0.6461457851329843,0.12814616618941452
AS,New_AS_077.wav,C:\Users\armga\OneDrive\Escritorio\TFG\Programacion objetivo\Bases de Datos\AS_New_3주기\New_AS_077.wav,perfil_softmin_errores_f8,2.437599978232323e-06,0.17594059446155402,0.21204442685466648,0.3602778537202109,0.25173468736359034
AS,New_AS_078.wav,C:\Users\armga\OneDrive\Escritorio\TFG\Programacion objetivo\Bases de Datos\AS_New_3주기\New_AS_078.wav,perfil_softmin_errores_f8,2.3899596917830536e-06,0.17949529462966615,0.1887267683403348,0.34549518139849206,0.2862803656718153
AS,New_AS_079.wav,C:\Users\armga\OneDrive\Escritorio\TFG\Programacion objetivo\Bases de Datos\AS_New_3주기\New_AS_079.wav,perfil_softmin_errores_f8,1.8811918198819243e-06,0.20904795435887402,0.2040335723623211,0.3488244279906272,0.2380921640963578
AS,New_AS_080.wav,C:\Users\armga\OneDrive\Escritorio\TFG\Programacion objetivo\Bases de Datos\AS_New_3주기\New_AS_080.wav,perfil_softmin_errores_f8,9.293677848690201e-07,0.19218835624324418,0.17080443821800018,0.4387715515713823,0.1982347245995886
AS,New_AS_081.wav,C:\Users\armga\OneDrive\Escritorio\TFG\Programacion objetivo\Bases de Datos\AS_New_3주기\New_AS_081.wav,perfil_softmin_errores_f8,1.5209584797122086e-06,0.14994946482422017,0.17260295736751086,0.42746930301056735,0.24997675383922188
AS,New_AS_082.wav,C:\Users\armga\OneDrive\Escritorio\TFG\Programacion objetivo\Bases de Datos\AS_New_3주기\New_AS_082.wav,perfil_softmin_errores_f8,1.3549113409968705e-06,0.15083745891382463,0.2032143803048809,0.3748096564027041,0.2711371494672493
AS,New_AS_083.wav,C:\Users\armga\OneDrive\Escritorio\TFG\Programacion objetivo\Bases de Datos\AS_New_3주기\New_AS_083.wav,perfil_softmin_errores_f8,5.4612462343090265e-06,0.1662665665590505,0.21164199700534814,0.36303433706775234,0.2590516381216146
AS,New_AS_084.wav,C:\Users\armga\OneDrive\Escritorio\TFG\Programacion objetivo\Bases de Datos\AS_New_3주기\New_AS_084.wav,perfil_softmin_errores_f8,4.539440145445168e-06,0.18359306919485194,0.19981651899887443,0.31512033624245955,0.3014655361236686
AS,New_AS_085.wav,C:\Users\armga\OneDrive\Escritorio\TFG\Programacion objetivo\Bases de Datos\AS_New_3주기\New_AS_085.wav,perfil_softmin_errores_f8,1.3074318470326997e-06,0.1667897377872518,0.20674985052922912,0.3819328695459183,0.24452623470575371
AS,New_AS_086.wav,C:\Users\armga\OneDrive\Escritorio\TFG\Programacion objetivo\Bases de Datos\AS_New_3주기\New_AS_086.wav,perfil_softmin_errores_f8,3.374600384146874e-06,0.18497817235820066,0.22771886643936298,0.3175059743410655,0.26979361226098675
AS,New_AS_087.wav,C:\Users\armga\OneDrive\Escritorio\TFG\Programacion objetivo\Bases de Datos\AS_New_3주기\New_AS_087.wav,perfil_softmin_errores_f8,1.3821331492632455e-06,0.17350986373711277,0.19423383178737388,0.33489344735241466,0.29736147498994936
AS,New_AS_088.wav,C:\Users\armga\OneDrive\Escritorio\TFG\Programacion objetivo\Bases de Datos\AS_New_3주기\New_AS_088.wav,perfil_softmin_errores_f8,6.626058931759102e-07,0.14546641680251932,0.15786035167768253,0.42126794863940814,0.2754046202744968
AS,New_AS_089.wav,C:\Users\armga\OneDrive\Escritorio\TFG\Programacion objetivo\Bases de Datos\AS_New_3주기\New_AS_089.wav,perfil_softmin_errores_f8,7.495457678794127e-07,0.14898383778144278,0.13899750160333998,0.43770227332366,0.2743156377457893
AS,New_AS_090.wav,C:\Users\armga\OneDrive\Escritorio\TFG\Programacion objetivo\Bases de Datos\AS_New_3주기\New_AS_090.wav,perfil_softmin_errores_f8,1.7175085810146579e-06,0.16672005447543617,0.159248855300463,0.4227590631652884,0.25127030955023133
AS,New_AS_091.wav,C:\Users\armga\OneDrive\Escritorio\TFG\Programacion objetivo\Bases de Datos\AS_New_3주기\New_AS_091.wav,perfil_softmin_errores_f8,2.624758808542832e-06,0.17099987804348415,0.20087505085867247,0.3166538219156372,0.3114686244233977
AS,New_AS_092.wav,C:\Users\armga\OneDrive\Escritorio\TFG\Programacion objetivo\Bases de Datos\AS_New_3주기\New_AS_092.wav,perfil_softmin_errores_f8,1.6696500997385585e-06,0.1915379487406193,0.19773579059490634,0.3366138403412477,0.27411075067312696
AS,New_AS_093.wav,C:\Users\armga\OneDrive\Escritorio\TFG\Programacion objetivo\Bases de Datos\AS_New_3주기\New_AS_093.wav,perfil_softmin_errores_f8,2.366254771366538e-06,0.1720003226594356,0.176404052066163,0.39140754701953967,0.2601857120000903
AS,New_AS_094.wav,C:\Users\armga\OneDrive\Escritorio\TFG\Programacion objetivo\Bases de Datos\AS_New_3주기\New_AS_094.wav,perfil_softmin_errores_f8,3.34199307862135e-06,0.18613498793035668,0.2141505018690277,0.31727772901775964,0.2824334391897775
AS,New_AS_095.wav,C:\Users\armga\OneDrive\Escritorio\TFG\Programacion objetivo\Bases de Datos\AS_New_3주기\New_AS_095.wav,perfil_softmin_errores_f8,9.097838158795837e-06,0.20874799182931061,0.17084885503545846,0.35242497343268564,0.2679690818643865
AS,New_AS_096.wav,C:\Users\armga\OneDrive\Escritorio\TFG\Programacion objetivo\Bases de Datos\AS_New_3주기\New_AS_096.wav,perfil_softmin_errores_f8,5.746263300352252e-06,0.228472217840503,0.19563441641510915,0.30725114003570914,0.2686364794453784
AS,New_AS_097.wav,C:\Users\armga\OneDrive\Escritorio\TFG\Programacion objetivo\Bases de Datos\AS_New_3주기\New_AS_097.wav,perfil_softmin_errores_f8,1.1237811440257942e-06,0.17300862155117003,0.19915536048947627,0.2953308213328372,0.3325040728453724
AS,New_AS_098.wav,C:\Users\armga\OneDrive\Escritorio\TFG\Programacion objetivo\Bases de Datos\AS_New_3주기\New_AS_098.wav,perfil_softmin_errores_f8,1.301991463638476e-06,0.14893001692363533,0.1972094629247331,0.34002906797026755,0.3138301501899004
AS,New_AS_099.wav,C:\Users\armga\OneDrive\Escritorio\TFG\Programacion objetivo\Bases de Datos\AS_New_3주기\New_AS_099.wav,perfil_softmin_errores_f8,1.3389551854147268e-06,0.17314787433152748,0.18138350508866402,0.4431506925197811,0.20231658910484193
AS,New_AS_100.wav,C:\Users\armga\OneDrive\Escritorio\TFG\Programacion objetivo\Bases de Datos\AS_New_3주기\New_AS_100.wav,perfil_softmin_errores_f8,4.259557765132622e-06,0.20223941824817496,0.21329160113167125,0.31929789172789363,0.2651668293344951
AS,New_AS_101.wav,C:\Users\armga\OneDrive\Escritorio\TFG\Programacion objetivo\Bases de Datos\AS_New_3주기\New_AS_101.wav,perfil_softmin_errores_f8,2.6032444411935424e-06,0.18312175397389224,0.20776205681558424,0.37133873858140054,0.23777484738468185
AS,New_AS_102.wav,C:\Users\armga\OneDrive\Escritorio\TFG\Programacion objetivo\Bases de Datos\AS_New_3주기\New_AS_102.wav,perfil_softmin_errores_f8,2.563732737415935e-06,0.17351912141412454,0.2487856851854818,0.3105134107321978,0.26717921893545843
AS,New_AS_103.wav,C:\Users\armga\OneDrive\Escritorio\TFG\Programacion objetivo\Bases de Datos\AS_New_3주기\New_AS_103.wav,perfil_softmin_errores_f8,3.7317820529059455e-06,0.17353579490401808,0.20902295745547855,0.33354098143347544,0.2838965344249751
AS,New_AS_104.wav,C:\Users\armga\OneDrive\Escritorio\TFG\Programacion objetivo\Bases de Datos\AS_New_3주기\New_AS_104.wav,perfil_softmin_errores_f8,8.525575379345742e-07,0.17417295873809596,0.1850123944575936,0.4053088103228556,0.23550498392391692
AS,New_AS_105.wav,C:\Users\armga\OneDrive\Escritorio\TFG\Programacion objetivo\Bases de Datos\AS_New_3주기\New_AS_105.wav,perfil_softmin_errores_f8,2.4419093328932084e-06,0.18602120288110824,0.21355021211629233,0.30928923547387854,0.291136907619388
AS,New_AS_106.wav,C:\Users\armga\OneDrive\Escritorio\TFG\Programacion objetivo\Bases de Datos\AS_New_3주기\New_AS_106.wav,perfil_softmin_errores_f8,3.48087702343962e-06,0.1997586887475844,0.204853175328155,0.27876897819528973,0.31661567685194736
AS,New_AS_107.wav,C:\Users\armga\OneDrive\Escritorio\TFG\Programacion objetivo\Bases de Datos\AS_New_3주기\New_AS_107.wav,perfil_softmin_errores_f8,1.6044224597444565e-06,0.16954590486832738,0.18212884482211653,0.3460380732987268,0.30228557258836947
AS,New_AS_108.wav,C:\Users\armga\OneDrive\Escritorio\TFG\Programacion objetivo\Bases de Datos\AS_New_3주기\New_AS_108.wav,perfil_softmin_errores_f8,2.095001035482227e-06,0.13898302236622803,0.2232631208281742,0.34953770387788974,0.28821405792667243
AS,New_AS_109.wav,C:\Users\armga\OneDrive\Escritorio\TFG\Programacion objetivo\Bases de Datos\AS_New_3주기\New_AS_109.wav,perfil_softmin_errores_f8,1.3698776096907679e-06,0.17126827935538627,0.18224669610675528,0.42602460605954057,0.2204590486007082
AS,New_AS_110.wav,C:\Users\armga\OneDrive\Escritorio\TFG\Programacion objetivo\Bases de Datos\AS_New_3주기\New_AS_110.wav,perfil_softmin_errores_f8,1.237511432879458e-06,0.16712253397165178,0.19293779989882043,0.3921508929624623,0.2477875356556326
AS,New_AS_111.wav,C:\Users\armga\OneDrive\Escritorio\TFG\Programacion objetivo\Bases de Datos\AS_New_3주기\New_AS_111.wav,perfil_softmin_errores_f8,7.096508437521436e-07,0.12956030932475085,0.12048830024261827,0.31946339000864654,0.4304872907731405
AS,New_AS_112.wav,C:\Users\armga\OneDrive\Escritorio\TFG\Programacion objetivo\Bases de Datos\AS_New_3주기\New_AS_112.wav,perfil_softmin_errores_f8,2.8647787212597727e-07,0.1401218242984113,0.11263428348570587,0.26392441771307634,0.48331918802493434
AS,New_AS_113.wav,C:\Users\armga\OneDrive\Escritorio\TFG\Programacion objetivo\Bases de Datos\AS_New_3주기\New_AS_113.wav,perfil_softmin_errores_f8,2.9908712940266776e-06,0.1839755094856223,0.13787128115427474,0.30910631597099003,0.36904390251781893
AS,New_AS_114.wav,C:\Users\armga\OneDrive\Escritorio\TFG\Programacion objetivo\Bases de Datos\AS_New_3주기\New_AS_114.wav,perfil_softmin_errores_f8,8.626074122841575e-07,0.12376666615322639,0.09355707808885982,0.3296973210862885,0.4529780720642131
AS,New_AS_115.wav,C:\Users\armga\OneDrive\Escritorio\TFG\Programacion objetivo\Bases de Datos\AS_New_3주기\New_AS_115.wav,perfil_softmin_errores_f8,1.8356728754622905e-06,0.16360609863579,0.2069539045339468,0.36713646442193537,0.26230169673545234
AS,New_AS_116.wav,C:\Users\armga\OneDrive\Escritorio\TFG\Programacion objetivo\Bases de Datos\AS_New_3주기\New_AS_116.wav,perfil_softmin_errores_f8,1.21417981314446e-06,0.12802909231864526,0.20680273909784316,0.4037607067897463,0.26140624761395215
AS,New_AS_117.wav,C:\Users\armga\OneDrive\Escritorio\TFG\Programacion objetivo\Bases de Datos\AS_New_3주기\New_AS_117.wav,perfil_softmin_errores_f8,1.5946142086432174e-06,0.1474832526914203,0.16098794143770476,0.42263184470778464,0.2688953665488816
AS,New_AS_118.wav,C:\Users\armga\OneDrive\Escritorio\TFG\Programacion objetivo\Bases de Datos\AS_New_3주기\New_AS_118.wav,perfil_softmin_errores_f8,8.758717155788864e-07,0.16945996905715982,0.20531269231751006,0.3960267532333271,0.2291997095202874
AS,New_AS_119.wav,C:\Users\armga\OneDrive\Escritorio\TFG\Programacion objetivo\Bases de Datos\AS_New_3주기\New_AS_119.wav,perfil_softmin_errores_f8,2.256663713141033e-06,0.1738239155218922,0.19061366518262587,0.2927929968430823,0.34276716578868643
AS,New_AS_120.wav,C:\Users\armga\OneDrive\Escritorio\TFG\Programacion objetivo\Bases de Datos\AS_New_3주기\New_AS_120.wav,perfil_softmin_errores_f8,4.77597530112878e-06,0.17314575177755614,0.1765984509163363,0.3117983913751215,0.33845262995568487
AS,New_AS_121.wav,C:\Users\armga\OneDrive\Escritorio\TFG\Programacion objetivo\Bases de Datos\AS_New_3주기\New_AS_121.wav,perfil_softmin_errores_f8,1.5611114311948185e-06,0.16567246367747462,0.2041766808764215,0.37785310103642505,0.2522961932982476
AS,New_AS_122.wav,C:\Users\armga\OneDrive\Escritorio\TFG\Programacion objetivo\Bases de Datos\AS_New_3주기\New_AS_122.wav,perfil_softmin_errores_f8,3.264704741642118e-06,0.21629651601327018,0.23969818879495197,0.30677363870526997,0.23722839178176625
AS,New_AS_123.wav,C:\Users\armga\OneDrive\Escritorio\TFG\Programacion objetivo\Bases de Datos\AS_New_3주기\New_AS_123.wav,perfil_softmin_errores_f8,2.0874178451342983e-06,0.17559236099710004,0.2535391302898995,0.3223721148684178,0.2484943064267375
AS,New_AS_124.wav,C:\Users\armga\OneDrive\Escritorio\TFG\Programacion objetivo\Bases de Datos\AS_New_3주기\New_AS_124.wav,perfil_softmin_errores_f8,1.8963763694967794e-06,0.18627277158108269,0.17852670539748813,0.3215069705859744,0.3136916560590853
AS,New_AS_125.wav,C:\Users\armga\OneDrive\Escritorio\TFG\Programacion objetivo\Bases de Datos\AS_New_3주기\New_AS_125.wav,perfil_softmin_errores_f8,1.2887024204159359e-06,0.15643401544047403,0.21466890328687865,0.3522083534581011,0.2766874391121258
AS,New_AS_126.wav,C:\Users\armga\OneDrive\Escritorio\TFG\Programacion objetivo\Bases de Datos\AS_New_3주기\New_AS_126.wav,perfil_softmin_errores_f8,9.14701623990705e-07,0.2042493826790614,0.2081683708396454,0.3512266730441139,0.23635465873555522
AS,New_AS_127.wav,C:\Users\armga\OneDrive\Escritorio\TFG\Programacion objetivo\Bases de Datos\AS_New_3주기\New_AS_127.wav,perfil_softmin_errores_f8,2.9057886823560457e-06,0.19453724654855098,0.1982743823512347,0.39217727334175484,0.21500819196977705
AS,New_AS_128.wav,C:\Users\armga\OneDrive\Escritorio\TFG\Programacion objetivo\Bases de Datos\AS_New_3주기\New_AS_128.wav,perfil_softmin_errores_f8,1.3557107985517992e-06,0.17143425413880747,0.19038778596937272,0.3966435558664296,0.24153304831459155
AS,New_AS_129.wav,C:\Users\armga\OneDrive\Escritorio\TFG\Programacion objetivo\Bases de Datos\AS_New_3주기\New_AS_129.wav,perfil_softmin_errores_f8,5.674891998898946e-07,0.4524030734368104,0.4949141693669728,0.00024450127223278254,0.05243768843478417
AS,New_AS_130.wav,C:\Users\armga\OneDrive\Escritorio\TFG\Programacion objetivo\Bases de Datos\AS_New_3주기\New_AS_130.wav,perfil_softmin_errores_f8,2.3965379222064546e-07,0.5067229503051669,0.4493124805288174,0.0001326416403178544,0.043831687871905646
AS,New_AS_131.wav,C:\Users\armga\OneDrive\Escritorio\TFG\Programacion objetivo\Bases de Datos\AS_New_3주기\New_AS_131.wav,perfil_softmin_errores_f8,4.41665787750421e-08,0.05859123467995689,0.02595416857026677,0.782825909794607,0.13262864278859055
AS,New_AS_132.wav,C:\Users\armga\OneDrive\Escritorio\TFG\Programacion objetivo\Bases de Datos\AS_New_3주기\New_AS_132.wav,perfil_softmin_errores_f8,0.0019241171112645591,0.2465989992608186,0.049940448537222855,0.4963249410159966,0.20521149407469752
AS,New_AS_133.wav,C:\Users\armga\OneDrive\Escritorio\TFG\Programacion objetivo\Bases de Datos\AS_New_3주기\New_AS_133.wav,perfil_softmin_errores_f8,4.444515350672748e-07,0.7504575574454534,0.24850243145717155,3.625860346614178e-05,0.0010033080423739573
AS,New_AS_134.wav,C:\Users\armga\OneDrive\Escritorio\TFG\Programacion objetivo\Bases de Datos\AS_New_3주기\New_AS_134.wav,perfil_softmin_errores_f8,1.696257958547533e-06,0.1985304228539333,0.22888284372065426,0.3736277762749288,0.19895726089252522
AS,New_AS_135.wav,C:\Users\armga\OneDrive\Escritorio\TFG\Programacion objetivo\Bases de Datos\AS_New_3주기\New_AS_135.wav,perfil_softmin_errores_f8,3.801177693189551e-07,0.7457826274006004,0.25344993920017583,2.3932789933685328e-05,0.0007431204915207236
AS,New_AS_136.wav,C:\Users\armga\OneDrive\Escritorio\TFG\Programacion objetivo\Bases de Datos\AS_New_3주기\New_AS_136.wav,perfil_softmin_errores_f8,1.0484751239859236e-06,0.45871479363241846,0.4856009936249501,0.0002560027750759741,0.055427161492431556
AS,New_AS_137.wav,C:\Users\armga\OneDrive\Escritorio\TFG\Programacion objetivo\Bases de Datos\AS_New_3주기\New_AS_137.wav,perfil_softmin_errores_f8,5.449974172315353e-07,0.4576144925888483,0.5139073718683755,0.00015363824635544851,0.028323952299003457
AS,New_AS_138.wav,C:\Users\armga\OneDrive\Escritorio\TFG\Programacion objetivo\Bases de Datos\AS_New_3주기\New_AS_138.wav,perfil_softmin_errores_f8,6.341127743800831e-07,0.4626051075962507,0.4948996125883496,0.00027520159568987404,0.04221944410693547
AS,New_AS_139.wav,C:\Users\armga\OneDrive\Escritorio\TFG\Programacion objetivo\Bases de Datos\AS_New_3주기\New_AS_139.wav,perfil_softmin_errores_f8,3.0604891651852e-07,0.4423531180755569,0.5362518759182375,9.278487218611562e-05,0.02130191508510296
AS,New_AS_140.wav,C:\Users\armga\OneDrive\Escritorio\TFG\Programacion objetivo\Bases de Datos\AS_New_3주기\New_AS_140.wav,perfil_softmin_errores_f8,1.353164090948553e-06,0.0950305890417048,0.11589544877648753,0.38059449512942056,0.40847811388829613
AS,New_AS_141.wav,C:\Users\armga\OneDrive\Escritorio\TFG\Programacion objetivo\Bases de Datos\AS_New_3주기\New_AS_141.wav,perfil_softmin_errores_f8,4.496853054517896e-07,0.10799353295680723,0.09418684821954779,0.42719225312715464,0.3706269160111849
AS,New_AS_142.wav,C:\Users\armga\OneDrive\Escritorio\TFG\Programacion objetivo\Bases de Datos\AS_New_3주기\New_AS_142.wav,perfil_softmin_errores_f8,4.5067048730082525e-07,0.17650568565585997,0.10248323178238564,0.3391775840825073,0.38183304780875976
AS,New_AS_143.wav,C:\Users\armga\OneDrive\Escritorio\TFG\Programacion objetivo\Bases de Datos\AS_New_3주기\New_AS_143.wav,perfil_softmin_errores_f8,1.9748738967110866e-07,0.1406451090833195,0.12012790564485994,0.31056821144386243,0.4286585763405686
AS,New_AS_144.wav,C:\Users\armga\OneDrive\Escritorio\TFG\Programacion objetivo\Bases de Datos\AS_New_3주기\New_AS_144.wav,perfil_softmin_errores_f8,5.822532184818852e-07,0.32487163896291665,0.2736351374530344,0.12215367058661729,0.2793389707442131
AS,New_AS_145.wav,C:\Users\armga\OneDrive\Escritorio\TFG\Programacion objetivo\Bases de Datos\AS_New_3주기\New_AS_145.wav,perfil_softmin_errores_f8,2.1092297855513185e-06,0.4304732658600182,0.2081114984778123,0.12387871524576807,0.23753441118661583
AS,New_AS_146.wav,C:\Users\armga\OneDrive\Escritorio\TFG\Programacion objetivo\Bases de Datos\AS_New_3주기\New_AS_146.wav,perfil_softmin_errores_f8,7.086686766998446e-07,0.4036225197585651,0.24380632843107838,0.1158876711813473,0.23668277196033244
AS,New_AS_147.wav,C:\Users\armga\OneDrive\Escritorio\TFG\Programacion objetivo\Bases de Datos\AS_New_3주기\New_AS_147.wav,perfil_softmin_errores_f8,1.2857578384579733e-06,0.4161923084185016,0.23266903852814153,0.10925997239462497,0.24187739490089333
AS,New_AS_148.wav,C:\Users\armga\OneDrive\Escritorio\TFG\Programacion objetivo\Bases de Datos\AS_New_3주기\New_AS_148.wav,perfil_softmin_errores_f8,2.9692321816535296e-06,0.2909594240681447,0.26772569668131074,0.142338976576122,0.29897293344224096
AS,New_AS_149.wav,C:\Users\armga\OneDrive\Escritorio\TFG\Programacion objetivo\Bases de Datos\AS_New_3주기\New_AS_149.wav,perfil_softmin_errores_f8,3.935223171837518e-06,0.40826583398730726,0.23484992647604744,0.13660259268021596,0.22027771163325752
AS,New_AS_150.wav,C:\Users\armga\OneDrive\Escritorio\TFG\Programacion objetivo\Bases de Datos\AS_New_3주기\New_AS_150.wav,perfil_softmin_errores_f8,4.827753704754099e-07,0.35591506795647576,0.2805895408029005,0.12166235616544027,0.24183255229981304
AS,New_AS_151.wav,C:\Users\armga\OneDrive\Escritorio\TFG\Programacion objetivo\Bases de Datos\AS_New_3주기\New_AS_151.wav,perfil_softmin_errores_f8,4.22097307640205e-06,0.41713973768750245,0.23010326395980535,0.11630051135953887,0.23645226602007696
AS,New_AS_152.wav,C:\Users\armga\OneDrive\Escritorio\TFG\Programacion objetivo\Bases de Datos\AS_New_3주기\New_AS_152.wav,perfil_softmin_errores_f8,4.03580180436806e-06,0.5463621852238361,0.29016694144357524,0.008061874248008551,0.15540496328277573
AS,New_AS_153.wav,C:\Users\armga\OneDrive\Escritorio\TFG\Programacion objetivo\Bases de Datos\AS_New_3주기\New_AS_153.wav,perfil_softmin_errores_f8,2.4913392357785816e-07,0.5940894365604197,0.255319940502385,0.003508696980873657,0.14708167682239803
AS,New_AS_154.wav,C:\Users\armga\OneDrive\Escritorio\TFG\Programacion objetivo\Bases de Datos\AS_New_3주기\New_AS_154.wav,perfil_softmin_errores_f8,3.520159382754518e-06,0.4998023579994838,0.30501208277725,0.007663717825845786,0.18751832123803772
AS,New_AS_155.wav,C:\Users\armga\OneDrive\Escritorio\TFG\Programacion objetivo\Bases de Datos\AS_New_3주기\New_AS_155.wav,perfil_softmin_errores_f8,1.2654566323717778e-06,0.5890824105688534,0.24920084119823174,0.004885285212099684,0.15683019756418282
AS,New_AS_156.wav,C:\Users\armga\OneDrive\Escritorio\TFG\Programacion objetivo\Bases de Datos\AS_New_3주기\New_AS_156.wav,perfil_softmin_errores_f8,9.335413151600172e-07,0.46294352507259035,0.4737017368766431,0.00024514970621136083,0.06310865480324004
AS,New_AS_157.wav,C:\Users\armga\OneDrive\Escritorio\TFG\Programacion objetivo\Bases de Datos\AS_New_3주기\New_AS_157.wav,perfil_softmin_errores_f8,6.06167042966395e-07,0.45710194012784755,0.5159571278902609,0.00017156214853912582,0.026768763666309307
AS,New_AS_158.wav,C:\Users\armga\OneDrive\Escritorio\TFG\Programacion objetivo\Bases de Datos\AS_New_3주기\New_AS_158.wav,perfil_softmin_errores_f8,4.041813508920718e-07,0.5057967374837917,0.4508794544081131,0.00024742233546455535,0.043075981591279615
AS,New_AS_159.wav,C:\Users\armga\OneDrive\Escritorio\TFG\Programacion objetivo\Bases de Datos\AS_New_3주기\New_AS_159.wav,perfil_softmin_errores_f8,2.493346044437942e-07,0.4389747446894955,0.5390051898663047,7.588859381150786e-05,0.021943927515783924
AS,New_AS_160.wav,C:\Users\armga\OneDrive\Escritorio\TFG\Programacion objetivo\Bases de Datos\AS_New_3주기\New_AS_160.wav,perfil_softmin_errores_f8,5.165630796927348e-07,0.497201977606523,0.44473386304920454,0.00017901380426898328,0.05788462897692381
AS,New_AS_161.wav,C:\Users\armga\OneDrive\Escritorio\TFG\Programacion objetivo\Bases de Datos\AS_New_3주기\New_AS_161.wav,perfil_softmin_errores_f8,2.4968955149968006e-07,0.42715614218342224,0.5377912485386412,0.00010413457736882266,0.03494822501101612
