indice_interno,distribucion,numero_capas,error_final,forma_h_final,segundos_extraccion,capa_1_rango,capa_1_error,capa_1_ortogonalidad_h,capa_2_rango,capa_2_error,capa_2_ortogonalidad_h,capa_3_rango,capa_3_error,capa_3_ortogonalidad_h,capa_4_rango,capa_4_error,capa_4_ortogonalidad_h
0,20-16-13-10,4,0.34159929791784094,10x212,0.04804399999557063,20,0.039420294066474425,0.34345901370393306,16,0.21944891528397908,0.17029928035979347,13,0.247084096950197,0.11304927495972497,10,0.3170283610826032,0.09539298817868413
1,20-16-13-10,4,0.3503903446680745,10x212,0.05565319999004714,20,0.04388184210167848,0.3718621797724546,16,0.1655523304990356,0.14497442340582875,13,0.2630323365009751,0.10936806635627014,10,0.36840730937208876,0.09212835261661417
2,20-16-13-10,4,0.34365674888825587,10x212,0.05370960000436753,20,0.03744012530412143,0.39055318542486916,16,0.17100890929846785,0.15037958798935028,13,0.21272890368449493,0.12164041756690724,10,0.3508572399021334,0.1161961588910422
3,20-16-13-10,4,0.3685735828537322,10x212,0.0409679000149481,20,0.042038779014821274,0.35797285162405246,16,0.2196511236804612,0.13127627567312009,13,0.26370088596568375,0.08678380945871182,10,0.31004403438350275,0.07986845789144757
4,20-16-13-10,4,0.31699806674702025,10x212,0.03989509999519214,20,0.04363972974888305,0.38900857446206993,16,0.17629798088698148,0.1555725868384302,13,0.24630263596193064,0.13134942502818556,10,0.313187868301027,0.12067476639429627
5,20-16-13-10,4,0.35301087068888765,10x212,0.05566069998894818,20,0.041512894985472365,0.36953415476501755,16,0.19178998606580475,0.16119224441740956,13,0.25358787107187114,0.15162686025297728,10,0.37504622521899383,0.15426101468398223
6,20-16-13-10,4,0.37012465541073936,10x212,0.0458943999838084,20,0.04004258856647152,0.3787006845715144,16,0.20795390598818733,0.14849301847671376,13,0.3027666110269015,0.12807323741188648,10,0.30676115143899113,0.10830701412531059
7,20-16-13-10,4,0.33561244633199316,10x212,0.05676219999440946,20,0.04299372052212744,0.3715303571213857,16,0.18767515591077852,0.14553396307933972,13,0.2502553406703314,0.12646940378581908,10,0.33962994660746354,0.11418407125090636
8,20-16-13-10,4,0.35831296616577746,10x212,0.04769859998486936,20,0.040087787842082126,0.4083340194597364,16,0.20502778681694975,0.16599051764369188,13,0.2780503290374224,0.13122049822194973,10,0.3122759556896007,0.13001948363886018
9,20-16-13-10,4,0.3632505588128802,10x212,0.06200490001356229,20,0.04051797325409531,0.3945205674712955,16,0.19631394384644324,0.1724871145542807,13,0.25894276465461186,0.13190157273827327,10,0.30487752394853934,0.11321757576762387
10,20-16-13-10,4,0.3228027683019877,10x212,0.04013179999310523,20,0.04210212867913064,0.392644084373567,16,0.18554666925143531,0.16195709962729393,13,0.23068190014519338,0.13061657863094395,10,0.2753030580209363,0.1214684436793353
11,20-16-13-10,4,0.3469605512904748,10x212,0.03983709999010898,20,0.04536748694618549,0.39051807366507,16,0.19484063776076693,0.17329663317491115,13,0.27823745043893783,0.1304571285961229,10,0.2903668681918958,0.12869678906711748
12,20-16-13-10,4,0.3529502886410555,10x212,0.035424399975454435,20,0.04748153214032557,0.37300604800653525,16,0.24377189030920976,0.13766154382941911,13,0.28621665391813256,0.09912479070783771,10,0.3409842302412035,0.09227904121395158
13,20-16-13-10,4,0.3416176141434122,10x212,0.04900440000346862,20,0.038755233125190455,0.33331042480038925,16,0.18212466992547705,0.15242338193785976,13,0.25412966000120646,0.11886174073647073,10,0.32779886202935066,0.11518976322898287
14,20-16-13-10,4,0.37572082153472874,10x212,0.055242500005988404,20,0.04448740445649088,0.3937383997697747,16,0.1997787969613515,0.16002488896825134,13,0.23710632324538491,0.1425426816879806,10,0.26979426490320296,0.13751253728621235
15,20-16-13-10,4,0.34773964194283086,10x212,0.05850240000290796,20,0.04183753343192581,0.3650076093274458,16,0.20937386107961992,0.16200608173143644,13,0.2504157390127069,0.1321682344830495,10,0.34065565855175245,0.11901946424741773
16,20-16-13-10,4,0.3347735911585745,10x212,0.03844460000982508,20,0.04019106094059681,0.36744695406542666,16,0.1681002250698117,0.18528128004558464,13,0.23901305743750323,0.14507160140450354,10,0.3044188171305499,0.1410035916960467
17,20-16-13-10,4,0.33706971615632064,10x212,0.04972400001133792,20,0.04454995086720028,0.41067109401782614,16,0.20682289002297255,0.15677869744336642,13,0.2707846742384637,0.1158973753815377,10,0.30504494763095513,0.102748118632919
18,20-16-13-10,4,0.35651633468789556,10x212,0.040349099988816306,20,0.04452131414628884,0.3859838255711971,16,0.19830277827836623,0.17570856206020552,13,0.24447717699311688,0.14455111110196897,10,0.2689230981258305,0.11915260463751315
19,20-16-13-10,4,0.38004427411907116,10x212,0.04686309999669902,20,0.04113310975204347,0.38782636063049447,16,0.18744618275146976,0.1562941144228205,13,0.25198317649841384,0.10205751606145569,10,0.3447749403589651,0.08600226453396435
20,20-16-13-10,4,0.38531970744394317,10x212,0.0602002999803517,20,0.03968041032821151,0.3525081504278259,16,0.1950721877109546,0.13722245836961372,13,0.25461559436082815,0.08782093283228398,10,0.35823093919899107,0.09303988534194338
21,20-16-13-10,4,0.3232386461823289,10x212,0.052190199989126995,20,0.04734639803139048,0.42561377743096274,16,0.16189393611883374,0.15934306703339374,13,0.21206504107426583,0.10592665667196559,10,0.3357824509470981,0.09754347354886317
22,20-16-13-10,4,0.35740291626490944,10x212,0.06048769998596981,20,0.04449631641114511,0.39786812508830477,16,0.18750142955949717,0.162407034980579,13,0.21985402017124347,0.12751818059731485,10,0.3533897082555072,0.10745117513902314
23,20-16-13-10,4,0.3259420802379141,10x212,0.0706699000147637,20,0.04332635991654521,0.37735083977562334,16,0.20447504556444954,0.13219462291722764,13,0.20069623490781643,0.11411411324950481,10,0.32899407780080975,0.10504831144048764
24,20-16-13-10,4,0.3713973740519974,10x212,0.045909600012237206,20,0.04690329265310676,0.36440523939067043,16,0.19805700321045983,0.1798899480015771,13,0.21620430161424717,0.14663302372744702,10,0.3610685156860866,0.1276729400297189
25,20-16-13-10,4,0.31656171653054105,10x212,0.058451299992157146,20,0.045942324858920615,0.342577091246467,16,0.19299693052148925,0.15009017605305763,13,0.18957257498633875,0.12285374105983458,10,0.24560292494656236,0.10037263986679125
26,20-16-13-10,4,0.3407717383154048,10x212,0.05817229999229312,20,0.04088602961330475,0.40519307884402406,16,0.19538137926176347,0.18359865468172173,13,0.26423334494499806,0.14112963893592126,10,0.34037137607014933,0.13445452412784611
27,20-16-13-10,4,0.33229703345828376,10x212,0.04413110000314191,20,0.03861779825009713,0.4194147838124657,16,0.23278880794865736,0.13404248771596192,13,0.32861597438385665,0.1251974902358172,10,0.3259344915759193,0.11017511663041811
28,20-16-13-10,4,0.3316840169502305,10x212,0.04286710001179017,20,0.04512349484850959,0.39250676909166665,16,0.18576247866332576,0.1534808180030166,13,0.2250149277650811,0.12427189349631608,10,0.2751334795569916,0.11133215745318369
29,20-16-13-10,4,0.3219253069656901,10x212,0.047286199987865984,20,0.04271298790481262,0.391074836613072,16,0.23176971025328635,0.13506257369298036,13,0.27532208237347155,0.10688122306401397,10,0.35468439238039484,0.08375927005204267
30,20-16-13-10,4,0.32196205712887915,10x212,0.05197039997437969,20,0.046409117791213594,0.4000046021922758,16,0.18677977006196803,0.1520375161555597,13,0.20083065044526746,0.11117279721029395,10,0.31383425773438967,0.11149265590274317
31,20-16-13-10,4,0.36949373951937614,10x212,0.053497200016863644,20,0.04605826530984629,0.37120851116138215,16,0.20443923371694778,0.16571873146648,13,0.2872111596431425,0.12420120708960297,10,0.3420954972766339,0.11366465268485379
32,20-16-13-10,4,0.32804649931019236,10x212,0.042112299997825176,20,0.04337404948327564,0.3939694574696315,16,0.19344761751943398,0.11348079267116845,13,0.25819590975199086,0.09504805926728145,10,0.33872872424676276,0.09138620645395472
33,20-16-13-10,4,0.3609812938388322,10x212,0.04899530002148822,20,0.046311195975491166,0.38261138648783066,16,0.1669576647598273,0.15290945348231363,13,0.28675197354822995,0.11218048101364526,10,0.3399558140710367,0.08264496254951187
34,20-16-13-10,4,0.35253594276246153,10x212,0.05994020000798628,20,0.04242916898714691,0.36841181057864564,16,0.20519368526949128,0.14807638709719426,13,0.23826142103374645,0.11629852855081761,10,0.36112371212256966,0.12479408934704998
35,20-16-13-10,4,0.34207639535911305,10x212,0.05664429999887943,20,0.04766234012392307,0.3905022330570516,16,0.16455095989068663,0.17874581383165858,13,0.20916236159211735,0.1293880245220567,10,0.29535989414629177,0.10762095331658011
36,20-16-13-10,4,0.3456403207319883,10x212,0.04646640000282787,20,0.02773947443045154,0.40876691695446915,16,0.18507605279280942,0.16283139724414314,13,0.2632024301747208,0.08045272978025994,10,0.3461343480777634,0.06268623413918839
37,20-16-13-10,4,0.29360164439520814,10x212,0.04649259999860078,20,0.035141545815216904,0.4269409904296828,16,0.12868155252987692,0.16933231725356507,13,0.11696756166083436,0.0805289295372997,10,0.2615469005805552,0.05947504954470772
38,20-16-13-10,4,0.3433232880459415,10x212,0.05971329999738373,20,0.03100169870295759,0.4424001375683389,16,0.14805476842952553,0.15084022295049138,13,0.2082905151857773,0.08362802140270297,10,0.3179945151362025,0.06475227901521083
39,20-16-13-10,4,0.3124912023463828,10x212,0.0632381999748759,20,0.02987013108618534,0.38986871439291604,16,0.11448949574931959,0.10475115285327065,13,0.16742231618949194,0.04804375692966827,10,0.26824351041758554,0.03451772634534201
40,20-16-13-10,4,0.3265759374149227,10x212,0.04303319999598898,20,0.031150201373258794,0.37323963948145433,16,0.17761152484761492,0.13710772909711152,13,0.25834480469210686,0.10160505509783567,10,0.3133186454307103,0.08173940481661811
41,20-16-13-10,4,0.3278276762918183,10x212,0.04460510000353679,20,0.03279416368708389,0.40703180809192946,16,0.1382466950868623,0.16738086641989952,13,0.22604505667670008,0.1187048287396402,10,0.29638057823732933,0.09225127365584954
42,20-16-13-10,4,0.3569796594316542,10x212,0.045576099975733086,20,0.029494810327006495,0.4430835053205653,16,0.14549819272733527,0.13958994464847085,13,0.2426454138589215,0.0786807182946826,10,0.320586182868058,0.06356701095504179
43,20-16-13-10,4,0.3365043591894035,10x212,0.058048400009283796,20,0.033278851890838006,0.45593885926381694,16,0.17088322728408176,0.18575838613401424,13,0.23166282483728007,0.09645561610660819,10,0.3199982737606585,0.08245628316150823
44,20-16-13-10,4,0.36637076235718485,10x212,0.047843100008321926,20,0.030523464588598444,0.44289119333423627,16,0.1672655010132865,0.14582665085024307,13,0.2580706217330063,0.07405355179031052,10,0.3215017577269064,0.05881077828685697
45,20-16-13-10,4,0.3633026017518068,10x212,0.048162000020965934,20,0.030176969611636906,0.42374654708577575,16,0.1506126228916268,0.15287411235286721,13,0.20421267860389145,0.10283819138713596,10,0.2842651023675457,0.07974389972577509
46,20-16-13-10,4,0.33904304748411807,10x212,0.047514099976979196,20,0.0345793369722621,0.4211376149289829,16,0.16902834629586425,0.17369900554825363,13,0.30227440191606764,0.12510795866201674,10,0.29234042147182543,0.10391980478934555
47,20-16-13-10,4,0.341048967790506,10x212,0.0544268999947235,20,0.03140822308678654,0.3914697301763332,16,0.14123521328319227,0.12836773105951893,13,0.1964222236902313,0.06701324109455359,10,0.3105445297682246,0.06109648575343038
48,20-16-13-10,4,0.3381864443157983,10x212,0.05451280000852421,20,0.03172007120048126,0.4530132131764227,16,0.16453642054782183,0.14222325957705687,13,0.20373614967433942,0.08568943451372657,10,0.3265535188487152,0.07343611398430398
49,20-16-13-10,4,0.30383064735795906,10x212,0.04627329998766072,20,0.033824918956274354,0.46180815201783176,16,0.17227756498021307,0.1376753628494006,13,0.22151702618301583,0.10085188534606478,10,0.2933518136439327,0.06409029017085441
50,20-16-13-10,4,0.35256338020980016,10x212,0.042113900010008365,20,0.0350864397876041,0.42856153060175217,16,0.17898294843108223,0.11013976820075728,13,0.2998798207347611,0.08167784193157476,10,0.30222436113701734,0.06115643450284945
51,20-16-13-10,4,0.3245053866393045,10x212,0.0607560999924317,20,0.03278065857848209,0.38041103239313484,16,0.1435336032984064,0.14181895515492826,13,0.17475645075260515,0.09674666792261534,10,0.27923237944907775,0.07587733441954776
52,20-16-13-10,4,0.3314154170455123,10x212,0.05007549998117611,20,0.034008179343244835,0.40977339945625596,16,0.15659593211046358,0.15851294522333675,13,0.2329945679909457,0.08885970649640071,10,0.2850529193869565,0.06940882434721257
53,20-16-13-10,4,0.30748852600916793,10x212,0.03615599998738617,20,0.027197928408214115,0.42594869631958077,16,0.17354260300497912,0.13258163934061498,13,0.19455148078700912,0.0840220489177069,10,0.3148988058286475,0.06083523941915635
54,20-16-13-10,4,0.3341443129955934,10x212,0.04918659999384545,20,0.02950706494795706,0.4437621496300206,16,0.17053088758548504,0.16262492109381485,13,0.24183781546951327,0.09264130617701102,10,0.3368432033817973,0.08385216592182285
55,20-16-13-10,4,0.32391123196560956,10x212,0.03947389998938888,20,0.031484053506383336,0.4403934741850487,16,0.1682968574081504,0.13055634559253548,13,0.23331343466187918,0.070627395269239,10,0.2830869859310176,0.049252912306182596
56,20-16-13-10,4,0.33883200675497077,10x212,0.0557167999795638,20,0.04180673951478391,0.4246449627911032,16,0.13919014808933677,0.1380429726292366,13,0.24622049331306073,0.08371712565718364,10,0.28009883565316784,0.07762979808560652
57,20-16-13-10,4,0.3204620162251768,10x212,0.048213799978839234,20,0.030369793782350187,0.4347469500237792,16,0.15089075735726692,0.14003930977620083,13,0.254998635493423,0.09108976596372645,10,0.3152779680515337,0.09058373938039745
58,20-16-13-10,4,0.36119731146808226,10x212,0.047177900007227436,20,0.03048769674497577,0.4122800437730252,16,0.16086636024022113,0.12734622915460758,13,0.3068647655091558,0.10028738168931672,10,0.272817947080479,0.08310448516270337
59,20-16-13-10,4,0.3112745296212528,10x212,0.049277199985226616,20,0.027255010182858874,0.40417606841054093,16,0.17997040025134897,0.14941195801546503,13,0.2315515231530379,0.09209476679537691,10,0.2971574769880251,0.08341830318039593
60,20-16-13-10,4,0.3522625267858741,10x212,0.06257429998368025,20,0.03490397901703723,0.4191116039442832,16,0.1778185206817752,0.1336979119872928,13,0.23096237165743713,0.08905040015202594,10,0.30541308611857537,0.07904085075484515
61,20-16-13-10,4,0.33022867442101433,10x212,0.047569000016665086,20,0.04283899288438074,0.4407732171889041,16,0.18141417866649992,0.14090044774676336,13,0.25718768021930294,0.08667520363215679,10,0.3640230159200126,0.0961104510663587
62,20-16-13-10,4,0.3613648042107853,10x212,0.06026879997807555,20,0.02940374016498568,0.4178984438046596,16,0.16348137571684818,0.15287514621496853,13,0.2168282917641812,0.07798507017283643,10,0.3519284173366851,0.0877243402504537
63,20-16-13-10,4,0.305542055025299,10x212,0.04936849998193793,20,0.03328027818033843,0.38684949652014017,16,0.14968363792691433,0.14197248307869378,13,0.19475769938233128,0.09359643235705804,10,0.2238217010966415,0.06101895069645873
64,20-16-13-10,4,0.30323584028410155,10x212,0.04485419997945428,20,0.035015925325902704,0.42872173180288264,16,0.17122277538061773,0.14188460260527602,13,0.17097294913195482,0.10049382051976744,10,0.3219495384051797,0.09564037270694739
65,20-16-13-10,4,0.3524747669699745,10x212,0.03858280001441017,20,0.029488152731721784,0.4397199342074931,16,0.1810405675973323,0.16739088815335842,13,0.24327050351166188,0.136961598310923,10,0.27687574219146355,0.1385323410681594
66,20-16-13-10,4,0.3503957100393869,10x212,0.05232320001232438,20,0.03172837241546829,0.4384992462468082,16,0.17469527892417208,0.14148673093513311,13,0.2893318481494315,0.0999599583092058,10,0.2521812071815784,0.07665500466797423
67,20-16-13-10,4,0.38732364822946347,10x212,0.05373440001858398,20,0.029022099159147947,0.445245325211804,16,0.18644729350554853,0.14170125096775443,13,0.27238477649464277,0.08812577013012131,10,0.3863450295001858,0.07916189305380106
68,20-16-13-10,4,0.3533380943360063,10x212,0.04703220000374131,20,0.039198247639503365,0.40699574203145833,16,0.19051865954445252,0.16387426890706314,13,0.22649487123747586,0.10393369382764843,10,0.3020130757014027,0.10742302325599504
69,20-16-13-10,4,0.3700847192884482,10x212,0.06496650000917725,20,0.04212887340874936,0.3784094512559455,16,0.15736989923633224,0.13264119352588877,13,0.25358823963083243,0.10531915694161743,10,0.3055485796463572,0.07040071730659389
70,20-16-13-10,4,0.3900262779915763,10x212,0.051447799982270226,20,0.04155817848595978,0.40020536722561084,16,0.2162161001928721,0.131070914289592,13,0.26589141118030696,0.08961082252871257,10,0.3649174692409275,0.08636744900828934
71,20-16-13-10,4,0.329886209570263,10x212,0.03997380001237616,20,0.03964837559549532,0.3905567459576042,16,0.1637577072156679,0.13711358194688528,13,0.24969000055691318,0.10884758973198781,10,0.31122550819311756,0.09281124272201172
72,20-16-13-10,4,0.3245896249719083,10x212,0.044007199991028756,20,0.03704162942113297,0.44094162878920146,16,0.18874337173729291,0.1951944274651826,13,0.2075396905449209,0.11936500893106378,10,0.3268552844667803,0.09629729833830039
73,20-16-13-10,4,0.36355683294108443,10x212,0.05034929999965243,20,0.046426831910827034,0.4322516170690697,16,0.18500331532133577,0.16556908344125792,13,0.26047227511842036,0.1078232171678316,10,0.27662985728408457,0.09243825902509738
74,20-16-13-10,4,0.3435574575566789,10x212,0.0464784000068903,20,0.03873989006815471,0.36054961074522585,16,0.17886553523777338,0.14924385456587386,13,0.26999211395994255,0.09976877209712892,10,0.30409716512346346,0.07824468610925925
75,20-16-13-10,4,0.34591312370162886,10x212,0.04721129999961704,20,0.04227331141552006,0.39728759153197774,16,0.16904477778981258,0.1824343162707334,13,0.22192814059432925,0.13872434418554422,10,0.30086746371052675,0.15147436825591856
76,20-16-13-10,4,0.35309197767270667,10x212,0.04137570000602864,20,0.031183602533842655,0.4380914482400251,16,0.1946889327658538,0.1511170561069225,13,0.23454311135014186,0.1409339296327847,10,0.3154406962345075,0.13412725023665079
77,20-16-13-10,4,0.3462966437594008,10x212,0.044070300005842,20,0.03679915264217543,0.40091416107152045,16,0.15596461375683568,0.15150224383441832,13,0.2158980227744699,0.1119696460814246,10,0.2931695448929299,0.0947332550318024
78,20-16-13-10,4,0.3393242949404723,10x212,0.04844220000086352,20,0.040918434172355335,0.4152150430830453,16,0.2000208180332753,0.17992486997837626,13,0.26082975312849643,0.16533574767131567,10,0.31663377755609573,0.11702004793917745
79,20-16-13-10,4,0.3969331464808838,10x212,0.044680099992547184,20,0.043870340221929094,0.41267877872074205,16,0.20758121364878354,0.14968172487455164,13,0.23340255231997498,0.1110844318008613,10,0.3431628749404528,0.11554272981113901
80,20-16-13-10,4,0.3506772092397016,10x212,0.052265699981944636,20,0.03866423016804156,0.38059472134972944,16,0.14324769668127266,0.11822925867037073,13,0.22695827968935517,0.08965971951453565,10,0.35750794064527164,0.06798341691180845
81,20-16-13-10,4,0.35384793145812193,10x212,0.04612859999178909,20,0.04276217712126205,0.4213534058255805,16,0.20218038602834634,0.1493385337354279,13,0.28241793888859285,0.11819421934731934,10,0.34087540185454757,0.10690922934226174
82,20-16-13-10,4,0.3630968350608383,10x212,0.04861389999859966,20,0.037353018203068356,0.37052510818182427,16,0.16935892189833762,0.15591182649692154,13,0.2635245029865454,0.08905653534085249,10,0.2614035596434243,0.07648282784409575
83,20-16-13-10,4,0.34621510967389224,10x212,0.05652509999345057,20,0.04633747509080145,0.39087057486386567,16,0.15732108562307326,0.1356857129590401,13,0.24686375825011495,0.09775172482722357,10,0.27409014439901597,0.07628280873013843
84,20-16-13-10,4,0.3844254716037073,10x212,0.06732230001944117,20,0.03654211767311372,0.4212479931915636,16,0.1930571751106564,0.15265464618872274,13,0.22643734552183986,0.10832308496218455,10,0.3496168320693199,0.07885215615030565
85,20-16-13-10,4,0.35842166348098636,10x212,0.06064650000189431,20,0.040330570799152594,0.41455643671140985,16,0.19484527798692752,0.15486409298583584,13,0.2825276121519558,0.13431110772380228,10,0.2916584037535839,0.10268814458990037
86,20-16-13-10,4,0.34647160274448996,10x212,0.05031049999524839,20,0.03681091683823666,0.4391583029739947,16,0.17684663897600375,0.1274744454925621,13,0.2557028882836025,0.09607848991405457,10,0.35526778523266883,0.09074883240904669
87,20-16-13-10,4,0.3284940654658461,10x212,0.061945199995534495,20,0.04175999623139124,0.39600003692146074,16,0.17485634504277386,0.14167271030698375,13,0.23601415756810545,0.10043186208301068,10,0.27565361137808037,0.0858480073684197
88,20-16-13-10,4,0.343206011096714,10x212,0.06525460002012551,20,0.038303362298540075,0.4092003902992444,16,0.13357170495350015,0.14595302922634742,13,0.22521947280249438,0.08495299300930578,10,0.31056977819989573,0.08635131913501519
89,20-16-13-10,4,0.37627163363773286,10x212,0.06818790000397712,20,0.040570421308256735,0.4031758454724619,16,0.1823488063779556,0.14312685153688257,13,0.2664845511551105,0.10832281464745443,10,0.35169271114553613,0.08757573620446975
90,20-16-13-10,4,0.36409717313086704,10x212,0.06129660000442527,20,0.03704726729457759,0.41755086730649216,16,0.19808918436188155,0.12239688493510557,13,0.26852894767804686,0.08163746956884645,10,0.3125145345368546,0.07844850357068303
91,20-16-13-10,4,0.35362617510368105,10x212,0.0643774000054691,20,0.039941925834001746,0.3995727869990823,16,0.16799102596302212,0.15128023840191382,13,0.24398165258645044,0.1088842280997649,10,0.30408533406348914,0.09917270096723071
92,20-16-13-10,4,0.3217272764589183,10x212,0.06622589999460615,20,0.03890842751690147,0.475727222262321,16,0.17957845042140827,0.16312303024423022,13,0.22163742631795733,0.09840468674813035,10,0.3740814568080034,0.0834824246123381
93,20-16-13-10,4,0.31683332924551805,10x212,0.05588709999574348,20,0.042817374680794544,0.3870230589144144,16,0.16300089081001104,0.1507637024044824,13,0.17563425930179022,0.0901850960808894,10,0.2850131189431293,0.07567527729050974
94,20-16-13-10,4,0.44143852373773,10x212,0.06884160000481643,20,0.038005531276954475,0.42646034037449165,16,0.16327552404433512,0.15787022893888317,13,0.2530703365874429,0.1019820819368885,10,0.37863140242987725,0.1034761603698735
95,20-16-13-10,4,0.3526512438993768,10x212,0.07939900000928901,20,0.039524272638961494,0.4156072636986463,16,0.18681434304884187,0.19970028096705228,13,0.2324913962908084,0.1520599386251458,10,0.34330349966289037,0.12209264905428655
96,20-16-13-10,4,0.35995954209957554,10x212,0.07992350001586601,20,0.04004244206498565,0.42078312542046264,16,0.17028162380992265,0.14639570252628134,13,0.25114604080707986,0.1060118042883773,10,0.37405675269550503,0.08152691924054517
97,20-16-13-10,4,0.35956708831834205,10x212,0.07161569999880157,20,0.042474698536800234,0.4328562423464942,16,0.16951907615272654,0.16722393015408474,13,0.2818821864105714,0.11859529248764648,10,0.31697334452158576,0.09776403313776648
98,20-16-13-10,4,0.3748300710902359,10x212,0.07821390000754036,20,0.02719501528918688,0.42714512875461436,16,0.159736670759129,0.15252081774075774,13,0.2420561117170967,0.11337509223414233,10,0.29579921247682367,0.09797729818470235
99,20-16-13-10,4,0.297770203759865,10x212,0.07625529999495484,20,0.031226349331371105,0.4308176970666732,16,0.14583649866393364,0.11889070440295525,13,0.2204450295939129,0.08280849925124739,10,0.32459991549238054,0.06814033756682482
100,20-16-13-10,4,0.3352796845444359,10x212,0.07144999998854473,20,0.029269616110024856,0.44446302314075303,16,0.1404047671733335,0.12864100888025284,13,0.21608958909543702,0.07117721807092338,10,0.3370765553717158,0.05667195174090164
101,20-16-13-10,4,0.33698716291669495,10x212,0.050097999977879226,20,0.040321923392738636,0.4002299845405375,16,0.16767780940986576,0.15934023246367068,13,0.20548274843571132,0.10689643607988686,10,0.3259210729980653,0.10285129840148281
102,20-16-13-10,4,0.35413938074168305,10x212,0.04350030000205152,20,0.02732412540845874,0.42582554565913966,16,0.19835474300996467,0.15358873234926257,13,0.20680617048164793,0.11289248745065326,10,0.34095964897459813,0.10168852700923553
103,20-16-13-10,4,0.33278408537407583,10x212,0.06172040000092238,20,0.03052222276513097,0.41602445482240297,16,0.18064227646964337,0.1485614143850235,13,0.20459974257707755,0.10804201961215369,10,0.3377975181069562,0.08639024516628087
104,20-16-13-10,4,0.32729909901610177,10x212,0.0521520999900531,20,0.030392630009030933,0.413490078844134,16,0.1397338002811478,0.17705163916830446,13,0.2081832171733733,0.12604785828951146,10,0.30212967492256293,0.1081617210712474
105,20-16-13-10,4,0.36051840826708836,10x212,0.04569749999791384,20,0.028142648615357473,0.43869905375877477,16,0.1696826872260088,0.1403506543503359,13,0.2575054500335871,0.09646216162647835,10,0.29862476787590037,0.08238690130505864
106,20-16-13-10,4,0.31503207503703257,10x212,0.055090999987442046,20,0.030308302416172002,0.44718943333691447,16,0.1619786430021204,0.14603786526357213,13,0.22299631938836711,0.08959058546049725,10,0.34451935788259613,0.06537229037953357
107,20-16-13-10,4,0.3290080391925012,10x212,0.05903579998994246,20,0.036183228351274896,0.43543894824091145,16,0.1691747468126471,0.13826353296891655,13,0.24286782241192123,0.07656830462041664,10,0.358664593878524,0.07122691048007136
108,20-16-13-10,4,0.35824848637031914,10x212,0.07149629999184981,20,0.032023306050298454,0.4335827354079987,16,0.16296276738963847,0.15447413228180623,13,0.26193977235970173,0.10225534277195397,10,0.32867432761816534,0.07500842175183665
109,20-16-13-10,4,0.3329524466313182,10x212,0.05984820000594482,20,0.03386455852903504,0.4356044401366925,16,0.1809172172614617,0.14775386377579464,13,0.22805379909222936,0.12989935134071418,10,0.3520220961113446,0.11334793776075344
110,20-16-13-10,4,0.3293886380259192,10x212,0.0659196000196971,20,0.03333572331574294,0.4538341668460392,16,0.17651488548924557,0.1375343141205017,13,0.20689277460330124,0.07612321382664265,10,0.2846017193111178,0.06247724868769594
111,20-16-13-10,4,0.33018530055965395,10x212,0.06583669999963604,20,0.0347497956084204,0.41191372594462167,16,0.16436339402368516,0.14624502168166167,13,0.24972605438728135,0.08936694134992401,10,0.28690539172840507,0.07671374072976946
112,20-16-13-10,4,0.33334362166772846,10x212,0.06327570002758875,20,0.037438740237494626,0.40355701445276326,16,0.14964823220235923,0.15302838316281536,13,0.2165413872286311,0.09676012117324614,10,0.3220087669497423,0.08478895517542911
113,20-16-13-10,4,0.33837924441750583,10x212,0.04990499999257736,20,0.036663492837169694,0.3992604582201924,16,0.15080429674609772,0.16313007492181755,13,0.21547463247912094,0.12082545265444203,10,0.34979352403284575,0.09927082447483851
114,20-16-13-10,4,0.3543970899923008,10x212,0.05066449998412281,20,0.030143537209719688,0.42463757044854045,16,0.15113864600350427,0.10686301265800544,13,0.23232773704576676,0.06898527337055423,10,0.35376157780260853,0.059695992005936165
115,20-16-13-10,4,0.366314484786056,10x212,0.061623499990673736,20,0.03611336167271835,0.3967746758898118,16,0.15315958768346222,0.16223726963087398,13,0.19860558682954849,0.11245597590874372,10,0.3063048396422762,0.10315249003906866
116,20-16-13-10,4,0.33418097603461444,10x212,0.05465190001996234,20,0.035739224331700736,0.41752153379297985,16,0.20417796686675083,0.11386927190517578,13,0.23519490111692817,0.08356748704780198,10,0.3477472441205129,0.08035829959883195
117,20-16-13-10,4,0.320896633993671,10x212,0.04809579998254776,20,0.03195583994620025,0.44469295568972944,16,0.15069350302475906,0.1333216866858085,13,0.24982860458826114,0.11437445041630048,10,0.3049172747768783,0.09961463530702806
118,20-16-13-10,4,0.36433136723737375,10x212,0.059313800011295825,20,0.03140584311090554,0.4082672495519498,16,0.16916266550374498,0.13420495574980051,13,0.22257828749376385,0.08261956602852873,10,0.3159638582618343,0.0584184321306817
119,20-16-13-10,4,0.35688423531244984,10x212,0.058915300003718585,20,0.028105038140571404,0.4407473469505211,16,0.16916497744401804,0.1558216543238307,13,0.2533992213314768,0.12192301784292894,10,0.33304836899220835,0.10738716757946519
120,20-16-13-10,4,0.3636606814595993,10x212,0.06469500000821427,20,0.03448698495010624,0.4433219753157631,16,0.16653775169438492,0.15201280810050827,13,0.18162287263729812,0.09945972746929294,10,0.28889970932034087,0.09004256631954552
121,20-16-13-10,4,0.3317305548194632,10x212,0.058971599995857105,20,0.03423038960277414,0.4349000433061662,16,0.1715119015485837,0.20515270637464814,13,0.2255076617504629,0.13579072349598123,10,0.3309745586956178,0.12185187824017277
122,20-16-13-10,4,0.34506660148352486,10x212,0.06667749999905936,20,0.02916062170753399,0.3972571122215277,16,0.1413800845615898,0.14879522784636698,13,0.21101257580620647,0.1157967690747098,10,0.2914341937255019,0.11044938399425824
123,20-16-13-10,4,0.30852388777651774,10x212,0.06438890000572428,20,0.028637062868534263,0.4413217672332683,16,0.18583142490924548,0.14898464737648515,13,0.26353175724379413,0.0798345803008535,10,0.2555382300837307,0.062120934472342515
124,20-16-13-10,4,0.3497182059235968,10x212,0.052385699993465096,20,0.03186149528424135,0.4542157875223823,16,0.1693736014934972,0.12889823249591623,13,0.24941768166016187,0.1059957476556633,10,0.3390505005407449,0.09954211552490883
125,20-16-13-10,4,0.3213431512120327,10x212,0.04740730000776239,20,0.0369527619162301,0.41410454032630384,16,0.16343544291580078,0.16019142988457238,13,0.21855973437572554,0.08004359744286643,10,0.2788820868706546,0.05143410032304623
126,20-16-13-10,4,0.2738391764822678,10x212,0.0474454999784939,20,0.028243255182201606,0.43276854829316347,16,0.1384027526136976,0.14678921437710044,13,0.155182348411906,0.06587416200831313,10,0.25954847461279346,0.037625411416360326
127,20-16-13-10,4,0.3023847295500628,10x212,0.04550920001929626,20,0.037370307619721384,0.3940032723691491,16,0.14258289491653395,0.14448149766668011,13,0.2326933576885516,0.09075275417033041,10,0.24395795654501212,0.06735060344737497
128,20-16-13-10,4,0.26229924804302146,10x212,0.0515908999950625,20,0.03198818706325407,0.41588470443987174,16,0.13592732652207598,0.12086801502752088,13,0.1826910532230263,0.04967404120683506,10,0.31716995949323046,0.025738959234433947
129,20-16-13-10,4,0.2820711631953585,10x212,0.06298750001587905,20,0.03416438428278038,0.45375776411969765,16,0.18181565365335833,0.1315210729795348,13,0.2147854986719468,0.06783427055206204,10,0.25063189130103375,0.033507590456105504
130,20-16-13-10,4,0.3268282709734082,10x212,0.06089139997493476,20,0.03520399069551372,0.42699710893982284,16,0.13364183077673578,0.15440264334475895,13,0.21156443900504007,0.0730544496855297,10,0.3227580698578961,0.0438110741773641
131,20-16-13-10,4,0.32378802294252174,10x212,0.047711299994261935,20,0.03824074347175202,0.42386278160626983,16,0.13507471599113158,0.15428120570398055,13,0.15662626687365114,0.05856834380741403,10,0.2827698455747682,0.0476842177006544
132,20-16-13-10,4,0.3313099824675642,10x212,0.05147120001493022,20,0.032362917874736545,0.3983568009358544,16,0.14192378532396982,0.15632531852647807,13,0.2416344415458635,0.040203566163534876,10,0.26993671689637055,0.02374256164618506
133,20-16-13-10,4,0.3077455492930842,10x212,0.04823710001073778,20,0.03238018265830377,0.41830096277943096,16,0.16251331818217327,0.12455424379422234,13,0.1952299800790017,0.05227756371091649,10,0.31053388671151333,0.05086307230423565
134,20-16-13-10,4,0.3671949683664284,10x212,0.06379730001208372,20,0.03801153585274482,0.32494293665452456,16,0.09521579374592007,0.1196791987587526,13,0.1889450748230805,0.037388308088881474,10,0.29950713295503745,0.02400050772418294
135,20-16-13-10,4,0.2726731549493997,10x212,0.07814040000084788,20,0.02942429141369495,0.38228458188405984,16,0.13551567466901562,0.10694119481385181,13,0.19066375646138872,0.051972587455682055,10,0.3006404243148006,0.03905779690919598
136,20-16-13-10,4,0.30371775750004176,10x212,0.0724929999851156,20,0.038335861052747104,0.41749738142927967,16,0.13877927094614972,0.11344510245005295,13,0.1905264937603345,0.07937908473929983,10,0.2721590547167303,0.04961728009909578
137,20-16-13-10,4,0.3188218702309237,10x212,0.06287329999031499,20,0.033063083670774256,0.4213932200915384,16,0.11379970543114233,0.14539476856576866,13,0.14435146495973283,0.09140045167772698,10,0.30535944635683665,0.05321080590222058
138,20-16-13-10,4,0.33987423147841495,10x212,0.05501219999860041,20,0.03465351718156495,0.38607982722441736,16,0.11020916366775244,0.14913044168105438,13,0.2009789170583607,0.08586108055332972,10,0.29450702577164617,0.05733223278405848
139,20-16-13-10,4,0.34566214645159704,10x212,0.060703499999362975,20,0.031428262255644754,0.4183464143731394,16,0.13898181824904682,0.10495078750400903,13,0.18891390512135314,0.053023393573790115,10,0.3568284395359602,0.049203987244132205
140,20-16-13-10,4,0.3091816327880888,10x212,0.05667009999160655,20,0.03448781561046776,0.42251003987819735,16,0.13580353563667755,0.13877956708959058,13,0.1970453061262236,0.09098994074578629,10,0.23372648622548323,0.07001743516584204
141,20-16-13-10,4,0.37799917988572107,10x212,0.055705999984638765,20,0.0323765377484547,0.46465983209872974,16,0.15674957235273887,0.15272898604954613,13,0.18955086180581904,0.08761536205576619,10,0.3077968065326808,0.0761411871889613
142,20-16-13-10,4,0.31967982544586004,10x212,0.04466480002156459,20,0.032229339263779924,0.38312506919037914,16,0.14552060884949028,0.1256168045523794,13,0.21234179699748942,0.05310602722686003,10,0.31363993369741744,0.04147576448005444
143,20-16-13-10,4,0.2906558373595948,10x212,0.05915889999596402,20,0.03412713268266204,0.3723917586733734,16,0.13573377963705252,0.09408915235219834,13,0.19616494803597403,0.05382160436518177,10,0.25752319062023293,0.030506715937725856
144,20-16-13-10,4,0.3040842808765181,10x212,0.06243789999280125,20,0.029558711934964645,0.43983800857579564,16,0.15388817323643694,0.14602061041061723,13,0.16316903305771557,0.10608445460376159,10,0.30122189555073653,0.061006795155627666
145,20-16-13-10,4,0.31448029529540483,10x212,0.0782177000073716,20,0.03451489206293148,0.44690581126272966,16,0.14263047581013522,0.14632422599583075,13,0.21774586251619688,0.08210551540976499,10,0.31345949861753186,0.0461092438178848
146,20-16-13-10,4,0.3221052975877773,10x212,0.07189259998267516,20,0.030626783444739934,0.4181048881100671,16,0.13497422800954056,0.15355248684925543,13,0.19189659186786456,0.08153336472877468,10,0.3337868892193069,0.07672370743114412
147,20-16-13-10,4,0.3215046388817589,10x212,0.056440999993355945,20,0.037994758207700284,0.40075171057362297,16,0.12284751627225869,0.12405566738549735,13,0.2522846655622662,0.06359609278062456,10,0.2634633637924433,0.02847736059512506
148,20-16-13-10,4,0.3443302282587551,10x212,0.06854780000867322,20,0.03605953798862793,0.4166634675021937,16,0.1575577542911096,0.12781680927123776,13,0.19487372878303666,0.04231644670365479,10,0.3227848960075724,0.03444432086935013
149,20-16-13-10,4,0.31733019815739416,10x212,0.05737809999845922,20,0.03087438557529735,0.39486511592124146,16,0.16661465582123297,0.15147437092652083,13,0.1837866907151882,0.07495072531379068,10,0.27286419205552365,0.05680133828629949
150,20-16-13-10,4,0.32598132304799743,10x212,0.05695480000576936,20,0.03444011703283517,0.43649173721175855,16,0.1305561390039881,0.13609199710027975,13,0.1914240224581323,0.07686114554404162,10,0.27063071413681766,0.0471133441923058
151,20-16-13-10,4,0.29936958382904566,10x212,0.05030209998949431,20,0.03184680394142255,0.37929535821698795,16,0.16773542094456415,0.14235252521102595,13,0.15649625161660632,0.05105089628391135,10,0.33923725409195293,0.032686149428319516
152,20-16-13-10,4,0.2959625147227366,10x212,0.058624999976018444,20,0.033826195800104666,0.42134436113426427,16,0.14132062990871458,0.14566278233310292,13,0.17014450159817598,0.04891087169304533,10,0.3204781382144522,0.03566025235071653
153,20-16-13-10,4,0.3162166375914091,10x212,0.06349480000790209,20,0.031988381479137025,0.4252728418980278,16,0.12840344796781042,0.1316123136518973,13,0.17920205105309023,0.04980864832881219,10,0.2987785281200402,0.038193082041543404
154,20-16-13-10,4,0.28931153178529395,10x212,0.059331900003599,20,0.03567953989463118,0.3725925691687479,16,0.13883555286044194,0.09824349292958283,13,0.22701993499942588,0.06189161680112749,10,0.28053351161649315,0.030643738133342497
155,20-16-13-10,4,0.29364144540893433,10x212,0.07050309999613091,20,0.034862590688670564,0.42616075733718595,16,0.13200484310443156,0.10660796898108747,13,0.2297102728157579,0.0512632161558853,10,0.2843150999857183,0.030018086429060103
156,20-16-13-10,4,0.33338178951234454,10x212,0.07419579999987036,20,0.031130642394410938,0.45702573659688134,16,0.1665514211805519,0.15182514209266204,13,0.2530982715880145,0.11297526887799236,10,0.2672435801992006,0.08409914715273993
157,20-16-13-10,4,0.34786818695997085,10x212,0.07660140001098625,20,0.04135058767130907,0.39633833151919934,16,0.19312026556847636,0.1758127041473317,13,0.209389363909128,0.13971264570742165,10,0.2683121847495748,0.10405182745344381
158,20-16-13-10,4,0.34890415976431,10x212,0.0695187000092119,20,0.03964130017609877,0.3929465954077612,16,0.2062835037988767,0.14792838747879608,13,0.2443279288201929,0.11751416480057116,10,0.35682935557661444,0.11826804795750838
159,20-16-13-10,4,0.3604776461685313,10x212,0.06351189999259077,20,0.040475367415832415,0.3561560174976831,16,0.20749577943967165,0.18929188618572956,13,0.2916804529963737,0.12773358731757625,10,0.35228667461938135,0.11100997126728605
160,20-16-13-10,4,0.3502451551044163,10x212,0.04334990002098493,20,0.04293885060413471,0.41203660925011776,16,0.21295320974741547,0.20258628559965478,13,0.27277062409122504,0.17862852404778193,10,0.29715468227743286,0.15028049658985296
161,20-16-13-10,4,0.3439778597236955,10x212,0.05206700001144782,20,0.03722586287971357,0.3627665036195972,16,0.1665391718511654,0.1697843472048096,13,0.25709783927542235,0.10923006269407327,10,0.3350712375195422,0.09636073018094697
162,20-16-13-10,4,0.3683600193460954,10x212,0.056784799991874024,20,0.040659566451125825,0.390010766101999,16,0.1847202246094055,0.16429079732942126,13,0.31293617910148597,0.14118589414653349,10,0.32700046286524326,0.1257783204481102
163,20-16-13-10,4,0.320869683042838,10x212,0.07645580000826158,20,0.04486379903700641,0.40378098271088986,16,0.2158264910413802,0.17932466798600108,13,0.26819797738308293,0.1406867260490225,10,0.34236446491552985,0.13503388660817064
164,20-16-13-10,4,0.35688404654868827,10x212,0.06732380000175908,20,0.03932436183694851,0.3617851183256891,16,0.2008305754344762,0.1812939080207556,13,0.31259915282622225,0.15367207358169152,10,0.34044961110887834,0.1572640475806152
165,20-16-13-10,4,0.31532575103039345,10x212,0.06627079998725094,20,0.045751854412770285,0.388707073499321,16,0.1788795980141762,0.16492394593508095,13,0.27216608184162716,0.11827780353138483,10,0.32313975626495745,0.1082222237539095
166,20-16-13-10,4,0.3545665499094997,10x212,0.059482600016053766,20,0.041401413279207884,0.3701586105689221,16,0.16408807228773875,0.17805172664350408,13,0.23064320166879587,0.12939180601689623,10,0.2906457054451273,0.12354843223472639
167,20-16-13-10,4,0.34345378774635654,10x212,0.049127800011774525,20,0.0457576716716684,0.3664667622009254,16,0.18837466480137705,0.14075717421215322,13,0.19886855838872555,0.10716621032300659,10,0.3031216786059263,0.09313211920960962
