indice_interno,base,clase,archivo,distribucion,representacion,numero_capas,inicializacion_onmf,error_final,forma_h_final,segundos_extraccion_deep,capa_1_rango,capa_1_error,capa_1_ortogonalidad_h,capa_1_segundos,capa_2_rango,capa_2_error,capa_2_ortogonalidad_h,capa_2_segundos,capa_3_rango,capa_3_error,capa_3_ortogonalidad_h,capa_3_segundos,capa_4_rango,capa_4_error,capa_4_ortogonalidad_h,capa_4_segundos
0,original,N,New_N_001.wav,32-20-13-8,DeepONMF_H4,4,nndsvd,0.24900638011351087,8x212,0.08149780007079244,32,0.07929347998837397,0.18611401390629442,0.048699299921281636,20,0.05570865885833766,0.132426047401899,0.013682999997399747,13,0.056588568019316034,0.1861455756343919,0.012265100027434528,8,0.058836269414637925,0.21088892542596024,0.005505500012077391
1,original,N,New_N_002.wav,32-20-13-8,DeepONMF_H4,4,nndsvd,0.24825648235382541,8x212,0.0822084000101313,32,0.07026255061705723,0.1835392468222441,0.04970530001446605,20,0.056214130519289675,0.14579655728294752,0.01647849997971207,13,0.057008822091618276,0.15795615245074343,0.00702719995751977,8,0.06144712272198495,0.18640388965978363,0.007346100057475269
2,original,N,New_N_003.wav,32-20-13-8,DeepONMF_H4,4,nndsvd,0.24920472448158928,8x212,0.09276739996857941,32,0.07516511926514476,0.14249693196497967,0.05075970001053065,20,0.055696247187042934,0.1325854903489752,0.018225700012408197,13,0.05741401736368414,0.13648284220592363,0.012976799975149333,8,0.0616189166798534,0.21028607327796317,0.009574999916367233
3,original,N,New_N_004.wav,32-20-13-8,DeepONMF_H4,4,nndsvd,0.2497972514458806,8x212,0.08258349995594472,32,0.07496416492891794,0.16616513792103157,0.049314800067804754,20,0.055987386487560145,0.13314500167209448,0.011855700053274632,13,0.057839915415640444,0.14925961541341215,0.009757899912074208,8,0.06139036228775305,0.23054588401031825,0.01037430006545037
4,original,N,New_N_005.wav,32-20-13-8,DeepONMF_H4,4,nndsvd,0.24826430949197328,8x212,0.07194729999173433,32,0.07419141360985647,0.16014926946507496,0.04536940006073564,20,0.05582676914888441,0.15400666373018976,0.011474700062535703,13,0.057237011943942054,0.1827729265337374,0.007024499936960638,8,0.059152973560552796,0.237095305114124,0.006746600032784045
5,original,N,New_N_006.wav,32-20-13-8,DeepONMF_H4,4,nndsvd,0.24881344579310327,8x212,0.07427570002619177,32,0.07912703718034149,0.16825745489085286,0.050447799963876605,20,0.056064908806557706,0.16155786926985147,0.009579000063240528,13,0.05668197428159596,0.173593528710752,0.008190699969418347,8,0.058951842176870294,0.2247853447844956,0.004759499919600785
6,original,N,New_N_007.wav,32-20-13-8,DeepONMF_H4,4,nndsvd,0.25151947462468177,8x212,0.06885030004195869,32,0.07068937971588113,0.16727290083080018,0.04522319999523461,20,0.05670958502283378,0.1506158766285372,0.009694500011391938,13,0.05903637140431009,0.1773159757909778,0.007911100052297115,8,0.062466238199790663,0.2268316094664374,0.004751899978145957
7,original,N,New_N_008.wav,32-20-13-8,DeepONMF_H4,4,nndsvd,0.24895432732188533,8x212,0.06916559999808669,32,0.0687852892510947,0.15233077455161587,0.0442826000507921,20,0.05636637230782564,0.13919709568414015,0.011047599953599274,13,0.056845216806815556,0.16197877311212222,0.00700209999922663,8,0.06536999984949221,0.20211317325965059,0.005513199954293668
8,original,N,New_N_009.wav,32-20-13-8,DeepONMF_H4,4,nndsvd,0.2524827618665271,8x212,0.06875780003610998,32,0.07285645708909608,0.16172143055098973,0.04465129994787276,20,0.056589656122201376,0.13232766978263266,0.01071489998139441,13,0.057814483318237915,0.13945877298226625,0.006861100089736283,8,0.06299551894250302,0.18495885954475755,0.004894500016234815
9,original,N,New_N_010.wav,32-20-13-8,DeepONMF_H4,4,nndsvd,0.2512249410184309,8x212,0.0671586999669671,32,0.08006989994428718,0.14547202814200863,0.04284489993005991,20,0.0562514605404028,0.1423658145210531,0.010772300069220364,13,0.0573670373137657,0.17518907567408734,0.006896500010043383,8,0.063584809133345,0.20587536249768462,0.00535579991992563
10,original,N,New_N_011.wav,32-20-13-8,DeepONMF_H4,4,nndsvd,0.25199292686568314,8x212,0.06717870000284165,32,0.07173494146332891,0.17277975729954134,0.04308780003339052,20,0.055983860681655374,0.1420804466555097,0.010270599974319339,13,0.05694901004796421,0.1625448439603796,0.007467800052836537,8,0.06353803384241583,0.24708270548368394,0.005125200026668608
11,original,N,New_N_012.wav,32-20-13-8,DeepONMF_H4,4,nndsvd,0.25052761058762546,8x212,0.06569730001501739,32,0.07042620417564385,0.17232841064631615,0.04241539991926402,20,0.05705475578556058,0.14670403814301244,0.010165499988943338,13,0.05745241026151204,0.1627588053297047,0.006874099955894053,8,0.060726155539607495,0.2549816171686653,0.004958100034855306
12,original,N,New_N_013.wav,32-20-13-8,DeepONMF_H4,4,nndsvd,0.2527906232617763,8x212,0.06861910002771765,32,0.07840521547994397,0.16438892415494047,0.04277830000501126,20,0.055838828237741604,0.1491495597091045,0.011589300003834069,13,0.05829620771641824,0.18199138335262438,0.00716949999332428,8,0.06114624205618805,0.24774324123874836,0.005813800031319261
13,original,N,New_N_014.wav,32-20-13-8,DeepONMF_H4,4,nndsvd,0.24910950120172018,8x212,0.06693319999612868,32,0.07474842182877409,0.1797476370904542,0.04140660003758967,20,0.05582674691230174,0.16305535940332352,0.011441799928434193,13,0.05701264319204247,0.19158435910703261,0.006867399904876947,8,0.05957481532157864,0.29488081678635353,0.0061645000241696835
14,original,N,New_N_015.wav,32-20-13-8,DeepONMF_H4,4,nndsvd,0.25285438520699427,8x212,0.06857859995216131,32,0.07497704434100567,0.1668178075383868,0.04185989999677986,20,0.056687461550860754,0.1271921424879787,0.012028399971313775,13,0.05792301023620528,0.15772451515317476,0.007024999940767884,8,0.06171267307069491,0.21515501936343057,0.006383499945513904
15,original,N,New_N_016.wav,32-20-13-8,DeepONMF_H4,4,nndsvd,0.25128331237373513,8x212,0.07687840005382895,32,0.07291156548214045,0.14396617573871093,0.04196089995093644,20,0.05611520860571415,0.1118076835645815,0.010734000010415912,13,0.05783265580954223,0.14197607382717747,0.011949100065976381,8,0.06428478810481512,0.20773240771000043,0.010972899966873229
16,original,N,New_N_017.wav,32-20-13-8,DeepONMF_H4,4,nndsvd,0.25289851389430085,8x212,0.08864049997646362,32,0.0769392455213653,0.16367572482858853,0.05579369992483407,20,0.05590766242549027,0.10531268530829625,0.018035899964161217,13,0.057691881582406644,0.110370617559316,0.006861099973320961,8,0.06374454720069285,0.16872226231412604,0.006882299901917577
17,original,N,New_N_018.wav,32-20-13-8,DeepONMF_H4,4,nndsvd,0.24984187209440642,8x212,0.06865719996858388,32,0.07720585697632612,0.16602185162075664,0.04391170002054423,20,0.05626115372033244,0.13420035274738923,0.010641400003805757,13,0.05710153918681476,0.15772577557603923,0.007062499993480742,8,0.06005512737442286,0.1677502404246054,0.005845900042913854
18,original,N,New_N_019.wav,32-20-13-8,DeepONMF_H4,4,nndsvd,0.25053711334718487,8x212,0.06916329998057336,32,0.07870255835131475,0.16431731380893963,0.04240019991993904,20,0.056021401273855666,0.14619020443564873,0.01085999992210418,13,0.05796501235151417,0.17154478768191297,0.009826900088228285,8,0.060377145865482575,0.21889082366702,0.004796499968506396
19,original,N,New_N_020.wav,32-20-13-8,DeepONMF_H4,4,nndsvd,0.24907555806768863,8x212,0.06937809998635203,32,0.07811461513396749,0.17254089501170256,0.04556050000246614,20,0.05589280287357573,0.16462728353339479,0.009726100019179285,13,0.05696367194353095,0.15544454647864378,0.00807169999461621,8,0.05999497170061102,0.19719318285284718,0.004776600049808621
20,original,N,New_N_021.wav,32-20-13-8,DeepONMF_H4,4,nndsvd,0.24850315517936053,8x212,0.06998599995858967,32,0.07151603501741101,0.17010599709398286,0.04567370004951954,20,0.05622810875078737,0.15883255694298284,0.01085989992134273,13,0.05665758836979496,0.16520568871727942,0.007222700049169362,8,0.06097974308356476,0.19930401214973922,0.00471610005479306
21,original,N,New_N_022.wav,32-20-13-8,DeepONMF_H4,4,nndsvd,0.2475710770427092,8x212,0.0709469000576064,32,0.07401646772481633,0.16586636105104577,0.0441809999756515,20,0.056254209286594,0.13061069476169826,0.012437799945473671,13,0.05640076084394453,0.1227718694265393,0.007238399935886264,8,0.05959174493077239,0.15639539015192425,0.005797699908725917
22,original,N,New_N_023.wav,32-20-13-8,DeepONMF_H4,4,nndsvd,0.2549918876003261,8x212,0.06831459992099553,32,0.07001764508507465,0.1383546304673012,0.043522999971173704,20,0.056458674693851386,0.1131191526676302,0.01075370004400611,13,0.05949291401264891,0.1321671505228844,0.007174200029112399,8,0.06658196396701162,0.16233860279932702,0.005801600054837763
23,original,N,New_N_024.wav,32-20-13-8,DeepONMF_H4,4,nndsvd,0.2508231686524077,8x212,0.0673532000510022,32,0.07308032949368015,0.16321501364918606,0.04237220005597919,20,0.05647397520339278,0.12115487536865255,0.011202999972738326,13,0.058096325192047577,0.1298879125953301,0.006889500073157251,8,0.0632907423687358,0.13883027164399042,0.0057845000410452485
24,original,N,New_N_025.wav,32-20-13-8,DeepONMF_H4,4,nndsvd,0.25625261417408746,8x212,0.06805810006335378,32,0.07574894936582957,0.14983526878842857,0.04306769999675453,20,0.0567337251959358,0.11592289379210263,0.01066749996971339,13,0.05969188687666307,0.13550534694270228,0.007157800020650029,8,0.06929695054307261,0.1787038297321428,0.0060876000206917524
25,original,N,New_N_026.wav,32-20-13-8,DeepONMF_H4,4,nndsvd,0.2542403616764166,8x212,0.06687699991744012,32,0.0754713119413742,0.16788214488556338,0.04164690000470728,20,0.056289657075658035,0.12573952314750728,0.011075500049628317,13,0.05733486228786686,0.14861609832104092,0.00736799999140203,8,0.06706465203829784,0.18581536081487204,0.005686999997124076
26,original,N,New_N_027.wav,32-20-13-8,DeepONMF_H4,4,nndsvd,0.24963202504377913,8x212,0.06887610000558197,32,0.07382439302800366,0.15669821847361617,0.04371600004378706,20,0.05607172790576399,0.1284097018376065,0.010867699980735779,13,0.05790772960637492,0.16442017990432514,0.008319699903950095,8,0.05967262282237855,0.23706807969598573,0.004801799892447889
27,original,N,New_N_028.wav,32-20-13-8,DeepONMF_H4,4,nndsvd,0.2484556118116605,8x212,0.066483199945651,32,0.07359915139763114,0.1492673417127449,0.04224930005148053,20,0.05583540794368281,0.13173671869435277,0.009929799940437078,13,0.05646869507825225,0.12156697559235596,0.008082700078375638,8,0.05978647550447546,0.19125742118639957,0.004822400049306452
28,original,N,New_N_029.wav,32-20-13-8,DeepONMF_H4,4,nndsvd,0.2509986738842011,8x212,0.08315959991887212,32,0.07238967798134721,0.16936106390008163,0.045653600012883544,20,0.056590472347267315,0.1283477069772766,0.016901700058951974,13,0.05802024434313194,0.14038757936944263,0.009925800026394427,8,0.06202673509155491,0.15270443154131277,0.009541700012050569
29,original,N,New_N_030.wav,32-20-13-8,DeepONMF_H4,4,nndsvd,0.251944821319576,8x212,0.08215920010115951,32,0.07650379778708873,0.17031037884493638,0.05209609994199127,20,0.05903336097434018,0.13154044802212073,0.013012300012633204,13,0.05803623874228728,0.13138653478521997,0.008638500003144145,8,0.061002967417490846,0.1849196671315248,0.007092299987562001
30,original,N,New_N_031.wav,32-20-13-8,DeepONMF_H4,4,nndsvd,0.25208526956626337,8x212,0.08333880000282079,32,0.07658089837759303,0.16358389876611676,0.04306249995715916,20,0.05674321595168882,0.1286758355920373,0.01833650004118681,13,0.057147126321674076,0.17288221574076124,0.011976499925367534,8,0.06473668158603266,0.24245061104884216,0.008756799972616136
31,original,N,New_N_032.wav,32-20-13-8,DeepONMF_H4,4,nndsvd,0.25226759403515087,8x212,0.0880786000052467,32,0.07477071896596597,0.15392656275772945,0.051523400004953146,20,0.056950541270787705,0.0951417967732882,0.019188800011761487,13,0.05866304881224866,0.1032976606522742,0.011105099925771356,8,0.06496431463809166,0.13046083670777758,0.004947099951095879
32,original,N,New_N_033.wav,32-20-13-8,DeepONMF_H4,4,nndsvd,0.25394967965281495,8x212,0.08209470007568598,32,0.07182058302981043,0.16238129287200218,0.052977200015448034,20,0.05642911022691854,0.12189445189870214,0.013611799920909107,13,0.05985912025214448,0.1630954526520629,0.008677499950863421,8,0.06268231728379407,0.22972396539659407,0.005585000035353005
33,original,N,New_N_034.wav,32-20-13-8,DeepONMF_H4,4,nndsvd,0.2495552017804421,8x212,0.08423249993938953,32,0.07444585251482601,0.15862582406845419,0.04994080006144941,20,0.05604706536633252,0.12624016475933578,0.013022899976931512,13,0.057052317371042896,0.12143021276768966,0.010213800007477403,8,0.06306650778189411,0.1562655873802424,0.009770699893124402
34,original,N,New_N_035.wav,32-20-13-8,DeepONMF_H4,4,nndsvd,0.2494945893756527,8x212,0.07420679996721447,32,0.07458857929698097,0.16348042384196285,0.04853239993099123,20,0.05622108547634185,0.13577156357238973,0.01154610002413392,13,0.05792956793483232,0.15026163680312002,0.007288800086826086,8,0.059228394826288354,0.20493124671331792,0.005379499983973801
35,original,N,New_N_036.wav,32-20-13-8,DeepONMF_H4,4,nndsvd,0.25229912752542066,8x212,0.0782567000715062,32,0.07399448938607395,0.15435830485838,0.05054359999485314,20,0.05634361824100641,0.13282722653534942,0.012656499980948865,13,0.05653290621219479,0.17653631062951491,0.008613700047135353,8,0.06197562513924984,0.23418201789094625,0.004869900061748922
36,original,N,New_N_037.wav,32-20-13-8,DeepONMF_H4,4,nndsvd,0.2437260020978266,8x212,0.07944050000514835,32,0.06741653524848953,0.14145426612408457,0.05220550007652491,20,0.05533159986355585,0.14621819611386697,0.012425500084646046,13,0.05557401546739444,0.16986764886901662,0.00849399995058775,8,0.0582628018595329,0.16023441483982306,0.005197299993596971
37,original,N,New_N_038.wav,32-20-13-8,DeepONMF_H4,4,nndsvd,0.24318846087658616,8x212,0.07836719998158514,32,0.06815547626210194,0.14079424462784934,0.04990919993724674,20,0.05539896824412596,0.1347818667181687,0.011205699993297458,13,0.055676429292491385,0.17438700235825821,0.007114299922250211,8,0.05655463346909482,0.2122601682199856,0.008912799996323884
38,original,N,New_N_039.wav,32-20-13-8,DeepONMF_H4,4,nndsvd,0.2432237481910964,8x212,0.08486750000156462,32,0.0673776969333714,0.1353719476811116,0.05197650007903576,20,0.055501448187622905,0.11776186607797504,0.011614599963650107,13,0.05552763847364228,0.12536401396513955,0.010342399938963354,8,0.057619842047546714,0.1742131354305679,0.009645899990573525
39,original,N,New_N_040.wav,32-20-13-8,DeepONMF_H4,4,nndsvd,0.24272234813357754,8x212,0.08208730001933873,32,0.066969897787309,0.1431589211235561,0.054306200006976724,20,0.05535687691096681,0.13100304495088685,0.012744000065140426,13,0.05568814496748128,0.14861242895686283,0.007674499996937811,8,0.056654551409774205,0.18882083837446004,0.006204299977980554
40,original,N,New_N_041.wav,32-20-13-8,DeepONMF_H4,4,nndsvd,0.24373319535063134,8x212,0.07035399996675551,32,0.06439401768272764,0.15680142856956497,0.043938999995589256,20,0.05553485690886041,0.1277912528144853,0.011207100003957748,13,0.05577483664234542,0.14984713000286698,0.008242800016887486,8,0.057285867872623034,0.18715198385418302,0.005639599985443056
41,original,N,New_N_042.wav,32-20-13-8,DeepONMF_H4,4,nndsvd,0.24443107784292264,8x212,0.07513150002341717,32,0.06465823125315501,0.17227473517930855,0.048960399930365384,20,0.055536347857344556,0.11115394354110497,0.011510299984365702,13,0.05612497141485251,0.1055490226662251,0.008057900005951524,8,0.05898127724193404,0.15634193924839201,0.004996799980290234
42,original,N,New_N_043.wav,32-20-13-8,DeepONMF_H4,4,nndsvd,0.24382414480481332,8x212,0.0819510999135673,32,0.06477887834997419,0.16845105225566845,0.05182240006979555,20,0.05554793669230843,0.1226053470036945,0.009921999997459352,13,0.05575784220700137,0.1572391916955025,0.008738599950447679,8,0.05635820568987597,0.20080072429489018,0.009843199979513884
43,original,N,New_N_044.wav,32-20-13-8,DeepONMF_H4,4,nndsvd,0.243161733824343,8x212,0.08249079994857311,32,0.06287240132756146,0.1775352820110021,0.05543319997377694,20,0.05554033972417505,0.14821908539652168,0.012665200047194958,13,0.05576012989730697,0.1673637040266049,0.008150800014846027,8,0.05676228883430529,0.24479468972971358,0.004994999966584146
44,original,N,New_N_045.wav,32-20-13-8,DeepONMF_H4,4,nndsvd,0.2455067093768346,8x212,0.09091040003113449,32,0.06532705422547656,0.15592277715295777,0.044992499984800816,20,0.05560816865740986,0.12813985110549575,0.017694500042125583,13,0.056516243640575496,0.119621421694856,0.0153330999892205,8,0.060751914243158484,0.17092552472876438,0.011579799931496382
45,original,N,New_N_046.wav,32-20-13-8,DeepONMF_H4,4,nndsvd,0.24366387939585835,8x212,0.07004350004717708,32,0.06468956042319879,0.1748783076353821,0.0464151999913156,20,0.05548941103973132,0.12039751185380101,0.010316599975340068,13,0.05616132482480502,0.1614323981586851,0.007046299986541271,8,0.057225487005306254,0.2768610722834845,0.005053100059740245
46,original,N,New_N_047.wav,32-20-13-8,DeepONMF_H4,4,nndsvd,0.24474656881465057,8x212,0.06714599998667836,32,0.06420893355504309,0.15641836844349633,0.04018659994471818,20,0.05558773357440179,0.12138066313105494,0.010524200042709708,13,0.056177791250159106,0.1376271240611512,0.010428300010971725,8,0.0574634801782485,0.18317818990763501,0.00496350007597357
47,original,N,New_N_048.wav,32-20-13-8,DeepONMF_H4,4,nndsvd,0.2442832308677896,8x212,0.07316430006176233,32,0.06894716196194871,0.1627593118432539,0.04482289997395128,20,0.05548020983695878,0.13432879917745214,0.011009300011210144,13,0.05561292152488139,0.14068432721984167,0.008176299976184964,8,0.05755401709532885,0.19885379473256606,0.007688499987125397
48,original,N,New_N_049.wav,32-20-13-8,DeepONMF_H4,4,nndsvd,0.2428803780510105,8x212,0.06907670001965016,32,0.06113858560116075,0.18922310722872743,0.04333300003781915,20,0.05549742513453469,0.15270589813649066,0.011537200072780252,13,0.05593249214273969,0.1509029146051617,0.007470599957741797,8,0.05677974068564954,0.1718710152124791,0.005552600021474063
49,original,N,New_N_050.wav,32-20-13-8,DeepONMF_H4,4,nndsvd,0.24327302729753605,8x212,0.0643884000601247,32,0.06528639614874715,0.16481197037957676,0.04077960003633052,20,0.05544297653117691,0.11608658048885456,0.0100897999946028,13,0.055957203599915864,0.12617938165394202,0.0076648000394925475,8,0.05678804132656363,0.1481810667231245,0.004759899922646582
50,original,N,New_N_051.wav,32-20-13-8,DeepONMF_H4,4,nndsvd,0.24518016781024835,8x212,0.06455499993171543,32,0.06506499423660075,0.13352931410989283,0.041192300035618246,20,0.055991026694068094,0.11458160247583932,0.010370700038038194,13,0.05618422137063295,0.14675685577417932,0.007129699923098087,8,0.05867776923847962,0.15219261960569092,0.00479129992891103
51,original,N,New_N_052.wav,32-20-13-8,DeepONMF_H4,4,nndsvd,0.2437322666114788,8x212,0.0640379999531433,32,0.06400360650381973,0.1656146065031281,0.040758500108495355,20,0.05548883399564852,0.13437344753319536,0.00965699995867908,13,0.05609984946517595,0.15229860765643266,0.007650499930605292,8,0.057067960588043656,0.23583002948984616,0.0048226999351754785
52,original,N,New_N_053.wav,32-20-13-8,DeepONMF_H4,4,nndsvd,0.2434997447260509,8x212,0.06506759999319911,32,0.06559421716592655,0.17248503035495727,0.04086249996908009,20,0.0554333235883055,0.13554033188386347,0.010507800034247339,13,0.05571520776013381,0.1905131691106599,0.007475899998098612,8,0.05678015409094302,0.3097087342265641,0.004951599985361099
53,original,N,New_N_054.wav,32-20-13-8,DeepONMF_H4,4,nndsvd,0.24315752943370372,8x212,0.06382039992604405,32,0.06431819779223334,0.16427895858002878,0.039701799978502095,20,0.0555224142364491,0.1272142001776111,0.010199700016528368,13,0.05588729060118138,0.1727930166233592,0.007877999916672707,8,0.056181903670726584,0.23769614214380022,0.004955500015057623
54,original,N,New_N_055.wav,32-20-13-8,DeepONMF_H4,4,nndsvd,0.24316943038628117,8x212,0.06315439997706562,32,0.06260752736433618,0.17197655801614306,0.03994950000196695,20,0.05547887709111198,0.14552232476308086,0.009968099999241531,13,0.05567584732515308,0.19228578134673677,0.0068403000477701426,8,0.05824485769099775,0.20735591511042845,0.005157899926416576
55,original,N,New_N_056.wav,32-20-13-8,DeepONMF_H4,4,nndsvd,0.24504194281898808,8x212,0.06365140003617853,32,0.06435085400848986,0.1794600747777352,0.039442299981601536,20,0.05563630204110739,0.1303818353268677,0.010402700048871338,13,0.05717354158587997,0.13605170240410805,0.006975900032557547,8,0.057445682999734723,0.2088441579214777,0.005752400029450655
56,original,N,New_N_057.wav,32-20-13-8,DeepONMF_H4,4,nndsvd,0.24318758850023894,8x212,0.06211429997347295,32,0.06394766868487504,0.19701165138537455,0.038970099994912744,20,0.05550497154279479,0.15533550633761065,0.01011820009443909,13,0.05559701145363183,0.16549247589559635,0.006900399923324585,8,0.05638222786794057,0.24085921330366503,0.004930499941110611
57,original,N,New_N_058.wav,32-20-13-8,DeepONMF_H4,4,nndsvd,0.24306128629065687,8x212,0.06599549995735288,32,0.06253992143572082,0.19035156601045625,0.04188939998857677,20,0.05553203855433662,0.13048201097339834,0.01022739999461919,13,0.0559606936259924,0.1693527658623056,0.007549299974925816,8,0.0567681442930559,0.24667331723895858,0.005188299925066531
58,original,N,New_N_059.wav,32-20-13-8,DeepONMF_H4,4,nndsvd,0.24305731148729795,8x212,0.07355849992018193,32,0.0653472164102462,0.16940143828554016,0.049596099997870624,20,0.05547553937492304,0.15369033591126313,0.010031800018623471,13,0.05561558614173726,0.20102436330021475,0.006823600037023425,8,0.05675350305301021,0.24745842702930407,0.006057200022041798
59,original,N,New_N_060.wav,32-20-13-8,DeepONMF_H4,4,nndsvd,0.24367773743717178,8x212,0.06288029998540878,32,0.06831707949933045,0.19000643541266954,0.03990430000703782,20,0.05545109867217422,0.13730512218010602,0.009990900056436658,13,0.055509791403110714,0.16963094253304184,0.006838100031018257,8,0.05643533900797626,0.225595083672973,0.005090199992991984
60,original,N,New_N_061.wav,32-20-13-8,DeepONMF_H4,4,nndsvd,0.24479698531297206,8x212,0.0653647999279201,32,0.0644539144245649,0.16811545433363018,0.04230879992246628,20,0.05556405555430986,0.12435613035289128,0.010245100012980402,13,0.05669029139826214,0.1190601216247799,0.006892999983392656,8,0.057500325970509955,0.202585006655272,0.0048331000143662095
61,original,N,New_N_062.wav,32-20-13-8,DeepONMF_H4,4,nndsvd,0.24243743811292304,8x212,0.09296530007850379,32,0.06319461237175099,0.20111795643978192,0.04623049998190254,20,0.05540820323433429,0.19875307276833928,0.01955409999936819,13,0.05557801436763752,0.24701854076119106,0.015306300017982721,8,0.05618159332550403,0.3160243801903365,0.010800300049595535
62,original,N,New_N_063.wav,32-20-13-8,DeepONMF_H4,4,nndsvd,0.2439552908614464,8x212,0.06593279994558543,32,0.06395128637281168,0.1579235841704915,0.041949499980546534,20,0.055615658959346635,0.15397405019807542,0.00983660004567355,13,0.05628727997014437,0.175544459670705,0.008218499948270619,8,0.05715013509537768,0.2397273810203256,0.004836200037971139
63,original,N,New_N_064.wav,32-20-13-8,DeepONMF_H4,4,nndsvd,0.24303315571667347,8x212,0.064888900029473,32,0.06196307221831494,0.16356515159022236,0.04113829997368157,20,0.055566080433618305,0.10831867231626433,0.010177600081078708,13,0.05615558576182095,0.15254196865227249,0.007065500016324222,8,0.05765974075574841,0.24683188457110436,0.005311799934133887
64,original,N,New_N_065.wav,32-20-13-8,DeepONMF_H4,4,nndsvd,0.24410289780556838,8x212,0.06695520004723221,32,0.06425122128125135,0.1589745239714802,0.04176930000539869,20,0.05549153923593419,0.1226511859036967,0.011333800037391484,13,0.056402875175192525,0.14603878205716497,0.006975300027988851,8,0.05840998041709301,0.18809644426487235,0.005633599939756095
65,original,N,New_N_066.wav,32-20-13-8,DeepONMF_H4,4,nndsvd,0.24291950746788005,8x212,0.06441330001689494,32,0.06225064375095006,0.1719904948107581,0.04036009998526424,20,0.055473678991202896,0.15259171337250887,0.010656900005415082,13,0.0557502160338278,0.1717457745458097,0.006969500100240111,8,0.057597983245730865,0.20237443073053699,0.005385500029660761
66,original,N,New_N_067.wav,32-20-13-8,DeepONMF_H4,4,nndsvd,0.24316523739763976,8x212,0.06469000002834946,32,0.06132393509349244,0.18394851374176405,0.039765599998645484,20,0.055685700844712555,0.14466523666404138,0.01109750010073185,13,0.055653686314652354,0.19652398275361876,0.006930700037628412,8,0.05765687971358509,0.22145216735615422,0.005727400071918964
67,original,N,New_N_068.wav,32-20-13-8,DeepONMF_H4,4,nndsvd,0.2449522852443016,8x212,0.06248770002275705,32,0.06529992542293382,0.15904041879801967,0.039457499980926514,20,0.055668107447387566,0.1243887494265516,0.010118999984115362,13,0.05623446201472926,0.1505622046317667,0.006868100026622415,8,0.05908793016609487,0.20872049065591217,0.0048316000029444695
68,original,N,New_N_069.wav,32-20-13-8,DeepONMF_H4,4,nndsvd,0.24568052912207103,8x212,0.06351789995096624,32,0.06859015664529348,0.1475045435058761,0.04053060000296682,20,0.05566405709467754,0.1285239725772412,0.009840399958193302,13,0.056718297192502355,0.16089090708990436,0.007189200026914477,8,0.05775045324214732,0.24412497559179394,0.004881499917246401
69,original,N,New_N_070.wav,32-20-13-8,DeepONMF_H4,4,nndsvd,0.2474260405998462,8x212,0.06238050002139062,32,0.06943632665124666,0.14151939690214635,0.03880820004269481,20,0.055977705635987,0.1351681239048406,0.009955100016668439,13,0.057508494892332764,0.16750451793108015,0.007606200058944523,8,0.060615812356352376,0.2474628672909755,0.004805500037036836
70,original,N,New_N_071.wav,32-20-13-8,DeepONMF_H4,4,nndsvd,0.24501114250674344,8x212,0.06534779991488904,32,0.06555457350520093,0.16368786182372877,0.04071580001618713,20,0.05564907532047544,0.15093249168801093,0.01051520009059459,13,0.055925328948551775,0.16785595395884784,0.007230999995954335,8,0.05839719896783417,0.21342998155367265,0.005628999904729426
71,original,N,New_N_072.wav,32-20-13-8,DeepONMF_H4,4,nndsvd,0.2459009604240552,8x212,0.06456829991657287,32,0.07018868154183747,0.14043974461448513,0.04038869997020811,20,0.055596343953455404,0.143953987755016,0.010634299949742854,13,0.05611100549457635,0.15989099228431106,0.007151399971917272,8,0.05976187173619139,0.25654054736327836,0.005417900043539703
72,original,N,New_N_073.wav,32-20-13-8,DeepONMF_H4,4,nndsvd,0.24694448109162695,8x212,0.06621399999130517,32,0.06950725497990673,0.15243811765794027,0.04130429995711893,20,0.05569549094629979,0.14492374866601787,0.01167230005376041,13,0.056286051305676287,0.1605120341734332,0.006857299944385886,8,0.059793480442788566,0.21293527670528917,0.005361399962566793
73,original,N,New_N_074.wav,32-20-13-8,DeepONMF_H4,4,nndsvd,0.24527239422022998,8x212,0.06690179998986423,32,0.06614212973925242,0.16300057587570105,0.042964500025846064,20,0.05582071654903708,0.1325798713180789,0.01013569999486208,13,0.05608135818735466,0.15501001211556856,0.006918900064192712,8,0.058673620997641916,0.2035948412425437,0.005897699971683323
74,original,N,New_N_075.wav,32-20-13-8,DeepONMF_H4,4,nndsvd,0.24537640787667805,8x212,0.061996900010854006,32,0.06863342281000631,0.16396384938410835,0.039164099958725274,20,0.055853096581093296,0.14272695732630786,0.01008969999384135,13,0.0563970426597619,0.19382431110858583,0.006821000017225742,8,0.05792162999324361,0.23202270174136738,0.004865300026722252
75,original,N,New_N_076.wav,32-20-13-8,DeepONMF_H4,4,nndsvd,0.24883349239059555,8x212,0.0834628000156954,32,0.07218837641377882,0.15862585414756025,0.05825100000947714,20,0.05572672950492551,0.12655748323218122,0.00992649991530925,13,0.05721902312987001,0.18267817671599418,0.00846719997934997,8,0.058846982350419845,0.2761599302733166,0.005372200044803321
76,original,N,New_N_077.wav,32-20-13-8,DeepONMF_H4,4,nndsvd,0.24421414121693058,8x212,0.0699338000267744,32,0.06565295715334334,0.163162458981821,0.04502579988911748,20,0.05565557597610985,0.13125348027609957,0.010913899983279407,13,0.05622549957206623,0.13113978861561526,0.0074133999878540635,8,0.057097169331799535,0.20528567339089035,0.005127700045704842
77,original,N,New_N_078.wav,32-20-13-8,DeepONMF_H4,4,nndsvd,0.24519110676135875,8x212,0.08359519997611642,32,0.06479161438929276,0.165450601580469,0.04762009996920824,20,0.05570517166693312,0.14739260678193225,0.012634600047022104,13,0.05644761213010238,0.1633173702959155,0.010499199968762696,8,0.05790992982275751,0.22184117172682602,0.011415999964810908
78,original,N,New_N_079.wav,32-20-13-8,DeepONMF_H4,4,nndsvd,0.24709589425901302,8x212,0.07354690006468445,32,0.07001818413494193,0.1616792437802346,0.04642600007355213,20,0.05583506716936785,0.12879974552259135,0.011821000021882355,13,0.05716023534684017,0.16867674780585218,0.008474100031889975,8,0.05927430424466159,0.2567300801705503,0.005725700058974326
79,original,N,New_N_080.wav,32-20-13-8,DeepONMF_H4,4,nndsvd,0.24743998322376173,8x212,0.06965229997877032,32,0.07050401982631431,0.1546794232162067,0.043959900038316846,20,0.055797000767833296,0.11957375267726647,0.010757100069895387,13,0.057015960446446204,0.16192121982335486,0.008497499977238476,8,0.05906751532543591,0.22216434512323316,0.00491010001860559
80,original,N,New_N_081.wav,32-20-13-8,DeepONMF_H4,4,nndsvd,0.24643541494234772,8x212,0.0694184999447316,32,0.07249410145478738,0.17567437270267547,0.045071200001984835,20,0.05563542627244489,0.11846551606755765,0.010593699989840388,13,0.056070705088275274,0.14485196576370654,0.007767900009639561,8,0.05744831340843,0.19616535628927947,0.004792800056748092
81,original,N,New_N_082.wav,32-20-13-8,DeepONMF_H4,4,nndsvd,0.24575077735488216,8x212,0.06993240001611412,32,0.06411468072423585,0.16258965932571484,0.045395599910989404,20,0.05594488498584793,0.1242379103129369,0.01095670007634908,13,0.056951175243594374,0.16587268105960729,0.007168599986471236,8,0.05863389724187391,0.2508105478374617,0.004937599995173514
82,original,N,New_N_083.wav,32-20-13-8,DeepONMF_H4,4,nndsvd,0.2482227762170084,8x212,0.06946309993509203,32,0.07095405161373042,0.16208390117709257,0.04410910001024604,20,0.056053413486790014,0.10401520171460779,0.011236099991947412,13,0.05677572921678956,0.10366210284928777,0.00699780008289963,8,0.059697294121020573,0.16653490356799253,0.005931199993938208
83,original,N,New_N_084.wav,32-20-13-8,DeepONMF_H4,4,nndsvd,0.24582602156702368,8x212,0.07049989991355687,32,0.0668972455237091,0.163318186920249,0.043827799963764846,20,0.05592750946678679,0.13347347125057385,0.011096199974417686,13,0.05620864433720681,0.15955547989030866,0.007258000085130334,8,0.05844338416236613,0.21055634914091323,0.006977900047786534
84,original,N,New_N_085.wav,32-20-13-8,DeepONMF_H4,4,nndsvd,0.24537310622908545,8x212,0.06317020009737462,32,0.06592755302509626,0.1648193891813855,0.04009360005147755,20,0.05565196973590721,0.1400176576466454,0.009900699951685965,13,0.05642009167244504,0.1623930192629755,0.006988100009039044,8,0.05905180623762287,0.19837640868809311,0.005152600002475083
85,original,N,New_N_086.wav,32-20-13-8,DeepONMF_H4,4,nndsvd,0.24836600460433295,8x212,0.061916799983009696,32,0.07135906162329317,0.16245342558547246,0.039079400012269616,20,0.05620175269649545,0.1306165566303866,0.00990020006429404,13,0.05691123402216525,0.14596883620689377,0.007105400087311864,8,0.05928652787232017,0.18947961528657972,0.004703200072981417
86,original,N,New_N_087.wav,32-20-13-8,DeepONMF_H4,4,nndsvd,0.2475800825629869,8x212,0.06367329997010529,32,0.06918008635021995,0.16764501237079707,0.040423200000077486,20,0.05581432572415306,0.11620297648373955,0.00984519999474287,13,0.05640040247102693,0.13856698529921965,0.007183999987319112,8,0.05940499984391495,0.18536160365408377,0.004770600004121661
87,original,N,New_N_088.wav,32-20-13-8,DeepONMF_H4,4,nndsvd,0.24598825297675325,8x212,0.06504819996189326,32,0.06824778648385234,0.16918807031434582,0.04104530008044094,20,0.055744239211235044,0.14792911798520317,0.010543699958361685,13,0.05633070504119622,0.15069229548379767,0.007354500005021691,8,0.06032187495738779,0.23098084930163937,0.0050273999804630876
88,original,N,New_N_089.wav,32-20-13-8,DeepONMF_H4,4,nndsvd,0.2462848209323427,8x212,0.06739850004669279,32,0.06670707984120208,0.15904127241614394,0.043829499976709485,20,0.05572108570494342,0.1487499427745304,0.00973270006943494,13,0.0562488714690654,0.15597436510145157,0.007576800067909062,8,0.06115747955618498,0.21516564539475155,0.004808100056834519
89,original,N,New_N_090.wav,32-20-13-8,DeepONMF_H4,4,nndsvd,0.245645903946082,8x212,0.06296200002543628,32,0.06964815306480761,0.15160577626630964,0.03988960001152009,20,0.05580279518584784,0.13734291414160008,0.009572100010700524,13,0.05667859761602746,0.18865208657107357,0.007506399997510016,8,0.05778771390819008,0.26209203185974894,0.0048250999534502625
90,original,N,New_N_091.wav,32-20-13-8,DeepONMF_H4,4,nndsvd,0.24677292785570806,8x212,0.06571410002652556,32,0.06850561196596017,0.14818769894726055,0.04228180006612092,20,0.05650115374118099,0.11904174599706709,0.0097354999743402,13,0.05778012154912713,0.13591650483507492,0.007425099960528314,8,0.061548670216973286,0.19398840205642798,0.004813799983821809
91,original,N,New_N_092.wav,32-20-13-8,DeepONMF_H4,4,nndsvd,0.24380211143078734,8x212,0.06223180005326867,32,0.06491012946162762,0.15051573005467048,0.03855409997049719,20,0.055687522801666126,0.14437322748302342,0.010234500048682094,13,0.05635837614425658,0.19298104393185056,0.00698870001360774,8,0.05716127204625605,0.24537802536309705,0.005363199976272881
92,original,N,New_N_093.wav,32-20-13-8,DeepONMF_H4,4,nndsvd,0.24884204310258534,8x212,0.06491950002964586,32,0.06648561538040682,0.13090277436628464,0.0409661999437958,20,0.05591128198487796,0.10865871963040329,0.010509699932299554,13,0.058325835436809165,0.1245785106836074,0.007137899985536933,8,0.06173629426947891,0.16688381581765022,0.005301800090819597
93,original,N,New_N_094.wav,32-20-13-8,DeepONMF_H4,4,nndsvd,0.24906982314086604,8x212,0.07791739993263036,32,0.06950427543359997,0.16524704932262535,0.043739099986851215,20,0.05572798851236711,0.1433130019901132,0.011537999962456524,13,0.05719314875620563,0.1637125956420671,0.013481999980285764,8,0.06322883288756766,0.1978078860482036,0.007972000050358474
94,original,N,New_N_095.wav,32-20-13-8,DeepONMF_H4,4,nndsvd,0.24490755564146702,8x212,0.06805330002680421,32,0.06749128472928292,0.16740569628135493,0.045405799988657236,20,0.05557434008590982,0.15087433080163898,0.009776700055226684,13,0.05587994032544911,0.17301945876691777,0.007049100007861853,8,0.05854441182480464,0.19314431313964317,0.004726200015284121
95,original,N,New_N_096.wav,32-20-13-8,DeepONMF_H4,4,nndsvd,0.24782550699728859,8x212,0.06463819998316467,32,0.07326882736481288,0.18091612529508985,0.041918099974282086,20,0.05599169545549357,0.153863049700285,0.00958760001230985,13,0.05616985558416992,0.16543251253562696,0.0072879999643191695,8,0.058832121041719726,0.23822996188300236,0.004738499992527068
96,original,N,New_N_097.wav,32-20-13-8,DeepONMF_H4,4,nndsvd,0.24713762335672734,8x212,0.06560059997718781,32,0.07139698886804813,0.18109905769429868,0.04223770007956773,20,0.05578236569145597,0.14711705347119866,0.010509900050237775,13,0.05664918149384348,0.14754532628139125,0.006965299951843917,8,0.05974302605600107,0.20259702300191054,0.004734600079245865
97,original,N,New_N_098.wav,32-20-13-8,DeepONMF_H4,4,nndsvd,0.2458806238262992,8x212,0.06437210005242378,32,0.06894945456090931,0.160198204870493,0.040850099991075695,20,0.05594648696883386,0.144036947715812,0.010282499948516488,13,0.056444957449255845,0.17774295173081928,0.007317699957638979,8,0.05881073376155425,0.2397202551166479,0.004704199964180589
98,original,N,New_N_099.wav,32-20-13-8,DeepONMF_H4,4,nndsvd,0.24360781145414281,8x212,0.0658674999140203,32,0.0648954182629969,0.17790449998416505,0.04209250002168119,20,0.05554029266965203,0.14929342969013235,0.01034020003862679,13,0.055789377013746935,0.16711756296639746,0.0073370999889448285,8,0.05693400943080233,0.2628225470125724,0.005086399964056909
99,original,N,New_N_100.wav,32-20-13-8,DeepONMF_H4,4,nndsvd,0.2430930854950369,8x212,0.06381570000667125,32,0.06263843812647588,0.18940250938212716,0.04052080004476011,20,0.05552035436382136,0.134348340758993,0.010149799985811114,13,0.05567988628273934,0.11348914349045774,0.007060399977490306,8,0.057526620514919725,0.12515510877868244,0.005014399997889996
100,original,N,New_N_101.wav,32-20-13-8,DeepONMF_H4,4,nndsvd,0.24259750958195747,8x212,0.06400949996896088,32,0.06224467515754551,0.17462656500324958,0.03993700002320111,20,0.05559465257484722,0.11712769677778286,0.010219000047072768,13,0.05576609594188099,0.14684099951446544,0.007252400042489171,8,0.05648903883837548,0.17413442900707374,0.005411199992522597
101,original,N,New_N_102.wav,32-20-13-8,DeepONMF_H4,4,nndsvd,0.2432968006119115,8x212,0.06395590002648532,32,0.0628696004688363,0.1804749007686,0.04009690007660538,20,0.05539158911592703,0.16848669199102112,0.010511099942959845,13,0.05559317919155305,0.20220298804034406,0.006931699928827584,8,0.057657648439626556,0.23421198720614886,0.004793400061316788
102,original,N,New_N_103.wav,32-20-13-8,DeepONMF_H4,4,nndsvd,0.2427053731492186,8x212,0.06493829993996769,32,0.06337414301289651,0.17699341374429162,0.04070699994917959,20,0.0554728598061816,0.16005341505678708,0.0109224000480026,13,0.055587390004157196,0.1958633127460766,0.006925699999555945,8,0.05684861223605288,0.2964275834498404,0.004803900024853647
103,original,N,New_N_104.wav,32-20-13-8,DeepONMF_H4,4,nndsvd,0.2439583907251807,8x212,0.06588790006935596,32,0.06463382481976866,0.1793516218868563,0.042411600006744266,20,0.0555652792631674,0.14002724020441365,0.010564800002612174,13,0.05603502959178784,0.1549736156604918,0.006836700020357966,8,0.056756183112970246,0.2354654896523733,0.00507449998985976
104,original,N,New_N_105.wav,32-20-13-8,DeepONMF_H4,4,nndsvd,0.24222317723203396,8x212,0.06479299999773502,32,0.06197823430573807,0.1915855514751637,0.041927200043573976,20,0.055414573733933464,0.14749816613019712,0.009803700027987361,13,0.05563367018823714,0.1773738997411676,0.007109500002115965,8,0.05664736136777416,0.2438216124306553,0.0049764999421313405
105,original,N,New_N_106.wav,32-20-13-8,DeepONMF_H4,4,nndsvd,0.2434449847972108,8x212,0.06430460000410676,32,0.06477513487327687,0.14994826128790592,0.04057380009908229,20,0.055481761429320646,0.11116573689933004,0.009729000041261315,13,0.05583462264761095,0.1481851081629495,0.007550499984063208,8,0.05644683159133575,0.20757215605416618,0.005310999928042293
106,original,N,New_N_107.wav,32-20-13-8,DeepONMF_H4,4,nndsvd,0.24242065843390675,8x212,0.06256570003461093,32,0.06251999626682332,0.18985451311828666,0.039037899929098785,20,0.055540565214888406,0.1665005003787228,0.00974139990285039,13,0.05560614236008552,0.19400033643815362,0.007514699944294989,8,0.05628281721072894,0.2704954509832597,0.005017500021494925
107,original,N,New_N_108.wav,32-20-13-8,DeepONMF_H4,4,nndsvd,0.24410569317152372,8x212,0.06595850002486259,32,0.06709234026374376,0.15811808481342668,0.042755499947816133,20,0.05548792825666784,0.13471284237439035,0.009806100046262145,13,0.055683903793646294,0.16348297435314374,0.007079200004227459,8,0.05668663331551566,0.23734727527335572,0.005145199946127832
108,original,N,New_N_109.wav,32-20-13-8,DeepONMF_H4,4,nndsvd,0.2430991900035604,8x212,0.06354639993514866,32,0.060466040319003204,0.15775951401173888,0.039637999958358705,20,0.05547386488483715,0.11962654058623276,0.010188800049945712,13,0.05601727758132107,0.1533301346046061,0.0070813000202178955,8,0.05704724465790661,0.22846191321833229,0.0056538000935688615
109,original,N,New_N_110.wav,32-20-13-8,DeepONMF_H4,4,nndsvd,0.24415365460545194,8x212,0.06343440001364797,32,0.064476329898773,0.16850660521668356,0.03903620003256947,20,0.055623883247854736,0.13496077940971282,0.010690600029192865,13,0.056211840811610514,0.16587446021919788,0.0071214999770745635,8,0.05718444132587725,0.24067075770339263,0.005440899985842407
