indice_interno,base,clase,archivo,distribucion,representacion,numero_capas,inicializacion_onmf,error_final,forma_h_final,segundos_extraccion_deep,capa_1_rango,capa_1_error,capa_1_ortogonalidad_h,capa_1_segundos,capa_2_rango,capa_2_error,capa_2_ortogonalidad_h,capa_2_segundos,capa_3_rango,capa_3_error,capa_3_ortogonalidad_h,capa_3_segundos,capa_4_rango,capa_4_error,capa_4_ortogonalidad_h,capa_4_segundos
0,original,N,New_N_001.wav,28-17-10-6,DeepONMF_H4,4,nndsvd,0.2500043213402542,6x212,0.06269440008327365,28,0.07934679966172968,0.1890257438215147,0.04220619995612651,17,0.05604602844373794,0.15398404103792646,0.008519800030626357,10,0.05713616028170632,0.20225773525861726,0.006321600056253374,6,0.06339374163846266,0.23715162656565267,0.0045353000750765204
1,original,N,New_N_002.wav,28-17-10-6,DeepONMF_H4,4,nndsvd,0.253567812726428,6x212,0.06354519992601126,28,0.07030626299160583,0.1942820643778101,0.04189690004568547,17,0.05654643699701956,0.1517190958703074,0.00848519999999553,10,0.05909192626528799,0.16854069688208445,0.0057882999535650015,6,0.06611498413649518,0.21283139067614573,0.00629529997240752
2,original,N,New_N_003.wav,28-17-10-6,DeepONMF_H4,4,nndsvd,0.25090174971085194,6x212,0.06310080003459007,28,0.0767362796978627,0.15494421417623477,0.04112069995608181,17,0.056158064561379395,0.145507154746012,0.010263300035148859,10,0.05774529195126788,0.2101691090456607,0.005866900086402893,6,0.06248019744790226,0.294839792261872,0.004812699975445867
3,original,N,New_N_004.wav,28-17-10-6,DeepONMF_H4,4,nndsvd,0.250763480409015,6x212,0.06267959997057915,28,0.0750511222141747,0.1765333925661368,0.042171800043433905,17,0.05647637261569289,0.1501529528015509,0.008871600031852722,10,0.059762305673941585,0.18358079263193605,0.005792799987830222,6,0.06261656499158734,0.26984144942021604,0.004682399914599955
4,original,N,New_N_005.wav,28-17-10-6,DeepONMF_H4,4,nndsvd,0.25186538879563336,6x212,0.0624573000241071,28,0.0743441878544264,0.17374161173981817,0.04184690001420677,17,0.05612971458178488,0.17684691962463564,0.00866429996676743,10,0.05846150254416348,0.2405754177389453,0.006250499980524182,6,0.06416879935289915,0.27717957723027126,0.004697300028055906
5,original,N,New_N_006.wav,28-17-10-6,DeepONMF_H4,4,nndsvd,0.25461798576927824,6x212,0.06741119991056621,28,0.07916292911747025,0.18236401956218817,0.04508100007660687,17,0.05653121385818512,0.15312759289815944,0.011008100002072752,10,0.05790343196793396,0.15994972428596496,0.005844800034537911,6,0.06429638564965878,0.20119277053268025,0.004451400018297136
6,original,N,New_N_007.wav,28-17-10-6,DeepONMF_H4,4,nndsvd,0.25277359558148005,6x212,0.06354040000587702,28,0.07131746275005078,0.1743486461379259,0.04277499997988343,17,0.05696264179234617,0.16660814555908093,0.008625300019048154,10,0.0609930022735078,0.19275725633836865,0.006473000044934452,6,0.06500969466490629,0.25095112601923014,0.00449100008700043
7,original,N,New_N_008.wav,28-17-10-6,DeepONMF_H4,4,nndsvd,0.257275684559184,6x212,0.06347030005417764,28,0.0691919106357144,0.16363291303608557,0.042320999898947775,17,0.05639834407849368,0.16578672992439925,0.008882900001481175,10,0.060927034758786844,0.1804324182116945,0.005832200055010617,6,0.07080458311183487,0.22700350607170985,0.005178800085559487
8,original,N,New_N_009.wav,28-17-10-6,DeepONMF_H4,4,nndsvd,0.25356182606929106,6x212,0.06383669993374497,28,0.07297062885841119,0.16804103114284227,0.04291489999741316,17,0.05756490769681624,0.11176838528034241,0.00868670002091676,10,0.059954154297530725,0.13959486518812544,0.0058397999964654446,6,0.07041740417608068,0.1321067957948804,0.005419299937784672
9,original,N,New_N_010.wav,28-17-10-6,DeepONMF_H4,4,nndsvd,0.2552469171379218,6x212,0.06935640005394816,28,0.08073850609876626,0.16405587898063895,0.04550729994662106,17,0.05645512672192396,0.17191413573283812,0.009232999989762902,10,0.05989112563465349,0.18302491661510473,0.007405500044114888,6,0.07174340480080318,0.18244778775357856,0.006150300032459199
10,original,N,New_N_011.wav,28-17-10-6,DeepONMF_H4,4,nndsvd,0.2531705919604024,6x212,0.06945249997079372,28,0.07178864113502496,0.17820504528577533,0.04727089998777956,17,0.05600713439769148,0.1641369588463744,0.009471199940890074,10,0.0597319536392166,0.21726156348399595,0.006809599930420518,6,0.065503989540306,0.2715393583972626,0.004568299977108836
11,original,N,New_N_012.wav,28-17-10-6,DeepONMF_H4,4,nndsvd,0.25155891377362644,6x212,0.07821980002336204,28,0.07067829468870317,0.18519120030849126,0.04484119999688119,17,0.05729599342503196,0.15301740934970423,0.013717199908569455,10,0.05928812348560084,0.2125884725681528,0.010398600017651916,6,0.0646378514677073,0.2932517880348852,0.007883199956268072
12,original,N,New_N_013.wav,28-17-10-6,DeepONMF_H4,4,nndsvd,0.25409899255417706,6x212,0.07447370002046227,28,0.07853448306688848,0.16590518148239958,0.04786360007710755,17,0.056048342743249206,0.1643010440237618,0.008881299989297986,10,0.060648075869136876,0.18806055338379335,0.009889000095427036,6,0.06299810062876092,0.31655176118076517,0.0064088000217452645
13,original,N,New_N_014.wav,28-17-10-6,DeepONMF_H4,4,nndsvd,0.25151285068830287,6x212,0.08189629996195436,28,0.07490493929855399,0.1939368246049844,0.04853050003293902,17,0.055973520813359996,0.1767791241391636,0.013194400002248585,10,0.058296155575854304,0.24835044017109367,0.010721100028604269,6,0.06587042921281372,0.3161738216605458,0.007949999999254942
14,original,N,New_N_015.wav,28-17-10-6,DeepONMF_H4,4,nndsvd,0.25577347643565396,6x212,0.06821860000491142,28,0.07534015953949608,0.18165237782997137,0.04689180001150817,17,0.056190860970278,0.16138499635054226,0.009047199971973896,10,0.061024161769671764,0.1743435884124199,0.006257699918933213,6,0.07144417177600954,0.22105889945030882,0.004736299975775182
15,original,N,New_N_016.wav,28-17-10-6,DeepONMF_H4,4,nndsvd,0.25294475260859145,6x212,0.06435989995952696,28,0.07363561453695902,0.15584704456446982,0.04321590007748455,17,0.05620257317854858,0.13656143848048274,0.008925999980419874,10,0.06020830026724734,0.1974168027451186,0.006294200080446899,6,0.0675821864432279,0.29999976327290645,0.004593900055624545
16,original,N,New_N_017.wav,28-17-10-6,DeepONMF_H4,4,nndsvd,0.25610284787764,6x212,0.06417610007338226,28,0.07696830729040724,0.1695372856173795,0.04333700006827712,17,0.056589226234828045,0.11232831654592283,0.008621799992397428,10,0.05979928615363361,0.12589668696329426,0.0062695000087842345,6,0.07201135241842169,0.21515019864307733,0.004652799922041595
17,original,N,New_N_018.wav,28-17-10-6,DeepONMF_H4,4,nndsvd,0.25218212852270544,6x212,0.06415989995002747,28,0.07728609538224186,0.1843961814442141,0.04273649991955608,17,0.05630763317249686,0.14764640868425974,0.008957600104622543,10,0.0590188814941908,0.17367055087634936,0.005835799966007471,6,0.06399450278027666,0.23019335970895544,0.005378399975597858
18,original,N,New_N_019.wav,28-17-10-6,DeepONMF_H4,4,nndsvd,0.25213264896606485,6x212,0.06497289997059852,28,0.0795465832292623,0.175047475280643,0.04362879996187985,17,0.05625756478578327,0.1684151663563389,0.009370699990540743,10,0.058488417943553896,0.20249573870677962,0.0059365000342950225,6,0.06289473389163133,0.28063767963208597,0.005049599916674197
19,original,N,New_N_020.wav,28-17-10-6,DeepONMF_H4,4,nndsvd,0.2500101715688096,6x212,0.06311340001411736,28,0.0786211533849742,0.18327662065586645,0.04193239996675402,17,0.056220720565035825,0.17022015719733763,0.009672399959526956,10,0.05783641926831869,0.18058880180194295,0.005878000054508448,6,0.06147538726520653,0.19609539230124645,0.004463599994778633
20,original,N,New_N_021.wav,28-17-10-6,DeepONMF_H4,4,nndsvd,0.2502091303633864,6x212,0.06392589991446584,28,0.07155743793722918,0.1847477458638009,0.04301530006341636,17,0.0566652958048409,0.16916409635912816,0.009532099938951433,10,0.05748336647187795,0.20004298689626154,0.005843100021593273,6,0.06611616333971566,0.25624148024367943,0.004497700021602213
21,original,N,New_N_022.wav,28-17-10-6,DeepONMF_H4,4,nndsvd,0.2517790085996022,6x212,0.0636164000025019,28,0.07406009369023127,0.17570528306312033,0.04306340008042753,17,0.05637981156671263,0.15130722377238479,0.008711199974641204,10,0.05756864052693801,0.15865505712600395,0.0061824999283999205,6,0.06859538412431192,0.1727910195885309,0.0044914999743923545
22,original,N,New_N_023.wav,28-17-10-6,DeepONMF_H4,4,nndsvd,0.2569605672433515,6x212,0.06367030006367713,28,0.0703562746051312,0.14671106001265122,0.042736300034448504,17,0.057108961650104456,0.133358711291863,0.00869859999511391,10,0.06283239495377087,0.15715007856601995,0.00648479990195483,6,0.07239583285904555,0.2030566320932937,0.00474270002450794
23,original,N,New_N_024.wav,28-17-10-6,DeepONMF_H4,4,nndsvd,0.25433064581114356,6x212,0.06570639996789396,28,0.07311710878378759,0.1729229030366156,0.044536300003528595,17,0.058731406148342546,0.1399979401386711,0.00850740005262196,10,0.06096094211235929,0.15556377732889165,0.00602119998075068,6,0.06522678088830379,0.19416298275799318,0.0055346000008285046
24,original,N,New_N_025.wav,28-17-10-6,DeepONMF_H4,4,nndsvd,0.2584499103538848,6x212,0.06618740002159029,28,0.07676659303735428,0.15697261146198124,0.043248699977993965,17,0.05711706215125318,0.13318781750673317,0.009187999996356666,10,0.06562665334538648,0.17630772692168598,0.007826299988664687,6,0.07141433258651614,0.24508497154722636,0.004872599965892732
25,original,N,New_N_026.wav,28-17-10-6,DeepONMF_H4,4,nndsvd,0.25672931735394694,6x212,0.06503689999226481,28,0.07555432841135115,0.17229547121643324,0.04208980000112206,17,0.05643850592283276,0.1394963116743362,0.010429900023154914,10,0.06245564717124214,0.16383513097285818,0.005829000030644238,6,0.07272765001603333,0.2427254413150263,0.005417099921032786
26,original,N,New_N_027.wav,28-17-10-6,DeepONMF_H4,4,nndsvd,0.2517935798562356,6x212,0.06430030008777976,28,0.07381476759533416,0.16033277236008062,0.04358429997228086,17,0.05652238796768877,0.15004269074318505,0.008858100045472383,10,0.059473621478464384,0.20725300214804215,0.005814900039695203,6,0.06512122003329572,0.26648834766646295,0.004853099933825433
27,original,N,New_N_028.wav,28-17-10-6,DeepONMF_H4,4,nndsvd,0.251123713314468,6x212,0.062511199968867,28,0.07392218033653282,0.16838221007630363,0.04201259999535978,17,0.055935382521854926,0.13924359091444288,0.008958599995821714,10,0.058769753561720955,0.14941832506659927,0.00598430004902184,6,0.06231141891135912,0.21888824709789417,0.004487600061111152
28,original,N,New_N_029.wav,28-17-10-6,DeepONMF_H4,4,nndsvd,0.2524912192274352,6x212,0.06503999989945441,28,0.07245478374426838,0.1681159964345488,0.04353260004427284,17,0.056366491579797944,0.1590908254328347,0.00859029998537153,10,0.0614058454256756,0.18398263630905953,0.006112699978984892,6,0.06971287756924816,0.2159732182885707,0.005564799997955561
29,original,N,New_N_030.wav,28-17-10-6,DeepONMF_H4,4,nndsvd,0.25611912660979846,6x212,0.07931220007594675,28,0.07647706221552922,0.1838863325960056,0.04583479999564588,17,0.05983660240452215,0.15037331016077915,0.017605099943466485,10,0.05899560639052864,0.16762732753656517,0.00967790000140667,6,0.06723136835199295,0.2236545872141262,0.005126000032760203
30,original,N,New_N_031.wav,28-17-10-6,DeepONMF_H4,4,nndsvd,0.25566738299574826,6x212,0.06626619992312044,28,0.07665069147447101,0.1750068748847941,0.04563760000746697,17,0.05691872815729309,0.14822753661386995,0.008518600021488965,10,0.060487621420112846,0.22276891158711745,0.006509099970571697,6,0.07023835957236751,0.23978805533096445,0.0045362000819295645
31,original,N,New_N_032.wav,28-17-10-6,DeepONMF_H4,4,nndsvd,0.255823511795663,6x212,0.06367020006291568,28,0.07493598722988626,0.16609679900101135,0.043453500024043024,17,0.05746578277243313,0.1067764838384224,0.00847940007224679,10,0.06372719689983647,0.10834644379903144,0.005975200096145272,6,0.067965616825071,0.18429048195937667,0.004743300029076636
32,original,N,New_N_033.wav,28-17-10-6,DeepONMF_H4,4,nndsvd,0.25264992188856134,6x212,0.06491199997253716,28,0.07237994342897587,0.1765432947348515,0.04289239994250238,17,0.056998985806494526,0.15089360189718778,0.009023699909448624,10,0.06115857176764755,0.21702499913162612,0.006608500028960407,6,0.06372087272962851,0.26202922559387226,0.005384900025092065
33,original,N,New_N_034.wav,28-17-10-6,DeepONMF_H4,4,nndsvd,0.25294363246863044,6x212,0.06444810004904866,28,0.07526198554729531,0.17522989078708068,0.041911100037395954,17,0.05618833058713179,0.13836589895233103,0.01021860004402697,10,0.05896601891569268,0.14661606698764132,0.006597799947485328,6,0.0650981986158342,0.19658806940277732,0.004475699970498681
34,original,N,New_N_035.wav,28-17-10-6,DeepONMF_H4,4,nndsvd,0.252540253049221,6x212,0.06297379999887198,28,0.07477640366349438,0.1728763933864132,0.04154240002389997,17,0.05655132649623245,0.16085874407006095,0.009400399983860552,10,0.05896970070234313,0.20511039728691974,0.006486300029791892,6,0.06543085986629808,0.22093926333287625,0.004461999982595444
35,original,N,New_N_036.wav,28-17-10-6,DeepONMF_H4,4,nndsvd,0.25526159495875883,6x212,0.06176770001184195,28,0.07411691774258024,0.16398850239219245,0.041278199991211295,17,0.05644894806896189,0.1473572189799981,0.008472599904052913,10,0.059800742341607115,0.20176841789275907,0.006207200000062585,6,0.06433084131759129,0.26184710729446137,0.00459879997652024
36,original,N,New_N_037.wav,28-17-10-6,DeepONMF_H4,4,nndsvd,0.245317455301582,6x212,0.06449389993213117,28,0.06743245818638213,0.14878521105988596,0.04415980004705489,17,0.05543777967472814,0.16160725656291164,0.008482899982482195,10,0.05614249629379762,0.20501144142952057,0.006225699908100069,6,0.06052877683731514,0.17630155707008954,0.004486799938604236
37,original,N,New_N_038.wav,28-17-10-6,DeepONMF_H4,4,nndsvd,0.24402602754522154,6x212,0.06444520002696663,28,0.06821203119153116,0.148893463661182,0.043722899979911745,17,0.05550214239954479,0.14914883255856873,0.00850600004196167,10,0.05607020402114514,0.18100601233702496,0.005776999983936548,6,0.05901377188791452,0.2839886191524039,0.005427399999462068
38,original,N,New_N_039.wav,28-17-10-6,DeepONMF_H4,4,nndsvd,0.24390743031524942,6x212,0.06380949995946139,28,0.06744177308402854,0.1419960655345497,0.04311620001681149,17,0.0555076291338032,0.12763548270880143,0.009029399952851236,10,0.05639573553451775,0.14851551078746306,0.005936899920925498,6,0.059065371818251125,0.20786663276534767,0.004777799942530692
39,original,N,New_N_040.wav,28-17-10-6,DeepONMF_H4,4,nndsvd,0.2429502800991791,6x212,0.062108000041916966,28,0.06701043551177159,0.15174595102050956,0.040482599986717105,17,0.05539676165327296,0.15792879914543445,0.009506399976089597,10,0.05596467923129102,0.2032761889008727,0.005879900068975985,6,0.05785582896544901,0.21787149953547313,0.005217200028710067
40,original,N,New_N_041.wav,28-17-10-6,DeepONMF_H4,4,nndsvd,0.24446365220659486,6x212,0.06461600004695356,28,0.06440634191542463,0.16626967902298934,0.043617599993012846,17,0.055592280240805605,0.14827035711173855,0.009024700033478439,10,0.05641112787809055,0.19954578914029925,0.006190199987031519,6,0.05903735886109007,0.2994970570015356,0.004546099924482405
41,original,N,New_N_042.wav,28-17-10-6,DeepONMF_H4,4,nndsvd,0.24483224520963778,6x212,0.06545980006922036,28,0.06469143146956188,0.17914921586117744,0.04274249996524304,17,0.05558147191241535,0.11437510760450502,0.00952820002567023,10,0.057747978463350766,0.1333972517002729,0.007352599990554154,6,0.06001797172986176,0.16791339541977499,0.0046178000047802925
42,original,N,New_N_043.wav,28-17-10-6,DeepONMF_H4,4,nndsvd,0.24454468365260937,6x212,0.06469199992716312,28,0.06512696698751011,0.18554373792561682,0.043499100022017956,17,0.055543514336393464,0.15645204439186933,0.008939399966038764,10,0.055898413410023,0.1791534071009965,0.006402799976058304,6,0.05832762274957916,0.26078727271734087,0.0045649000676348805
43,original,N,New_N_044.wav,28-17-10-6,DeepONMF_H4,4,nndsvd,0.2442983161372569,6x212,0.0618263001088053,28,0.06288487996865423,0.19063242617241852,0.040721100056543946,17,0.055735777152486295,0.15588770418600037,0.009010400041006505,10,0.056236652572070236,0.22218997492069162,0.005790699971839786,6,0.05934795874436662,0.29732027029147046,0.005246800021268427
44,original,N,New_N_045.wav,28-17-10-6,DeepONMF_H4,4,nndsvd,0.2464698860667851,6x212,0.06508769991341978,28,0.06751039028649834,0.16639384725530124,0.04125699994619936,17,0.055839567017445045,0.13490267829167535,0.009163400041870773,10,0.05778812476197164,0.14041356478640477,0.005990500096231699,6,0.060850033204259926,0.18857219230255992,0.00757110002450645
45,original,N,New_N_046.wav,28-17-10-6,DeepONMF_H4,4,nndsvd,0.24451662127848492,6x212,0.06382050004322082,28,0.06474758383002872,0.18633206526743692,0.042841400019824505,17,0.05555975867941697,0.15539789439427834,0.009184799971990287,10,0.05696618738845204,0.21434838613496174,0.00597369996830821,6,0.058338346008636084,0.35034964096190485,0.004541000002063811
46,original,N,New_N_047.wav,28-17-10-6,DeepONMF_H4,4,nndsvd,0.24534349416469575,6x212,0.08099839999340475,28,0.06423080342221889,0.16360734769280527,0.04426249989774078,17,0.05568159210767483,0.13849995626949388,0.017541100038215518,10,0.05685887708065484,0.171315675724844,0.012675500009208918,6,0.05918200236306561,0.22870605111160794,0.00528200005646795
47,original,N,New_N_048.wav,28-17-10-6,DeepONMF_H4,4,nndsvd,0.2463908765249526,6x212,0.06624449999071658,28,0.07279163483757463,0.17504840212365258,0.045530600007623434,17,0.055520051062172004,0.1443368354586666,0.00909860001411289,10,0.0558504976255655,0.16392427169054669,0.005813400028273463,6,0.059122746207913864,0.24269170037864743,0.00468350003939122
48,original,N,New_N_049.wav,28-17-10-6,DeepONMF_H4,4,nndsvd,0.2439895641771806,6x212,0.06468720000702888,28,0.061148726716145796,0.2078683026237863,0.0425346998963505,17,0.05587081283055943,0.1752069692071977,0.010401799925602973,10,0.056230423479390335,0.18657522171530805,0.00608650001231581,6,0.05843228851501535,0.250954776883055,0.004616199992597103
49,original,N,New_N_050.wav,28-17-10-6,DeepONMF_H4,4,nndsvd,0.24328823528522397,6x212,0.06594040000345558,28,0.06625785742811931,0.17985732354407874,0.04285369999706745,17,0.055550704972290706,0.1324487474467784,0.009082100004889071,10,0.05582876768172629,0.1658175680488942,0.00825409998651594,6,0.05668436723408201,0.21339723296241978,0.004528899909928441
50,original,N,New_N_051.wav,28-17-10-6,DeepONMF_H4,4,nndsvd,0.24503693944418894,6x212,0.06337870005518198,28,0.06733936474156421,0.15525620989413502,0.042756799957714975,17,0.055862470648430515,0.17000269885913455,0.00870600005146116,10,0.05657871248429189,0.22027304133999104,0.0060391000006347895,6,0.05780273773473763,0.23880527311122043,0.004493099986575544
51,original,N,New_N_052.wav,28-17-10-6,DeepONMF_H4,4,nndsvd,0.24460770972772902,6x212,0.06341980001889169,28,0.06406878479511362,0.1742110543492188,0.042113599949516356,17,0.05552524233459439,0.149130988326935,0.008844700059853494,10,0.05674866465590214,0.16422667974488628,0.00594409997574985,6,0.058850916867953205,0.2452198974776958,0.005157999927178025
52,original,N,New_N_053.wav,28-17-10-6,DeepONMF_H4,4,nndsvd,0.2439221885221916,6x212,0.06345360004343092,28,0.06560997014721223,0.17762866625977977,0.04289269994478673,17,0.055551530844587395,0.15926455891759636,0.008733300026506186,10,0.05616051878115171,0.278703198873523,0.005923100048676133,6,0.05726955603102702,0.3475277957648301,0.004460399970412254
53,original,N,New_N_054.wav,28-17-10-6,DeepONMF_H4,4,nndsvd,0.24354895113978936,6x212,0.06350129994098097,28,0.06439128556423646,0.17067225234799702,0.041801500017754734,17,0.0556683851304494,0.14729772005349667,0.009868600056506693,10,0.056023602627587724,0.2219025895464551,0.005934300017543137,6,0.05780407104013672,0.30137889877757257,0.004750400083139539
54,original,N,New_N_055.wav,28-17-10-6,DeepONMF_H4,4,nndsvd,0.2439208818694195,6x212,0.06156619999092072,28,0.06288665131471818,0.17965254658403043,0.040454500005580485,17,0.05547634232539313,0.1847977945926031,0.00857549998909235,10,0.056275821164066014,0.2159401998396223,0.0068703000433743,6,0.05932534179131277,0.2993273125409475,0.004491299972869456
55,original,N,New_N_056.wav,28-17-10-6,DeepONMF_H4,4,nndsvd,0.24670128327200663,6x212,0.06475689995568246,28,0.06438258287732924,0.19317727914434896,0.043530300026759505,17,0.055652950181607416,0.1472810627869864,0.008601299952715635,10,0.05805049935774296,0.1609116324427317,0.0069284000201150775,6,0.05895834857530266,0.30056497187623266,0.004510500002652407
56,original,N,New_N_057.wav,28-17-10-6,DeepONMF_H4,4,nndsvd,0.24370451735369003,6x212,0.06406459992285818,28,0.06396469645064737,0.21022450292636602,0.042893300065770745,17,0.055531739362308215,0.16673352181590353,0.00867609994020313,10,0.056061459693979236,0.18783118977057991,0.006052799988538027,6,0.05715331603257731,0.270364138926516,0.00509230000898242
57,original,N,New_N_058.wav,28-17-10-6,DeepONMF_H4,4,nndsvd,0.24400577536944204,6x212,0.06496540002990514,28,0.06254760005658536,0.19776017945632632,0.043348200037144125,17,0.055661976141749815,0.1570777051992761,0.009068300016224384,10,0.056404902675371855,0.23225873048268078,0.005971599952317774,6,0.05815125580071123,0.34292935551591436,0.005300999968312681
58,original,N,New_N_059.wav,28-17-10-6,DeepONMF_H4,4,nndsvd,0.24347897850710534,6x212,0.06046009995043278,28,0.06535188652341033,0.17473826791592473,0.03990410000551492,17,0.05555127283707184,0.16448437008839892,0.009227800066582859,10,0.056197916805540066,0.2387572585515753,0.005872000008821487,6,0.057396689082306315,0.3401970657868931,0.0044652000069618225
59,original,N,New_N_060.wav,28-17-10-6,DeepONMF_H4,4,nndsvd,0.2439761277871527,6x212,0.06525760004296899,28,0.06837171977274324,0.2017111284408011,0.044041299959644675,17,0.05546481307745271,0.16634312715483826,0.009654800058342516,10,0.055669896600478656,0.23175021003239113,0.005882299970835447,6,0.05704606453690431,0.3042699166906348,0.004494099994190037
60,original,N,New_N_061.wav,28-17-10-6,DeepONMF_H4,4,nndsvd,0.2448726057398808,6x212,0.06443460006266832,28,0.06450474064717664,0.180283995087428,0.04270450002513826,17,0.055781811601302606,0.1558962617504895,0.008865199983119965,10,0.05675693067123583,0.1956100262417403,0.006795500055886805,6,0.05869978599689955,0.20606172274156942,0.004511600011028349
61,original,N,New_N_062.wav,28-17-10-6,DeepONMF_H4,4,nndsvd,0.24318517037261203,6x212,0.0619977000169456,28,0.06320780727954158,0.20321509588251221,0.04167720000259578,17,0.055455517029233105,0.22274024998065584,0.00862869992852211,10,0.0558473170026497,0.29408033271056644,0.005872199893929064,6,0.05695132023495782,0.3754425255916211,0.004616799997165799
62,original,N,New_N_063.wav,28-17-10-6,DeepONMF_H4,4,nndsvd,0.24447758921853976,6x212,0.06466679996810853,28,0.06396678762093828,0.17093497427776638,0.042724099941551685,17,0.05577943783043515,0.15841711464174857,0.009233099990524352,10,0.056750469102829236,0.23390282465096135,0.005977099994197488,6,0.05904923757768204,0.28276699870748345,0.005385900032706559
63,original,N,New_N_064.wav,28-17-10-6,DeepONMF_H4,4,nndsvd,0.243841638912769,6x212,0.08619250007905066,28,0.0621091708993286,0.18263942052323381,0.04407169995829463,17,0.05571287888566073,0.17898136920417887,0.017553500016219914,10,0.05635995720858972,0.21837293973685223,0.012997800018638372,6,0.05911531438611441,0.3448328732089452,0.01019930001348257
64,original,N,New_N_065.wav,28-17-10-6,DeepONMF_H4,4,nndsvd,0.24525415539398923,6x212,0.0641318999696523,28,0.06429926997646536,0.1734340275903567,0.04317349998746067,17,0.05571355714661406,0.13934983756443406,0.009247499983757734,10,0.05684074386478262,0.16011363262281694,0.005808099987916648,6,0.061593058228706025,0.19014433839516232,0.004791499930433929
65,original,N,New_N_066.wav,28-17-10-6,DeepONMF_H4,4,nndsvd,0.24319770489041387,6x212,0.06221860006917268,28,0.062260719575684076,0.1762502868477297,0.0417796999681741,17,0.05551488806832559,0.16682219160847087,0.00899630005005747,10,0.05638023713933045,0.20470792784411884,0.005823100102134049,6,0.05837169715469375,0.2610376588780154,0.004456100054085255
66,original,N,New_N_067.wav,28-17-10-6,DeepONMF_H4,4,nndsvd,0.2440188965563928,6x212,0.06333100004121661,28,0.0613400661167961,0.19461990721589473,0.04129079997073859,17,0.05572946411107242,0.17555269336741408,0.009026500047184527,10,0.05696565102592761,0.1955021351311826,0.006936199963092804,6,0.058703005445848076,0.23243867067921103,0.004617600003257394
67,original,N,New_N_068.wav,28-17-10-6,DeepONMF_H4,4,nndsvd,0.24518375077314802,6x212,0.06325969996396452,28,0.06557549612448085,0.16530110617878602,0.04297970002517104,17,0.055808931716438394,0.15206169414908785,0.008706699940375984,10,0.057664009909533506,0.1859868971336401,0.006070400006137788,6,0.05953092309725267,0.2632461227348083,0.004471300053410232
68,original,N,New_N_069.wav,28-17-10-6,DeepONMF_H4,4,nndsvd,0.24687406666822292,6x212,0.06355079996865243,28,0.06959463840876684,0.17078860798335202,0.04247480002231896,17,0.0559301254991101,0.14251531047843052,0.008833799976855516,10,0.05744375406502307,0.20408175931840178,0.006401599966920912,6,0.061574760303350726,0.2901511661300535,0.00478099996689707
69,original,N,New_N_070.wav,28-17-10-6,DeepONMF_H4,4,nndsvd,0.2486025974817061,6x212,0.06565579993184656,28,0.06974047003309612,0.1585187262688904,0.043551400071009994,17,0.05608702045438363,0.15276483745874256,0.009484500042162836,10,0.058936517099130614,0.20704868495813847,0.005905300029553473,6,0.0631194326461584,0.26321045120578146,0.005434300052002072
70,original,N,New_N_071.wav,28-17-10-6,DeepONMF_H4,4,nndsvd,0.25003186383463405,6x212,0.06411300005856901,28,0.06557451773036085,0.17473301299589544,0.042817699955776334,17,0.05577353944282402,0.1731765942530921,0.00922750006429851,10,0.057372870158199356,0.18354038252411536,0.005819299956783652,6,0.06308594231467828,0.2720574074907114,0.005193199962377548
71,original,N,New_N_072.wav,28-17-10-6,DeepONMF_H4,4,nndsvd,0.2474890924664978,6x212,0.06261229992378503,28,0.07024372027269092,0.16583494973580545,0.04024300002492964,17,0.05570068201863695,0.15479622200919135,0.009552399977110326,10,0.05857234638501108,0.18250422062235833,0.005837899981997907,6,0.06082018668228934,0.3465721022712704,0.005832799943163991
72,original,N,New_N_073.wav,28-17-10-6,DeepONMF_H4,4,nndsvd,0.24774695383548848,6x212,0.06376210006419569,28,0.06958904682497613,0.15729198150586626,0.0433989999582991,17,0.05594938618184535,0.15448313632380167,0.008885299903340638,10,0.05788157336565479,0.1874755585915047,0.0058095999993383884,6,0.06104594668982505,0.2739014560845545,0.004580400069244206
73,original,N,New_N_074.wav,28-17-10-6,DeepONMF_H4,4,nndsvd,0.24742825478762334,6x212,0.06318880000617355,28,0.06616638611179392,0.17244670619161226,0.042260400019586086,17,0.05587979802082031,0.16004246478806372,0.008770400076173246,10,0.05727339191223959,0.19132550739647958,0.006331500015221536,6,0.06276285030123563,0.22394170601011845,0.004737399984151125
74,original,N,New_N_075.wav,28-17-10-6,DeepONMF_H4,4,nndsvd,0.2465048762986623,6x212,0.06427550001535565,28,0.06895135721934309,0.17289639097692924,0.043156699975952506,17,0.05588122738620043,0.18145404471525106,0.00878569995984435,10,0.05727247522308435,0.22817799019078172,0.006410000030882657,6,0.06061196999322227,0.27472559335292546,0.004697000025771558
75,original,N,New_N_076.wav,28-17-10-6,DeepONMF_H4,4,nndsvd,0.24976732551939845,6x212,0.06334330001845956,28,0.0722228566368894,0.17994232242240865,0.04257489996962249,17,0.05579816674741102,0.15683030713608936,0.008925299975089729,10,0.05813891272094727,0.218633822774309,0.005793599993921816,6,0.06300600556853622,0.2762820923217416,0.004994599963538349
76,original,N,New_N_077.wav,28-17-10-6,DeepONMF_H4,4,nndsvd,0.24731288898724543,6x212,0.06235909997485578,28,0.06606864761252747,0.1853839503609313,0.041356900008395314,17,0.05575771010321931,0.15299849255777453,0.009278599987737834,10,0.056764794452497755,0.17705315794629972,0.005879300064407289,6,0.06222781627788171,0.2396439217472494,0.0048454999923706055
77,original,N,New_N_078.wav,28-17-10-6,DeepONMF_H4,4,nndsvd,0.24560952903435693,6x212,0.06263920001219958,28,0.06485792416978235,0.18114446933115796,0.04175560001749545,17,0.05583200397231366,0.15891076810135868,0.00955070008058101,10,0.057197469450655965,0.2018025608986829,0.005829799920320511,6,0.05999719852926182,0.23036334226624727,0.004463599994778633
78,original,N,New_N_079.wav,28-17-10-6,DeepONMF_H4,4,nndsvd,0.2492005533423175,6x212,0.0633881000103429,28,0.07009551745981736,0.1814672790141985,0.041931800078600645,17,0.056078663812376035,0.1622512339964877,0.008490200038067997,10,0.0581080674732457,0.23454934879910216,0.007203200017102063,6,0.062457024609727727,0.31058413063553547,0.004559100023470819
79,original,N,New_N_080.wav,28-17-10-6,DeepONMF_H4,4,nndsvd,0.2481212108171584,6x212,0.065707299974747,28,0.07052613727091032,0.16311009239932922,0.04324180004186928,17,0.05596534377404083,0.1293634160812228,0.008794700028374791,10,0.058437007447660484,0.19723291685405955,0.0072058000368997455,6,0.05986249003580623,0.2777550501358262,0.005216300021857023
80,original,N,New_N_081.wav,28-17-10-6,DeepONMF_H4,4,nndsvd,0.24751151336813093,6x212,0.07658220001030713,28,0.07266529333125996,0.18180497526968703,0.04666549991816282,17,0.05574250929590325,0.13504371275137447,0.013579800026491284,10,0.05694523758664458,0.17978918227776428,0.010570500046014786,6,0.060091622677027855,0.26088903586274526,0.004486100049689412
81,original,N,New_N_082.wav,28-17-10-6,DeepONMF_H4,4,nndsvd,0.2462785738111394,6x212,0.06255229993257672,28,0.0643547697268842,0.17926619587270567,0.041811399976722896,17,0.05624878928563207,0.16167196903333203,0.00897839991375804,10,0.0573819312223884,0.20228153128705953,0.0059634000062942505,6,0.06024961624365771,0.26685109635829646,0.00466259999666363
82,original,N,New_N_083.wav,28-17-10-6,DeepONMF_H4,4,nndsvd,0.24969925777262664,6x212,0.06528350000735372,28,0.07136341110473572,0.17822345513306775,0.043734700069762766,17,0.05605531837942376,0.1173850481360014,0.008472100016660988,10,0.057414874870206765,0.13348947500197264,0.007373400032520294,6,0.06084234941736447,0.21600320429088424,0.004495900007896125
83,original,N,New_N_084.wav,28-17-10-6,DeepONMF_H4,4,nndsvd,0.24692404584511315,6x212,0.06585420004557818,28,0.06689454295945922,0.17268727902421516,0.04487059998791665,17,0.05588031213112246,0.15440444879701568,0.00857850001193583,10,0.05745676240603841,0.18215031022227576,0.00656960008200258,6,0.06321522307077208,0.2556704708537102,0.004484100034460425
84,original,N,New_N_085.wav,28-17-10-6,DeepONMF_H4,4,nndsvd,0.24723932173335686,6x212,0.06368370004929602,28,0.0663038521037107,0.18257080177514412,0.04342030000407249,17,0.05577318253464811,0.16734989211769258,0.008489500032737851,10,0.05717305518694286,0.20598556144973032,0.0061842999421060085,6,0.061097312114261,0.2660811575040792,0.0044784999918192625
85,original,N,New_N_086.wav,28-17-10-6,DeepONMF_H4,4,nndsvd,0.250695107920807,6x212,0.0631883000023663,28,0.07153073190444852,0.1802629170605411,0.0416197000304237,17,0.0562366736447426,0.16055608331100077,0.008847600081935525,10,0.0585386781439348,0.19248723368491322,0.0059995000483468175,6,0.06166144805608861,0.23410465920029838,0.0056480000494048
86,original,N,New_N_087.wav,28-17-10-6,DeepONMF_H4,4,nndsvd,0.24895066404560634,6x212,0.06405419996008277,28,0.06919863088147622,0.1673613044569723,0.04329669999424368,17,0.05595356047569694,0.1322403210465509,0.00882160000037402,10,0.058253722357194414,0.15119898924907968,0.006097299978137016,6,0.062330532065953875,0.20343545095449098,0.004818400018848479
87,original,N,New_N_088.wav,28-17-10-6,DeepONMF_H4,4,nndsvd,0.24746904332168007,6x212,0.0658328999998048,28,0.06833499760038295,0.18099899844598133,0.045274400035850704,17,0.05587484055961388,0.159965982970418,0.008966100052930415,10,0.05776766014822637,0.20448084353345916,0.005811300012283027,6,0.06344757619532686,0.2606379500713346,0.004747499944642186
88,original,N,New_N_089.wav,28-17-10-6,DeepONMF_H4,4,nndsvd,0.2477743122205402,6x212,0.06227960006799549,28,0.066719546680549,0.16946499161027062,0.041816300014033914,17,0.05590648484137557,0.15323191760433091,0.00894740002695471,10,0.057690317794091936,0.18301277390929196,0.0058747000293806195,6,0.06461429110565371,0.23671747888778316,0.004473699955269694
89,original,N,New_N_090.wav,28-17-10-6,DeepONMF_H4,4,nndsvd,0.2493367487361137,6x212,0.06183300004340708,28,0.06987097458531902,0.16308703798272137,0.040674999938346446,17,0.05607004387437897,0.14119952754853876,0.008651599986478686,10,0.058004815176537376,0.18802497044365069,0.006736400071531534,6,0.06286363319764363,0.32485012761408516,0.004492299980483949
90,original,N,New_N_091.wav,28-17-10-6,DeepONMF_H4,4,nndsvd,0.24899393414101653,6x212,0.06577719992492348,28,0.06857470448036973,0.15310861072177892,0.043774800025857985,17,0.056792332007227844,0.12693751043862866,0.008769300067797303,10,0.05984093079539793,0.16692548341391406,0.006986499996855855,6,0.06556336807642796,0.1945992010908329,0.004941400024108589
91,original,N,New_N_092.wav,28-17-10-6,DeepONMF_H4,4,nndsvd,0.2461760350188663,6x212,0.06529699999373406,28,0.06500820180694773,0.17218387979031732,0.04345660004764795,17,0.055774695575616866,0.16727608474595485,0.008621699991635978,10,0.057035624021582756,0.20469090611981913,0.007213200093246996,6,0.06217702485398179,0.278936747289121,0.004710600012913346
92,original,N,New_N_093.wav,28-17-10-6,DeepONMF_H4,4,nndsvd,0.24927709770297432,6x212,0.06228640000335872,28,0.06669407500118989,0.14053829481325725,0.04179050005041063,17,0.05627703342251005,0.12644315251957838,0.008778100018389523,10,0.059896867991100375,0.14286651050343413,0.0057978000259026885,6,0.06343621131689355,0.21210976943672108,0.004913299926556647
93,original,N,New_N_094.wav,28-17-10-6,DeepONMF_H4,4,nndsvd,0.250489234981195,6x212,0.06294350000098348,28,0.06960345625955745,0.18152748709475153,0.042291600024327636,17,0.05593950021539592,0.16280124528573503,0.00916969997342676,10,0.059922277069766876,0.19889471497627595,0.005809700000099838,6,0.06768318534092581,0.23176817189863236,0.004644499975256622
94,original,N,New_N_095.wav,28-17-10-6,DeepONMF_H4,4,nndsvd,0.24665112343323578,6x212,0.062361299991607666,28,0.06759664563345012,0.18452284768834668,0.041426800074987113,17,0.05558668769682943,0.1661102447087843,0.0094319999916479,10,0.056857119609798806,0.18897221490641536,0.0060156999388709664,6,0.06275828880735441,0.20005156382739267,0.0044643000001087785
95,original,N,New_N_096.wav,28-17-10-6,DeepONMF_H4,4,nndsvd,0.24970095790689562,6x212,0.06517139996867627,28,0.0736167573787583,0.1829363853568557,0.04298079991713166,17,0.056058547532580834,0.17516920922350754,0.009466599905863404,10,0.057327741379316816,0.18733737964894523,0.006764999940060079,6,0.061863223121708104,0.2843444411312028,0.004678299999795854
96,original,N,New_N_097.wav,28-17-10-6,DeepONMF_H4,4,nndsvd,0.24870046723943232,6x212,0.07978439994622022,28,0.07163330356866407,0.18583929662186374,0.04211929999291897,17,0.05601719715263717,0.15326960651727856,0.014642700087279081,10,0.05800571774730793,0.1646773864920506,0.0130675999680534,6,0.06284646628318458,0.25303362804964846,0.008776200003921986
97,original,N,New_N_098.wav,28-17-10-6,DeepONMF_H4,4,nndsvd,0.24645474433067083,6x212,0.06735210004262626,28,0.06943367883409311,0.1742107464598605,0.046044299961067736,17,0.05585417953913152,0.16412182837367026,0.009010700043290854,10,0.05768461869920302,0.21922835846845967,0.006527499994263053,6,0.06097553804064613,0.29346773372201956,0.004520399961620569
98,original,N,New_N_099.wav,28-17-10-6,DeepONMF_H4,4,nndsvd,0.24384480393980523,6x212,0.06651820009574294,28,0.06489979818438657,0.19302847434197543,0.04453379998449236,17,0.05564042727289109,0.17762487594528248,0.008536400040611625,10,0.056277882007630495,0.21106140000844043,0.00613540003541857,6,0.0577791733336585,0.27501647645821314,0.006157300085760653
99,original,N,New_N_100.wav,28-17-10-6,DeepONMF_H4,4,nndsvd,0.24401025342989385,6x212,0.06670669990126044,28,0.06264035814516619,0.19904433934591012,0.045443200040608644,17,0.055638803377184784,0.14307241964496054,0.008504300029017031,10,0.05590774020401385,0.14353408884853502,0.006242200033739209,6,0.059558600494672105,0.16180475731727356,0.00527149997651577
100,original,N,New_N_101.wav,28-17-10-6,DeepONMF_H4,4,nndsvd,0.2433481261018309,6x212,0.06535150005947798,28,0.062283018135889344,0.17981855553853593,0.04437859996687621,17,0.05566394416577691,0.11931062931959735,0.008501400006935,10,0.05614767426317118,0.18551216408921656,0.005787899950519204,6,0.05717015371302046,0.22618556041049118,0.005568099906668067
101,original,N,New_N_102.wav,28-17-10-6,DeepONMF_H4,4,nndsvd,0.24482466694966581,6x212,0.0647898999741301,28,0.06289425410228204,0.18798576578161938,0.043102000025101006,17,0.05543464982787186,0.17481145196655903,0.009054700029082596,10,0.056327717771203975,0.21027959387013498,0.006770000094547868,6,0.060038092497716446,0.30232959589761965,0.004822000046260655
102,original,N,New_N_103.wav,28-17-10-6,DeepONMF_H4,4,nndsvd,0.24356589412416293,6x212,0.0633055999642238,28,0.06339608129294239,0.18839555663290602,0.04283189994748682,17,0.055514535766460156,0.1971819297893874,0.008758699987083673,10,0.0562712094419936,0.25966988476566105,0.005951200029812753,6,0.058222241654475426,0.3754312564786935,0.004460699972696602
103,original,N,New_N_104.wav,28-17-10-6,DeepONMF_H4,4,nndsvd,0.24412967754231832,6x212,0.060842699953354895,28,0.06465772048332954,0.19944617335966794,0.040475300047546625,17,0.05566846488662904,0.15806908512381762,0.008547000004909933,10,0.056169671619892704,0.20334526265261788,0.006089299917221069,6,0.05779960538727961,0.3228610971640734,0.004562199930660427
104,original,N,New_N_105.wav,28-17-10-6,DeepONMF_H4,4,nndsvd,0.24265087567811,6x212,0.0631382999708876,28,0.06198706433050007,0.20382949737049344,0.04230990004725754,17,0.05550418956000903,0.172028443971583,0.008926099981181324,10,0.05597726706887559,0.22104387594757327,0.006144499988295138,6,0.05739902296590175,0.25368429107614665,0.004602000000886619
105,original,N,New_N_106.wav,28-17-10-6,DeepONMF_H4,4,nndsvd,0.24333899950070495,6x212,0.0625422999728471,28,0.06483297632471768,0.16366774352398908,0.041903499979525805,17,0.05565135883815997,0.13806499010280926,0.009004599996842444,10,0.05620295434793171,0.20103700860174328,0.005891900043934584,6,0.05689594863124915,0.28964158781128974,0.00477080000564456
106,original,N,New_N_107.wav,28-17-10-6,DeepONMF_H4,4,nndsvd,0.24339459591261325,6x212,0.06550619995687157,28,0.06256858696402315,0.19967454537881232,0.04398610000498593,17,0.05557231481099595,0.1908173838942806,0.009498000028543174,10,0.055867700195006406,0.2421906333647024,0.005935100023634732,6,0.05754193463116113,0.3606778725997382,0.005019799922592938
107,original,N,New_N_108.wav,28-17-10-6,DeepONMF_H4,4,nndsvd,0.24470195695640987,6x212,0.062403100077062845,28,0.06719829108183853,0.17739813178130984,0.04186130000744015,17,0.055495224142828245,0.15417161605329066,0.00914460001513362,10,0.05600383961447802,0.2114738818389272,0.00579159997869283,6,0.05787856032624489,0.2991108723984865,0.004521599970757961
108,original,N,New_N_109.wav,28-17-10-6,DeepONMF_H4,4,nndsvd,0.24354480252858218,6x212,0.06492939998861402,28,0.06049743596882309,0.17206975361419297,0.043918600073084235,17,0.05552023421018484,0.13604941852814037,0.00927939999382943,10,0.05656198190460215,0.21733197394990458,0.005881100078113377,6,0.05733700553050097,0.36607276655193133,0.004596200073137879
109,original,N,New_N_110.wav,28-17-10-6,DeepONMF_H4,4,nndsvd,0.24513336836034158,6x212,0.0650017000734806,28,0.06456981082959111,0.17934438000527386,0.043807300040498376,17,0.055694985816174804,0.15308637587382157,0.009442299953661859,10,0.05721767047317959,0.1837289019259616,0.006090599927119911,6,0.05822718251234136,0.3197009355249077,0.004471200052648783
