indice_interno,base,clase,archivo,distribucion,representacion,numero_capas,inicializacion_onmf,error_final,forma_h_final,segundos_extraccion_deep,capa_1_rango,capa_1_error,capa_1_ortogonalidad_h,capa_1_segundos,capa_2_rango,capa_2_error,capa_2_ortogonalidad_h,capa_2_segundos,capa_3_rango,capa_3_error,capa_3_ortogonalidad_h,capa_3_segundos,capa_4_rango,capa_4_error,capa_4_ortogonalidad_h,capa_4_segundos
0,SNR_0db,N,New_N_001.wav,26-19-14-10,DeepONMF_H4,4,nndsvd,0.3852080779703424,10x212,0.04179269995074719,26,0.24130793337642953,0.28247480050130924,0.025449099950492382,19,0.15637351105163508,0.28579835862229375,0.00719449995085597,14,0.14483275800999068,0.2854544963592245,0.004519399954006076,10,0.1447174624736196,0.2847066253624436,0.003529299981892109
1,SNR_0db,N,New_N_002.wav,26-19-14-10,DeepONMF_H4,4,nndsvd,0.38137148180482633,10x212,0.041293099988251925,26,0.2405200608182775,0.299997192169213,0.025543199968524277,19,0.14930090227526627,0.2956484341113484,0.006243400042876601,14,0.13229564118163864,0.3047523447462163,0.004602300003170967,10,0.13274180526557552,0.30040600322730077,0.004041100037284195
2,SNR_0db,N,New_N_003.wav,26-19-14-10,DeepONMF_H4,4,nndsvd,0.3881416856383357,10x212,0.04415500001050532,26,0.24501550155383317,0.2944166339152159,0.026973800035193563,19,0.14842204836568992,0.29241600230967996,0.0073235000018030405,14,0.14232795140394439,0.29913203010444367,0.0049233000027015805,10,0.1348613773379146,0.291366667236825,0.003964600036852062
3,SNR_0db,N,New_N_004.wav,26-19-14-10,DeepONMF_H4,4,nndsvd,0.3886182937497764,10x212,0.04395520000252873,26,0.24433791927811466,0.2973966973914304,0.026983699994161725,19,0.15563682644698332,0.2986931296641526,0.006610400043427944,14,0.14132814078002082,0.3081773416687544,0.0054926000302657485,10,0.14074245786507159,0.31559915003013644,0.0038701000157743692
4,SNR_0db,N,New_N_005.wav,26-19-14-10,DeepONMF_H4,4,nndsvd,0.3818226545411093,10x212,0.04144930001348257,26,0.2416167547851564,0.29449547053574904,0.02501860004849732,19,0.14757829634689634,0.2913013456301429,0.00676639995072037,14,0.1416208389782634,0.2835593691564968,0.00485080003272742,10,0.13866504183799652,0.2929754819280807,0.0039036000380292535
5,SNR_0db,N,New_N_006.wav,26-19-14-10,DeepONMF_H4,4,nndsvd,0.3861482048559945,10x212,0.04395800002384931,26,0.24303838013569154,0.2963353564670574,0.02700979996006936,19,0.15415402306664594,0.2891077918440108,0.006454700022004545,14,0.1430414713849295,0.2934806568542811,0.005595099995844066,10,0.1412217343702575,0.30109793621951814,0.0039163000183179975
6,SNR_0db,N,New_N_007.wav,26-19-14-10,DeepONMF_H4,4,nndsvd,0.3856216561633655,10x212,0.045481299981474876,26,0.24284725824221995,0.2974461827276294,0.027869399986229837,19,0.14992167704846335,0.2946842568907468,0.006727800006046891,14,0.1395013926618599,0.2993732496655881,0.0048952000215649605,10,0.13886193194536528,0.30385546810720915,0.004924000008031726
7,SNR_0db,N,New_N_008.wav,26-19-14-10,DeepONMF_H4,4,nndsvd,0.3818180916576693,10x212,0.04402909998316318,26,0.2390369744511868,0.2920853155441222,0.02689280000049621,19,0.150723317700142,0.2968567427123251,0.0073738000355660915,14,0.1448905602075131,0.28835309969944445,0.004891299991868436,10,0.1401257933205486,0.29273413085530237,0.003933299914933741
8,SNR_0db,N,New_N_009.wav,26-19-14-10,DeepONMF_H4,4,nndsvd,0.38377338739206907,10x212,0.04555499996058643,26,0.24138212928622116,0.289746493964911,0.028272300027310848,19,0.14903510207944187,0.2956338872310883,0.006843299954198301,14,0.14222897290218697,0.30421960787153624,0.005538899917155504,10,0.14184660580886974,0.3022729587903102,0.003667199984192848
9,SNR_0db,N,New_N_010.wav,26-19-14-10,DeepONMF_H4,4,nndsvd,0.3863865196505939,10x212,0.0409072000766173,26,0.2427622485094985,0.2930495795370536,0.025082799955271184,19,0.15468061997564803,0.2929218438566576,0.006210700026713312,14,0.138171019868671,0.30189760565963564,0.004383099963888526,10,0.13850211095568332,0.30913307896523784,0.004298600018955767
10,SNR_0db,N,New_N_011.wav,26-19-14-10,DeepONMF_H4,4,nndsvd,0.3833560244279829,10x212,0.04035379993729293,26,0.24212181984606573,0.301263228236266,0.024693100014701486,19,0.15152200021250697,0.29955685805868315,0.005860100034624338,14,0.1393832786351041,0.2979074256673586,0.004885500064119697,10,0.13941724212397122,0.2936840372156902,0.0034642000682651997
11,SNR_0db,N,New_N_012.wav,26-19-14-10,DeepONMF_H4,4,nndsvd,0.3881916219623677,10x212,0.03877310000825673,26,0.24522552231825875,0.28838381912649574,0.02306989999487996,19,0.15535615484065993,0.273666173750005,0.006476099952124059,14,0.14030584716112351,0.2897702940399654,0.004543600021861494,10,0.14011838900313284,0.2882959787209692,0.0035705999471247196
12,SNR_0db,N,New_N_013.wav,26-19-14-10,DeepONMF_H4,4,nndsvd,0.3822752110048389,10x212,0.043989900033921,26,0.23965862914364183,0.2981722258420609,0.026651700027287006,19,0.14980558013283776,0.29775825283605517,0.006685700034722686,14,0.14246138295230656,0.298955172342882,0.005640799994580448,10,0.14231666651836608,0.30600470346032194,0.003979699919000268
13,SNR_0db,N,New_N_014.wav,26-19-14-10,DeepONMF_H4,4,nndsvd,0.381820927802974,10x212,0.042618999956175685,26,0.23931703953358238,0.29099126999397484,0.02708339993841946,19,0.14832796496503506,0.29523461817868973,0.006561800022609532,14,0.1434106757792618,0.2930217353810829,0.004408999928273261,10,0.137138702953025,0.2868972167271233,0.003604499972425401
14,SNR_0db,N,New_N_015.wav,26-19-14-10,DeepONMF_H4,4,nndsvd,0.39382773247459674,10x212,0.039241200080141425,26,0.24761352014233587,0.289677045323626,0.024175900034606457,19,0.1545875817139098,0.2895809288209714,0.00570119998883456,14,0.14402215298499016,0.2984271599956187,0.004861599998548627,10,0.1440809866505574,0.3082918708301098,0.0036545000039041042
15,SNR_0db,N,New_N_016.wav,26-19-14-10,DeepONMF_H4,4,nndsvd,0.3877524833140734,10x212,0.0403045000275597,26,0.24659833528200936,0.2891516185059221,0.024639700073748827,19,0.14995792451070522,0.29238571330658897,0.006605500006116927,14,0.14428697913652683,0.29185941556463024,0.0044574999483302236,10,0.14740480733459518,0.2903048352375531,0.0034457999281585217
16,SNR_0db,N,New_N_017.wav,26-19-14-10,DeepONMF_H4,4,nndsvd,0.38728856998531086,10x212,0.041938599897548556,26,0.2473183656026105,0.29321290515018833,0.026276699965819716,19,0.1572088576244578,0.2926349551834031,0.005748900002799928,14,0.14435868033518856,0.30118567822375447,0.0050403999630361795,10,0.1446341600931132,0.30365608564583924,0.003597899922169745
17,SNR_0db,N,New_N_018.wav,26-19-14-10,DeepONMF_H4,4,nndsvd,0.3849195668076147,10x212,0.03939379996154457,26,0.2451966102756904,0.2918640234168406,0.023711999994702637,19,0.14972035541116696,0.29266373292971704,0.006667500012554228,14,0.14355764417153447,0.28260494933685915,0.004432599991559982,10,0.14165063053082574,0.28605800404461745,0.00342399999499321
18,SNR_0db,N,New_N_019.wav,26-19-14-10,DeepONMF_H4,4,nndsvd,0.3840249850791363,10x212,0.038283800007775426,26,0.24335419942947162,0.294173125055076,0.02327450003940612,19,0.14658593928285957,0.2896377182778069,0.005943299969658256,14,0.14328329531946526,0.2928148855977514,0.004407200030982494,10,0.13940042918938847,0.2924468814676106,0.0035340000176802278
19,SNR_0db,N,New_N_020.wav,26-19-14-10,DeepONMF_H4,4,nndsvd,0.38198859562644655,10x212,0.040853100013919175,26,0.24524778826857674,0.29583353693906117,0.02508050005417317,19,0.14638839785550017,0.29911036229375326,0.006102200015448034,14,0.136362280769405,0.2997221251292177,0.005006099934689701,10,0.14174437211053106,0.3002790651136288,0.003658799920231104
20,SNR_0db,N,New_N_021.wav,26-19-14-10,DeepONMF_H4,4,nndsvd,0.38614694916438846,10x212,0.03720310004428029,26,0.24026487253947232,0.2980019066491136,0.021556499996222556,19,0.1520281006009863,0.2996915748896206,0.006372799980454147,14,0.14621210967249118,0.2909569711122238,0.004592599929310381,10,0.13495945183807712,0.2928819747764962,0.0035149999894201756
21,SNR_0db,N,New_N_022.wav,26-19-14-10,DeepONMF_H4,4,nndsvd,0.3896216902091641,10x212,0.03699829999823123,26,0.2452480122108075,0.30151312577682293,0.02070379990618676,19,0.1561732806259996,0.3075585913977873,0.006657500052824616,14,0.13759248251102482,0.30742825869136925,0.0046931999968364835,10,0.13650699300776084,0.29452263640533083,0.0035508000291883945
22,SNR_0db,N,New_N_023.wav,26-19-14-10,DeepONMF_H4,4,nndsvd,0.3806369067426352,10x212,0.0409186000470072,26,0.23909608722060502,0.29502775846040524,0.025625100010074675,19,0.14468372776899435,0.2975842505334802,0.005824599997140467,14,0.1392902581041389,0.29591457396252807,0.0049334000796079636,10,0.13925999608229758,0.30023956524112166,0.003630800056271255
23,SNR_0db,N,New_N_024.wav,26-19-14-10,DeepONMF_H4,4,nndsvd,0.38754684923475546,10x212,0.03985950001515448,26,0.2461227620192109,0.2968567260525786,0.02408199990168214,19,0.15246426160760235,0.2930453275282975,0.0065194000490009785,14,0.1339859986817797,0.2889462069670136,0.004518500063568354,10,0.13711459613037733,0.2915564321105354,0.0034582000225782394
24,SNR_0db,N,New_N_025.wav,26-19-14-10,DeepONMF_H4,4,nndsvd,0.38492688855651774,10x212,0.0380581000354141,26,0.24412459163460412,0.2998470668852254,0.023157699964940548,19,0.15158543915679715,0.28904699691839003,0.005933999898843467,14,0.14267412493092038,0.29888165252811094,0.0043870999943464994,10,0.14402611752462624,0.300165539611304,0.0037361999275162816
25,SNR_0db,N,New_N_026.wav,26-19-14-10,DeepONMF_H4,4,nndsvd,0.38685366767093327,10x212,0.041246999986469746,26,0.24272370331133333,0.3053103146214065,0.025267999968491495,19,0.15328756737502996,0.30167247172147427,0.006444800063036382,14,0.1449569747810667,0.3020413960651015,0.004978500073775649,10,0.14048447026286168,0.30086677518742444,0.0036337999626994133
26,SNR_0db,N,New_N_027.wav,26-19-14-10,DeepONMF_H4,4,nndsvd,0.383221483647166,10x212,0.03917799994815141,26,0.24254652134461674,0.28878416441243104,0.02396050002425909,19,0.15029317148575463,0.2972731761750167,0.00615320005454123,14,0.14202042076672805,0.28873732121056106,0.004512700019404292,10,0.13197295651677082,0.2739728205787916,0.003459200030192733
27,SNR_0db,N,New_N_028.wav,26-19-14-10,DeepONMF_H4,4,nndsvd,0.38703229375381154,10x212,0.04104780009947717,26,0.24364619049636316,0.2989239296902932,0.025663599953986704,19,0.15371885515482364,0.2982304068985877,0.0057827000273391604,14,0.1398817114365878,0.2998627655747912,0.0050530999433249235,10,0.13595851252494115,0.30192967710902613,0.0036078999983146787
28,SNR_0db,N,New_N_029.wav,26-19-14-10,DeepONMF_H4,4,nndsvd,0.39273277835663134,10x212,0.041018899995833635,26,0.24803674805040665,0.2871666953798647,0.025524300057440996,19,0.16807844571633374,0.282228977350366,0.006517899921163917,14,0.14123129817902977,0.2917322177566199,0.004428899963386357,10,0.14194317107339693,0.30403242941356573,0.0034181999508291483
29,SNR_0db,N,New_N_030.wav,26-19-14-10,DeepONMF_H4,4,nndsvd,0.38283563251804864,10x212,0.039369800011627376,26,0.24143454896793062,0.292850413301377,0.024416000000201166,19,0.15130911115250675,0.30341013200573863,0.005776899983175099,14,0.14074621956945685,0.29677117655819746,0.00435890001244843,10,0.1397857387215235,0.3156934375273842,0.0038426999235525727
30,SNR_0db,N,New_N_031.wav,26-19-14-10,DeepONMF_H4,4,nndsvd,0.3852305508863718,10x212,0.04132660001050681,26,0.24392525853383226,0.29251347395535593,0.025465300073847175,19,0.15399059671911375,0.30197364283452355,0.006480699987150729,14,0.1413643247118042,0.298900135186224,0.004544500028714538,10,0.13916105600247836,0.29834836245987345,0.003467800095677376
31,SNR_0db,N,New_N_032.wav,26-19-14-10,DeepONMF_H4,4,nndsvd,0.3875438858143348,10x212,0.038894500001333654,26,0.24245548006154036,0.29768822133109035,0.023197599919512868,19,0.15702617123491616,0.29069836211206285,0.006580299930647016,14,0.13913107941821362,0.29000268133268936,0.004398899967782199,10,0.1407194565982528,0.2997602244463617,0.0034628999419510365
32,SNR_0db,N,New_N_033.wav,26-19-14-10,DeepONMF_H4,4,nndsvd,0.3877025719287436,10x212,0.04135730001144111,26,0.24185950286622915,0.29566478939035884,0.02403030009008944,19,0.15724553353157547,0.28733382219360165,0.007278600009158254,14,0.14216344378382326,0.28948924151051003,0.005240799975581467,10,0.14296302430004754,0.30269815835270675,0.0038084000116214156
33,SNR_0db,N,New_N_034.wav,26-19-14-10,DeepONMF_H4,4,nndsvd,0.38535670540052425,10x212,0.04116650007199496,26,0.24200467547632606,0.291597597967648,0.0247453999472782,19,0.15507563857740622,0.29247709477655615,0.007305999984964728,14,0.1426210551213429,0.2896023231845583,0.004558199900202453,10,0.13849342420717756,0.29001559494745877,0.003467799979262054
34,SNR_0db,N,New_N_035.wav,26-19-14-10,DeepONMF_H4,4,nndsvd,0.38098000812436617,10x212,0.04136669996660203,26,0.24220103850006783,0.29058209495141185,0.02562310011126101,19,0.15021906534064922,0.290368976768641,0.005901700002141297,14,0.14259134553939878,0.30001099588646923,0.005107800010591745,10,0.14002840754029586,0.29065323115780983,0.0037364999298006296
35,SNR_0db,N,New_N_036.wav,26-19-14-10,DeepONMF_H4,4,nndsvd,0.3855589069631565,10x212,0.04044889996293932,26,0.2421723265414796,0.29268068685401166,0.024704899988137186,19,0.1497682526295038,0.2933842114732736,0.006713300012052059,14,0.14329180678557576,0.2914842527789438,0.0045189999509602785,10,0.14190626076412732,0.307299810621281,0.003460699925199151
36,SNR_0db,N,New_N_037.wav,26-19-14-10,DeepONMF_H4,4,nndsvd,0.32440561934709994,10x212,0.038952199975028634,26,0.1799232980037373,0.2947350740129992,0.02318689995445311,19,0.10623928833521902,0.27951405771111043,0.00602420000359416,14,0.10651818267664948,0.27386945118237555,0.004435000009834766,10,0.10292389863415095,0.2845545316004993,0.004300499917007983
37,SNR_0db,N,New_N_038.wav,26-19-14-10,DeepONMF_H4,4,nndsvd,0.3892587605298899,10x212,0.03999940003268421,26,0.2403333916425134,0.29484462487741614,0.023777300026267767,19,0.15388213574722612,0.2908221050779533,0.006960200029425323,14,0.13755341461797327,0.2910274391263818,0.004523599985986948,10,0.14240567798505513,0.28114068019306,0.0034898000303655863
38,SNR_0db,N,New_N_039.wav,26-19-14-10,DeepONMF_H4,4,nndsvd,0.38959488656566554,10x212,0.039109200006350875,26,0.2448008838526518,0.28993064883693787,0.022033300017938018,19,0.15374497910212112,0.2935914406433676,0.0075827999971807,14,0.14904114809770683,0.29985930425494856,0.004761599935591221,10,0.1499499877033223,0.28478540374666295,0.0038434999296441674
39,SNR_0db,N,New_N_040.wav,26-19-14-10,DeepONMF_H4,4,nndsvd,0.38410359233657293,10x212,0.04493430000729859,26,0.24312374531074452,0.2904959493201819,0.027814900036901236,19,0.15073798909592362,0.29531331690815205,0.007207399932667613,14,0.14364831871748726,0.29257399054792516,0.004958399920724332,10,0.137788995763228,0.28372884213039523,0.0037290999898687005
40,SNR_0db,N,New_N_041.wav,26-19-14-10,DeepONMF_H4,4,nndsvd,0.3827257626571844,10x212,0.04176449996884912,26,0.24073946186917766,0.29727065645334516,0.02627309993840754,19,0.1453952402466801,0.3037966840989937,0.005958800087682903,14,0.1383730309324007,0.30417792743677863,0.004415300092659891,10,0.1373795403941446,0.310817102479779,0.00426700001116842
41,SNR_0db,N,New_N_042.wav,26-19-14-10,DeepONMF_H4,4,nndsvd,0.3866578861609336,10x212,0.0393548000138253,26,0.24457234735748665,0.2933227040193165,0.023155200062319636,19,0.15211380287313703,0.2914760893454503,0.005965800024569035,14,0.14025618155623956,0.2866975504491412,0.005091800005175173,10,0.1366119505524505,0.29016807459890814,0.0035676000406965613
42,SNR_0db,N,New_N_043.wav,26-19-14-10,DeepONMF_H4,4,nndsvd,0.37955397304765376,10x212,0.040183500037528574,26,0.23593793404871516,0.2945201547904246,0.02395760000217706,19,0.14451562726028874,0.2963701885953879,0.006618699990212917,14,0.1388377115327431,0.2976765942440108,0.004612699965946376,10,0.13846670038681988,0.30407940906431064,0.003845199942588806
43,SNR_0db,N,New_N_044.wav,26-19-14-10,DeepONMF_H4,4,nndsvd,0.3824820238358248,10x212,0.04142390005290508,26,0.24135238605109827,0.30554167675500776,0.025551100028678775,19,0.14809142356985122,0.30483814119763525,0.006167900050058961,14,0.13230622099716652,0.30971470509402094,0.005194199969992042,10,0.13053780173326973,0.3068509133510226,0.0036549000069499016
44,SNR_0db,N,New_N_045.wav,26-19-14-10,DeepONMF_H4,4,nndsvd,0.38286878256626933,10x212,0.041128700016997755,26,0.238219439286771,0.30469895662228774,0.025187599938362837,19,0.14789006141938077,0.30540997335145365,0.006480199983343482,14,0.13653658921340261,0.3137700232807629,0.004636100027710199,10,0.13815935767235937,0.31089256863773373,0.0035301001043990254
45,SNR_0db,N,New_N_046.wav,26-19-14-10,DeepONMF_H4,4,nndsvd,0.3795659816193973,10x212,0.041493099997751415,26,0.23476949956878157,0.29447987093151,0.025549600017257035,19,0.14057503983862588,0.2972388658872335,0.005931899999268353,14,0.135392424429853,0.3032895645153139,0.004967600107192993,10,0.1397069234067127,0.31238693270091417,0.00376029999461025
46,SNR_0db,N,New_N_047.wav,26-19-14-10,DeepONMF_H4,4,nndsvd,0.3791425940321105,10x212,0.04172029998153448,26,0.2373058919880896,0.2993185380970608,0.02452330000232905,19,0.15227492796785938,0.2979382064205002,0.007588000036776066,14,0.13216086836005062,0.3058170567322547,0.0047290000366047025,10,0.13178441866245086,0.30467086550648026,0.0035487000131979585
47,SNR_0db,N,New_N_048.wav,26-19-14-10,DeepONMF_H4,4,nndsvd,0.38007816780640113,10x212,0.04115639999508858,26,0.23761124375945047,0.29687432663281704,0.025413399911485612,19,0.1411102242366253,0.30102747663086066,0.006028600037097931,14,0.13624975131883116,0.305096296149055,0.00478710001334548,10,0.13355133664948568,0.31175392872408364,0.003819999983534217
48,SNR_0db,N,New_N_049.wav,26-19-14-10,DeepONMF_H4,4,nndsvd,0.38445471198207737,10x212,0.03998390003107488,26,0.2400904389375964,0.2944294912131593,0.02412489999551326,19,0.1474990063317816,0.29495227224162524,0.006664699991233647,14,0.14022217644153046,0.2990746921012026,0.004583399975672364,10,0.13611374913773236,0.31181988029597896,0.003518100013025105
49,SNR_0db,N,New_N_050.wav,26-19-14-10,DeepONMF_H4,4,nndsvd,0.387166180269018,10x212,0.039646699908189476,26,0.23933372836806116,0.29238554388259436,0.024173000012524426,19,0.14903155618759864,0.29707083692740954,0.006137499934993684,14,0.14029916758599767,0.295459027857901,0.004483000026084483,10,0.13421649391592888,0.30051725212791075,0.0039459000108763576
50,SNR_0db,N,New_N_051.wav,26-19-14-10,DeepONMF_H4,4,nndsvd,0.37993707052681364,10x212,0.04242389998398721,26,0.2370816187109527,0.2914035571730077,0.026802800013683736,19,0.14712747881163976,0.2848665922456084,0.006604299996979535,14,0.13498941622270907,0.298406749853053,0.00453380006365478,10,0.12954628811682964,0.3049550011536634,0.003468400100246072
51,SNR_0db,N,New_N_052.wav,26-19-14-10,DeepONMF_H4,4,nndsvd,0.38237965254117656,10x212,0.03998879995197058,26,0.23931715362788164,0.3002387599943102,0.024637999944388866,19,0.14943851235128788,0.30646747405552904,0.005984800052829087,14,0.14018842383414773,0.2995236937775456,0.004569600103422999,10,0.13586174294339598,0.3068553279903578,0.0036307000555098057
52,SNR_0db,N,New_N_053.wav,26-19-14-10,DeepONMF_H4,4,nndsvd,0.38695501822402517,10x212,0.0406195999821648,26,0.24230260236460013,0.2889180596124208,0.024878900032490492,19,0.14915344772082748,0.29420232688820447,0.006200800067745149,14,0.13869521254400607,0.29548319585490584,0.005012099980376661,10,0.13733595547454705,0.3151577851142135,0.0036355999764055014
53,SNR_0db,N,New_N_054.wav,26-19-14-10,DeepONMF_H4,4,nndsvd,0.3838240977524419,10x212,0.04075779998674989,26,0.2400492017797697,0.2938508769408849,0.024936100002378225,19,0.14633100975697302,0.29369434793035076,0.006501600029878318,14,0.13546785756048743,0.3007761646124646,0.0045328999403864145,10,0.13604757559285174,0.31028692812659525,0.0034333999501541257
54,SNR_0db,N,New_N_055.wav,26-19-14-10,DeepONMF_H4,4,nndsvd,0.38266757868860307,10x212,0.04066020005848259,26,0.24171143962438302,0.2931343242425759,0.024481600034050643,19,0.14499938972725943,0.2990444730516002,0.005946399993263185,14,0.13930198990810622,0.2983912851707696,0.004946900065988302,10,0.13460825814676128,0.30371266417738557,0.0038964999839663506
55,SNR_0db,N,New_N_056.wav,26-19-14-10,DeepONMF_H4,4,nndsvd,0.38167135451830314,10x212,0.04047899995930493,26,0.23869008401128033,0.29858229570440525,0.02461369999218732,19,0.14540987360150132,0.29319665445954857,0.006851100013591349,14,0.1321352628703781,0.2784407911887417,0.004505799966864288,10,0.13829655396611693,0.2945670357962363,0.00345660001039505
56,SNR_0db,N,New_N_057.wav,26-19-14-10,DeepONMF_H4,4,nndsvd,0.37893281535021156,10x212,0.03969100001268089,26,0.2365632713848709,0.2938422787108277,0.024135799962095916,19,0.1439677044241495,0.2924800749837156,0.0059801999013870955,14,0.13112861301573492,0.2976401004744281,0.004431699984706938,10,0.13086518901077568,0.2978279754119177,0.004161100019700825
57,SNR_0db,N,New_N_058.wav,26-19-14-10,DeepONMF_H4,4,nndsvd,0.3814685749305795,10x212,0.040722399950027466,26,0.24075226882030434,0.2939509076657793,0.024733700091019273,19,0.14323718280969266,0.29872021447586267,0.006482500000856817,14,0.1384065376303071,0.2936783244817072,0.004630999988876283,10,0.1289759357656462,0.30341651992621055,0.0035059000365436077
58,SNR_0db,N,New_N_059.wav,26-19-14-10,DeepONMF_H4,4,nndsvd,0.38271856058676773,10x212,0.040793700027279556,26,0.23773500992753846,0.2938588115823831,0.02572519995737821,19,0.15324723479524277,0.30021978591150533,0.005940699949860573,14,0.13713363947085636,0.30350138103290447,0.00442420004401356,10,0.1352071167566386,0.303348333978926,0.003839499899186194
59,SNR_0db,N,New_N_060.wav,26-19-14-10,DeepONMF_H4,4,nndsvd,0.3782971442724343,10x212,0.041610200074501336,26,0.23882307626276222,0.2916272883941859,0.025461799930781126,19,0.1461291990773735,0.2974272971224896,0.0065891999984160066,14,0.13477206082454812,0.29401739491835865,0.004718699958175421,10,0.13721539807711802,0.2990818213114025,0.0035230000503361225
60,SNR_0db,N,New_N_061.wav,26-19-14-10,DeepONMF_H4,4,nndsvd,0.38170456522265567,10x212,0.04058590007480234,26,0.23826576225543825,0.29183723993743466,0.025344699970446527,19,0.14814412860548176,0.292098093241593,0.006187799968756735,14,0.1367711539011413,0.29056894178999965,0.004549099947325885,10,0.13879636086402541,0.29697323662098823,0.00352190004196018
61,SNR_0db,N,New_N_062.wav,26-19-14-10,DeepONMF_H4,4,nndsvd,0.3846940243086946,10x212,0.04073520004749298,26,0.23921791053035102,0.29395965496030885,0.025063099921680987,19,0.14996384719012965,0.29428748305483693,0.0058793999487534165,14,0.1332141369541099,0.2923238709249474,0.00511289993301034,10,0.13726019349004526,0.3024469674212804,0.0036229999968782067
62,SNR_0db,N,New_N_063.wav,26-19-14-10,DeepONMF_H4,4,nndsvd,0.38029815985459775,10x212,0.04167629999574274,26,0.2376443263372881,0.29579275353416207,0.026422200025990605,19,0.14385481062359082,0.30007483830217435,0.006069900002330542,14,0.1378255269478497,0.30087845530867274,0.004485200042836368,10,0.13543736920322963,0.3013251140481906,0.003444999922066927
63,SNR_0db,N,New_N_064.wav,26-19-14-10,DeepONMF_H4,4,nndsvd,0.38080313684904055,10x212,0.04154140001628548,26,0.2368392325350655,0.29161186329878686,0.026079100091010332,19,0.14462854683728793,0.29819644090710845,0.005844200029969215,14,0.13493052863851263,0.29616125233328244,0.004866800038143992,10,0.1365384882536853,0.307043202198307,0.003571599954739213
64,SNR_0db,N,New_N_065.wav,26-19-14-10,DeepONMF_H4,4,nndsvd,0.376453132707551,10x212,0.04306870000436902,26,0.23495924082034,0.2960134674142482,0.02675620000809431,19,0.14680332482360495,0.2991476805919083,0.00628500001039356,14,0.13081085683346927,0.2946850695433135,0.004744299920275807,10,0.13327472482786812,0.3021069945883459,0.004222900024615228
65,SNR_0db,N,New_N_066.wav,26-19-14-10,DeepONMF_H4,4,nndsvd,0.381821959133555,10x212,0.044872800004668534,26,0.23656413053227718,0.29937246211560137,0.02747810003347695,19,0.14663390802029524,0.29489978358795044,0.007353799999691546,14,0.13886718501673934,0.3020192931220105,0.005078200018033385,10,0.13422327266143774,0.29041411416494195,0.00379290001001209
66,SNR_0db,N,New_N_067.wav,26-19-14-10,DeepONMF_H4,4,nndsvd,0.37782944104636856,10x212,0.041290199966169894,26,0.2373042822129037,0.29776309024829745,0.025489100022241473,19,0.1457181225314809,0.3013424009213252,0.0060249000089243054,14,0.1345498140903519,0.2988869023415838,0.004460199968889356,10,0.13582799674301488,0.30351649810280573,0.004141599987633526
67,SNR_0db,N,New_N_068.wav,26-19-14-10,DeepONMF_H4,4,nndsvd,0.3850294465646358,10x212,0.039917899994179606,26,0.24202186015293778,0.30004066017741227,0.024225199944339693,19,0.14886266035963716,0.3002247579012455,0.006312199984677136,14,0.14551980404353224,0.3128853974079671,0.004630399984307587,10,0.1376345398168747,0.33076483625135533,0.003541399957612157
68,SNR_0db,N,New_N_069.wav,26-19-14-10,DeepONMF_H4,4,nndsvd,0.3817820273963245,10x212,0.04068380000535399,26,0.24061843909052114,0.29451568844651066,0.025572699960321188,19,0.14977590296861124,0.29304646250688854,0.005845900042913854,14,0.13646348345330775,0.2976481459397505,0.0045631000539287925,10,0.13518442026483726,0.30076495554679256,0.0036841999972239137
69,SNR_0db,N,New_N_070.wav,26-19-14-10,DeepONMF_H4,4,nndsvd,0.3807244250081153,10x212,0.041869399952702224,26,0.24034683490966247,0.3123816124523043,0.02550999994855374,19,0.1481661005443105,0.30242879015658813,0.00632489996496588,14,0.14170311933702445,0.30442449098364965,0.005361100076697767,10,0.14191498038263534,0.3145993823932736,0.0035137999802827835
70,SNR_0db,N,New_N_071.wav,26-19-14-10,DeepONMF_H4,4,nndsvd,0.3868498998653756,10x212,0.04177210002671927,26,0.23987565808171454,0.3022200899169394,0.02636520005762577,19,0.1528529934972979,0.3017487024553783,0.006089899921789765,14,0.13482314287925554,0.29833858921929823,0.004482800024561584,10,0.1363307132074886,0.3007916856464084,0.0038011999567970634
71,SNR_0db,N,New_N_072.wav,26-19-14-10,DeepONMF_H4,4,nndsvd,0.38474223445321243,10x212,0.04037110006902367,26,0.24263888826328514,0.2934062850752716,0.024485499947331846,19,0.14704026309617885,0.3003799998615623,0.006083599990233779,14,0.13947013196942837,0.30808236923239046,0.005157300038263202,10,0.1412675711252731,0.31637806551565834,0.0036540000000968575
72,SNR_0db,N,New_N_073.wav,26-19-14-10,DeepONMF_H4,4,nndsvd,0.38530688197292523,10x212,0.04038879997096956,26,0.24034834449811912,0.29896033587037857,0.02552659995853901,19,0.1506046197053906,0.30131392779526445,0.0060094998916611075,14,0.139702909094323,0.30757895253900586,0.004378700046800077,10,0.13809974491819788,0.31328249350707016,0.0033589000813663006
73,SNR_0db,N,New_N_074.wav,26-19-14-10,DeepONMF_H4,4,nndsvd,0.38706308810895007,10x212,0.04015709995292127,26,0.2420311259874708,0.30052103707418665,0.024102299939841032,19,0.15248481276653503,0.2965860608559068,0.006057500024326146,14,0.1336109919547356,0.30262966106764394,0.005125700030475855,10,0.13660982322517454,0.30720776448254405,0.003904000041075051
74,SNR_0db,N,New_N_075.wav,26-19-14-10,DeepONMF_H4,4,nndsvd,0.3817685217551002,10x212,0.040274000028148293,26,0.23980457475989375,0.2905933042870648,0.024645299999974668,19,0.1493789391685332,0.2963445337795288,0.0066510000033304095,14,0.13876448141212835,0.29604187387437825,0.004513300023972988,10,0.14076151361250863,0.3018574195869845,0.0034640999510884285
75,SNR_0db,N,New_N_076.wav,26-19-14-10,DeepONMF_H4,4,nndsvd,0.3823008780562176,10x212,0.04112599999643862,26,0.24013047357341707,0.28684355960353114,0.02608229999896139,19,0.1466296367941689,0.2934346208642955,0.005824200110509992,14,0.14177267384828846,0.3009070457044494,0.004380100057460368,10,0.1363001245685838,0.29857032969835506,0.0038308000657707453
76,SNR_0db,N,New_N_077.wav,26-19-14-10,DeepONMF_H4,4,nndsvd,0.3861266691259556,10x212,0.04187409998849034,26,0.24164076125019177,0.29765891102477166,0.025969099951907992,19,0.14966861687520117,0.30547562820081536,0.007098000030964613,14,0.13706453262149187,0.3050386460582527,0.00440780003555119,10,0.1397951307427018,0.3102451849699507,0.0033961000153794885
77,SNR_0db,N,New_N_078.wav,26-19-14-10,DeepONMF_H4,4,nndsvd,0.3869601934581333,10x212,0.04012309992685914,26,0.244262126889366,0.29164962095214253,0.024812999996356666,19,0.14854810129587542,0.3041471897462468,0.006146500003524125,14,0.13854923420658372,0.298894370906857,0.004431999986991286,10,0.1345739511968061,0.30272764019277537,0.003903100034222007
78,SNR_0db,N,New_N_079.wav,26-19-14-10,DeepONMF_H4,4,nndsvd,0.38373248203489535,10x212,0.03765519999433309,26,0.23764066810088427,0.29677785947821733,0.022077100002206862,19,0.1479672917549452,0.29926513726517734,0.005949600017629564,14,0.1373585362082242,0.2965059034090049,0.004861399997025728,10,0.14322765309125898,0.3043871566665081,0.00356630003079772
79,SNR_0db,N,New_N_080.wav,26-19-14-10,DeepONMF_H4,4,nndsvd,0.38300501145819865,10x212,0.041858999989926815,26,0.24227499280646028,0.286571479306125,0.026540299993939698,19,0.15082774250492467,0.285223937805311,0.006406800006516278,14,0.13877423505459172,0.28263209427450986,0.004397700075060129,10,0.13899554552428664,0.2961760270529716,0.003374700085259974
80,SNR_0db,N,New_N_081.wav,26-19-14-10,DeepONMF_H4,4,nndsvd,0.382633210214642,10x212,0.041433700011111796,26,0.23939314891066527,0.3005384696146566,0.025696299970149994,19,0.1485750721361304,0.3054917398430457,0.005858800024725497,14,0.14234559598724897,0.31515233049483776,0.004896899918094277,10,0.13658283684253233,0.31358344808840044,0.003634599968791008
81,SNR_0db,N,New_N_082.wav,26-19-14-10,DeepONMF_H4,4,nndsvd,0.38288062077783874,10x212,0.04279340000357479,26,0.2382544008331612,0.30684724212642306,0.027795500005595386,19,0.14575806286203088,0.3065054755167472,0.0059754999820142984,14,0.14045314173255344,0.308784156860034,0.00441659998614341,10,0.13657164250405773,0.3086568045769755,0.0035601999843493104
82,SNR_0db,N,New_N_083.wav,26-19-14-10,DeepONMF_H4,4,nndsvd,0.3821732636593563,10x212,0.041279800003394485,26,0.24010174611328275,0.29116624385013395,0.02548229997046292,19,0.14875708891149964,0.2979386535222305,0.006035899976268411,14,0.14052307808714726,0.3014407707165199,0.005133299971930683,10,0.13905374574487114,0.30949631746748696,0.003671799902804196
83,SNR_0db,N,New_N_084.wav,26-19-14-10,DeepONMF_H4,4,nndsvd,0.38384024259107946,10x212,0.0401910999789834,26,0.24219265382570748,0.3052816042401187,0.02419300004839897,19,0.15103586469238847,0.30050751120304675,0.007082700030878186,14,0.13857317616617637,0.31325160332535434,0.004461699980311096,10,0.13732759053127186,0.3175139296681261,0.003410800010897219
84,SNR_0db,N,New_N_085.wav,26-19-14-10,DeepONMF_H4,4,nndsvd,0.38104381597847364,10x212,0.042100399965420365,26,0.2387460336845447,0.29040150714941476,0.026428199955262244,19,0.1476865555493203,0.2838225453398869,0.005851199966855347,14,0.1430823937270429,0.2926727954429317,0.004970700014382601,10,0.1376684277524272,0.30347660116050423,0.0036497999681159854
85,SNR_0db,N,New_N_086.wav,26-19-14-10,DeepONMF_H4,4,nndsvd,0.3810944564078489,10x212,0.04142030002549291,26,0.23929074662577807,0.3012399736027118,0.026195099926553667,19,0.14710630211940925,0.30200786820215897,0.006267599994316697,14,0.13692538758354686,0.2960454986067321,0.004461899981833994,10,0.13690056668407274,0.2932493752736963,0.003525200067088008
86,SNR_0db,N,New_N_087.wav,26-19-14-10,DeepONMF_H4,4,nndsvd,0.3851835845182615,10x212,0.0405573999742046,26,0.24221603987744503,0.29636372979966863,0.024860900011844933,19,0.1491016740243435,0.2973677488015691,0.005929799983277917,14,0.1377189438286995,0.29481250215521576,0.004802799900062382,10,0.13816961091634947,0.29684962694785705,0.0039654000429436564
87,SNR_0db,N,New_N_088.wav,26-19-14-10,DeepONMF_H4,4,nndsvd,0.3819055698702351,10x212,0.040364300017245114,26,0.24177294639705238,0.2918746920302095,0.02463340002577752,19,0.14860862070158448,0.2923048308939989,0.006578299915418029,14,0.1388381886470477,0.29602013586200643,0.004593599936924875,10,0.13693287172042307,0.3030793787827363,0.0034913000417873263
88,SNR_0db,N,New_N_089.wav,26-19-14-10,DeepONMF_H4,4,nndsvd,0.3824657091242425,10x212,0.039194600074552,26,0.23909231032834904,0.2964747232764691,0.02352629997767508,19,0.15209634536357441,0.2945972348174277,0.005983100039884448,14,0.14075089473291655,0.301445856347312,0.004435799899511039,10,0.1331023542157541,0.3140024736062635,0.004272500053048134
89,SNR_0db,N,New_N_090.wav,26-19-14-10,DeepONMF_H4,4,nndsvd,0.382611389549773,10x212,0.0406622999580577,26,0.2408794106853726,0.29649082545407673,0.024660399998538196,19,0.14484180287215065,0.3029764289021219,0.006139099947176874,14,0.13929315208690835,0.3002132708710202,0.004998499993234873,10,0.1409000987848365,0.3066274149716432,0.0036072999937459826
90,SNR_0db,N,New_N_091.wav,26-19-14-10,DeepONMF_H4,4,nndsvd,0.3827252115430319,10x212,0.04342920007184148,26,0.23737299274152526,0.2891967856503914,0.025524600059725344,19,0.1513815047795096,0.29332141178054505,0.006950799957849085,14,0.13775074055938794,0.30288058165184273,0.004689699970185757,10,0.1386510502938527,0.30810919224360156,0.005198300001211464
91,SNR_0db,N,New_N_092.wav,26-19-14-10,DeepONMF_H4,4,nndsvd,0.38330833645970136,10x212,0.04420380003284663,26,0.2419878619080659,0.29380694910105776,0.026757200015708804,19,0.15186379427229613,0.2954178209761803,0.007486199960112572,14,0.13913840007231273,0.30197980082814063,0.004992199945263565,10,0.13471737125417788,0.3113788320152844,0.0037192999152466655
92,SNR_0db,N,New_N_093.wav,26-19-14-10,DeepONMF_H4,4,nndsvd,0.38077525563158043,10x212,0.04197530006058514,26,0.23818308124080187,0.2953370379187813,0.026406000019051135,19,0.1450219473831682,0.29660138730765734,0.006130399997346103,14,0.1399366414733171,0.29637180420490034,0.004728999920189381,10,0.13941146525754514,0.31311407108964295,0.0036453999346122146
93,SNR_0db,N,New_N_094.wav,26-19-14-10,DeepONMF_H4,4,nndsvd,0.38518015362722735,10x212,0.03926729992963374,26,0.24177439624186425,0.2954623781871899,0.022982999915257096,19,0.15414674925434466,0.2939802511972897,0.0065725999884307384,14,0.1389108503817419,0.2948516772823184,0.0045359000796452165,10,0.13901014639758175,0.31096840699254924,0.003518700017593801
94,SNR_0db,N,New_N_095.wav,26-19-14-10,DeepONMF_H4,4,nndsvd,0.38312422913569866,10x212,0.03914580005221069,26,0.2423097544683031,0.2891474306849547,0.024062399985268712,19,0.15127763691104468,0.2919281162827082,0.00588339997921139,14,0.1396622537982408,0.3083837077547397,0.004352599964477122,10,0.1344544761436573,0.307349283668215,0.0035717999562621117
95,SNR_0db,N,New_N_096.wav,26-19-14-10,DeepONMF_H4,4,nndsvd,0.3802588028905773,10x212,0.04039450001437217,26,0.2403345390235307,0.29721716556001654,0.02478859992697835,19,0.1498437826452126,0.29763374729415754,0.005878100055269897,14,0.136907780961455,0.3052464287311797,0.004979499964974821,10,0.13654596235987576,0.30981686576159817,0.0036032000789418817
96,SNR_0db,N,New_N_097.wav,26-19-14-10,DeepONMF_H4,4,nndsvd,0.3824810009950636,10x212,0.041779000079259276,26,0.2380605515028008,0.3007712634142078,0.02707780001219362,19,0.14321747747650423,0.3040160580268491,0.005795700009912252,14,0.13705804713852596,0.3059326160658556,0.004386599990539253,10,0.13412688157665298,0.31042608950339956,0.0036465999437496066
97,SNR_0db,N,New_N_098.wav,26-19-14-10,DeepONMF_H4,4,nndsvd,0.3844842236332137,10x212,0.040830499958246946,26,0.24296579074627078,0.3001961413294791,0.024963000090792775,19,0.15144898614507282,0.30347957864413516,0.005741599947214127,14,0.13868763948248225,0.3064384131118239,0.004827699973247945,10,0.13898190774943972,0.30747565022665874,0.0036068999907001853
98,SNR_0db,N,New_N_099.wav,26-19-14-10,DeepONMF_H4,4,nndsvd,0.3776982640600552,10x212,0.04058270005043596,26,0.23711217490694506,0.2971057035860308,0.024931799969635904,19,0.14528290096178018,0.3077591309967926,0.0066989000188186765,14,0.13242114823093604,0.30594809453226807,0.0044417999451979995,10,0.1379852577898394,0.30771175471884815,0.0034138000337406993
99,SNR_0db,N,New_N_100.wav,26-19-14-10,DeepONMF_H4,4,nndsvd,0.38983438018471445,10x212,0.043094699969515204,26,0.24429285535997425,0.2890503704564279,0.027340799919329584,19,0.1477534827517972,0.2871227607554922,0.005949599901214242,14,0.14535770174492046,0.2883523132040171,0.005154100013896823,10,0.13367054181397167,0.2909383459284923,0.003656500019133091
100,SNR_0db,N,New_N_101.wav,26-19-14-10,DeepONMF_H4,4,nndsvd,0.37673346835438304,10x212,0.03807589993812144,26,0.23683178413864023,0.2956489931834367,0.022422099951654673,19,0.1445686464394636,0.2996299390652227,0.006410900037735701,14,0.13349549288572962,0.3120573366814085,0.004615000099875033,10,0.1338387610752032,0.3023531378791578,0.0035068000433966517
101,SNR_0db,N,New_N_102.wav,26-19-14-10,DeepONMF_H4,4,nndsvd,0.3860355341615127,10x212,0.03920859994832426,26,0.2387618093624825,0.29347110951204164,0.02408530004322529,19,0.1475622814174595,0.29664584650733333,0.0059148999862372875,14,0.13892493440758188,0.30458094488361975,0.0043947999365627766,10,0.13728389161328722,0.3045784806560439,0.0038835000013932586
102,SNR_0db,N,New_N_103.wav,26-19-14-10,DeepONMF_H4,4,nndsvd,0.37982813862321124,10x212,0.03934000001754612,26,0.23441135602394944,0.2970750024326986,0.023411700036376715,19,0.14932757333669824,0.295465922824689,0.005819799960590899,14,0.1343532205030165,0.29978818914431615,0.005288499989546835,10,0.13292693813820006,0.3022519895631753,0.0038285000482574105
103,SNR_0db,N,New_N_104.wav,26-19-14-10,DeepONMF_H4,4,nndsvd,0.38049512533439506,10x212,0.04100639990065247,26,0.23821746779656394,0.29230272575735056,0.026064899982884526,19,0.1437124632789326,0.29855341192863055,0.0060625000623986125,14,0.1366197332735198,0.3044287194883952,0.004489300074055791,10,0.13642751376593173,0.30245538798725785,0.0035610999912023544
104,SNR_0db,N,New_N_105.wav,26-19-14-10,DeepONMF_H4,4,nndsvd,0.38552248081324514,10x212,0.040396499913185835,26,0.24098996873129153,0.29456393813266163,0.02474420005455613,19,0.1504795108567513,0.30242651316026997,0.005882299970835447,14,0.136059575172574,0.30550576647426325,0.00515760004054755,10,0.13700411707307927,0.30197241846657896,0.003675500047393143
105,SNR_0db,N,New_N_106.wav,26-19-14-10,DeepONMF_H4,4,nndsvd,0.38484111602275417,10x212,0.04014830000232905,26,0.2392942096572614,0.28751936510124515,0.02405799995176494,19,0.14775261119946786,0.2905041397338112,0.006646199966780841,14,0.1374730957045969,0.29834262679083806,0.004611599957570434,10,0.13949810843548194,0.3034957798803857,0.0035122999688610435
106,SNR_0db,N,New_N_107.wav,26-19-14-10,DeepONMF_H4,4,nndsvd,0.3870871711148514,10x212,0.04252540005836636,26,0.24031142598069502,0.2947957718872976,0.026448699994944036,19,0.14890385815417997,0.2951757209409326,0.005802599946036935,14,0.140718381725747,0.28901924842211413,0.004522199975326657,10,0.13961892161771708,0.29749271959716683,0.00471879995893687
107,SNR_0db,N,New_N_108.wav,26-19-14-10,DeepONMF_H4,4,nndsvd,0.3864725648561664,10x212,0.03863750002346933,26,0.24320499973941348,0.295387492132035,0.023022999987006187,19,0.14793906634396645,0.2948605892469633,0.006442599929869175,14,0.13944583191834625,0.29123723189252104,0.004616099991835654,10,0.13607839963618215,0.2866855735668983,0.0035305999917909503
108,SNR_0db,N,New_N_109.wav,26-19-14-10,DeepONMF_H4,4,nndsvd,0.3767090779194813,10x212,0.04251639998983592,26,0.23400627179612424,0.2938919145664147,0.027492000022903085,19,0.14796112571254355,0.3061204424152148,0.0056868999963626266,14,0.13159608647898358,0.30985314519302776,0.004378000041469932,10,0.12873975024010315,0.30764555809392874,0.003977300017140806
