indice_interno,distribucion,numero_capas,error_final,forma_h_final,segundos_extraccion,capa_1_rango,capa_1_error,capa_1_ortogonalidad_h,capa_2_rango,capa_2_error,capa_2_ortogonalidad_h,capa_3_rango,capa_3_error,capa_3_ortogonalidad_h,capa_4_rango,capa_4_error,capa_4_ortogonalidad_h
0,4-8-15-28,4,0.23729983903840157,28x212,0.049963299999944866,4,0.11632745336027525,0.2718301472900866,8,0.05327684820403268,0.17556742738744605,15,0.047272314669814894,0.17216637808486432,28,0.05715302872060619,0.08569454087771476
1,4-8-15-28,4,0.23186512986616045,28x212,0.04514989999006502,4,0.10475134547990392,0.2231259548157908,8,0.04537506241705221,0.17509631447396407,15,0.058080502356903096,0.10373775298364485,28,0.055047211444292414,0.08328988538834729
2,4-8-15-28,4,0.23382772983488692,28x212,0.04706870001973584,4,0.0957282533764329,0.29659169468368635,8,0.04861759690639791,0.15261963098816458,15,0.06700531103246407,0.11171288208088603,28,0.06189232219002374,0.0686901454155558
3,4-8-15-28,4,0.22967880871448296,28x212,0.05618849999154918,4,0.10063212879703116,0.24486828709531552,8,0.05062005926309968,0.16488544087242657,15,0.04849966013335023,0.11846217423157238,28,0.06462507091766315,0.08024768515762917
4,4-8-15-28,4,0.2353201865844782,28x212,0.06072919999132864,4,0.12365951253280622,0.18003884274268347,8,0.049286076626571765,0.156853993177557,15,0.047862444837743774,0.1360748900649988,28,0.049543948271711234,0.11112445610666355
5,4-8-15-28,4,0.22446117100703358,28x212,0.05285430001094937,4,0.10991041309103927,0.2626956342661927,8,0.0479674381464053,0.1607966427774943,15,0.05144690857041398,0.11128229035452357,28,0.047034145411787194,0.07810869983739838
6,4-8-15-28,4,0.23540215990959337,28x212,0.05325619998620823,4,0.11396052746884378,0.24481083748569699,8,0.054526011897694925,0.14505710890361367,15,0.05194144074568486,0.07121609858813076,28,0.04976717648972392,0.07195105698971455
7,4-8-15-28,4,0.21510267755931664,28x212,0.06527099999948405,4,0.08804318409102173,0.3038121706168827,8,0.04395628949985551,0.20941723701568637,15,0.053603624040982435,0.13108995832090994,28,0.06437105769670017,0.09704512454628644
8,4-8-15-28,4,0.23005057885973376,28x212,0.05275090000941418,4,0.11211878754965794,0.17873454285256,8,0.04598425727733056,0.11802721465410582,15,0.047821983149378314,0.09401176371787855,28,0.05133026715566034,0.05630067731404426
9,4-8-15-28,4,0.2341313501152629,28x212,0.036541400011628866,4,0.11083457905883723,0.2522422508074353,8,0.04935466405731857,0.13319356788000428,15,0.04733178539781624,0.10018734594816037,28,0.04879899548360188,0.07969080447353227
10,4-8-15-28,4,0.2228184393145763,28x212,0.033038900000974536,4,0.10646516980911759,0.2179272282241694,8,0.050272699717475125,0.12293095727830312,15,0.049417889039905044,0.1133052158281931,28,0.041984582972082025,0.12253264892836531
11,4-8-15-28,4,0.23472315343965697,28x212,0.039538999990327284,4,0.11456018773906215,0.30983826208498044,8,0.04921145407206703,0.14757547383724742,15,0.0533873566914757,0.11202720376235488,28,0.052171895485051925,0.06606571875505404
12,4-8-15-28,4,0.23076446434625586,28x212,0.033898199995746836,4,0.10536931236741667,0.26273584740240535,8,0.05064069951295239,0.1321142092870084,15,0.09824736716347394,0.12428758877607149,28,0.048852624083551816,0.08976720292022555
13,4-8-15-28,4,0.24879103473041037,28x212,0.050367999996524304,4,0.1398486697708098,0.15814484663222908,8,0.04810300096304611,0.12415622650883718,15,0.05892513584538449,0.08655405344825248,28,0.0458173155845459,0.08016897138572608
14,4-8-15-28,4,0.23699495232835738,28x212,0.04324090000591241,4,0.10363499391125273,0.36578572474192056,8,0.09195838396184218,0.2496838871887649,15,0.04796245908063436,0.1422924639156388,28,0.060529885040208134,0.06882424074274932
15,4-8-15-28,4,0.23355489053622613,28x212,0.04839019998325966,4,0.10466373474395155,0.3725785563439234,8,0.054061490825778345,0.15416797916201158,15,0.054581457086456314,0.09891035902374667,28,0.04928066571696404,0.07943510151560854
16,4-8-15-28,4,0.22975491119124536,28x212,0.033547300001373515,4,0.11264981728484419,0.2926337225948707,8,0.04775589695084979,0.14275780095189333,15,0.04949466940794812,0.11540942501970379,28,0.053633827069075435,0.08504596970786232
17,4-8-15-28,4,0.216796610417596,28x212,0.04583789999014698,4,0.09559147848476165,0.3686391226024568,8,0.050217477304409223,0.15467106732760172,15,0.04828940371653021,0.1294412692110186,28,0.044922840254832924,0.08293446564491994
18,4-8-15-28,4,0.22784449244825383,28x212,0.03365880000637844,4,0.10729207485450486,0.3130998467938924,8,0.05221509460604775,0.11070788266964078,15,0.0486978838330834,0.16057531413126241,28,0.05720727309360593,0.08392372850115987
19,4-8-15-28,4,0.2298481483831785,28x212,0.03933919998235069,4,0.11017875193576714,0.30031533142482275,8,0.048632846406829036,0.15932235682203696,15,0.04957311092066914,0.10655456745919353,28,0.05394371195842341,0.09179074983522464
20,4-8-15-28,4,0.2567227474092423,28x212,0.03315659999498166,4,0.10866081437552881,0.29361674336929267,8,0.050386612613157813,0.13221260844927324,15,0.1374477588807571,0.11729419599183391,28,0.0581599210998367,0.08100192717837103
21,4-8-15-28,4,0.2305977051940614,28x212,0.038278199994238093,4,0.09831055196599185,0.2465045794689278,8,0.04949038298616924,0.125491843971315,15,0.05073365852596251,0.11172254328065327,28,0.050105377504191036,0.08828128294055984
22,4-8-15-28,4,0.22491497218233916,28x212,0.04141330000129528,4,0.10902007426255614,0.23274202005908132,8,0.044204460709933925,0.1407198065726784,15,0.04927472065911415,0.10063262954743023,28,0.049290743550971745,0.08479906325919806
23,4-8-15-28,4,0.22123032855650643,28x212,0.045788400020683184,4,0.1025068925700098,0.24319088379476905,8,0.04722667594470011,0.14700981462269244,15,0.048842522981311864,0.12235246351517426,28,0.05223952537929956,0.07157192495543865
24,4-8-15-28,4,0.22892780266607596,28x212,0.03825049998704344,4,0.1017181624587129,0.3632686123985212,8,0.04602292008598531,0.21582869320657894,15,0.10570618703837437,0.11767485608250869,28,0.05437906993767618,0.07802095085968455
25,4-8-15-28,4,0.23585642067745688,28x212,0.03535300001385622,4,0.11994883434839158,0.28980242302712744,8,0.050092326691909016,0.14504243832934932,15,0.051425246810385856,0.08771226123712134,28,0.048413795284014564,0.08139697320797214
26,4-8-15-28,4,0.22341823844673442,28x212,0.04615599999669939,4,0.10610838000473156,0.21488530287174626,8,0.04864753172732802,0.1371235298029488,15,0.05161226741890993,0.10055305306279386,28,0.05228172610730586,0.08782787628665542
27,4-8-15-28,4,0.23702549659676636,28x212,0.044527499994728714,4,0.12115633355178818,0.22680693687766362,8,0.04805887898319627,0.11817091369813837,15,0.04711461389569411,0.11976021161822185,28,0.058156769302160925,0.10508878905701549
28,4-8-15-28,4,0.2324022520405277,28x212,0.04464370000641793,4,0.11051312935453268,0.2762597883228795,8,0.04881579362363627,0.154368992155517,15,0.04688753363205984,0.13341974531026057,28,0.05489972612948953,0.106449286381795
29,4-8-15-28,4,0.22144127911758454,28x212,0.04227449998143129,4,0.10272961622530814,0.3529699618776266,8,0.048256023276251725,0.16842416993233184,15,0.04983861736415717,0.1360416493060696,28,0.04853231176446493,0.09651756353673532
30,4-8-15-28,4,0.23076216668497077,28x212,0.046653299999888986,4,0.11348679922293602,0.26987710031909673,8,0.04653761051388083,0.16712279409622935,15,0.05592484824658391,0.0929515983630763,28,0.04964330400006523,0.07974136656035055
31,4-8-15-28,4,0.23748099800821146,28x212,0.041549199988367036,4,0.11331076901314657,0.19165985703575447,8,0.04181973887782403,0.15078708525800716,15,0.051650909877496154,0.09816709812867819,28,0.059576939669375224,0.0735386909610529
32,4-8-15-28,4,0.23317993389433345,28x212,0.047446199983824044,4,0.1235488693067382,0.16926507140836378,8,0.05020514077251288,0.12365444347856179,15,0.04792350787089828,0.11260138732816319,28,0.04529005555596119,0.08480935907821452
33,4-8-15-28,4,0.23370385042946742,28x212,0.05324759997893125,4,0.11059565488975623,0.25758790329246467,8,0.047494345712441904,0.12658091582528172,15,0.04780012694049751,0.10904585063222812,28,0.07342258471381496,0.09296386159677267
34,4-8-15-28,4,0.2320430438227525,28x212,0.041451800003414974,4,0.11374420126569643,0.2617988794411132,8,0.04813097218719475,0.1875499365576994,15,0.04827410044504577,0.127657683067678,28,0.0522895381557029,0.094071335765979
35,4-8-15-28,4,0.2426504471977599,28x212,0.04557260000729002,4,0.11819726114556843,0.2374760402802419,8,0.05003889986215806,0.12279623624706394,15,0.0924979842086857,0.08289018082694771,28,0.048981826019747446,0.06567629927225598
36,4-8-15-28,4,0.21676680720689767,28x212,0.0441078000003472,4,0.07393921577523249,0.16416805169368853,8,0.04746068340554213,0.13634428840185378,15,0.07681532917506784,0.0806456176920144,28,0.049055971010522025,0.09712595134195419
37,4-8-15-28,4,0.21214940317024172,28x212,0.04416700001456775,4,0.08344257292956488,0.3986979877585288,8,0.051384251931743556,0.20117223999475772,15,0.04458766396023822,0.13961685725168071,28,0.05935729409531159,0.07980338309522546
38,4-8-15-28,4,0.2089757981716902,28x212,0.03324849999626167,4,0.07123215967251337,0.16829445543742783,8,0.04816248773921416,0.16499802794996965,15,0.04890646792387083,0.08011783103477736,28,0.05219618385788256,0.09850082739011097
39,4-8-15-28,4,0.21738577201243148,28x212,0.039034899993566796,4,0.07494676672796478,0.23374451091045345,8,0.04817478718546414,0.16911049030878492,15,0.05760134024300454,0.09271728484652876,28,0.04720743651324226,0.09885833262101949
40,4-8-15-28,4,0.2101537598236495,28x212,0.04954039998119697,4,0.0903026086795818,0.39971915082886933,8,0.05135677538561401,0.2140735019902405,15,0.0542607055143301,0.13500096892359925,28,0.05101894155324458,0.09893154688080438
41,4-8-15-28,4,0.22063953539246214,28x212,0.03645499999402091,4,0.10337252463564305,0.25787079941602437,8,0.03999575715211304,0.172429802226167,15,0.057464862503264394,0.10193053256755114,28,0.05233116284659675,0.08760155670733834
42,4-8-15-28,4,0.22432986851269743,28x212,0.04098819999489933,4,0.09474883252238937,0.21334918612757578,8,0.045969703030476775,0.14437191030131727,15,0.04927142232167054,0.09067291566612805,28,0.054929618048927084,0.084262538549936
43,4-8-15-28,4,0.2094871493173646,28x212,0.03021299999090843,4,0.08842411314020088,0.3510317006606734,8,0.05167457067051902,0.1774337971119797,15,0.04727959464467917,0.1077168322940766,28,0.04616761268401857,0.0708944402273597
44,4-8-15-28,4,0.2223510770231843,28x212,0.03341929998714477,4,0.09366179280599408,0.3244608593103765,8,0.04384546059802181,0.1479777859432781,15,0.04693432991855601,0.12291115462169828,28,0.05648210304707075,0.13882755549489048
45,4-8-15-28,4,0.2320438499387113,28x212,0.0322401000012178,4,0.11557995008152472,0.21120017278323674,8,0.0563230110200416,0.14334133940707677,15,0.055499830364601745,0.09795010505473624,28,0.048849930633565256,0.1109764826664826
46,4-8-15-28,4,0.22134386880231485,28x212,0.03372449998278171,4,0.10153213679722285,0.26392343802247464,8,0.047600430567603935,0.14444749932936346,15,0.050645313316508976,0.11807186510700556,28,0.05628589041841766,0.07674585147502297
47,4-8-15-28,4,0.22548968357923826,28x212,0.03336180001497269,4,0.09605484799374915,0.2153256069103914,8,0.044162027532207056,0.16084124467454922,15,0.06408254249018251,0.08291093936904735,28,0.05546415149613113,0.09530083875094791
48,4-8-15-28,4,0.21795256242198402,28x212,0.03170190000673756,4,0.08984443796621991,0.2564327790974454,8,0.050593390651188355,0.1626123715266145,15,0.04730870302412492,0.10006988497987147,28,0.05111767537111026,0.0846168821289701
49,4-8-15-28,4,0.21982580982348057,28x212,0.0346815999946557,4,0.08860315926642577,0.2737904242350433,8,0.05128738121994265,0.10626055800325666,15,0.053278230985071555,0.08076505009167248,28,0.04774663536693811,0.08531903244855912
50,4-8-15-28,4,0.223635652308857,28x212,0.036235100007615983,4,0.09556755706527105,0.1753823419107163,8,0.044956058547773965,0.15481931856099054,15,0.05215691951145051,0.09594602182082974,28,0.055250348260775906,0.0840417670496366
51,4-8-15-28,4,0.22211165708226976,28x212,0.0379081999999471,4,0.09534941545123489,0.20299789463958415,8,0.04847834255518032,0.17449818129133274,15,0.04993625653266139,0.11433285028659314,28,0.054417381866806044,0.08137561632521542
52,4-8-15-28,4,0.23098707702548352,28x212,0.03585090002161451,4,0.08613066329809638,0.31920074386113845,8,0.049543924317321006,0.16437306247328112,15,0.04772889752168045,0.13989308398502154,28,0.0759329751118659,0.08787619855870957
53,4-8-15-28,4,0.2148664885662067,28x212,0.03461440000683069,4,0.09492303984504742,0.3204769745904252,8,0.05170366065535548,0.16102652370036116,15,0.04512551977065338,0.1580340780989879,28,0.04566774897790639,0.10321829637112215
54,4-8-15-28,4,0.22912383729820066,28x212,0.04108460000134073,4,0.09891624264418873,0.1534552763476768,8,0.047705456337275624,0.14922036259846858,15,0.049009787365927274,0.09611100181891391,28,0.0653120598556975,0.09422507459643731
55,4-8-15-28,4,0.21007847089786252,28x212,0.03920919998199679,4,0.08400729745886196,0.3980760115997595,8,0.050355797826782636,0.19729532411193793,15,0.05652902522133366,0.0947053100723968,28,0.04818424130092399,0.07573088922127709
56,4-8-15-28,4,0.21865710701216085,28x212,0.039607000013347715,4,0.08772079259979598,0.2275759514110843,8,0.05042817495751116,0.15333028890292155,15,0.04899998486812478,0.13089389841775173,28,0.05798119136644303,0.09761441100141649
57,4-8-15-28,4,0.214580380940736,28x212,0.041285600018454716,4,0.08281938298864013,0.332274026839541,8,0.04793436179197457,0.1365249182463789,15,0.051318570950549494,0.0768255400812212,28,0.046776043421684343,0.08636569944304438
58,4-8-15-28,4,0.21752662048506347,28x212,0.036752000014530495,4,0.0871336550190583,0.3030053701410755,8,0.04324470067238961,0.1693880374228465,15,0.05379130510268019,0.11765283614184256,28,0.0522355502621365,0.062063114503810954
59,4-8-15-28,4,0.2165082702732349,28x212,0.03645820001838729,4,0.10186054230652003,0.16689465572746734,8,0.04116110450850932,0.19503606688565536,15,0.04471967031681672,0.11998881810095163,28,0.055318882488247866,0.08685855938064091
60,4-8-15-28,4,0.2214010614233006,28x212,0.03886820000479929,4,0.0921844066215684,0.2857471502228079,8,0.05148909960792341,0.13082670639925081,15,0.04866319950510159,0.13275223483199258,28,0.05345775073364489,0.09994274182428556
61,4-8-15-28,4,0.23305808495684194,28x212,0.03250000000116415,4,0.08637328145578828,0.35345863549946294,8,0.0516675288138173,0.1636721861683697,15,0.06637155722980849,0.0990342319571242,28,0.058433404663008455,0.0765003784402948
62,4-8-15-28,4,0.21002712440536073,28x212,0.03493299998808652,4,0.09594518873031553,0.35353037596924103,8,0.05042203867184704,0.24411488010983126,15,0.051561857676505236,0.11115819232077104,28,0.0471399289167827,0.11443478404285529
63,4-8-15-28,4,0.2286735463502028,28x212,0.035103100002743304,4,0.09530978104379663,0.2449059689820585,8,0.05027764589882441,0.1488104432156699,15,0.050242783399292994,0.10346244629858546,28,0.06293399781585353,0.08328301793313808
64,4-8-15-28,4,0.2356807459011533,28x212,0.03750370000489056,4,0.09145008126515014,0.3462738851464932,8,0.04945416976465587,0.19705215804545428,15,0.12119216573955505,0.16382074255509596,28,0.05214316266576744,0.08796510609776438
65,4-8-15-28,4,0.21426662065693158,28x212,0.04529999999795109,4,0.09645923062951126,0.15103701769760103,8,0.04563633403830977,0.18450633919071244,15,0.05944430125970191,0.11710896359797816,28,0.04840464520964279,0.06888391684628578
66,4-8-15-28,4,0.22571193025029604,28x212,0.041899000003468245,4,0.09322614680831012,0.21015877939334718,8,0.04945003983880924,0.15338249100773485,15,0.05934658662259939,0.10900154980866057,28,0.06548641140162173,0.12917572037875144
67,4-8-15-28,4,0.23117819680157975,28x212,0.04652130001340993,4,0.10287664654810327,0.318382331104507,8,0.04744781261743402,0.18929887596463754,15,0.08529045313322371,0.1301615112420295,28,0.05363940991591786,0.06727956604572471
68,4-8-15-28,4,0.23297406618337707,28x212,0.04088970000157133,4,0.09798883298796836,0.2532011430511336,8,0.04822858322672994,0.14501044720133915,15,0.05010596265203139,0.11716419190988847,28,0.07393728863586924,0.07166726079145036
69,4-8-15-28,4,0.22597721820051864,28x212,0.032960600015940145,4,0.10642543681995545,0.32215030667667716,8,0.04214313456068245,0.18274726868227223,15,0.0493074380922854,0.13388625411484747,28,0.062367677934416554,0.0908006303710289
70,4-8-15-28,4,0.22147794679068214,28x212,0.04332220001379028,4,0.10115800298645808,0.2438038028503664,8,0.04541923920355841,0.16064169300448922,15,0.051334450153160856,0.12317053905573978,28,0.0500076037273293,0.08593634105267871
71,4-8-15-28,4,0.22965793418457647,28x212,0.047021000005770475,4,0.10017640422831003,0.21729172375186767,8,0.045940630971857355,0.15538097073074514,15,0.05822999562397944,0.09521645649381846,28,0.0511302138473212,0.07620392263313716
72,4-8-15-28,4,0.22786149385394602,28x212,0.03729030000977218,4,0.0938947009292077,0.22170809371734101,8,0.04833731558450603,0.14327455813040332,15,0.05720374291933309,0.11955295124521359,28,0.0624442320547104,0.09402299785801413
73,4-8-15-28,4,0.2308554730399963,28x212,0.040349500020965934,4,0.10726169195406864,0.15293780173857066,8,0.04546578322028074,0.19656081338002065,15,0.05070877665873727,0.11727374716067553,28,0.05476967321052504,0.1252489189661286
74,4-8-15-28,4,0.21638431296134805,28x212,0.0467449999996461,4,0.09481040843466944,0.17759919702109664,8,0.04887643228434833,0.09191812083578244,15,0.05002910755807671,0.07379258096635333,28,0.04306966090245261,0.07105381748588557
75,4-8-15-28,4,0.22372181786774603,28x212,0.04296250001061708,4,0.1105195813197893,0.2847355204635258,8,0.0461132336740272,0.168136840106454,15,0.047762463010274314,0.12525633237939912,28,0.055575129621244126,0.08604409453746335
76,4-8-15-28,4,0.2286359007378827,28x212,0.0290184999757912,4,0.08390802889807332,0.35350127158409766,8,0.11344064848754697,0.17320557176036416,15,0.04731040155718938,0.12846904188154404,28,0.048804210764887536,0.08447264335501944
77,4-8-15-28,4,0.2195062818369391,28x212,0.0373560999869369,4,0.10093004067769956,0.4360661969708737,8,0.06372839434842431,0.2298577869142295,15,0.060427075594660484,0.10370579094890214,28,0.051869871384071904,0.09075140173258635
78,4-8-15-28,4,0.22794870043810517,28x212,0.0414611000160221,4,0.11382999757284935,0.4155549821172424,8,0.04539678604209653,0.23198345544794652,15,0.05066809977571745,0.1747253444929454,28,0.08087966182270935,0.08462613137462704
79,4-8-15-28,4,0.20948292237132723,28x212,0.045216500002425164,4,0.08098039488054128,0.47423946121689325,8,0.04410323144553384,0.26005287607396815,15,0.061496944883525244,0.1168716344780677,28,0.04943886065212672,0.08781389133828929
80,4-8-15-28,4,0.21624638716792105,28x212,0.036442200012970716,4,0.09301099844316092,0.2032557832986478,8,0.04950891054067922,0.149510773317887,15,0.06607582004590241,0.10970740909887637,28,0.04525241057360561,0.07341576775217719
81,4-8-15-28,4,0.2322232001294682,28x212,0.03581010000198148,4,0.10687770181092779,0.37347532156652147,8,0.059247367399557424,0.15307611678569444,15,0.07119791265989017,0.09913422810008639,28,0.04827620761446838,0.07834142568358261
82,4-8-15-28,4,0.2172801458586481,28x212,0.04487820001668297,4,0.10493454252363635,0.1899146351432569,8,0.04835370288203876,0.14409559492825388,15,0.04665976706316202,0.09052960107886339,28,0.046898361086819516,0.07567295674531001
83,4-8-15-28,4,0.22326899442500403,28x212,0.0447647999972105,4,0.09245914893848217,0.22127866179599165,8,0.05076716017395544,0.10849711393058133,15,0.042567112134857234,0.11299686376847519,28,0.051158549662618465,0.09128035506468596
84,4-8-15-28,4,0.2157174225628022,28x212,0.04576569999335334,4,0.07722645288689314,0.359254877504267,8,0.05868363936642986,0.2458596936535826,15,0.06083915919762067,0.11012238237039225,28,0.04968477168992014,0.07975419686413507
85,4-8-15-28,4,0.21998203495474117,28x212,0.035929399979067966,4,0.10076243726589709,0.19843764405749267,8,0.046332785500005094,0.11258832305551243,15,0.0467498187961116,0.09215052872052225,28,0.05117532598461979,0.07272788392603205
86,4-8-15-28,4,0.22308234901551566,28x212,0.03503070000442676,4,0.09140736183784631,0.3348081440779003,8,0.0460995690018769,0.18569232867472665,15,0.05407109017580874,0.14385276692183802,28,0.06768007255690993,0.09647074079178576
87,4-8-15-28,4,0.22617962039043732,28x212,0.04279899998800829,4,0.0950887261856386,0.18408251425496772,8,0.050021207545567145,0.08299253072404232,15,0.04761863248777864,0.07835433124117275,28,0.05084848981702641,0.07830575117153932
88,4-8-15-28,4,0.23626582631945012,28x212,0.03337350001675077,4,0.08760301726995379,0.271997345072058,8,0.06487045084495771,0.13523576047082211,15,0.07625507265466028,0.182574534792423,28,0.0540917412180882,0.08622361414260907
89,4-8-15-28,4,0.21818984707695838,28x212,0.03778549999697134,4,0.09347242715089216,0.24315027471094064,8,0.040567318457617386,0.1877615091208951,15,0.05201777726734305,0.09474695615350215,28,0.05922116239695088,0.10191753724959192
90,4-8-15-28,4,0.23035658165368675,28x212,0.03223509999224916,4,0.0927534500621177,0.35144037370507375,8,0.04576977976605452,0.17384197724178432,15,0.0461023464903318,0.13442645639396858,28,0.08558559267209685,0.08531044119168663
91,4-8-15-28,4,0.21490710982662847,28x212,0.03299549999064766,4,0.086699835559801,0.47566447715941806,8,0.04619040170420765,0.20268129517925562,15,0.04920363908630831,0.11013311508622735,28,0.050751368006448125,0.0870350790480873
92,4-8-15-28,4,0.22641299871527862,28x212,0.030585200001951307,4,0.09736696987913582,0.25367713775978645,8,0.08980203113723086,0.15643673562692526,15,0.05107532366666457,0.11420881976837828,28,0.04679586879154392,0.08368324531833378
93,4-8-15-28,4,0.23001976086512077,28x212,0.03433590001077391,4,0.10565131473351266,0.31647547124430203,8,0.050084113135084256,0.14463978017007115,15,0.10437087804037984,0.15279442193553935,28,0.05009130387801957,0.12142327132929774
94,4-8-15-28,4,0.23159709764634753,28x212,0.03959599998779595,4,0.11380907529948145,0.237476323690736,8,0.04744862817243695,0.14730371931229305,15,0.05651270054619306,0.10074290287263063,28,0.05061963495864521,0.08720105512278993
95,4-8-15-28,4,0.23858022631131806,28x212,0.03890710000996478,4,0.1004808481807823,0.2434399802564715,8,0.045867223883667804,0.1590679535258143,15,0.07941879608054343,0.09345388461118288,28,0.062230023402340275,0.07105819295908301
96,4-8-15-28,4,0.21587247143764243,28x212,0.0356618000078015,4,0.09347190874253093,0.36563406726157166,8,0.05065481015363617,0.18797705221162636,15,0.05644201126238141,0.1256325866269979,28,0.04550000647731261,0.08108042884344815
97,4-8-15-28,4,0.2216610447459453,28x212,0.03852510001161136,4,0.1008687618165375,0.32006085786624605,8,0.049310036572901436,0.14293894724511608,15,0.04972439170622807,0.15645362942165747,28,0.050514954720775655,0.0983343416450554
98,4-8-15-28,4,0.22307950267106372,28x212,0.03838220000034198,4,0.09574612073638356,0.2525598259828618,8,0.04956978957244939,0.1516351879822216,15,0.04702578284640573,0.11678553167923844,28,0.05090397250336898,0.08141040231957997
99,4-8-15-28,4,0.22675490856365427,28x212,0.03167990001384169,4,0.08168331734454948,0.3312709665602456,8,0.06228048480894192,0.1738490412027305,15,0.052561737703109526,0.10428339805141577,28,0.058120110036147615,0.09426048012798519
100,4-8-15-28,4,0.21018631006787747,28x212,0.037125500006368384,4,0.08051892020794678,0.3115971928698444,8,0.05044240774169992,0.1486544121641687,15,0.04646311372175132,0.11046397237510928,28,0.04992635184507885,0.08393405599761095
101,4-8-15-28,4,0.2220159646696517,28x212,0.03905970000778325,4,0.09174393893955546,0.18723505991771314,8,0.05167077270812002,0.10517067113305544,15,0.04614434542661077,0.09480772268720061,28,0.04944508686085546,0.07617122509027334
102,4-8-15-28,4,0.23636708712418572,28x212,0.04730039997957647,4,0.09452461232746764,0.3666129152050943,8,0.05990799113275792,0.20066031799758433,15,0.045541510479323574,0.11842959668480679,28,0.06051558809783948,0.10072047297782524
103,4-8-15-28,4,0.22581498340461767,28x212,0.03647550000459887,4,0.08410337035837347,0.3262370353033471,8,0.062310236224440575,0.1497121940200181,15,0.057936038478848255,0.08673352152175873,28,0.0587837336734094,0.06903902079233334
104,4-8-15-28,4,0.21376537963657777,28x212,0.03379220000351779,4,0.08607574281321254,0.3126344566221051,8,0.048191004628958034,0.15703778957100697,15,0.05496070757327366,0.12112025717029594,28,0.04558496480286659,0.06991239831368962
105,4-8-15-28,4,0.21893326566960641,28x212,0.03979889999027364,4,0.08998219635166797,0.3674538849241295,8,0.053751694619656384,0.25159528237693,15,0.054346009907011265,0.11280292258169175,28,0.05412707441295768,0.1299811928162281
106,4-8-15-28,4,0.21900074559720184,28x212,0.04141100001288578,4,0.09186792346421402,0.2939749042566981,8,0.05481891255988225,0.10707195965411644,15,0.04977987771664003,0.07593750395498447,28,0.0455062896002019,0.08031954079284144
107,4-8-15-28,4,0.2085205984157491,28x212,0.0429131000128109,4,0.08603918173987435,0.3552548179735832,8,0.05502707640688725,0.14995982727060989,15,0.06946762981892143,0.15588444872308152,28,0.04767835489298111,0.09353753020155181
108,4-8-15-28,4,0.20923298802072784,28x212,0.03647579997777939,4,0.0822634448032183,0.42064502582680335,8,0.05398879305782583,0.20108194673484617,15,0.06255529652238331,0.12191055297677494,28,0.053615062705580266,0.08264371044610938
109,4-8-15-28,4,0.22884380277327632,28x212,0.03933840000536293,4,0.10460360510549792,0.21216665672068266,8,0.042896195302584185,0.13599136341189352,15,0.05381712772624893,0.09351610658264303,28,0.06374138592536628,0.06893632073154474
110,4-8-15-28,4,0.22754388673575082,28x212,0.034832000004826114,4,0.09016371836176511,0.3824041043933553,8,0.061341090498779914,0.13942048738755233,15,0.06025388119861881,0.11654365826880402,28,0.04897654349830892,0.083715239486674
111,4-8-15-28,4,0.2216079312715128,28x212,0.03452549999929033,4,0.08816030433123685,0.2620355845929315,8,0.048465696893706056,0.17099574739259063,15,0.04700988849649588,0.11404196769901626,28,0.08144905888333104,0.08575321083227129
112,4-8-15-28,4,0.21891597832249932,28x212,0.034379899996565655,4,0.09398239341821386,0.2929656735338858,8,0.04757258829422479,0.15978942058935666,15,0.04916023697076977,0.12137349723392535,28,0.04767674310974495,0.05813412280279214
113,4-8-15-28,4,0.22356477340807354,28x212,0.036082399979932234,4,0.09251609963555624,0.36093987147762263,8,0.073862972964533,0.15332097462284086,15,0.050147447950018936,0.09314092035613025,28,0.05000105610559298,0.09242213696559705
114,4-8-15-28,4,0.2248422653067919,28x212,0.03886000000056811,4,0.09951460443277006,0.2696870741524882,8,0.08818621222994957,0.07562633034238443,15,0.05239486714972925,0.09454119916528815,28,0.04866742447731479,0.1142250498468604
115,4-8-15-28,4,0.2281348325419728,28x212,0.03657890000613406,4,0.099147871194217,0.17677785323342818,8,0.04784436057321422,0.14882460356669408,15,0.05116848015928809,0.12084322437338454,28,0.05575162299831349,0.1389852116419505
116,4-8-15-28,4,0.2252026528108726,28x212,0.03470659998129122,4,0.09308779668338357,0.2703708989783058,8,0.047047098718169346,0.15076739563695213,15,0.05158203024974616,0.13765714560983344,28,0.06091015333425357,0.0612531262279891
117,4-8-15-28,4,0.21489279789994808,28x212,0.03195960001903586,4,0.09281537477343123,0.28297121552371124,8,0.03832842701960742,0.23141162154360265,15,0.05243215529696931,0.10893931198460009,28,0.05242740270914461,0.09127397478024371
118,4-8-15-28,4,0.21027240121293814,28x212,0.03224170001340099,4,0.08301084370298205,0.5018384967993302,8,0.04536677552035952,0.22094361849154012,15,0.05194118899871298,0.13044198711284877,28,0.04867338330016069,0.10297009888537799
119,4-8-15-28,4,0.22608416748434562,28x212,0.03411489998688921,4,0.08851899519578457,0.34010107597079103,8,0.04670749615223416,0.20527303779414569,15,0.056368820132312515,0.12160918072016494,28,0.04636328534959653,0.09671562702525378
120,4-8-15-28,4,0.22108968973771032,28x212,0.039409999997587875,4,0.09530037085191774,0.3878630762538527,8,0.04971281894413032,0.24973429573501477,15,0.05612830636042073,0.1251298104717666,28,0.06043494559782298,0.07648315871316674
121,4-8-15-28,4,0.21788665481543149,28x212,0.049224100017454475,4,0.08456320791336337,0.2818672947009386,8,0.05265136617583134,0.15125344153453366,15,0.04704168023810265,0.1215816158887727,28,0.05001100013746199,0.09817949162759532
122,4-8-15-28,4,0.23185226514211288,28x212,0.04125249999924563,4,0.08675377484960875,0.32702360031047945,8,0.06119646975514516,0.15500568474621337,15,0.054616145731350096,0.10324837691433418,28,0.05115925771426257,0.08444987444072005
123,4-8-15-28,4,0.21951272022064633,28x212,0.04039999999804422,4,0.08726584429491298,0.22329612370048135,8,0.11466171053435278,0.17696578119308531,15,0.04772686163812843,0.09523457329124953,28,0.049005664324510846,0.06514610614085027
124,4-8-15-28,4,0.21541147567522556,28x212,0.037463299988303334,4,0.09072998836805649,0.26876542591226776,8,0.04669844087375098,0.16029099828752938,15,0.04363666852319333,0.14568518260030258,28,0.04803261286668268,0.08725667187330466
125,4-8-15-28,4,0.2157990963505697,28x212,0.035660099994856864,4,0.09081932815364448,0.18772764489812344,8,0.046462439457449586,0.1576162889085759,15,0.0513889168364549,0.10374474953734962,28,0.04679927240663501,0.10997332262766198
126,4-8-15-28,4,0.21830283457128816,28x212,0.04929760002414696,4,0.089607991603844,0.40999798639396484,8,0.06243429879827891,0.21584170181138504,15,0.057309963368039216,0.14507137982164944,28,0.05710289252188714,0.11343054632641428
127,4-8-15-28,4,0.21927534601671597,28x212,0.04607330000726506,4,0.10366341126914944,0.3591186314050549,8,0.04833628489392309,0.14461971607209181,15,0.05488799310725103,0.10585555972105387,28,0.0489015474462174,0.11410416925085365
128,4-8-15-28,4,0.21612046066930263,28x212,0.043714200000977144,4,0.10041706806008308,0.1586505714872447,8,0.04168838226883094,0.16743272418210917,15,0.050301824929433574,0.14539780608835148,28,0.05765417988376011,0.10208856838608564
129,4-8-15-28,4,0.21970927067075705,28x212,0.03743409999879077,4,0.09843271828019558,0.4080375358695636,8,0.07215086329145441,0.20098713954359435,15,0.05373615320238016,0.12131376447724695,28,0.04860705988938433,0.0923200746143118
130,4-8-15-28,4,0.21722843933846236,28x212,0.04291070002363995,4,0.09843863702547047,0.35716584803207274,8,0.07069543592101656,0.15093740811121084,15,0.06337458105219793,0.10314444469904623,28,0.048140843611329136,0.09068758949021598
131,4-8-15-28,4,0.211254443719576,28x212,0.05177489999914542,4,0.09295950954620548,0.2687419383147199,8,0.04539187056895242,0.11619845175726604,15,0.046720133343380384,0.12754456744086454,28,0.05042132726180661,0.09180623738144472
132,4-8-15-28,4,0.2330071134290487,28x212,0.031222899997374043,4,0.10627175032248176,0.333315053874999,8,0.0643118421890172,0.10914453596737388,15,0.04534463289447789,0.1300308666402975,28,0.05432676375263246,0.0757028990792633
133,4-8-15-28,4,0.2149450956071814,28x212,0.04330600000685081,4,0.09911129891067033,0.37560912615005765,8,0.05731432334550917,0.1500955792229022,15,0.047960599898113035,0.11964894120245816,28,0.04474731552378904,0.09314642682588893
134,4-8-15-28,4,0.21996888666363745,28x212,0.051517599989892915,4,0.10158969808716259,0.21055897375987123,8,0.04586912103327264,0.14028643509984928,15,0.05127540066110372,0.10933942658082785,28,0.04812759747099336,0.08597542056229769
135,4-8-15-28,4,0.23477294909729723,28x212,0.03351639999891631,4,0.12293332274063577,0.23889696801853696,8,0.05331881177757256,0.13424115119719565,15,0.05103938872768634,0.07906902644895877,28,0.048877821766829005,0.11093170909098164
136,4-8-15-28,4,0.2040661902815111,28x212,0.03760939999483526,4,0.09413930471936705,0.27491388470563416,8,0.049576927632251036,0.1383496993849334,15,0.05117190235212346,0.1655669862230006,28,0.0494974037340302,0.15290804848660908
137,4-8-15-28,4,0.21595849927354666,28x212,0.053974300011759624,4,0.09207387792871057,0.37675538265884095,8,0.04146892701831716,0.24325748532496697,15,0.04955127504343719,0.16784213769172499,28,0.052411604722844875,0.12766606399753974
138,4-8-15-28,4,0.21952964985764004,28x212,0.03530069999396801,4,0.09042322791807321,0.35806845839348717,8,0.051625728957705945,0.14106246963536465,15,0.0498335017398762,0.10933904805075334,28,0.060443916104313974,0.08771677995857739
139,4-8-15-28,4,0.217088380271155,28x212,0.03968970000278205,4,0.09777598276144164,0.21442773590764008,8,0.04824611686617417,0.18625868702362844,15,0.04850525841825737,0.1437845750730531,28,0.05480602705489656,0.134633881123135
140,4-8-15-28,4,0.22410573716311374,28x212,0.04131440000492148,4,0.10657726891858778,0.41214455413118173,8,0.06351736631806076,0.21675887492009244,15,0.08591944019885826,0.16208459719039622,28,0.05156757376069285,0.10493431228497879
141,4-8-15-28,4,0.21697339856027278,28x212,0.034603699983563274,4,0.1033680197047853,0.17417139437185766,8,0.043410425230140805,0.16621687766561594,15,0.07236730167619691,0.15432977047055516,28,0.04506909219979111,0.08320184124906642
142,4-8-15-28,4,0.216663166673909,28x212,0.030877200013492256,4,0.09119586182031578,0.2558023827118297,8,0.05943359278505544,0.11430291515748518,15,0.04788181767059041,0.11508890983040426,28,0.050129007452701144,0.09133806769117085
143,4-8-15-28,4,0.22428101811876613,28x212,0.03180610001436435,4,0.10007776374763647,0.17791122458928263,8,0.06383815183974048,0.11860250404962204,15,0.05375224526701609,0.11345312480832553,28,0.05814835739844257,0.09345255481730849
144,4-8-15-28,4,0.22097144463367377,28x212,0.03564180000103079,4,0.09779527185588052,0.2782258012433694,8,0.054088727584785105,0.14949463679548586,15,0.04982241062158517,0.1120019648513643,28,0.052976509297870976,0.08418588895832112
145,4-8-15-28,4,0.21849810748543208,28x212,0.034310300019569695,4,0.0931360006842995,0.3168851149649654,8,0.046139973273114476,0.1399902631444337,15,0.05384405707989918,0.11304925361742618,28,0.0504833268943395,0.07860682662219663
146,4-8-15-28,4,0.21617849145514134,28x212,0.03445760000613518,4,0.08378759796504777,0.3119936765447558,8,0.04675347589054947,0.21649693318761506,15,0.045313643907937684,0.10607769567343009,28,0.06761771911541015,0.11406629440725
147,4-8-15-28,4,0.22079121140449035,28x212,0.03999459999613464,4,0.08446038234818802,0.34561244285647624,8,0.05008251312046754,0.17000676501718465,15,0.044343914949696264,0.15386286530450316,28,0.08391237799054385,0.13506549332808973
148,4-8-15-28,4,0.21321594835098126,28x212,0.042903400026261806,4,0.10309598257686056,0.25810781924996207,8,0.04325447899718423,0.23182181482898775,15,0.04751967528147971,0.12221902380521013,28,0.0498932558606936,0.08571518190744941
149,4-8-15-28,4,0.23334059407382918,28x212,0.035971200006315485,4,0.11968173818009577,0.11923296028085723,8,0.039224404569286324,0.1792005538559038,15,0.05220807942297444,0.09448183279197564,28,0.07187539045767487,0.07566959387179414
150,4-8-15-28,4,0.21376258066059214,28x212,0.03816510000615381,4,0.10521532914546433,0.21240344949860138,8,0.045662790942499275,0.16271488974244314,15,0.04649056516563153,0.13305135448156832,28,0.05086186034502779,0.07242686095254068
151,4-8-15-28,4,0.22184589827458967,28x212,0.037708999996539205,4,0.10677705243154427,0.23692071703618825,8,0.05664784020966323,0.18343366040444348,15,0.06627527996810043,0.15822518942362426,28,0.045300293864461764,0.09336768564541395
152,4-8-15-28,4,0.22163654667884508,28x212,0.032872599986149,4,0.09658517400029511,0.2844027509810092,8,0.04297279745005364,0.17606603728929557,15,0.05440418109915421,0.12206410070747763,28,0.047070842193099906,0.09281011818913207
153,4-8-15-28,4,0.21114988798283443,28x212,0.03537970001343638,4,0.08837492980284703,0.29738529004990705,8,0.05548580199835611,0.12644746231910722,15,0.05321623885513378,0.07803273190631642,28,0.04389294422263796,0.096060394664916
154,4-8-15-28,4,0.21420258830848135,28x212,0.04058580001583323,4,0.09742480841505309,0.264997154647685,8,0.04763869938835868,0.2132080103804526,15,0.05505783464149259,0.10320039876720428,28,0.047644163225341575,0.09019458674716632
155,4-8-15-28,4,0.21372733193635718,28x212,0.04221240000333637,4,0.09778107979131449,0.39329413829012766,8,0.04710310825232254,0.14304354257587,15,0.05053742762188478,0.1328266941313335,28,0.053543769428501364,0.10518319875482787
156,4-8-15-28,4,0.214077749469343,28x212,0.04818820001673885,4,0.084367153471535,0.33299463582318184,8,0.05650101972220106,0.2594724069026408,15,0.04925724043423701,0.11272151579328295,28,0.0862372991865831,0.09986592036675204
157,4-8-15-28,4,0.21857574909761526,28x212,0.050471700000343844,4,0.10310138639805201,0.28558742611776605,8,0.04962187924465789,0.1633879116914146,15,0.05651453920423145,0.1104409678317219,28,0.048161704770333054,0.08485754062335539
158,4-8-15-28,4,0.21811426796086716,28x212,0.03553630001260899,4,0.0906819848425265,0.3285624493128044,8,0.051427960081757436,0.13253848523745473,15,0.05250814388370931,0.09747151427884441,28,0.05423828707296437,0.07742207628771886
159,4-8-15-28,4,0.22317320101185875,28x212,0.043060800002422184,4,0.09634334881020304,0.2359631565430194,8,0.047115608814794506,0.1280056275836319,15,0.05177812193646999,0.09438378551199686,28,0.049197660135012006,0.06763416229849917
160,4-8-15-28,4,0.22197185940952946,28x212,0.03908190000220202,4,0.1093712341676689,0.3317006055636267,8,0.04617142716655663,0.17124746585767583,15,0.05220446054629831,0.12041655479913516,28,0.045910602070322125,0.08225283791009587
161,4-8-15-28,4,0.23426533552115988,28x212,0.03432609999435954,4,0.12018856538411818,0.25262899163173486,8,0.047021144071772825,0.16658826469919738,15,0.05676508698160164,0.11305701139390292,28,0.04884267671736205,0.07852274004129704
162,4-8-15-28,4,0.2347748588236488,28x212,0.03505430000950582,4,0.1048908682489526,0.24977312799501064,8,0.047405787617003724,0.1299021194015553,15,0.05499141237161892,0.0936752365482416,28,0.06328541228350248,0.0865319436429122
163,4-8-15-28,4,0.23602622685692623,28x212,0.037338699999963865,4,0.10875321268236987,0.22048581123567665,8,0.048272573751848034,0.13021722042403708,15,0.04761661014496467,0.09025739749510805,28,0.07091748150454634,0.07294256410708984
164,4-8-15-28,4,0.2373095698183694,28x212,0.05024680000497028,4,0.09627002729836899,0.3130650651197348,8,0.04732815075876904,0.196129924849093,15,0.08359056001672914,0.1202439475005538,28,0.04678044937513478,0.09875824276936455
165,4-8-15-28,4,0.21926417822362643,28x212,0.03292110000620596,4,0.10276452962043364,0.31270963049957656,8,0.04419950687273302,0.1900517450159163,15,0.048166362542951556,0.13227558612116036,28,0.06676658522070779,0.09702016322557944
166,4-8-15-28,4,0.2254022464297645,28x212,0.03345479999552481,4,0.10786957359534974,0.22453105270798823,8,0.04034919149801252,0.17834197097749,15,0.049228144382748286,0.10412328299889712,28,0.04892736966844917,0.09226719559756315
167,4-8-15-28,4,0.24962321825150532,28x212,0.04328019998501986,4,0.13467465786169763,0.23094055641283043,8,0.050312467986295316,0.1408494530572574,15,0.051098080002564716,0.10735123544077815,28,0.06538287757555161,0.10533123141652981
168,4-8-15-28,4,0.2326063363235405,28x212,0.040247900004033,4,0.11690305416686649,0.18769429994190004,8,0.045338654878156304,0.17214193078757287,15,0.04813812474973658,0.13390190375006755,28,0.04836848118585161,0.0833452286850625
169,4-8-15-28,4,0.23312743183626303,28x212,0.03347699998994358,4,0.11654864040848213,0.27227843353082964,8,0.047361682608832195,0.13788862663016568,15,0.05297887814737061,0.09925462674491645,28,0.04471177760835062,0.07489801489210303
