indice_interno,distribucion,numero_capas,error_final,forma_h_final,segundos_extraccion,capa_1_rango,capa_1_error,capa_1_ortogonalidad_h,capa_2_rango,capa_2_error,capa_2_ortogonalidad_h,capa_3_rango,capa_3_error,capa_3_ortogonalidad_h,capa_4_rango,capa_4_error,capa_4_ortogonalidad_h
0,18-15-12-10,4,0.3207882611515661,10x212,0.04309250001097098,18,0.03998735568221628,0.3643826149591064,15,0.17000731495593788,0.1874411136609178,12,0.2289973915828558,0.1448084609110653,10,0.23377331484086858,0.13666311140577506
1,18-15-12-10,4,0.3860269283060408,10x212,0.07142980000935495,18,0.03791496502249451,0.35803919915327115,15,0.18054309913575284,0.14301047327106636,12,0.2633748537891241,0.08403422059122202,10,0.3471478363956375,0.09209122970597736
2,18-15-12-10,4,0.31971311123473983,10x212,0.057290099997771904,18,0.048228811316783866,0.35985152645260876,15,0.1525849908995597,0.14922139511374624,12,0.2040999143015568,0.11999119477868855,10,0.2767245894184194,0.08997082703897202
3,18-15-12-10,4,0.3145202899764789,10x212,0.07356889999937266,18,0.04851902997250851,0.384366596695397,15,0.21848254089792923,0.14205919287888763,12,0.22365718045919747,0.10645301217499636,10,0.2644310327613341,0.09804898171983495
4,18-15-12-10,4,0.34558715298868653,10x212,0.04987099999561906,18,0.04924518080190482,0.3946543646823873,15,0.19717240343373826,0.18514107174711636,12,0.26519794245922973,0.16728125891610432,10,0.2325988709482583,0.1507669673998184
5,18-15-12-10,4,0.31780469425805047,10x212,0.06320420000702143,18,0.04886225523419571,0.38525265459346314,15,0.1709432574544079,0.1757146464795913,12,0.2560786589783634,0.1630112340297941,10,0.2873859876342803,0.1537192946796011
6,18-15-12-10,4,0.3367997805431666,10x212,0.0633582999871578,18,0.044263506508192385,0.37836085721557905,15,0.20232857638182963,0.15688322040872432,12,0.3023902725287858,0.1130835768644935,10,0.2855986791089368,0.10590081036883026
7,18-15-12-10,4,0.3176103766675145,10x212,0.046044399990933016,18,0.04866160869295588,0.3664073323381602,15,0.17936199618357454,0.16910871404603073,12,0.2528177981398879,0.12758885376604528,10,0.2963298753127217,0.10161785271698753
8,18-15-12-10,4,0.3483907687965768,10x212,0.047379299998283386,18,0.04455950506362745,0.4149437056222337,15,0.18831825598028168,0.1790760355773251,12,0.26956563688697555,0.130888058047054,10,0.29080734276836007,0.12371486925247355
9,18-15-12-10,4,0.3317031713650811,10x212,0.0482155000208877,18,0.04751037662154647,0.3507195809994879,15,0.17471055731419413,0.15540680992226216,12,0.2643649001663765,0.12590871810984663,10,0.2826002534200246,0.10956820629059537
10,18-15-12-10,4,0.3248332023489709,10x212,0.05043709999881685,18,0.04193795322647494,0.3865719949306259,15,0.18647945194662877,0.15783922610052148,12,0.25624384928192934,0.11601560458704684,10,0.2700414367539858,0.10570442757939016
11,18-15-12-10,4,0.3112392097655514,10x212,0.06400700000813231,18,0.050904809731024146,0.3384427341403891,15,0.13723029033987835,0.12668369841755706,12,0.21407286079489915,0.0881274642692998,10,0.21180184678538755,0.06836715118500734
12,18-15-12-10,4,0.3285625644186398,10x212,0.04729760001646355,18,0.04944016958674688,0.39045574569649105,15,0.20870897630406032,0.17387195703015787,12,0.26798039800291684,0.14803169118648105,10,0.2312210149376217,0.13738788897882356
13,18-15-12-10,4,0.2920304857434693,10x212,0.06795270001748577,18,0.04184515013647803,0.3695428933722856,15,0.19905678029645665,0.19643476083508557,12,0.2648906321088843,0.15445743989248698,10,0.28298082301000527,0.16120946594634653
14,18-15-12-10,4,0.2960187799925117,10x212,0.06617120001465082,18,0.05217396686268777,0.3616887885044397,15,0.14454455217108705,0.170433869269801,12,0.19159537793204953,0.15585264995224452,10,0.23079330739960338,0.13690218341168572
15,18-15-12-10,4,0.3381367783782249,10x212,0.055913399992277846,18,0.053913265327189396,0.3944294561521745,15,0.18035439033108716,0.2018870453605438,12,0.23998978917650207,0.1673260838173205,10,0.27395365469497185,0.16435288972902634
16,18-15-12-10,4,0.3321260251360896,10x212,0.05294930000673048,18,0.0484279932996461,0.3803222843328036,15,0.1645063325866112,0.1649436605548459,12,0.20657913285537943,0.13070809141683343,10,0.25078877573495306,0.12687395233010254
17,18-15-12-10,4,0.3270846454477796,10x212,0.05985730001702905,18,0.04462582753918277,0.37037164765189984,15,0.16428573870969015,0.13439728878322302,12,0.28651717771323454,0.10682388978520009,10,0.25597549983822615,0.08962667742727357
18,18-15-12-10,4,0.3334805950928032,10x212,0.06824379999306984,18,0.04633466161373494,0.3733778334510801,15,0.19768135262542563,0.13848830886914526,12,0.2800096071988843,0.1198966871934177,10,0.2671166592271697,0.10721322432517631
19,18-15-12-10,4,0.3604684311042612,10x212,0.05308630000217818,18,0.05000230494965552,0.36118555063374896,15,0.20135341009367583,0.16343142593096985,12,0.24537498237114666,0.12395060424267623,10,0.2715369316857857,0.09561184522130148
20,18-15-12-10,4,0.37475667693205444,10x212,0.056199299986474216,18,0.04215167107943582,0.37506353394946274,15,0.1576985458525989,0.1543500783803107,12,0.3113214625729187,0.10063750949323519,10,0.3562979489624254,0.11478427500076688
21,18-15-12-10,4,0.3310310921478871,10x212,0.06784870001138188,18,0.04078495789065078,0.37196447411638006,15,0.19581446895646737,0.15751802388342315,12,0.31593724379949195,0.11516033672450177,10,0.27786494553445734,0.106359951791083
22,18-15-12-10,4,0.35905211022479333,10x212,0.05385349999414757,18,0.050830645964471226,0.37084553550089966,15,0.17020289466049907,0.14397419939296394,12,0.29086994723671955,0.1259260880831063,10,0.283831602606074,0.10199487281496898
23,18-15-12-10,4,0.3129704871996299,10x212,0.046633000019937754,18,0.047510497689883614,0.3693225977058233,15,0.189104368943713,0.17118295209515672,12,0.2493731185289114,0.11548966110880374,10,0.2269146050452589,0.11069785765824967
24,18-15-12-10,4,0.3637465248706234,10x212,0.07004469999810681,18,0.05280497516475724,0.35489787789581917,15,0.2026660937127414,0.14090838396530916,12,0.2898183182157459,0.11926996249366706,10,0.2700432796231985,0.11236192082649367
25,18-15-12-10,4,0.3436853588370279,10x212,0.07472459998098202,18,0.04623945103797626,0.3346324704680831,15,0.1748676714105066,0.15966344631862742,12,0.22283363673890552,0.12262774766509366,10,0.253210640610601,0.08858125351961471
26,18-15-12-10,4,0.3382772469207099,10x212,0.07705789999454282,18,0.0465753823231712,0.39518665727879426,15,0.16766654425079053,0.17241181069791933,12,0.2798441308878527,0.14767835751529176,10,0.22975643546064112,0.13142397424133576
27,18-15-12-10,4,0.31583336731243755,10x212,0.05597009998746216,18,0.049432573343433775,0.41700663651142356,15,0.1683650510264999,0.18196728103432927,12,0.268541308234269,0.13295481098044484,10,0.3124252262091892,0.08471579989218976
28,18-15-12-10,4,0.31490576462210296,10x212,0.06358679998083971,18,0.05102437753948315,0.3666107319034852,15,0.1476238418006135,0.1769349230823918,12,0.22273229031610467,0.1439322253446794,10,0.24678311736394984,0.13135715917457572
29,18-15-12-10,4,0.34771505356337773,10x212,0.05153739999514073,18,0.05007949826924548,0.3634215953900758,15,0.1937825221205902,0.1514203321954535,12,0.2301206941944745,0.12273966931638432,10,0.27887773321330667,0.0868409605877438
30,18-15-12-10,4,0.3302844909809023,10x212,0.06988579998142086,18,0.045959143817298445,0.38714354422855796,15,0.18921054309726534,0.17222495002433463,12,0.26184201683395913,0.15411360812238617,10,0.25548701135961555,0.14137877822895475
31,18-15-12-10,4,0.30835367416049136,10x212,0.05469950000406243,18,0.04200000971401923,0.34528338734074016,15,0.1415864126551501,0.16724341892507402,12,0.21913821595355654,0.12772757360909318,10,0.2620132057560467,0.12312843856032314
32,18-15-12-10,4,0.3064499146583217,10x212,0.052710500021930784,18,0.04336652542684459,0.3772655853596532,15,0.15327568182950677,0.1937028497935079,12,0.22611495208943258,0.1410985792445825,10,0.2398149773792335,0.12098076277394501
33,18-15-12-10,4,0.32685491389079147,10x212,0.06805699999677017,18,0.050047244742427666,0.3621065089195422,15,0.16222538451731827,0.17264340873101924,12,0.26175376966197345,0.13078209024906368,10,0.21473935315708068,0.11200106733159242
34,18-15-12-10,4,0.29953700212215284,10x212,0.06383080000523478,18,0.04788035950471055,0.3791398262707382,15,0.17026684185571067,0.14205406532892398,12,0.16570684089179702,0.12347538276651471,10,0.2828383781293273,0.11958016177577319
35,18-15-12-10,4,0.3226450344396571,10x212,0.0604587999987416,18,0.044008166654332326,0.4139776953205698,15,0.19919627559357947,0.1601870506317436,12,0.24513069705736648,0.12691606696496918,10,0.2907344238684214,0.12225133952814105
36,18-15-12-10,4,0.331919419757948,10x212,0.06646799997542985,18,0.036571529979429224,0.4559818503697117,15,0.14116711273437904,0.17132490786700075,12,0.19426051016574886,0.09678318152500676,10,0.2951008720475726,0.0789376388641193
37,18-15-12-10,4,0.3303691042574601,10x212,0.05428149999352172,18,0.030680092639197992,0.4156521041813224,15,0.12369803355971096,0.13514077200963642,12,0.21372070847872113,0.08716674471601493,10,0.27912992853045854,0.0846778264618431
38,18-15-12-10,4,0.292231228390678,10x212,0.05195860000094399,18,0.034244585407174295,0.3955863506217944,15,0.14129852346179858,0.1484620798290421,12,0.18190911408271088,0.08631693435822974,10,0.22575754355145392,0.06778129462624315
39,18-15-12-10,4,0.3070579919506569,10x212,0.055215500004123896,18,0.03224828945143966,0.4043374413546969,15,0.12463167587259882,0.12139669226261496,12,0.17191078378205102,0.10438487267704558,10,0.25241837363874764,0.08542261830900953
40,18-15-12-10,4,0.3078521994258637,10x212,0.05543440001201816,18,0.03163051685837613,0.39907131135024954,15,0.17513946583846096,0.19545302569377304,12,0.2221958318585876,0.13937174851943185,10,0.2757432188553291,0.12800462947919053
41,18-15-12-10,4,0.3303835767458439,10x212,0.05586140000377782,18,0.04245865297845022,0.4040239216376831,15,0.15698835958303117,0.1491564466872507,12,0.21900335683506067,0.11768657628275658,10,0.24329980378620195,0.10482861857051738
42,18-15-12-10,4,0.32556770506013055,10x212,0.046331999998074025,18,0.033582995552779965,0.4275535060811064,15,0.13724529898842522,0.1270306155210944,12,0.17926584356373237,0.09910752442756783,10,0.23716762634599972,0.08321115326751169
43,18-15-12-10,4,0.3401756271828169,10x212,0.05612120000296272,18,0.030220574943359335,0.44848313538406115,15,0.14446341868320847,0.13618070649090783,12,0.23280053254889738,0.10307793375663807,10,0.28370506343563917,0.08803014039043733
44,18-15-12-10,4,0.3248903169713915,10x212,0.057853100006468594,18,0.03520224953875344,0.4301757290982555,15,0.14828973633863057,0.1732280964642292,12,0.2303777208360833,0.13697637471897606,10,0.21999996831996557,0.11499231985735275
45,18-15-12-10,4,0.32166726910214094,10x212,0.061617900006240234,18,0.0366017223446433,0.408449362871159,15,0.1705164654609048,0.14587374872696787,12,0.2264575656036573,0.09929128063529466,10,0.2715663644918155,0.08689806583106534
46,18-15-12-10,4,0.3201205756823962,10x212,0.05795269997906871,18,0.03378584329879034,0.41918627312634854,15,0.1777188712758863,0.15888749349345335,12,0.25872912042588075,0.11911493966030018,10,0.2448494985980546,0.1056348613044327
47,18-15-12-10,4,0.32673438539992256,10x212,0.06834590001381002,18,0.04246030342017932,0.42108533015301997,15,0.1779030791506544,0.1514173154678781,12,0.3019625621724876,0.11942660616727023,10,0.2983693251071096,0.09319853937351262
48,18-15-12-10,4,0.33488485679031954,10x212,0.05647840001620352,18,0.0379386800424669,0.41732628828302043,15,0.16026197063958544,0.13110486681092154,12,0.24962752981889588,0.08341957613744522,10,0.321004212750708,0.08069544807741517
49,18-15-12-10,4,0.33622645647178484,10x212,0.04746610001893714,18,0.035012357345884836,0.4123449427340072,15,0.15193955515190252,0.14966653587729814,12,0.25068931012508294,0.0858554439813839,10,0.26634800450343993,0.07156236680685465
50,18-15-12-10,4,0.3878855764397127,10x212,0.04506490001222119,18,0.03336780450040397,0.42259844725300977,15,0.1480521035653238,0.12380462311256525,12,0.24475966908105526,0.09155157131465719,10,0.30355072977901715,0.07737561805832889
51,18-15-12-10,4,0.31023647779964614,10x212,0.04877330001909286,18,0.03799536231333834,0.401159244856417,15,0.17995456571335347,0.1522954472395545,12,0.2821197260365798,0.10497829291253336,10,0.2503287369595759,0.09142649038826255
52,18-15-12-10,4,0.30716010828973683,10x212,0.06291889998828992,18,0.02977373322788443,0.42331025315780973,15,0.1686200036000612,0.13705068983685698,12,0.2662918932991616,0.07713548531165985,10,0.3403107057572177,0.0730184899902904
53,18-15-12-10,4,0.33598132904517924,10x212,0.0533685999980662,18,0.03608242787674412,0.3870616787131438,15,0.13823898848948168,0.1568867806723761,12,0.18778506041086943,0.11825162397201719,10,0.29039254788418517,0.11989652581304514
54,18-15-12-10,4,0.3053250101910994,10x212,0.05158830000436865,18,0.030108189333139506,0.42080719144953743,15,0.15798343516213223,0.1595741907754175,12,0.20850102041293508,0.10762715263160029,10,0.27396709710161105,0.08225283927055163
55,18-15-12-10,4,0.3106174537235904,10x212,0.047678600007202476,18,0.04132648449200838,0.4128505383318327,15,0.15041977929656883,0.14985663343685565,12,0.20898335461272546,0.10113270559564225,10,0.23181402048671673,0.07515698245509371
56,18-15-12-10,4,0.32838955862681585,10x212,0.06374379998305812,18,0.034079947753268586,0.41580250485935155,15,0.15949889733542683,0.14536130705907432,12,0.21703332545224205,0.09607029322691389,10,0.24054708873896913,0.08749130532377737
57,18-15-12-10,4,0.31537524785848736,10x212,0.07550489998538978,18,0.02980167907900384,0.40233995690413404,15,0.1473745230899257,0.16116527867937155,12,0.20377220737798404,0.12264929201435337,10,0.2713677450278697,0.11072088347417702
58,18-15-12-10,4,0.33777445457854227,10x212,0.04909329998190515,18,0.03561135380183312,0.4383711187139558,15,0.18826863319093715,0.16720216889087353,12,0.24493367980116718,0.10914005243118323,10,0.3126969392564488,0.10157015925345261
59,18-15-12-10,4,0.3247357883297218,10x212,0.046570400008931756,18,0.03028742073160366,0.4164254429207192,15,0.16174941628840941,0.17547280287283837,12,0.2177488962558745,0.15181909659663215,10,0.2921641524112169,0.11214620467018474
60,18-15-12-10,4,0.3453275216213563,10x212,0.04949549998855218,18,0.030676054440212482,0.41829255818165995,15,0.17084994521586486,0.17133818770217463,12,0.2264472202718891,0.13218125876802753,10,0.30756273694449515,0.12077993940201205
61,18-15-12-10,4,0.3103881875421807,10x212,0.061598300002515316,18,0.03748763296854416,0.378550558539116,15,0.13717711938210914,0.1252180480336676,12,0.196315100586896,0.08877516751603584,10,0.26930100387236316,0.07592281316487477
62,18-15-12-10,4,0.35388577404118915,10x212,0.06989080001949333,18,0.03611075902053111,0.4344960569387921,15,0.18225873938175421,0.1307116200390544,12,0.26822554227008744,0.09757064518677244,10,0.2951895041663223,0.09552459115145329
63,18-15-12-10,4,0.34902099328896063,10x212,0.06829120000475086,18,0.034609815316086256,0.42189742386884677,15,0.15976741844076298,0.15942872981614747,12,0.2874191197969428,0.08719530423889571,10,0.25522849944243775,0.07142703020165785
64,18-15-12-10,4,0.3071330193576201,10x212,0.049702599993906915,18,0.043488117196678965,0.42974773022789153,15,0.13060620135360368,0.14175381781848476,12,0.19774010418532967,0.082392429773209,10,0.24930655329631057,0.05986760063612126
65,18-15-12-10,4,0.32238613449230386,10x212,0.055768099991837516,18,0.03145702771638866,0.42836868000178213,15,0.1576522735016699,0.19214210136330628,12,0.23793006233660785,0.1614909855330696,10,0.19623759595575502,0.12900327717053517
66,18-15-12-10,4,0.30075586981031777,10x212,0.05680459999712184,18,0.033516721271133885,0.4461675576641517,15,0.17504103051851425,0.1332323248316172,12,0.22938216358103203,0.10921618001042381,10,0.286980860395578,0.0943480036999126
67,18-15-12-10,4,0.32801440094210144,10x212,0.0470115999924019,18,0.03445395828725832,0.41937111721378323,15,0.15087815030145948,0.1704316321445499,12,0.235389674450481,0.12624259139529959,10,0.23531784551175855,0.10098303115042297
68,18-15-12-10,4,0.3199372413335346,10x212,0.05052540000178851,18,0.042093233019701456,0.46547046411234416,15,0.18934345949457818,0.14194714823799262,12,0.22989489451119344,0.11431075115642138,10,0.2978972010814063,0.10935189375174469
69,18-15-12-10,4,0.34125379768213104,10x212,0.062091800005873665,18,0.04429591243700862,0.3750489662981134,15,0.17036494447815387,0.1975493799746648,12,0.2851918231364846,0.1488352277351663,10,0.29105123195816324,0.1229856586493148
70,18-15-12-10,4,0.39008367306774455,10x212,0.07724360001157038,18,0.04225946930128846,0.3872991489750794,15,0.18434050104512092,0.11926564261905609,12,0.24409377186150208,0.08618900369535079,10,0.30022226480154507,0.08140610714398458
71,18-15-12-10,4,0.2928970266197258,10x212,0.05748429999221116,18,0.04196437087168602,0.40036269014224257,15,0.21185065853916596,0.14515376611553113,12,0.26487439366756294,0.1130512695451321,10,0.31702450526547843,0.10080765168600951
72,18-15-12-10,4,0.3155915545071346,10x212,0.07474640000145882,18,0.04467883113783954,0.386245499131791,15,0.17768451834702384,0.15160566963990602,12,0.242258449921417,0.09996794554088587,10,0.28791301880316367,0.0930233846281604
73,18-15-12-10,4,0.31695517364128195,10x212,0.04383869998855516,18,0.04726058042278449,0.3751742714330553,15,0.1489435544837038,0.13164711668598286,12,0.21285802166470086,0.0862604815281871,10,0.22466227806846908,0.07608247318300915
74,18-15-12-10,4,0.3161002491516743,10x212,0.053563599998597056,18,0.0404408087774582,0.36050819053417976,15,0.15116858246113682,0.1281901603967199,12,0.2505911340316704,0.06945544956242786,10,0.23218590673267167,0.05721922786800758
75,18-15-12-10,4,0.35988293701924773,10x212,0.05383680001250468,18,0.040750840724846624,0.37038058058383727,15,0.18482789219639928,0.1632895980489447,12,0.22213442373068562,0.10656243806252998,10,0.2570277946299509,0.08838874624572104
76,18-15-12-10,4,0.32319982677157244,10x212,0.05055640000500716,18,0.04304927827405119,0.423174616267586,15,0.20085838592050487,0.18267368644016338,12,0.2758869410570959,0.14168522024487093,10,0.2957471655545199,0.1234512532679353
77,18-15-12-10,4,0.3325880667187844,10x212,0.04242379998322576,18,0.03826735472166572,0.39425447240964095,15,0.15166532761458854,0.16711574085880984,12,0.2217228537118883,0.12046603851339291,10,0.2580888854546003,0.11058350622621128
78,18-15-12-10,4,0.3275078710085501,10x212,0.041461900022113696,18,0.04371855368070216,0.3734124787550023,15,0.14758267366558725,0.18349721558803953,12,0.27457571517988244,0.08727912129440323,10,0.21757179837545446,0.07278075852642006
79,18-15-12-10,4,0.3126859108121811,10x212,0.048757499986095354,18,0.04477183352471764,0.4201267654498595,15,0.18136082225804986,0.16886890062856244,12,0.21160528645249344,0.13441497362276938,10,0.230540277985694,0.12399972472071007
80,18-15-12-10,4,0.30818804021268387,10x212,0.055578600004082546,18,0.04116129728461646,0.42306318344943694,15,0.17472875411850888,0.16431005001069274,12,0.20050838181283276,0.07688309427157758,10,0.26062916336234665,0.07464039626615106
81,18-15-12-10,4,0.29606207241017096,10x212,0.04664110002340749,18,0.039312670875237925,0.39270251735814293,15,0.17185640843435568,0.1804871747692418,12,0.2356312486437937,0.15570205112670574,10,0.24117925030111456,0.12731421255440045
82,18-15-12-10,4,0.3219917146367169,10x212,0.05175699997926131,18,0.04087331984780359,0.3975772297956907,15,0.15933342516509738,0.19178540181721346,12,0.24528413198420596,0.10393401345602785,10,0.28242996634897555,0.08541564371937055
83,18-15-12-10,4,0.3525713899645512,10x212,0.04660199998761527,18,0.04217552547740149,0.4184843322828968,15,0.18105751552586244,0.1368228491920172,12,0.2703862950691929,0.09764396570846659,10,0.3058168855075509,0.08923703171969179
84,18-15-12-10,4,0.30533217379927446,10x212,0.049102600023616105,18,0.038862988855909206,0.429067018520263,15,0.16934881234300983,0.15461481639956062,12,0.24501173938481843,0.1297406973997705,10,0.2644738438816761,0.08611480360897503
85,18-15-12-10,4,0.3360498751053364,10x212,0.05912930000340566,18,0.03855019930726113,0.4444139975119299,15,0.1834462437869544,0.15481848173650012,12,0.2692564160463144,0.12248367581066923,10,0.2984762301536756,0.09638746484255784
86,18-15-12-10,4,0.3240330869486257,10x212,0.0675471999857109,18,0.04371569926760894,0.40277002902266607,15,0.13806782754489585,0.16843626381267815,12,0.26549694292035464,0.11454449636153521,10,0.24473964983846125,0.1109377242336817
87,18-15-12-10,4,0.323487301192096,10x212,0.058561400015605614,18,0.048347082416962596,0.37087039548508116,15,0.15307749044594757,0.14511223765930753,12,0.22409961595276814,0.09499010647063501,10,0.2070260967064079,0.07709127639135997
88,18-15-12-10,4,0.31446052529495433,10x212,0.04601520000142045,18,0.04071777742624079,0.38961835479278156,15,0.16927910730016865,0.15485860866624915,12,0.24162163856722976,0.11597407336223173,10,0.2857182969138751,0.10221643885264245
89,18-15-12-10,4,0.31444958245094023,10x212,0.06260280002607033,18,0.04525263104343496,0.3735596973277788,15,0.18302039341855073,0.1239423120217132,12,0.2716090550458053,0.10294198804213227,10,0.23697716892242104,0.07907268597544657
90,18-15-12-10,4,0.35832345384528197,10x212,0.05601820000447333,18,0.043836499046049214,0.3697433452501315,15,0.1640052509829862,0.16103754850127272,12,0.2798868514711815,0.11072508561582801,10,0.3341018516761397,0.11887354909355272
91,18-15-12-10,4,0.32008160569023353,10x212,0.04748259999905713,18,0.045515518377317814,0.4278982734279878,15,0.15973466862315777,0.17110782113817777,12,0.25390149262196016,0.12342696969668258,10,0.28446696350277256,0.11731177366870113
92,18-15-12-10,4,0.2856232525321001,10x212,0.04957000000285916,18,0.0467795507348862,0.4273788307240438,15,0.17071848755258084,0.16034810623103057,12,0.1814510547760782,0.1295354168542626,10,0.22546862116326735,0.10364541468432628
93,18-15-12-10,4,0.3663742723746266,10x212,0.0473743999900762,18,0.04621105131326606,0.4402582084073337,15,0.16725565755799066,0.1584326836538064,12,0.3446568164028088,0.1113916580517043,10,0.30088395691837266,0.09225093277373156
94,18-15-12-10,4,0.3361190687199875,10x212,0.04976409999653697,18,0.03897501543284031,0.41245842563554946,15,0.161389740734615,0.16157862286874203,12,0.30250202710570967,0.1296912292650667,10,0.2567732055431091,0.10948969078956121
95,18-15-12-10,4,0.34368558333300725,10x212,0.058461799984797835,18,0.04373252417571752,0.4261800265277285,15,0.18705856389050327,0.1729601456936521,12,0.2912976407785784,0.14771409296969565,10,0.3089214952822943,0.10710283931551179
96,18-15-12-10,4,0.30529756593059154,10x212,0.06406119998428039,18,0.04382069942817684,0.4157779418716176,15,0.16201825647458032,0.14479285809038234,12,0.2669043935090052,0.07710965186162262,10,0.2913716851542593,0.06819888161669556
97,18-15-12-10,4,0.32259515962270946,10x212,0.05331829999340698,18,0.043245098094436954,0.408591175788453,15,0.14784070568518323,0.1606100058982508,12,0.2289432917556802,0.08568501476864805,10,0.28798080060939335,0.07573839799925744
98,18-15-12-10,4,0.30893870612740176,10x212,0.0503376999986358,18,0.030594345511269484,0.44028510103938884,15,0.14994422365204926,0.16014462661686135,12,0.199947466829914,0.10401357810315455,10,0.3021726280854421,0.07299533033619711
99,18-15-12-10,4,0.29506273715230985,10x212,0.05073849999462254,18,0.03711534372610378,0.421590618793588,15,0.17143548427759314,0.13824225458630993,12,0.17772576950642,0.08866677259214994,10,0.2745778141520423,0.07516973624461762
100,18-15-12-10,4,0.3098361621155615,10x212,0.059573100006673485,18,0.03302191115296049,0.40242642161262054,15,0.13759034171437146,0.1359202737476344,12,0.2126033008506974,0.07698241003979221,10,0.28571151546313456,0.0599953656939447
101,18-15-12-10,4,0.3005855537505835,10x212,0.04641080001601949,18,0.04118887747020912,0.4019061771708338,15,0.13592164783623778,0.10764264537405188,12,0.19148271034186,0.0749595405651538,10,0.21669320084325963,0.05373310091854411
102,18-15-12-10,4,0.31547467417750835,10x212,0.0567661999957636,18,0.04038310557116424,0.41076597255030517,15,0.1456288628517525,0.14194815167919408,12,0.23873884599879175,0.08713687344684634,10,0.2366512106431137,0.07165012005793142
103,18-15-12-10,4,0.3331200749885451,10x212,0.06638779997592792,18,0.03287933484749912,0.41173499121573837,15,0.1948771070442825,0.11015931366454546,12,0.30221959717582764,0.07756484407550597,10,0.23020877343753957,0.06731801338470765
104,18-15-12-10,4,0.3329653688117375,10x212,0.07146999999531545,18,0.032672221915703764,0.40564452135738316,15,0.17125238613116112,0.12227526299182645,12,0.2355802754354409,0.07800117238406473,10,0.30890758096803284,0.06439685905272909
105,18-15-12-10,4,0.2787882722905866,10x212,0.05375999998068437,18,0.03159119770564772,0.4707615546495144,15,0.13210323844889468,0.17496846688567966,12,0.20512253971635644,0.14063783792779377,10,0.18547196314616274,0.11247860328630331
106,18-15-12-10,4,0.3176489449919673,10x212,0.05641380001907237,18,0.029415655833198825,0.4587318131980136,15,0.15742656981562628,0.16200539000619088,12,0.22774841371842738,0.12793198928403524,10,0.24580020671455455,0.10892585488150033
107,18-15-12-10,4,0.32895315811562953,10x212,0.0606506000040099,18,0.03469459428698821,0.4004888444977703,15,0.1789295753844604,0.1460116686969655,12,0.19872643661654413,0.0995118211886391,10,0.29017417610322804,0.10169860346274849
108,18-15-12-10,4,0.3202070837231496,10x212,0.0503993000020273,18,0.03470243634108881,0.469958304097039,15,0.15477487258675957,0.15525783205822008,12,0.22916366135294627,0.08898333257490997,10,0.2939249504022512,0.08587731448048026
109,18-15-12-10,4,0.3401078966499515,10x212,0.05440550000639632,18,0.03478400566881635,0.44700352787817493,15,0.15003654122339422,0.18626118547997123,12,0.28365678495587227,0.11285323699590219,10,0.24537060738504565,0.11081462262586801
110,18-15-12-10,4,0.35346580569634245,10x212,0.04921729999477975,18,0.041493824314987916,0.4055487842963629,15,0.15977970251275778,0.19329922057619842,12,0.22370547414221054,0.14858176200180476,10,0.2852129492043463,0.13470174728965645
111,18-15-12-10,4,0.32398063736079535,10x212,0.0470054000033997,18,0.029707772266528255,0.4438875403725841,15,0.1481494249765298,0.1382454513257821,12,0.24980300911551542,0.10729893840036488,10,0.2593554952484149,0.08282604017798141
112,18-15-12-10,4,0.34326754843254265,10x212,0.05589099999633618,18,0.03611097785800133,0.4015091485263214,15,0.1398986921408495,0.13974980861267847,12,0.2189754166380558,0.07730461598232988,10,0.2847844494300079,0.08078025200335515
113,18-15-12-10,4,0.34219325096245484,10x212,0.07122400001389906,18,0.03826107715869922,0.42870729221451104,15,0.20997884864759336,0.1586487453078775,12,0.2484103178607513,0.13084703218927493,10,0.26961695874407987,0.12192403353249782
114,18-15-12-10,4,0.33663248908372906,10x212,0.0442320000147447,18,0.03061011546513539,0.3887008532461904,15,0.14335760467571207,0.1802246060761432,12,0.24777268731170343,0.08785110523556612,10,0.2703492579703709,0.0811999583453266
115,18-15-12-10,4,0.3062830310821818,10x212,0.04606020002393052,18,0.03453315030939379,0.4282202445071823,15,0.13861036492154782,0.13585166474619975,12,0.2707677255404458,0.09295936477022386,10,0.21880855023842574,0.08415801377826762
116,18-15-12-10,4,0.34497784865038034,10x212,0.052058300003409386,18,0.038670825701069445,0.44479911116912235,15,0.2086009593544402,0.15846283002969902,12,0.3045927451775629,0.09917494453331058,10,0.19083165739514146,0.08766616804538613
117,18-15-12-10,4,0.3356161342965967,10x212,0.05084730000817217,18,0.040670958643034265,0.43687283538401966,15,0.16647116256202257,0.17761368566543656,12,0.24399280389499076,0.10863555322434808,10,0.28350457916024036,0.10328508676605644
118,18-15-12-10,4,0.32132263716742865,10x212,0.07650719999219291,18,0.03610194595929606,0.4443483969746372,15,0.1685683586720228,0.131439338019544,12,0.2598016639862678,0.10226087903264715,10,0.24796427297457407,0.08224323381593046
119,18-15-12-10,4,0.33725934315738354,10x212,0.07020230000489391,18,0.03527536497784865,0.42533937425226964,15,0.18603557791675265,0.14498885734329614,12,0.23349123694389093,0.09840302713667747,10,0.2819722158249948,0.08677188920536555
120,18-15-12-10,4,0.34395316436965817,10x212,0.05286950001027435,18,0.036200514514284646,0.43943911239358685,15,0.17960892302518305,0.14199034101146898,12,0.2863074325473256,0.09329802214799798,10,0.3231495482583691,0.07800630882433143
121,18-15-12-10,4,0.33141655796659414,10x212,0.05324400000972673,18,0.03361919972830285,0.39887107243590547,15,0.12499184955636394,0.13520531334930608,12,0.21241079799403567,0.11506693281372603,10,0.26486388312632686,0.09734705590953183
122,18-15-12-10,4,0.33166060045698753,10x212,0.06611119999433868,18,0.03830584103385445,0.43334719200737354,15,0.13253018420149584,0.1480532976062673,12,0.20591337344034852,0.0689502908077181,10,0.20873211697847469,0.057081717354191035
123,18-15-12-10,4,0.34190991853368574,10x212,0.06802810000954196,18,0.03665284986606113,0.4249883427541794,15,0.15403460775074734,0.19771406421002205,12,0.23025736569186772,0.14158248793579184,10,0.2560099867504507,0.1455445027423285
124,18-15-12-10,4,0.3404531691548783,10x212,0.053215599997201934,18,0.03714847546707824,0.4467525713013072,15,0.161950268996957,0.163740448653189,12,0.2042467458227545,0.1089344268326668,10,0.25219559343625825,0.0965038462539239
125,18-15-12-10,4,0.2844288814845269,10x212,0.05529499999829568,18,0.03284170220186315,0.43278340821881595,15,0.11647232582717315,0.14276203521044317,12,0.17214586128741288,0.0748163324818725,10,0.2767970851120372,0.06749387653998877
126,18-15-12-10,4,0.2897170743045339,10x212,0.0662939999892842,18,0.035283346992400044,0.44021246588544877,15,0.14025439676861826,0.1231744431832737,12,0.21586290812973247,0.05961562456570359,10,0.2852396973543471,0.042733391858558775
127,18-15-12-10,4,0.3224988168353898,10x212,0.06648229999700561,18,0.04074096010929646,0.40578595296183834,15,0.13518521291006483,0.11037977036391193,12,0.22705408478006397,0.0895499702653219,10,0.27269482384443106,0.05034710343554397
128,18-15-12-10,4,0.3289689752969348,10x212,0.05515450000530109,18,0.03509521516911147,0.4328935723148108,15,0.12395191986846393,0.16717771648848803,12,0.23735249978206668,0.0723895063212605,10,0.319742603032697,0.06362967846992264
129,18-15-12-10,4,0.29269790950074626,10x212,0.06703350000316277,18,0.037454635056148385,0.3980093976269535,15,0.14510639051195667,0.14225297127418904,12,0.15895285533868148,0.0677868528636455,10,0.24601575661086836,0.06376516462967047
130,18-15-12-10,4,0.29671430555185757,10x212,0.05808970000362024,18,0.03887946927261644,0.4055695274351596,15,0.12525112989271361,0.12823942969726188,12,0.23649667810400443,0.05108448332725387,10,0.2233758204041257,0.036965845153894825
131,18-15-12-10,4,0.29335496861683286,10x212,0.060362999996868894,18,0.041057784486086386,0.3971657460540668,15,0.14391816818401523,0.09968206483371093,12,0.21179159059081631,0.04102733559564086,10,0.24857769201996271,0.03236271971087243
132,18-15-12-10,4,0.28539881364384523,10x212,0.04338720001396723,18,0.039351179388912805,0.49043993552811144,15,0.14486102774144743,0.1651441597900773,12,0.2543884363609178,0.08909909637048719,10,0.2218589303268292,0.07350584194186328
133,18-15-12-10,4,0.3296719592427019,10x212,0.04457090000505559,18,0.033103930005521,0.44652957116463987,15,0.11248651299456044,0.1323531305143939,12,0.24995151658039405,0.07395571626893899,10,0.2835777988186997,0.06701707316541243
134,18-15-12-10,4,0.32492305717946524,10x212,0.061847300006775185,18,0.035948047034521036,0.4062618543234752,15,0.16696798801326876,0.12058707785225496,12,0.20824359831455247,0.058403813011397986,10,0.30860602233003653,0.05775580877703491
135,18-15-12-10,4,0.3037814518738563,10x212,0.058780599996680394,18,0.03212631853080474,0.41020978690251597,15,0.12574031520653406,0.1292052949497685,12,0.21003813582054034,0.08570055930047654,10,0.26002487145574754,0.04815489297534065
136,18-15-12-10,4,0.30355084756414713,10x212,0.05719560000579804,18,0.03608854323571088,0.39537285463917826,15,0.13016195184713103,0.127468367628821,12,0.17254868350573357,0.07023636724817951,10,0.30698252730633374,0.052286130174021374
137,18-15-12-10,4,0.2916670079585775,10x212,0.05736639999668114,18,0.040412226415404796,0.3818481113072148,15,0.12747975369216638,0.1514400040453794,12,0.17062229361032358,0.10322064773067967,10,0.2202263042668501,0.06777709562306175
138,18-15-12-10,4,0.3075117229845025,10x212,0.06360500000300817,18,0.03396545503546054,0.4262856120590556,15,0.14250060573524412,0.15799955880374905,12,0.1711172400122629,0.08891568117483756,10,0.24751658223253564,0.07878735428471882
139,18-15-12-10,4,0.3100537032343434,10x212,0.04601019999245182,18,0.028812073746185395,0.41454109802362166,15,0.1499658981685067,0.1092226995594327,12,0.17476522604487651,0.0648014241782484,10,0.2786271835229822,0.05244765870330092
140,18-15-12-10,4,0.3154209325577354,10x212,0.05780740000773221,18,0.031683320065161356,0.4079887203990959,15,0.12949677875107773,0.1362942017670887,12,0.23097617693503789,0.07647467941736726,10,0.21040684812624663,0.0539360382139595
141,18-15-12-10,4,0.3010115160325918,10x212,0.053504299983615056,18,0.03815974390211169,0.4029145636516501,15,0.15736965924804544,0.13702463959162717,12,0.2549427356104259,0.0781622710639903,10,0.2292989948139745,0.04680016716029473
142,18-15-12-10,4,0.26949300643265606,10x212,0.05550849999417551,18,0.038959545197981636,0.4151212865924294,15,0.12216472722346668,0.162026847059245,12,0.15331429179408468,0.1060731287152177,10,0.25131160384966117,0.07075882128825291
143,18-15-12-10,4,0.3057850564117898,10x212,0.05160880001494661,18,0.03930200462924247,0.4364440553611991,15,0.16805305894355343,0.12366240646081061,12,0.22130118659206147,0.07169359841160808,10,0.23670092825674355,0.04876770183258563
144,18-15-12-10,4,0.2988890106539584,10x212,0.06232379999710247,18,0.03534628679097795,0.3944628906788546,15,0.17534347457255436,0.12318267732388963,12,0.1636991434673671,0.06187709976852929,10,0.23245013418303498,0.05831905394542572
145,18-15-12-10,4,0.31076605898889936,10x212,0.06488690001424402,18,0.03437239380462059,0.37489123245527134,15,0.14129370780249598,0.10038480671077264,12,0.2137362123633113,0.05131152549021049,10,0.19580779377957103,0.041022835398724464
146,18-15-12-10,4,0.29061959777749485,10x212,0.06585459999041632,18,0.03218764545669328,0.4027183467497173,15,0.14614107354714834,0.10299391364504688,12,0.20792222727353477,0.05892930447807674,10,0.2634628488593062,0.032928150811212364
147,18-15-12-10,4,0.2918928470854322,10x212,0.07246070000110194,18,0.03693112375729268,0.3909778343020311,15,0.1267938420762291,0.09371754409685264,12,0.2655715418824477,0.03796528158784019,10,0.3056439975067214,0.023002669661111457
148,18-15-12-10,4,0.3195253091796383,10x212,0.05266620000475086,18,0.03276893150918279,0.4127899558246689,15,0.1530450519964439,0.17077833326271394,12,0.18313556244239174,0.09930006045688668,10,0.22612996132490404,0.08517186343281538
149,18-15-12-10,4,0.3150162571757847,10x212,0.054057900008047,18,0.0329205397828107,0.366061515296611,15,0.14614855755441392,0.0905079651154612,12,0.1873074901255624,0.04290484971032835,10,0.34587910402965233,0.04406176360139293
150,18-15-12-10,4,0.28828657546150027,10x212,0.05155699999886565,18,0.033816663100793676,0.3753500612367267,15,0.1356655383868142,0.1317272564963941,12,0.17732338977801437,0.07545482773740066,10,0.21276921038788893,0.044413301884126705
151,18-15-12-10,4,0.33411182899068925,10x212,0.04726739999023266,18,0.03443756576077857,0.44946975632143504,15,0.12330383074959571,0.16749046314579893,12,0.22246730260023945,0.07749857022462345,10,0.26018195652230736,0.06543666912041937
152,18-15-12-10,4,0.32740176620726236,10x212,0.053218499990180135,18,0.03764874687591201,0.416391506645437,15,0.14935684429576626,0.11520075668609735,12,0.20474706824709635,0.0872123451532915,10,0.24666857275184687,0.06523078380228482
153,18-15-12-10,4,0.30377761989872915,10x212,0.055003599991323426,18,0.042601862674877575,0.4270960930411638,15,0.15247388930025704,0.15036509502257883,12,0.2336415292687909,0.07083869997512804,10,0.27791969371591707,0.05123022974617979
154,18-15-12-10,4,0.3290828641059978,10x212,0.05825080000795424,18,0.0420167557070487,0.38547887256004326,15,0.17215778711577256,0.11941568407391472,12,0.23683686463312095,0.07016553540650476,10,0.25399643541267736,0.056412049967794045
155,18-15-12-10,4,0.3176224354997125,10x212,0.052688200026750565,18,0.030267315892129207,0.4005475288107015,15,0.14924389492467655,0.12093739492836628,12,0.219675405945917,0.07057549385464518,10,0.26089343084799954,0.05620763548115542
156,18-15-12-10,4,0.30985518046470323,10x212,0.04820980000658892,18,0.03608322275138611,0.41164167387837003,15,0.13265318772252793,0.11709009126532399,12,0.21114347746310455,0.07342257534533327,10,0.2856782433304379,0.059032266842242345
157,18-15-12-10,4,0.3271544525266882,10x212,0.059115199983352795,18,0.04685010936456322,0.37987088485229903,15,0.130773887152703,0.15464559250835622,12,0.2238870470976652,0.11280347491442538,10,0.23742096748288993,0.1010160425068349
158,18-15-12-10,4,0.32384218939938486,10x212,0.05420320000848733,18,0.04463425399594691,0.38491680348838114,15,0.18331233809168704,0.1965703362770275,12,0.26957130255175277,0.17604716347126592,10,0.28437089355449824,0.15110217307828913
159,18-15-12-10,4,0.3301951488129771,10x212,0.06185549998190254,18,0.050579744276927366,0.3580497222590381,15,0.16929092032349738,0.17513178091788317,12,0.2695395301508386,0.13411526849124478,10,0.2552277264652026,0.09625705716935253
160,18-15-12-10,4,0.3348437016047423,10x212,0.06010680002509616,18,0.04546679377165023,0.38683629458220736,15,0.18838426988366164,0.15322131688676055,12,0.24541388631449598,0.1259172302229689,10,0.2904296672629754,0.10669413700329126
161,18-15-12-10,4,0.3372659080228636,10x212,0.05230959999607876,18,0.047162749847694946,0.3964684539647719,15,0.166643050867024,0.1695761291556398,12,0.33524423955516613,0.14169237933523723,10,0.2913354006215339,0.11834754082615538
162,18-15-12-10,4,0.3174694169583632,10x212,0.046311399986734614,18,0.04776290434373025,0.34906513044026544,15,0.1408294683323495,0.1766509798996275,12,0.23751743393089197,0.15048514371825322,10,0.29638830183134973,0.11456080465398212
163,18-15-12-10,4,0.33573568525208286,10x212,0.04700349998893216,18,0.04882502257911686,0.3680402451643839,15,0.16932516359950128,0.18134179979581308,12,0.25958942701704896,0.16147746858199646,10,0.2694677221143835,0.14801594201187854
164,18-15-12-10,4,0.3278514159744846,10x212,0.055282600020291284,18,0.04499397164145599,0.3738046411394384,15,0.18438373382574005,0.1430268620003803,12,0.263487621476101,0.09681360669269821,10,0.2737408774981194,0.07971131492034837
165,18-15-12-10,4,0.3555774233902066,10x212,0.04834510001819581,18,0.048208222781273395,0.33391205524660494,15,0.19667141292496912,0.12797101560485918,12,0.2168353335563106,0.11580975109954998,10,0.23532376018170936,0.11216782106178556
166,18-15-12-10,4,0.30769180277639074,10x212,0.056322499993257225,18,0.04206090609316537,0.39180635840510425,15,0.19827093658770895,0.1393503778049369,12,0.24943186684411595,0.11087183561572045,10,0.23040458960543014,0.09225479927768042
167,18-15-12-10,4,0.30996669078246586,10x212,0.059849999990547076,18,0.043407741375311386,0.39289634397400985,15,0.20733710467683633,0.18047510191496047,12,0.28958287632087687,0.13835037051343607,10,0.2542815707712973,0.12013433864470677
168,18-15-12-10,4,0.3694091166859417,10x212,0.06166710000252351,18,0.04713413569189793,0.37803687831651983,15,0.1513998100811318,0.18068993882159184,12,0.26676003108560076,0.1198986338051718,10,0.37909271901414154,0.12030085228784936
