indice_interno,distribucion,numero_capas,error_final,forma_h_final,segundos_extraccion,capa_1_rango,capa_1_error,capa_1_ortogonalidad_h,capa_2_rango,capa_2_error,capa_2_ortogonalidad_h,capa_3_rango,capa_3_error,capa_3_ortogonalidad_h,capa_4_rango,capa_4_error,capa_4_ortogonalidad_h
0,2-5-13-32,4,0.24157537014038796,32x212,0.027766399987740442,2,0.1479943492931178,0.17949546605755423,5,0.046337107919975834,0.0882387250686922,13,0.04485675111143639,0.1148384076869355,32,0.04414189159594776,0.0923858979623294
1,2-5-13-32,4,0.2397427450526858,32x212,0.028739500005031005,2,0.14578798628521816,0.1192278703423002,5,0.044302825991946904,0.10287952284751731,13,0.045949950414313726,0.11913253533649204,32,0.042176624051067195,0.08485051302225113
2,2-5-13-32,4,0.23893884717788424,32x212,0.024075599998468533,2,0.15189010659731592,0.1306747229423307,5,0.04603342129965489,0.10669063055904338,13,0.046362522084018254,0.11318766680197616,32,0.03756177552810527,0.10941117384807676
3,2-5-13-32,4,0.23395664798254123,32x212,0.0241379999788478,2,0.13737658415681991,0.1259298342091516,5,0.049857663994981226,0.08174189781007132,13,0.046304390657427766,0.08181839877153191,32,0.0381346869952126,0.09854026275628665
4,2-5-13-32,4,0.24116988046179685,32x212,0.02357399999164045,2,0.14671531339250005,0.2378465204684902,5,0.045655531816451406,0.10906175761292602,13,0.04648521090758023,0.16329137281530676,32,0.0466975775983233,0.11267807336136822
5,2-5-13-32,4,0.252338129079608,32x212,0.024596999981440604,2,0.15763507922056472,0.08869916946155564,5,0.049743832660742955,0.12819717874929268,13,0.04707433610953852,0.13852470773624542,32,0.04233140187724855,0.09698255282533144
6,2-5-13-32,4,0.2421479684835001,32x212,0.02730159999919124,2,0.1520347169351231,0.1425907793620288,5,0.045105490590822986,0.1540113982063433,13,0.04432392189518217,0.11598420415170328,32,0.0445278516088001,0.102857567610411
7,2-5-13-32,4,0.25016874136033107,32x212,0.027217900002142414,2,0.15838975892672455,0.15485783711687473,5,0.04865142500968071,0.10747852007875176,13,0.04506618123940153,0.08112820410190147,32,0.04372612570121205,0.12703232869880784
8,2-5-13-32,4,0.24944043146251654,32x212,0.024594199989223853,2,0.1531665687690685,0.14058937909799885,5,0.04949414714037466,0.17640161013827965,13,0.04406845638030767,0.20160595632010803,32,0.04892209743613392,0.10153585411427626
9,2-5-13-32,4,0.2607586290499045,32x212,0.025078400009078905,2,0.1768531965299632,0.1973384410432711,5,0.04656823618066257,0.12490028053346307,13,0.04344449037685614,0.14266190361766787,32,0.04779024069937669,0.09937886452847466
10,2-5-13-32,4,0.25690384516504106,32x212,0.03287409999757074,2,0.1618441050148789,0.12664661721322384,5,0.04786495389410409,0.07565505748959651,13,0.046157387117022775,0.076676623312756,32,0.04730079735671301,0.0848669291084866
11,2-5-13-32,4,0.25055963577830836,32x212,0.024770399992121384,2,0.16146857636449338,0.1390623565008549,5,0.04499246208012079,0.12350765452699966,13,0.04404248403085499,0.13722271417154588,32,0.04429703478186067,0.08490393519692924
12,2-5-13-32,4,0.2349132041574015,32x212,0.023497399990446866,2,0.14436239557615008,0.22343254479539215,5,0.043456786434587426,0.17443549428027166,13,0.042148830699034474,0.14659993105351843,32,0.043529151336890684,0.10942028729477822
13,2-5-13-32,4,0.2429436744801156,32x212,0.02551320000202395,2,0.1563987698502863,0.1966878393136966,5,0.04502416102676343,0.1909353326650457,13,0.04527453749657497,0.1344138524162206,32,0.04332858298771318,0.17103649376464702
14,2-5-13-32,4,0.24517956525745757,32x212,0.025681599974632263,2,0.148219508499859,0.14692686580617198,5,0.044478663415922874,0.1132958412550483,13,0.04579028885465105,0.12587846276915066,32,0.04480363645764651,0.09574360788815132
15,2-5-13-32,4,0.2436274554161489,32x212,0.029000599985010922,2,0.15923234608169018,0.19367445149942625,5,0.043724563080578746,0.1580685894815757,13,0.043982607121935996,0.1566202028774186,32,0.04231566860076837,0.12040927333983863
16,2-5-13-32,4,0.2459808724987842,32x212,0.028875999996671453,2,0.15670842595162376,0.10728729989179879,5,0.04661543638543594,0.10493686946748652,13,0.0461222998682585,0.11651429164114348,32,0.04338926872034555,0.14854204259265755
17,2-5-13-32,4,0.24392933257008764,32x212,0.044822299998486415,2,0.14238411070230533,0.3282374808458254,5,0.04669235355579746,0.17323084247884366,13,0.04343540019989448,0.17772147726601029,32,0.04979204894517479,0.10776152134111068
18,2-5-13-32,4,0.23987016567088923,32x212,0.036338399979285896,2,0.15205840905079115,0.14101258715451412,5,0.045001813728554774,0.1277757455004465,13,0.041443444004455786,0.09848499718268855,32,0.04534628958972647,0.088893192389425
19,2-5-13-32,4,0.24088585960466266,32x212,0.028348599997116253,2,0.1595074303056392,0.17804904924813866,5,0.038551071824138326,0.1479428307922832,13,0.04510941186402168,0.12215071155156984,32,0.046579141347541674,0.13185222617781617
20,2-5-13-32,4,0.21912398894863144,32x212,0.04016750000300817,2,0.10588769587110448,0.6653308608379369,5,0.04368965548037948,0.22545371455479274,13,0.047113882103716906,0.16450090799090247,32,0.05783021055585154,0.12707616603287195
21,2-5-13-32,4,0.2448035265347707,32x212,0.02854140000999905,2,0.1578758073182814,0.18851118065145406,5,0.04869338538006554,0.08974896275571745,13,0.04466675955866414,0.11074555564570901,32,0.0402777570275699,0.10948586895490087
22,2-5-13-32,4,0.25524141196911276,32x212,0.02657539999927394,2,0.16802654515565044,0.08946883950885297,5,0.047695880773589765,0.10803059903052112,13,0.04056175343813477,0.1259049250259925,32,0.053861988420776795,0.1450171749661219
23,2-5-13-32,4,0.24327465942486556,32x212,0.02860069999587722,2,0.14802973942378364,0.09958594619241161,5,0.04573922191573536,0.08463483357113757,13,0.04656245706449445,0.11288951902010752,32,0.043305979764663334,0.10541513949218606
24,2-5-13-32,4,0.25525174596950073,32x212,0.035301500000059605,2,0.1757072403562403,0.29561631320008325,5,0.047676744295735915,0.1274317215457488,13,0.04189527079714064,0.07914829868013944,32,0.047579750798752624,0.07678028589703423
25,2-5-13-32,4,0.24022992873010895,32x212,0.02804070001002401,2,0.15883329565283935,0.16012157184571318,5,0.04677280214461361,0.1957593072375705,13,0.04028244827626511,0.13933345465011626,32,0.04532193233896137,0.1054614318010648
26,2-5-13-32,4,0.25043308376040274,32x212,0.03265880001708865,2,0.1570752320372209,0.12785244380751437,5,0.046322566102153614,0.1088256934402424,13,0.04727669327498778,0.08864854822787507,32,0.0461970049893484,0.09881785398034972
27,2-5-13-32,4,0.24633833720826054,32x212,0.03326909997849725,2,0.1558918071346196,0.19480875381860907,5,0.04798315063152279,0.10501048082995146,13,0.04386325197202662,0.07454795407196702,32,0.04589145044144523,0.08477484773637857
28,2-5-13-32,4,0.22693252508567316,32x212,0.03417160001117736,2,0.1330364684751253,0.2781979035955858,5,0.040316220156758106,0.15514122556726892,13,0.04570462675531376,0.10225009152361522,32,0.04354946394739088,0.1267314815530804
29,2-5-13-32,4,0.24585759915113942,32x212,0.027650499978335574,2,0.15519385238682448,0.14999936529537272,5,0.048774921728459,0.10317116651729437,13,0.04034554181162279,0.11953264155803553,32,0.0454062491872112,0.0867659898319724
30,2-5-13-32,4,0.23598413300048332,32x212,0.025464800011832267,2,0.13009022104726442,0.22547443625352642,5,0.04491217802179927,0.1375837167970336,13,0.04700160904873254,0.12492033952086136,32,0.04661133834316795,0.09459544336423369
31,2-5-13-32,4,0.24949691102706603,32x212,0.024913699977332726,2,0.1507551166987004,0.1385492344516021,5,0.049756501510478675,0.09171310229769916,13,0.04891575075105392,0.08695763049515173,32,0.040345078566893115,0.12414650612630881
32,2-5-13-32,4,0.24676832069265156,32x212,0.02494730000034906,2,0.15998829216812316,0.18601357913828503,5,0.043399614779497414,0.18569141267667225,13,0.04309324342801898,0.16565638325210175,32,0.04534061112088676,0.0892185976609614
33,2-5-13-32,4,0.24727081152697647,32x212,0.029970400006277487,2,0.15562052867128104,0.20418273461592887,5,0.04406731691198526,0.12107756714352498,13,0.048259663969208874,0.10357715772720838,32,0.04504202782291025,0.0788241797839528
34,2-5-13-32,4,0.2450481677942031,32x212,0.03135229999315925,2,0.15430352284765167,0.20092212454035102,5,0.04786161108029327,0.1322584527378579,13,0.04552469298625915,0.13331720338933714,32,0.041973655608658435,0.11766632546769162
35,2-5-13-32,4,0.24102518264540182,32x212,0.035119199979817495,2,0.15037477852159292,0.23667999561758757,5,0.05048804534889091,0.20978812978032182,13,0.04592231875757172,0.13527093767693088,32,0.04027411163708952,0.11351487271011222
36,2-5-13-32,4,0.20452532390027695,32x212,0.033390500000678,2,0.0954341502624837,0.10691444647581827,5,0.03967390042930813,0.14478301957905054,13,0.03853999295846733,0.13739096244933377,32,0.044741786443401564,0.1003723253937178
37,2-5-13-32,4,0.2557071354306628,32x212,0.04227000000537373,2,0.14487372597047066,0.15388961519731004,5,0.04821099232793452,0.11727062909005184,13,0.0459278870199891,0.14275997989491346,32,0.057579896697481994,0.19489813235263903
38,2-5-13-32,4,0.2358331707225016,32x212,0.03361330000916496,2,0.14334579629546046,0.14013077960543144,5,0.048156228944623646,0.1673274312165264,13,0.044183845185825125,0.16791978752964348,32,0.04005302196116565,0.11603470836030687
39,2-5-13-32,4,0.23321305297908668,32x212,0.04065489998902194,2,0.15087739656021174,0.1946177942748842,5,0.04925782565783174,0.14393378232390328,13,0.03506476024944023,0.14969686330303103,32,0.043959775139884645,0.09911848140654676
40,2-5-13-32,4,0.2186314744095958,32x212,0.031187100015813485,2,0.11101420054653122,0.07886031080965875,5,0.04720263443386483,0.18686524131336146,13,0.03958146751228356,0.19661523834658257,32,0.042513482619160756,0.12773960831263892
41,2-5-13-32,4,0.22477574480542206,32x212,0.03460909999557771,2,0.11373089562092731,0.1479934493930207,5,0.049549840648062414,0.08220430181843627,13,0.04292573747338227,0.14114309017100332,32,0.04574643247598689,0.1085421738540236
42,2-5-13-32,4,0.21749307750717561,32x212,0.027041099994676188,2,0.10964861893115509,0.1859868398103553,5,0.04655571927508039,0.12197259587056841,13,0.042349700019675945,0.13315163556306253,32,0.04146478866429316,0.11145212286715009
43,2-5-13-32,4,0.21889134098033486,32x212,0.03689620000659488,2,0.11123135681639239,0.1310581805517972,5,0.040806968543532,0.17354473450652258,13,0.04094115092312345,0.11758057335368509,32,0.04941217912258014,0.11178877157877773
44,2-5-13-32,4,0.21663122264205115,32x212,0.0268406999821309,2,0.11304062581731024,0.12766138913251557,5,0.04952648549070932,0.13669622791098837,13,0.04039113076459944,0.13124835488935754,32,0.05648722055209459,0.10844375914755276
45,2-5-13-32,4,0.22582089238010153,32x212,0.02436810001381673,2,0.11992468502254947,0.08748224927333159,5,0.04714290595389417,0.07228201929701816,13,0.04486294306102769,0.16520171230989705,32,0.044927779659560935,0.15988713598166648
46,2-5-13-32,4,0.22098262469280353,32x212,0.025499000010313466,2,0.1131772852821766,0.18610793795349928,5,0.04579423755749007,0.11036771258719616,13,0.04250493676422124,0.13390786445113717,32,0.04631996842285147,0.09367870752131735
47,2-5-13-32,4,0.21296470452289176,32x212,0.025740900018718094,2,0.10713381658561866,0.23318083163658931,5,0.04487629038097089,0.1563039909317962,13,0.04220020969858793,0.09850545647609942,32,0.04217350284498688,0.10886906113099158
48,2-5-13-32,4,0.2207262761815249,32x212,0.0260065000038594,2,0.10747776531719336,0.08933346554285229,5,0.045326500820762165,0.09160793857582797,13,0.047371522281578385,0.09402617581161327,32,0.041887066527785316,0.0919851297207663
49,2-5-13-32,4,0.22290708974767373,32x212,0.028876999975182116,2,0.10445867959870617,0.263872672978159,5,0.04944015079514975,0.09722475100333368,13,0.047741597832877444,0.14083774920223852,32,0.04439070140867706,0.10595618037551191
50,2-5-13-32,4,0.2074188407429426,32x212,0.028102800017222762,2,0.10454467415029957,0.5054230959369728,5,0.04499221028577656,0.1841616289400551,13,0.04402755663367161,0.10622504574211329,32,0.04560416115567793,0.11287673327028212
51,2-5-13-32,4,0.22052393121774355,32x212,0.031743200001074,2,0.10982176043948913,0.1151534317877752,5,0.04855271652734246,0.13130012046349013,13,0.04098415833458624,0.11501727324011798,32,0.04597847544796353,0.08790224706064305
52,2-5-13-32,4,0.22299921563320513,32x212,0.02929150001727976,2,0.10475836639758816,0.11321775495405746,5,0.04594589246646104,0.09796490415671663,13,0.046528709256384373,0.14900729877467858,32,0.047437135400261,0.09765745273859087
53,2-5-13-32,4,0.21937621944983693,32x212,0.027983799984212965,2,0.11097888027862743,0.08831617053882007,5,0.0452076305035774,0.18492455726445478,13,0.038937437236554746,0.1345090466727393,32,0.045714993338350024,0.0765539269852669
54,2-5-13-32,4,0.21893101407504195,32x212,0.025756999995792285,2,0.10940260675209401,0.12245610322336428,5,0.03980268816443029,0.15962489075696312,13,0.04420743703559612,0.16502842866486075,32,0.041643128108454754,0.13738869433923662
55,2-5-13-32,4,0.22262205705914126,32x212,0.023424799990607426,2,0.10813447163998527,0.10051571429276018,5,0.04486527566254841,0.19620598815791251,13,0.05404565099055477,0.11311644941438186,32,0.04253132132827863,0.10087848476619687
56,2-5-13-32,4,0.2165313769106839,32x212,0.02601390000199899,2,0.09825415699675406,0.17935555819564503,5,0.04520681490149867,0.12143736433639293,13,0.04648191769360137,0.1249583383199145,32,0.04146590329578809,0.16714737966138968
57,2-5-13-32,4,0.21235403533770741,32x212,0.023400100006256253,2,0.1012301129358564,0.1554943022830723,5,0.044145225401823016,0.17132284183783478,13,0.04268886001549349,0.14283571254122465,32,0.0395027039666372,0.09823082183214073
58,2-5-13-32,4,0.21092775431846505,32x212,0.022670500009553507,2,0.10793538966981789,0.11090003246060326,5,0.04578494842554978,0.21135908442444187,13,0.043652803199203304,0.16155233671580665,32,0.038688913349269514,0.13338276274879285
59,2-5-13-32,4,0.2279066292761146,32x212,0.023150900000473484,2,0.11004050005854588,0.14686766744420016,5,0.048925621474494856,0.23849479232939955,13,0.041295769015915654,0.13013939565947438,32,0.04758986869875928,0.11390043222657244
60,2-5-13-32,4,0.22048208893744048,32x212,0.022909499995876104,2,0.10287663293814725,0.2920354980633686,5,0.04479548283668205,0.14725386954912917,13,0.04805098730209156,0.1321941011225365,32,0.04410792755046728,0.12266923684531003
61,2-5-13-32,4,0.23042406964763065,32x212,0.024330300017027184,2,0.11446239504468506,0.1134867643019968,5,0.048415442308228925,0.08551011334683131,13,0.045747162227809356,0.1078435276389954,32,0.04715423355732945,0.10534877750532148
62,2-5-13-32,4,0.21576879545241112,32x212,0.0342782000079751,2,0.10485986258349503,0.3135291052608167,5,0.03898227911668361,0.15726883611308398,13,0.04514738797926142,0.15905395156927782,32,0.044774508641546355,0.10159258146695999
63,2-5-13-32,4,0.22025759049193236,32x212,0.022740000014891848,2,0.10435939563909102,0.16593650617069672,5,0.044598679568654896,0.11720668944221835,13,0.044575845152453976,0.11763039592382227,32,0.04629239590356392,0.08689699320782227
64,2-5-13-32,4,0.22058693215127026,32x212,0.02441559999715537,2,0.10188178833312837,0.22190104298538266,5,0.043193326437782564,0.19311924444787315,13,0.04565802139614687,0.11046377025496959,32,0.07107174778838278,0.1384522010199466
65,2-5-13-32,4,0.22321728125993615,32x212,0.024241000006441027,2,0.1072642237260252,0.17836883889545016,5,0.04948309068619374,0.11609234331041565,13,0.043431612569648836,0.1399442926886413,32,0.044171160912558106,0.10984954389421232
66,2-5-13-32,4,0.21060763810170788,32x212,0.027140299993334338,2,0.10624234848899182,0.18265717122659594,5,0.04142245572787829,0.17425744225272283,13,0.042583151822157404,0.14971430457071228,32,0.04309546942938753,0.14216033480404364
67,2-5-13-32,4,0.21610658244251796,32x212,0.02781729999696836,2,0.10898210902313223,0.14192642412402365,5,0.04602309030664665,0.15114327895691093,13,0.0444899251773375,0.17293429565215365,32,0.04688863148002244,0.16859247550874104
68,2-5-13-32,4,0.22191145734256854,32x212,0.03213469998445362,2,0.11294484687537278,0.17785390312792757,5,0.04580389656470393,0.11373268259281696,13,0.042030302985408635,0.1471730277125803,32,0.044386008567420226,0.10411448733387836
69,2-5-13-32,4,0.2348398253439365,32x212,0.027592400001594797,2,0.14224476371152578,0.0999847004772114,5,0.04454630306326801,0.09663582178981843,13,0.04379207969574373,0.12437233735823877,32,0.05107910163673594,0.09010817483639577
70,2-5-13-32,4,0.22328324449688297,32x212,0.03662230001646094,2,0.11275901943586855,0.15640253441957847,5,0.04703781311390578,0.14646612142483048,13,0.045415046503613256,0.1920863686897821,32,0.04880179893933954,0.09957238546858602
71,2-5-13-32,4,0.22207055832130568,32x212,0.027588600001763552,2,0.1222187253448945,0.13937183761020466,5,0.044720280912525334,0.15122833514814393,13,0.04331156777393494,0.16230638142664774,32,0.046072723360611065,0.11069336476008597
72,2-5-13-32,4,0.22962370258094658,32x212,0.027552500017918646,2,0.1225771263975451,0.16042283201882065,5,0.04891142750179007,0.16346605583116708,13,0.04284193579124372,0.14087435732262965,32,0.04604205255414953,0.10524315566057385
73,2-5-13-32,4,0.2358663372258762,32x212,0.027569199999561533,2,0.11634156040977389,0.10650467526283708,5,0.04736798546241668,0.09993209212264609,13,0.04563337777854535,0.0887586032266257,32,0.05375317427303534,0.09744888924562488
74,2-5-13-32,4,0.2352649927345876,32x212,0.02673990000039339,2,0.12665557454825524,0.2325735357727977,5,0.043537950667019376,0.12105733617634958,13,0.04752088101518976,0.134831135927512,32,0.05056873826212949,0.1527537316050023
75,2-5-13-32,4,0.2216345337798945,32x212,0.028568699985044077,2,0.12581494316962863,0.29393151757128455,5,0.04713192763824797,0.1996085496045116,13,0.04371855461908789,0.14631186166360338,32,0.038084384236163976,0.11194946260825739
76,2-5-13-32,4,0.22626514134139689,32x212,0.03141759999562055,2,0.11740871430997285,0.12275593499392859,5,0.04659460594128557,0.15183316096641072,13,0.04339958001179864,0.14875014849132562,32,0.04238139740200132,0.1154821311839062
77,2-5-13-32,4,0.21982008532218425,32x212,0.023801599978469312,2,0.12154262232299874,0.17406064566319973,5,0.04720259759063982,0.17281107586188255,13,0.038709936977353004,0.1502154815877985,32,0.04318793880468364,0.1063533957544148
78,2-5-13-32,4,0.23257501603925204,32x212,0.028502699977252632,2,0.135159787805037,0.12005551141555687,5,0.041833682840871494,0.13663375868368213,13,0.04367476202277602,0.08944247935879461,32,0.048181856060907476,0.08082606207196093
79,2-5-13-32,4,0.23121972602712662,32x212,0.02338729999610223,2,0.12814445568948,0.07672328865972922,5,0.045670540466313504,0.0865619245806837,13,0.044267202270071054,0.107649590282367,32,0.044799320157997126,0.10041037019446822
80,2-5-13-32,4,0.22664892948417728,32x212,0.02322590001858771,2,0.11836271050691094,0.1451191461141184,5,0.04243777394135459,0.10581136740290398,13,0.04258573934754231,0.17975824896010012,32,0.05251860672707488,0.13110840124591486
81,2-5-13-32,4,0.2306193541102005,32x212,0.024268000008305535,2,0.11842501014315306,0.1781727894342215,5,0.04846961530798631,0.08086546022209169,13,0.049712432809244374,0.1304975559005162,32,0.0405084128431725,0.11469971039800574
82,2-5-13-32,4,0.23521064126148972,32x212,0.023635699995793402,2,0.14064859767434862,0.17838172471466954,5,0.046429586873620705,0.20136428211890606,13,0.04108944963330978,0.1364193283298909,32,0.0525953509416626,0.1573509515044707
83,2-5-13-32,4,0.22290758044827613,32x212,0.027679899998474866,2,0.12528265810671496,0.12585807222026982,5,0.042063259953417864,0.1650936721005826,13,0.04051604870359831,0.1604560027603419,32,0.0460762701851716,0.09979715529714424
84,2-5-13-32,4,0.23489020401061012,32x212,0.02379730000393465,2,0.12456476420121021,0.11461694738839998,5,0.043472859571403316,0.13523733492202383,13,0.04419390867929161,0.12762900359249293,32,0.05171743717191453,0.10598004213071142
85,2-5-13-32,4,0.24215279638942208,32x212,0.030793100013397634,2,0.13968421662025562,0.15746112060206513,5,0.047773092443915845,0.07812011907028381,13,0.047612669193604455,0.10119286557257837,32,0.04366913535776788,0.10742626389283219
86,2-5-13-32,4,0.22807250205989382,32x212,0.02669840000453405,2,0.12468927333153433,0.14502088438845423,5,0.04565015096718168,0.11787247262470135,13,0.04609322635843784,0.13917238215324,32,0.04288211419419393,0.11886430493390938
87,2-5-13-32,4,0.21759490101822107,32x212,0.024188099981984124,2,0.1190146454715863,0.22028658432546716,5,0.049927326575414537,0.15651409081444595,13,0.04034390181620068,0.21644801441962022,32,0.038419149313285605,0.15347758186601304
88,2-5-13-32,4,0.22614195422741384,32x212,0.02593849998083897,2,0.12593049961034428,0.13409201877402416,5,0.05064674711147341,0.132428526497931,13,0.03843863167372399,0.1239595805242351,32,0.04123654049257414,0.09384158749921805
89,2-5-13-32,4,0.231244810582978,32x212,0.024189499992644414,2,0.13078767788869372,0.13337607304941063,5,0.04626986515354637,0.11333177351525374,13,0.044966930573571935,0.16394911476174953,32,0.04540628731182335,0.10203621106550001
90,2-5-13-32,4,0.22595417858028335,32x212,0.02399590000277385,2,0.12326300425673675,0.388079407302378,5,0.04400286805510047,0.17364271727368838,13,0.04739122398110632,0.11402460471681763,32,0.04367823649736093,0.11038464216227285
91,2-5-13-32,4,0.22064536436365287,32x212,0.023360799998044968,2,0.11863050842714001,0.18433550262510004,5,0.0440338974940257,0.13223939013087713,13,0.044452844770275855,0.13895439463525164,32,0.0411521508952233,0.08698107591993288
92,2-5-13-32,4,0.2269512623035557,32x212,0.024903799989260733,2,0.12760780400219715,0.2169158802002224,5,0.04424801096794312,0.16643410668905528,13,0.04469696829678006,0.1458097857917385,32,0.04210235275986821,0.12825045497933593
93,2-5-13-32,4,0.22823391996500633,32x212,0.025502099975710735,2,0.14189115111891498,0.1527508802685992,5,0.04652625594785835,0.20409178222044178,13,0.03852218162729267,0.14575844892647302,32,0.04358396258155329,0.1108964281399055
94,2-5-13-32,4,0.22246024277885054,32x212,0.026402499992400408,2,0.11752585921159732,0.13032656439925522,5,0.04123367786761792,0.1490728552631482,13,0.04556818591496511,0.10381360658150107,32,0.046559125321815505,0.09245808486745588
95,2-5-13-32,4,0.23500690371463037,32x212,0.027762599987909198,2,0.13388046531350542,0.13505146331319695,5,0.041622300827856014,0.20062070572150098,13,0.04895313735308947,0.12868948954318865,32,0.0463252505006544,0.13069311414513518
96,2-5-13-32,4,0.23275965606260657,32x212,0.023969599977135658,2,0.13012357804136376,0.1442822168060809,5,0.048463860091824115,0.11762892699562388,13,0.0452161628699689,0.09588692658015037,32,0.04289043360883767,0.08020838330972059
97,2-5-13-32,4,0.2318051407644023,32x212,0.025649899995187297,2,0.12752511057309557,0.13788516417165653,5,0.04363909669714472,0.13685311951634754,13,0.04539712096665855,0.10601431692490773,32,0.04484215354194587,0.10897779444952771
98,2-5-13-32,4,0.22162492605541034,32x212,0.02321990000200458,2,0.109727201485049,0.20633066561588215,5,0.0463981841414513,0.15180798523398326,13,0.04404915560311591,0.19360698468835286,32,0.0451946251611524,0.12329543681945353
99,2-5-13-32,4,0.2168477256758288,32x212,0.02322249999269843,2,0.10189557725281768,0.09997327364019995,5,0.046877486015597915,0.10342999112478383,13,0.04411858367729854,0.09334005788232864,32,0.04757094948515234,0.10335682817736236
100,2-5-13-32,4,0.21806499208939364,32x212,0.03477880000718869,2,0.11371129893838691,0.12306161165490564,5,0.042998559456865995,0.13875563580913425,13,0.042280563673641705,0.1738503394118022,32,0.038659093970689125,0.1134435381308909
101,2-5-13-32,4,0.2259550682926549,32x212,0.026100499992026016,2,0.10523911943008958,0.20196022740670191,5,0.04629382129528271,0.10978833426601056,13,0.0475008248775601,0.09952436444448406,32,0.04310554740986721,0.09921376873415325
102,2-5-13-32,4,0.219932331830924,32x212,0.03487840000889264,2,0.11627295290944013,0.24660104525328877,5,0.047907661058925424,0.14980291221701708,13,0.04326230784185287,0.1264195969598274,32,0.04479830746631014,0.09401305862375035
103,2-5-13-32,4,0.2182358033884159,32x212,0.03531390000716783,2,0.10712881410781548,0.19038038383414724,5,0.04462417843441548,0.14171165849913073,13,0.04228243197991667,0.16831836833715144,32,0.04660814884576688,0.10915399371576896
104,2-5-13-32,4,0.21434310959042702,32x212,0.03086910001002252,2,0.10039769855893607,0.23641403825949664,5,0.04624987959161882,0.10874297602481624,13,0.04122647423829064,0.16163168232052044,32,0.06155621298715242,0.13811315401611268
105,2-5-13-32,4,0.21202840080555274,32x212,0.03074159999960102,2,0.10129969241876985,0.17310968795599085,5,0.048611364470263346,0.15824701003153513,13,0.04631586144453583,0.10576876021881934,32,0.04137120041185969,0.10903684132774281
106,2-5-13-32,4,0.21609438257821245,32x212,0.02898329999879934,2,0.10367972013147272,0.1968092486347066,5,0.04622918714973356,0.12821126688090767,13,0.03911377847186551,0.09969993206507508,32,0.044606824463944705,0.07364551703689094
107,2-5-13-32,4,0.21866747253548235,32x212,0.02640070000779815,2,0.106839097067237,0.5118344348599613,5,0.07833254731485936,0.16746036269049983,13,0.047734133498090484,0.1779574511353557,32,0.04874366724433486,0.13529113651688512
108,2-5-13-32,4,0.23067450594492622,32x212,0.02603500001714565,2,0.10502760238830992,0.08121468362956087,5,0.04615593676802453,0.07486821978713938,13,0.049338282655883414,0.09488563444696126,32,0.047410809889550286,0.1199413325527354
109,2-5-13-32,4,0.22912937192287527,32x212,0.027814999979455024,2,0.11395004071726542,0.12344320156297581,5,0.04606094967046694,0.15401562141198666,13,0.06136285066817852,0.10628208972426383,32,0.04622273279013554,0.1387191871788558
110,2-5-13-32,4,0.21800687874287675,32x212,0.027703700005076826,2,0.10258243197249217,0.13491344605866343,5,0.04737034974517235,0.08663577810175468,13,0.0435123099279752,0.12944470764290264,32,0.04321422872687008,0.09139527803242861
111,2-5-13-32,4,0.21622970809402403,32x212,0.02710310000111349,2,0.10697632391179968,0.15858448587642232,5,0.044338142807071816,0.1504684751948337,13,0.04456538078387427,0.1437929370663346,32,0.03911799693903609,0.1211164109311328
112,2-5-13-32,4,0.217654632535322,32x212,0.02572210002108477,2,0.11237462302251322,0.1425684384505883,5,0.0452880473317058,0.12093308070574778,13,0.041008249752472574,0.15865328594052924,32,0.041365608166848054,0.09949758668123247
113,2-5-13-32,4,0.23289821865919896,32x212,0.028773600002750754,2,0.11669042956844097,0.1296411242083857,5,0.04862104652768733,0.07393221760379834,13,0.04556695234467705,0.09080172493783656,32,0.04801554873737093,0.09466886053454396
114,2-5-13-32,4,0.23208773861788784,32x212,0.03288590000011027,2,0.12316622831851153,0.10284182300722138,5,0.046887170867026644,0.1425519145292721,13,0.04942998141630622,0.16124957205000504,32,0.039281927362843985,0.10061526369924535
115,2-5-13-32,4,0.2245636317428559,32x212,0.044685800006845966,2,0.10849699153562173,0.14168192128470822,5,0.04714533507750635,0.17225080250849262,13,0.044881407995877316,0.17618585491767833,32,0.049735251464400804,0.15162242316235647
116,2-5-13-32,4,0.21609751602588873,32x212,0.03616700001293793,2,0.10411444966317342,0.17272836898355853,5,0.04410963927171611,0.1753594450264413,13,0.03702075394093177,0.156559361011563,32,0.049737236292344944,0.10426984280998879
117,2-5-13-32,4,0.2278663570232735,32x212,0.02723019997938536,2,0.10049363222629336,0.11946422900271238,5,0.048035380298192466,0.09866389406036921,13,0.04687840725811634,0.086142290521517,32,0.04527751103579082,0.09485023907810419
118,2-5-13-32,4,0.21729059864664027,32x212,0.028742499998770654,2,0.11174976393733581,0.1205826915903431,5,0.047027924680405044,0.19418694151592958,13,0.04241948845050448,0.15303656936695878,32,0.04546493913662565,0.15588759924187667
119,2-5-13-32,4,0.21908578612204238,32x212,0.03567450001719408,2,0.10883694221205853,0.11501057977220171,5,0.04579512633184016,0.0969664304962466,13,0.04149326829801257,0.11483546947565373,32,0.043035296660828795,0.08886755155607304
120,2-5-13-32,4,0.21721603112209978,32x212,0.037571199994999915,2,0.11130172554556239,0.23938415929923856,5,0.051823056368289426,0.24342913459717544,13,0.044863989826052254,0.17320294289402346,32,0.04789106696580479,0.12298803229490148
121,2-5-13-32,4,0.22922615227295995,32x212,0.04024199998821132,2,0.11194260818697879,0.19301957097129052,5,0.047053513456491086,0.11603958921248576,13,0.04458497840405179,0.11402783277389233,32,0.05931277072114023,0.1456657370974917
122,2-5-13-32,4,0.21764205366814535,32x212,0.04981550000957213,2,0.10235810797005462,0.1601685504860066,5,0.04419728222716593,0.18728694871924634,13,0.048682833281282714,0.10796194956143375,32,0.04355485896936116,0.10995676351802777
123,2-5-13-32,4,0.22124361018542865,32x212,0.03852440000628121,2,0.09950081033334794,0.231738824663067,5,0.043057930180597837,0.21649097164070144,13,0.05409051584708168,0.12125356264241378,32,0.04598451654575756,0.11502095552775854
124,2-5-13-32,4,0.21941525259461242,32x212,0.03754640000988729,2,0.10021516105888312,0.07918507019842874,5,0.04407265827878166,0.19022242535116243,13,0.05067404339933416,0.16832264173074202,32,0.050046998395961266,0.16450614472677386
125,2-5-13-32,4,0.19896844245094764,32x212,0.06104970001615584,2,0.09832935558436603,0.40509873586502426,5,0.040311049066729346,0.2413812608448967,13,0.04574595606517887,0.18706684095116402,32,0.04439170207599277,0.14097196594128983
126,2-5-13-32,4,0.22275372179697486,32x212,0.057609899988165125,2,0.1322136073900367,0.19377204372709383,5,0.04292529374788055,0.15546508876603257,13,0.039953817212935186,0.12259132194750415,32,0.04335334510266503,0.10024806992453905
127,2-5-13-32,4,0.21808828755993806,32x212,0.0526112999941688,2,0.1239511851420915,0.09319992478731641,5,0.047325479825938425,0.18175601722877807,13,0.035210332335207616,0.18714248290230412,32,0.04128431431346489,0.1249636432919837
128,2-5-13-32,4,0.21873692870254718,32x212,0.0523506999888923,2,0.12647911857357452,0.3161526891597735,5,0.04746023666883536,0.134431524330525,13,0.03915601648328165,0.14183588618143544,32,0.046677343709159554,0.11882064415985977
129,2-5-13-32,4,0.22541774879094678,32x212,0.05560620001051575,2,0.11741228101088569,0.19563942975885945,5,0.044036966721816985,0.1225264951153471,13,0.04784833482362006,0.15697877813779726,32,0.04335401307454332,0.12098434649781244
130,2-5-13-32,4,0.2279379647866658,32x212,0.049056499992730096,2,0.12649308959029518,0.1778520010855019,5,0.04324418064199218,0.17268377170322097,13,0.04443544360098514,0.11532751903873392,32,0.04453705763874134,0.1120245689722145
131,2-5-13-32,4,0.22475963122798268,32x212,0.052661499998066574,2,0.12462742405289816,0.07200743213436256,5,0.04181297959360368,0.15449360604598678,13,0.04610446916902013,0.14041990858423217,32,0.0433210441684498,0.13085527111723133
132,2-5-13-32,4,0.2445393475965454,32x212,0.05367540000588633,2,0.15176905714272054,0.07648812397656966,5,0.047107296222891636,0.09669162652759151,13,0.041445825776109634,0.16796482363092308,32,0.04419619834902455,0.1389954693406628
133,2-5-13-32,4,0.22386388605644805,32x212,0.056864699989091605,2,0.12691876266886265,0.11742657563111045,5,0.04693361095871219,0.21683137067368402,13,0.04088079313190969,0.1513094458675773,32,0.04188005861566871,0.158821244236136
134,2-5-13-32,4,0.22579993417913574,32x212,0.04096840001875535,2,0.12275735977269132,0.05601552832819452,5,0.04319223210300391,0.11267686074064856,13,0.044761312445489615,0.10897077717285729,32,0.0422970024993397,0.11619774557464166
135,2-5-13-32,4,0.22537476306019014,32x212,0.05344769998919219,2,0.1394550616523804,0.1003470670032188,5,0.03914692006672053,0.22049158888881823,13,0.04442279064839003,0.21377132644222796,32,0.042204829902843695,0.1307446051164804
136,2-5-13-32,4,0.2255213365777557,32x212,0.04530579998390749,2,0.13527002812875197,0.19228019440639244,5,0.04319223851231304,0.117689401812228,13,0.04624419586460848,0.1145334897856923,32,0.039299764907151445,0.11455530165949479
137,2-5-13-32,4,0.2293317221617855,32x212,0.047761699999682605,2,0.13237252640088024,0.20611519545528578,5,0.047527750060785925,0.2017221693711472,13,0.05201829765750745,0.2015417807450151,32,0.04708956637947874,0.14931063342214818
138,2-5-13-32,4,0.22690371797430917,32x212,0.05019130001892336,2,0.13497086741911535,0.14909642734360662,5,0.04927508508160191,0.12463415470970703,13,0.04089294651678596,0.1156009330860989,32,0.03723509665506465,0.11404791721464243
139,2-5-13-32,4,0.22761397779066875,32x212,0.04987330001313239,2,0.12456620480508773,0.18191827604908317,5,0.05259836426169641,0.09832877188195982,13,0.04479910797685677,0.11675898268340976,32,0.039410234441170734,0.1482257498940038
140,2-5-13-32,4,0.23925794176593676,32x212,0.04844079999020323,2,0.12446950274429483,0.19210607013470918,5,0.04854132788484485,0.08468383687587103,13,0.04903629416718877,0.0935296224001644,32,0.046297721500228026,0.11351336734059186
141,2-5-13-32,4,0.2366959918813077,32x212,0.04323939999449067,2,0.13368408331960116,0.16142286134358635,5,0.04348496341025238,0.16656258884313885,13,0.040664388072110404,0.10616714694803371,32,0.05151912956059768,0.10395126897725007
142,2-5-13-32,4,0.22747633242660945,32x212,0.055251200014026836,2,0.12977984313715157,0.17257564340059955,5,0.049126040123241045,0.18676519673873854,13,0.040816652999133694,0.10931907425837754,32,0.04179201201502153,0.09423812964919344
143,2-5-13-32,4,0.23282025017491936,32x212,0.05624879998504184,2,0.13366221251483656,0.051968373916153214,5,0.04122282961391068,0.20308091789031546,13,0.04653413852361327,0.11613682831596063,32,0.04505051185024501,0.11678251193046113
144,2-5-13-32,4,0.22808024779399214,32x212,0.04900879997876473,2,0.12088191935482859,0.09113025530429493,5,0.044244990963492235,0.2132694009965809,13,0.04332155593944966,0.17606983168140866,32,0.046924752444819515,0.11671636934417437
145,2-5-13-32,4,0.2224971998883407,32x212,0.062023900012718514,2,0.1226604924376084,0.10768285889991619,5,0.049530857944427076,0.06776013698054245,13,0.06782024706945286,0.15653552331612247,32,0.03892178018269583,0.10055666535668203
146,2-5-13-32,4,0.2469513759959308,32x212,0.055870599986519665,2,0.12931036020617245,0.08739995022003257,5,0.04934650987191861,0.06322444486616162,13,0.048619645571858085,0.16044700720491187,32,0.053961044169635916,0.13212715815737822
147,2-5-13-32,4,0.2288286058092778,32x212,0.05784199998015538,2,0.1335717006128609,0.16411581023995903,5,0.045509240436402205,0.16537928268998453,13,0.04087116660787008,0.15741587029234239,32,0.045737854044489115,0.1313017016339471
148,2-5-13-32,4,0.22831850063149514,32x212,0.055576999991899356,2,0.12269927363805805,0.17324225139323607,5,0.04933582396942168,0.16526782638097823,13,0.05024139127691277,0.1266941858162697,32,0.04213163787223691,0.12223578270445154
149,2-5-13-32,4,0.23193449920052275,32x212,0.0539582000055816,2,0.1330224868808686,0.204551018449485,5,0.04568714256531499,0.10339852449756053,13,0.04577837666196664,0.1044512948560079,32,0.043791168860103875,0.1264547439995518
150,2-5-13-32,4,0.23345259639433033,32x212,0.044214900000952184,2,0.13156659052361766,0.15069594404274483,5,0.04108490053049638,0.13364877129198366,13,0.04747917581638591,0.1469811059526262,32,0.05269874603966659,0.13385075075106162
151,2-5-13-32,4,0.22489013592309864,32x212,0.03915110000525601,2,0.1289055730324174,0.11543320570696256,5,0.05081081192047014,0.21200852113846472,13,0.041681442482541665,0.12195900417229183,32,0.03864025599925262,0.11465627313948533
152,2-5-13-32,4,0.22840460503380758,32x212,0.04771069998969324,2,0.1345959379292363,0.193098408636422,5,0.039642751289963085,0.18544471327261217,13,0.04560315361206875,0.17617166070662804,32,0.04788093141069285,0.10787836651457382
153,2-5-13-32,4,0.2265678490771987,32x212,0.043054700014181435,2,0.1330463143906033,0.05699323681364644,5,0.0495784588411011,0.2523492527032737,13,0.03592566246255932,0.13253335700627508,32,0.04454797106224119,0.10069030858292967
154,2-5-13-32,4,0.23316230428916906,32x212,0.04455950000556186,2,0.13249118429781137,0.15048748306906637,5,0.04532879749656913,0.1339556372750385,13,0.0441119514884786,0.1367661953862907,32,0.04151967226845946,0.10823487952716716
155,2-5-13-32,4,0.22828671884445964,32x212,0.05172889999812469,2,0.13072529178211229,0.18421035956135456,5,0.04057314332231185,0.2435123909328547,13,0.04666555110476772,0.13278311700834694,32,0.047391951763910735,0.10665736339116948
156,2-5-13-32,4,0.23772957282762816,32x212,0.05082210002001375,2,0.12391589022445412,0.17086038340926535,5,0.04844872153451851,0.1500966064885671,13,0.048383859461843544,0.10180783629055111,32,0.04363411664532643,0.11158691202828273
157,2-5-13-32,4,0.24770167666993106,32x212,0.05875180001021363,2,0.14977580282812702,0.0910264980063773,5,0.04827023185202757,0.13831377796885863,13,0.05847075630672886,0.13159503549661755,32,0.042314278497599535,0.10285138691893363
158,2-5-13-32,4,0.24767085948793738,32x212,0.05054159997962415,2,0.16027010635976643,0.09690740508675078,5,0.04460645481525038,0.12549200597322316,13,0.04558943827980876,0.10403471294810182,32,0.03980258767226932,0.10921892557573996
159,2-5-13-32,4,0.2465568220764962,32x212,0.05547539997496642,2,0.15251105567334608,0.1791301714731315,5,0.04771047515423904,0.12622620197918819,13,0.04785468577164853,0.13055347193690153,32,0.04080776828061468,0.1030890857582443
160,2-5-13-32,4,0.24745156210348562,32x212,0.04075029998784885,2,0.15493130336673666,0.2015738192905207,5,0.0441779360650196,0.11147908531707747,13,0.04624674713519084,0.0969658408348882,32,0.047741848778045895,0.11966676217507634
161,2-5-13-32,4,0.2514216219597452,32x212,0.04591519999667071,2,0.16194562846241267,0.13572403234184013,5,0.05108691695068812,0.0893337767251366,13,0.0410895184043652,0.11106445530834243,32,0.04699987707178726,0.1370891575569238
162,2-5-13-32,4,0.2464309074989975,32x212,0.046264000004157424,2,0.15856484329038054,0.10469589596562359,5,0.042320707748860445,0.14403328832082798,13,0.044560212011818104,0.1221809761844722,32,0.0444885249088788,0.08944045943649823
163,2-5-13-32,4,0.23482342277628657,32x212,0.05041440000059083,2,0.14255790568073912,0.19565233577102997,5,0.03925990263249265,0.2888378653887919,13,0.0461928565260538,0.11094529254080822,32,0.04397596523377138,0.08304940250780975
164,2-5-13-32,4,0.24272157302457834,32x212,0.04648340001585893,2,0.15738529652323824,0.13869265148805415,5,0.048290046864968815,0.15408252119134544,13,0.06825288493471404,0.15025816007370535,32,0.044885705326072875,0.11951335532504388
165,2-5-13-32,4,0.24931355756714357,32x212,0.053028900001663715,2,0.160705690648472,0.12061863497199432,5,0.04557635510094562,0.19859038714395352,13,0.05211076818185211,0.1425795428137512,32,0.04740047806021922,0.08608387728097036
166,2-5-13-32,4,0.25313350103010684,32x212,0.03909199999179691,2,0.1631661259312598,0.14459869077325713,5,0.049031609293744075,0.22039955719530874,13,0.046139050349962914,0.10801101102908434,32,0.04159662407095195,0.11507880363919004
167,2-5-13-32,4,0.25314980568009543,32x212,0.04304049999336712,2,0.15987983940941677,0.2214809577742324,5,0.04638848843434654,0.1749572548700868,13,0.04722254254796859,0.13677188738418739,32,0.04541414031695086,0.08995251427797227
168,2-5-13-32,4,0.23543393738195764,32x212,0.0455560999980662,2,0.1473885635210019,0.2218533296223742,5,0.04749602664512105,0.1079603327202688,13,0.04683590898085958,0.13250116375567078,32,0.03863746724279309,0.16243228971094403
169,2-5-13-32,4,0.2301358938922812,32x212,0.03706850000889972,2,0.13249540447508787,0.3043292056138438,5,0.04633433132515752,0.13908256408818628,13,0.04405218662664778,0.13671246799649808,32,0.044227402123848764,0.1108943871570117
