indice_interno,base,clase,archivo,distribucion,representacion,numero_capas,inicializacion_onmf,error_final,forma_h_final,segundos_extraccion_deep,capa_1_rango,capa_1_error,capa_1_ortogonalidad_h,capa_1_segundos,capa_2_rango,capa_2_error,capa_2_ortogonalidad_h,capa_2_segundos,capa_3_rango,capa_3_error,capa_3_ortogonalidad_h,capa_3_segundos,capa_4_rango,capa_4_error,capa_4_ortogonalidad_h,capa_4_segundos
0,original,N,New_N_001.wav,24-17-12-8,DeepONMF_H4,4,nndsvd,0.24863629342378932,8x212,0.07279990008100867,24,0.07964612337893644,0.19449028973791346,0.04045670002233237,17,0.05600041845237297,0.1563527998158865,0.012167999986559153,12,0.05650242831694948,0.19512999484396096,0.008562000002712011,8,0.05861053652629873,0.2192464760548778,0.009707099990919232
1,original,N,New_N_002.wav,24-17-12-8,DeepONMF_H4,4,nndsvd,0.24790641297583624,8x212,0.08478799997828901,24,0.07051867316877691,0.21925427468638964,0.04381320008542389,17,0.056436597992676286,0.15292316718346963,0.014877300010994077,12,0.05708939123590073,0.165183880267177,0.014749499969184399,8,0.061091940887386814,0.1968452249371604,0.01024239999242127
2,original,N,New_N_003.wav,24-17-12-8,DeepONMF_H4,4,nndsvd,0.24889097148946177,8x212,0.06491640000604093,24,0.07684257597226696,0.15452833602858945,0.04011289996560663,17,0.05605702872787919,0.15644438454594684,0.011036199983209372,12,0.05657669548189891,0.17966613496820116,0.006878700107336044,8,0.059180404651782724,0.21665804532591768,0.005616799928247929
3,original,N,New_N_004.wav,24-17-12-8,DeepONMF_H4,4,nndsvd,0.2484176891131368,8x212,0.0793397999368608,24,0.07619389927100602,0.1922310981491452,0.04549059993587434,17,0.056302039473362896,0.17141530064383154,0.013595599913969636,12,0.056942737015984166,0.21598716975498575,0.010300700087100267,8,0.059164054425646755,0.21452030831827504,0.00849229993764311
4,original,N,New_N_005.wav,24-17-12-8,DeepONMF_H4,4,nndsvd,0.24776338446344773,8x212,0.07351150002796203,24,0.07459248882484582,0.19087718755836883,0.04639949998818338,17,0.056146606285730837,0.1748191799589889,0.009718899964354932,12,0.05736633365631728,0.20273010051046103,0.010609399992972612,8,0.05853177449840642,0.24639127526295931,0.005487199989147484
5,original,N,New_N_006.wav,24-17-12-8,DeepONMF_H4,4,nndsvd,0.24847815162295173,8x212,0.07907059998251498,24,0.07935751486996254,0.20148967390374628,0.04185949999373406,17,0.05598244828029275,0.20511986071782512,0.0160142999375239,12,0.05657809997257268,0.19632692084495923,0.011040700017474592,8,0.05901729902608508,0.22594040802015927,0.008627899922430515
6,original,N,New_N_007.wav,24-17-12-8,DeepONMF_H4,4,nndsvd,0.2512018831250837,8x212,0.07276960008312017,24,0.07061349593507303,0.17980353961836684,0.04206809995230287,17,0.056848758069881704,0.16652483832787626,0.013376599992625415,12,0.0579930805820233,0.17556942917981885,0.010658100014552474,8,0.06233827311231388,0.22293642136929184,0.005393599974922836
7,original,N,New_N_008.wav,24-17-12-8,DeepONMF_H4,4,nndsvd,0.24891479454055254,8x212,0.07259140000678599,24,0.0693807707099412,0.17471743814070345,0.03946260001976043,17,0.05701496458710905,0.15217036817383348,0.012793399975635111,12,0.05726293462401459,0.159810061238923,0.01163500000257045,8,0.06438934561141009,0.19077720314098676,0.007541100028902292
8,original,N,New_N_009.wav,24-17-12-8,DeepONMF_H4,4,nndsvd,0.25165905174109426,8x212,0.068263900000602,24,0.07480179050077777,0.1915836428052991,0.039833900053054094,17,0.05693851931651832,0.1354100944830646,0.00898310006596148,12,0.057500842224325124,0.12978783831881097,0.009475899976678193,8,0.06287678365820192,0.171401821827534,0.008546299999579787
9,original,N,New_N_010.wav,24-17-12-8,DeepONMF_H4,4,nndsvd,0.24926781473265006,8x212,0.06796299992129207,24,0.08132072877317295,0.1833841660349102,0.04500959999859333,17,0.05641306815454694,0.18392247615538176,0.010034099919721484,12,0.05677223199629636,0.187161133491422,0.0062321999575942755,8,0.06299134424200857,0.20593395911062023,0.005458699888549745
10,original,N,New_N_011.wav,24-17-12-8,DeepONMF_H4,4,nndsvd,0.25030176367549184,8x212,0.06105730007402599,24,0.07251068770612254,0.19189891208965815,0.039782000007107854,17,0.055885923082690005,0.17306682591093697,0.008501900010742247,12,0.056913697958893054,0.20273325033441095,0.006432099966332316,8,0.06166920193446699,0.2736585877631492,0.005090199992991984
11,original,N,New_N_012.wav,24-17-12-8,DeepONMF_H4,4,nndsvd,0.24997009642352228,8x212,0.062032500049099326,24,0.07143160912669708,0.20636892578979607,0.041051400010474026,17,0.05620808640671298,0.16664460933138045,0.008176599978469312,12,0.05804327578323408,0.18298233575404685,0.006835400010459125,8,0.06032699011424026,0.25592807774505216,0.004742100019939244
12,original,N,New_N_013.wav,24-17-12-8,DeepONMF_H4,4,nndsvd,0.2525041916410121,8x212,0.06278619996737689,24,0.07874608843961928,0.17450910813943313,0.040931600029580295,17,0.05592852471155064,0.1645143141664291,0.00845280010253191,12,0.057653562746960284,0.1799571765832664,0.0071217999793589115,8,0.06140434226460125,0.25024323718229047,0.005182199995033443
13,original,N,New_N_014.wav,24-17-12-8,DeepONMF_H4,4,nndsvd,0.24930010708204556,8x212,0.06082790007349104,24,0.07509488474266844,0.21265385497504732,0.039931599982082844,17,0.0561179087517824,0.18069885371137281,0.008598200045526028,12,0.05705699076570725,0.19147821382474856,0.006252599996514618,8,0.059328535551621424,0.29195900927207363,0.004975799936801195
14,original,N,New_N_015.wav,24-17-12-8,DeepONMF_H4,4,nndsvd,0.2519207263852345,8x212,0.06268919992726296,24,0.07532611174990037,0.1795611791089374,0.04115790000651032,17,0.056833822713573005,0.1581768121287612,0.008629300049506128,12,0.057568088980974826,0.1674177871620246,0.00669990002643317,8,0.06219111024744354,0.2197584470680068,0.0049467000644654036
15,original,N,New_N_016.wav,24-17-12-8,DeepONMF_H4,4,nndsvd,0.2501124154050468,8x212,0.07416379998903722,24,0.0736283497520925,0.17083443795502345,0.04734889999963343,17,0.05631308779450975,0.15060574030878826,0.013660700060427189,12,0.057920949660743924,0.16711449631842873,0.006958400015719235,8,0.06122433965383665,0.2334401089415277,0.004715000046417117
16,original,N,New_N_017.wav,24-17-12-8,DeepONMF_H4,4,nndsvd,0.2520892563432507,8x212,0.06421800004318357,24,0.07705599513196662,0.17196054630016103,0.04167099995538592,17,0.05711843100722687,0.1292953139309621,0.009386499994434416,12,0.05753523543239172,0.11631254149671323,0.00732510001398623,8,0.0626178652483447,0.17248887367700558,0.004677299992181361
17,original,N,New_N_018.wav,24-17-12-8,DeepONMF_H4,4,nndsvd,0.2501076215303517,8x212,0.06969050003681332,24,0.07729385241777387,0.19093079177129502,0.04047309991437942,17,0.05603788325733804,0.14995673244240357,0.008498299983330071,12,0.05753502802692333,0.18363021813809224,0.010952700045891106,8,0.05938529540126882,0.1695614888012568,0.008564600022509694
18,original,N,New_N_019.wav,24-17-12-8,DeepONMF_H4,4,nndsvd,0.24996354167724358,8x212,0.07229899999219924,24,0.07962226449861398,0.18288909037575457,0.04236080008558929,17,0.05589137846874074,0.1837275046415012,0.009124899981543422,12,0.05703637522838195,0.1890334629710735,0.012662500026635826,8,0.05945382841022344,0.2246722285929997,0.006730100023560226
19,original,N,New_N_020.wav,24-17-12-8,DeepONMF_H4,4,nndsvd,0.2486535693096789,8x212,0.06549980002455413,24,0.07876508933935537,0.19508716259637415,0.04396370006725192,17,0.056115946279247125,0.17197436912418443,0.008423099992796779,12,0.05680998138327799,0.17388708673975872,0.0067260999931022525,8,0.058606517288706965,0.2022770352366761,0.005196599988266826
20,original,N,New_N_021.wav,24-17-12-8,DeepONMF_H4,4,nndsvd,0.2478704858635439,8x212,0.06284110003616661,24,0.07173922572281866,0.19358741002005775,0.04066240007523447,17,0.056513422407021355,0.17346904492755655,0.009647099999710917,12,0.05663951135461301,0.17019249979873283,0.006252499995753169,8,0.06041315616793989,0.213607514424333,0.005104999989271164
21,original,N,New_N_022.wav,24-17-12-8,DeepONMF_H4,4,nndsvd,0.24683306044016146,8x212,0.0731417000060901,24,0.07415690843831375,0.18329320273961994,0.04040589998476207,17,0.05635587626710168,0.14606577448370364,0.013188499957323074,12,0.05614637633945585,0.14502974433912685,0.009813199983909726,8,0.058945202146487956,0.16427459052804214,0.00818879995495081
22,original,N,New_N_023.wav,24-17-12-8,DeepONMF_H4,4,nndsvd,0.25526895632244095,8x212,0.06202720000874251,24,0.07058400881390454,0.16075309190385023,0.04092679999303073,17,0.056997645847416706,0.1335921731384644,0.008705500047653913,12,0.05973337735943921,0.14663877453538923,0.0062417000299319625,8,0.0656018142461477,0.16409236419784268,0.004906899994239211
23,original,N,New_N_024.wav,24-17-12-8,DeepONMF_H4,4,nndsvd,0.24962922517731526,8x212,0.06312489998526871,24,0.07406943441693084,0.18557369401697493,0.04015409993007779,17,0.05653069763586333,0.14842428316824582,0.009314000024460256,12,0.05762219758866516,0.16790395616742285,0.00637540000025183,8,0.060785575687136065,0.17678502316514752,0.005995300016365945
24,original,N,New_N_025.wav,24-17-12-8,DeepONMF_H4,4,nndsvd,0.2546303261163004,8x212,0.06623140000738204,24,0.08069080540146877,0.17177007433734293,0.04400470003020018,17,0.056427188407749324,0.1528983738001731,0.0094202000182122,12,0.05944282127304132,0.15459671016039198,0.0063819000497460365,8,0.06500203066940508,0.2464118300802404,0.005095600034110248
25,original,N,New_N_026.wav,24-17-12-8,DeepONMF_H4,4,nndsvd,0.25418437128961013,8x212,0.06492520007304847,24,0.07574372614115818,0.17432489540114504,0.04014620010275394,17,0.05627197497791235,0.1330139960791809,0.008870600024238229,12,0.05875763490145297,0.15244664669188435,0.009444500086829066,8,0.06589412593336785,0.1826880956904827,0.0052426999900490046
26,original,N,New_N_027.wav,24-17-12-8,DeepONMF_H4,4,nndsvd,0.2492017070184737,8x212,0.06375909992493689,24,0.07410103052231104,0.16833868916742714,0.042015900020487607,17,0.05638274871093058,0.15135771537383463,0.008576399995945394,12,0.0576080864648871,0.18454264153163874,0.006736600073054433,8,0.0593371660335709,0.2392848423104534,0.0051923999562859535
27,original,N,New_N_028.wav,24-17-12-8,DeepONMF_H4,4,nndsvd,0.24696857422878696,8x212,0.06768269999884069,24,0.07479810075944182,0.18580865256533846,0.0447223000228405,17,0.05576470263323489,0.15891501137313155,0.008720799931325018,12,0.05619286015138325,0.15722667095931167,0.007392999948933721,8,0.05806117874483285,0.18560938057407586,0.005661200033500791
28,original,N,New_N_029.wav,24-17-12-8,DeepONMF_H4,4,nndsvd,0.253071844624335,8x212,0.06275089993141592,24,0.07240013289444382,0.17427853622319375,0.04131869995035231,17,0.05680322217039329,0.13534256613429083,0.008574599982239306,12,0.0585601654571723,0.1300909582470339,0.006843200069852173,8,0.06364397814448691,0.160308058588432,0.0048454999923706055
29,original,N,New_N_030.wav,24-17-12-8,DeepONMF_H4,4,nndsvd,0.25151451415584836,8x212,0.061903499998152256,24,0.07674546164519923,0.20590755671673178,0.03961049998179078,17,0.05861458303157956,0.13122309984228303,0.009390399907715619,12,0.057568328110446376,0.1390624171890191,0.006407400011084974,8,0.06132854557448561,0.15313124646126638,0.005229900008998811
30,original,N,New_N_031.wav,24-17-12-8,DeepONMF_H4,4,nndsvd,0.25041232988473894,8x212,0.06828140001744032,24,0.07700681519648692,0.1993656023460617,0.04647810000460595,17,0.05662835801728114,0.16795117916448235,0.008847100078128278,12,0.05677695943499798,0.19250664313587124,0.006640000035986304,8,0.06394279017927283,0.21146384199354978,0.0049706000136211514
31,original,N,New_N_032.wav,24-17-12-8,DeepONMF_H4,4,nndsvd,0.25071052240188096,8x212,0.059699099976569414,24,0.07743648699332205,0.18260055897058092,0.03871519991662353,17,0.05678651176572361,0.1555406176944055,0.008765699923969805,12,0.05861908805741323,0.14003694869807168,0.006214799941517413,8,0.06310448312106752,0.17016148812652274,0.004904799978248775
32,original,N,New_N_033.wav,24-17-12-8,DeepONMF_H4,4,nndsvd,0.25151696570744003,8x212,0.06048530002590269,24,0.07255192040886668,0.18491987579774596,0.03942110005300492,17,0.05740149239365138,0.16245741502169042,0.008523999946191907,12,0.057899281683140125,0.1959526123807466,0.006548899924382567,8,0.06120266748382225,0.23720646719325858,0.0048701000632718205
33,original,N,New_N_034.wav,24-17-12-8,DeepONMF_H4,4,nndsvd,0.2493687704391606,8x212,0.06655160000082105,24,0.07748404149443218,0.18578543321926244,0.03857049997895956,17,0.05607950626218651,0.1409324872810135,0.012622699956409633,12,0.05682915839485004,0.14865319907316282,0.009224599925801158,8,0.05905082729261654,0.15154287383465243,0.004943599924445152
34,original,N,New_N_035.wav,24-17-12-8,DeepONMF_H4,4,nndsvd,0.24921663406936145,8x212,0.07185690000187606,24,0.0751884402734412,0.17878204806773104,0.04345810005906969,17,0.05672462465092924,0.1420335787928969,0.01596260000951588,12,0.05719574054303255,0.1557436415138248,0.006358399987220764,8,0.06014436421970912,0.17851422198634534,0.004750000080093741
35,original,N,New_N_036.wav,24-17-12-8,DeepONMF_H4,4,nndsvd,0.25153763358672876,8x212,0.06626440002582967,24,0.07616737587091058,0.16732311462054517,0.04447879991494119,17,0.05582303026850755,0.14834226370289844,0.009734799969010055,12,0.056950536501939625,0.19400918546374019,0.006299000000581145,8,0.060035660589771216,0.23773889012487817,0.004637999925762415
36,original,N,New_N_037.wav,24-17-12-8,DeepONMF_H4,4,nndsvd,0.24335869136311686,8x212,0.06201280001550913,24,0.06753383011453985,0.1647258344668913,0.04088339989539236,17,0.05539256560814036,0.17144673678812042,0.008382899919524789,12,0.055597190084063317,0.20040591764885876,0.006956900004297495,8,0.057619451552746094,0.1728410606602808,0.004695100011304021
37,original,N,New_N_038.wav,24-17-12-8,DeepONMF_H4,4,nndsvd,0.24271931959423917,8x212,0.0650606999406591,24,0.06833036959057266,0.1545888331727769,0.04308239999227226,17,0.05542913476604199,0.1512971652037429,0.008261799928732216,12,0.05573400130480448,0.16786811602932614,0.00775749993044883,8,0.05664085651022872,0.21446653067217816,0.004715999937616289
38,original,N,New_N_039.wav,24-17-12-8,DeepONMF_H4,4,nndsvd,0.24293437623034123,8x212,0.06762900005560368,24,0.06749698804548027,0.15082981159489794,0.04136479995213449,17,0.05550155497304279,0.124130433108969,0.010352899902500212,12,0.05567602146032535,0.11582439324295576,0.009576800046488643,8,0.05729572311602107,0.16877989841947214,0.004989300039596856
39,original,N,New_N_040.wav,24-17-12-8,DeepONMF_H4,4,nndsvd,0.2423193066618011,8x212,0.06387579999864101,24,0.06751411476145557,0.16365127912971764,0.042835400090552866,17,0.05535013571656239,0.15230991387934156,0.00826129992492497,12,0.055509792885303534,0.16690781642852287,0.006413100054487586,8,0.056104373852548635,0.1979627649438553,0.00528050004504621
40,original,N,New_N_041.wav,24-17-12-8,DeepONMF_H4,4,nndsvd,0.24377493076506682,8x212,0.0622820999706164,24,0.06462719475417755,0.18306336594788264,0.040279600070789456,17,0.05557051884984142,0.160499050640586,0.009497700026258826,12,0.055795737468767426,0.17689354748312444,0.0064353999914601445,8,0.05702589456430741,0.1889681100905405,0.005016900016926229
41,original,N,New_N_042.wav,24-17-12-8,DeepONMF_H4,4,nndsvd,0.24416942819518198,8x212,0.060788000002503395,24,0.06477698021935717,0.18366592303909338,0.03971870010718703,17,0.05569705751079041,0.11934762234880726,0.008425700012594461,12,0.05624458271642286,0.11673469197879416,0.006598900072276592,8,0.05831554933601319,0.15759661301989064,0.005071199964731932
42,original,N,New_N_043.wav,24-17-12-8,DeepONMF_H4,4,nndsvd,0.24336202917124947,8x212,0.06109830003697425,24,0.06518127441341726,0.20715356822934752,0.03950109996367246,17,0.055524785605891844,0.17102942391763667,0.008580300025641918,12,0.055570163847792634,0.18027219921784066,0.0072169000050053,8,0.05642764282127374,0.19104604349318471,0.004730000044219196
43,original,N,New_N_044.wav,24-17-12-8,DeepONMF_H4,4,nndsvd,0.2430694905217017,8x212,0.06592490000184625,24,0.0629163133106028,0.21544848811448872,0.0450066999765113,17,0.05565105183261474,0.16542724864600722,0.00848059996496886,12,0.05576214671965263,0.18543242177453734,0.006292499951086938,8,0.056905790723290196,0.24694102227024925,0.005063999909907579
44,original,N,New_N_045.wav,24-17-12-8,DeepONMF_H4,4,nndsvd,0.24548979748049818,8x212,0.061967600020579994,24,0.06799795841941307,0.18257562338884967,0.04002989991568029,17,0.05564845007996366,0.14671409137623015,0.009096699999645352,12,0.05638829471408161,0.12240001971259364,0.0063075999496504664,8,0.059310663427461496,0.1466988098891622,0.005356999929063022
45,original,N,New_N_046.wav,24-17-12-8,DeepONMF_H4,4,nndsvd,0.24374979508584138,8x212,0.06317590002436191,24,0.06506988730920107,0.19696756474937469,0.04194879997521639,17,0.055535280915233264,0.16250510887217717,0.008676700061187148,12,0.05576640443327122,0.191875808758821,0.006453000009059906,8,0.05739449362496002,0.2930252953755198,0.004929999937303364
46,original,N,New_N_047.wav,24-17-12-8,DeepONMF_H4,4,nndsvd,0.24304995830456821,8x212,0.06093549996148795,24,0.06480458101755479,0.1765287091723759,0.039349200087599456,17,0.05545706075147892,0.1523840194213161,0.008259599911980331,12,0.05581327442534139,0.18456650363248644,0.006564500043168664,8,0.05649912954401688,0.226417796989979,0.005572300055064261
47,original,N,New_N_048.wav,24-17-12-8,DeepONMF_H4,4,nndsvd,0.24483647601613245,8x212,0.06415990006644279,24,0.07287072435768091,0.1838719676161757,0.042916200007312,17,0.05551364741400112,0.15250511772382966,0.00832080002874136,12,0.05562000547823797,0.1467594626001699,0.006676000077277422,8,0.05630723485345108,0.20138396339217385,0.005226499983109534
48,original,N,New_N_049.wav,24-17-12-8,DeepONMF_H4,4,nndsvd,0.24294871598112372,8x212,0.06106580002233386,24,0.06116482350710817,0.22347898000824243,0.03988589998334646,17,0.05585448382319046,0.16722162503448598,0.008774799993261695,12,0.05573547720645944,0.18521072832366653,0.0064498999854549766,8,0.056604446489120594,0.18268640077375484,0.00494699995033443
49,original,N,New_N_050.wav,24-17-12-8,DeepONMF_H4,4,nndsvd,0.24340834111440862,8x212,0.06346720003057271,24,0.06628305969151911,0.19410504098122264,0.04114920005667955,17,0.05559070313322219,0.14089660490709455,0.009265800006687641,12,0.05572824940454997,0.13517166870199754,0.006486300029791892,8,0.05664359369947583,0.14762394018485928,0.005204400047659874
50,original,N,New_N_051.wav,24-17-12-8,DeepONMF_H4,4,nndsvd,0.2449660124122981,8x212,0.05988179997075349,24,0.07196248323737021,0.16567468926659867,0.039069100050255656,17,0.055473910873624514,0.1770188242571302,0.00854299997445196,12,0.055544468744817485,0.19705295703394757,0.006518700043670833,8,0.056612863787174374,0.21763166572844206,0.004688799963332713
51,original,N,New_N_052.wav,24-17-12-8,DeepONMF_H4,4,nndsvd,0.24364661059688747,8x212,0.061908000032417476,24,0.06443312272995076,0.19036472130096724,0.039626099984161556,17,0.055519288645744645,0.15908112438924235,0.009121199953369796,12,0.055794290373232434,0.15795392765902008,0.006345000001601875,8,0.057117551261122224,0.2159321028289611,0.005763299996033311
52,original,N,New_N_053.wav,24-17-12-8,DeepONMF_H4,4,nndsvd,0.24331449227558322,8x212,0.07269169995561242,24,0.06622040055485487,0.18578632891441332,0.04167139995843172,17,0.055522784984962846,0.17692082032454629,0.017433600034564734,12,0.05560041315582528,0.21535016011137256,0.007703400100581348,8,0.05654098746194181,0.3101900960537298,0.004807999939657748
53,original,N,New_N_054.wav,24-17-12-8,DeepONMF_H4,4,nndsvd,0.242935803672303,8x212,0.06487090000882745,24,0.06442243441970669,0.17794467775124628,0.04236600000876933,17,0.055617207877458566,0.14177554408554335,0.00886289996560663,12,0.055835138181772985,0.18682969171860267,0.0063189000356942415,8,0.05606229666503375,0.2390095076674655,0.006271300022490323
54,original,N,New_N_055.wav,24-17-12-8,DeepONMF_H4,4,nndsvd,0.24258369341058753,8x212,0.0749055000487715,24,0.0628989757744935,0.1929154063514995,0.04106690001208335,17,0.05546991245091508,0.19058401676189662,0.011774100014008582,12,0.05561435686555967,0.22926114210313098,0.011746399919502437,8,0.057395662793519334,0.22141134634382656,0.008916900027543306
55,original,N,New_N_056.wav,24-17-12-8,DeepONMF_H4,4,nndsvd,0.24504339277783982,8x212,0.0655320999212563,24,0.06440900197332737,0.20275668575185074,0.04194509994704276,17,0.05563748318392051,0.1477486514168276,0.008170500048436224,12,0.05594252444162837,0.1618115060304886,0.009275500080548227,8,0.058255279000988716,0.2293271724214108,0.004878000007010996
56,original,N,New_N_057.wav,24-17-12-8,DeepONMF_H4,4,nndsvd,0.2429102717755294,8x212,0.0618066000752151,24,0.06432200410048766,0.24349361370143607,0.041019099997356534,17,0.05559672638273125,0.20114756504659634,0.008166500017978251,12,0.0555234753822361,0.19996507030406008,0.006662500090897083,8,0.05627129567225997,0.2312362831594777,0.00470549997407943
57,original,N,New_N_058.wav,24-17-12-8,DeepONMF_H4,4,nndsvd,0.24276422335913717,8x212,0.0642128000035882,24,0.06268719885349368,0.20682547729323542,0.04321419994812459,17,0.055523406300060835,0.19113119685413568,0.008186500053852797,12,0.05570548578898756,0.2098165004943392,0.006785499979741871,8,0.056565985538770326,0.25588462812679075,0.004862400004640222
58,original,N,New_N_059.wav,24-17-12-8,DeepONMF_H4,4,nndsvd,0.2431344523511979,8x212,0.06926679995376617,24,0.06541059050633358,0.18931508513222634,0.040393800009042025,17,0.05554423310162379,0.16091000829880225,0.013883100007660687,12,0.055829998486379026,0.2074579862435075,0.00818569993134588,8,0.05659061068899236,0.24720950864682592,0.005636699963361025
59,original,N,New_N_060.wav,24-17-12-8,DeepONMF_H4,4,nndsvd,0.2433201448234434,8x212,0.06303580000530928,24,0.06840792592833664,0.20948795645716972,0.04178149998188019,17,0.05548131724623047,0.17064655861180866,0.008694000076502562,12,0.05542940012752922,0.2107475381698829,0.006336600054055452,8,0.05590010650047553,0.2555891142285943,0.004914000048302114
60,original,N,New_N_061.wav,24-17-12-8,DeepONMF_H4,4,nndsvd,0.2442537306602655,8x212,0.06178330001421273,24,0.06476317930447392,0.19308498904421284,0.04058439994696528,17,0.05549919327166051,0.15856708067993322,0.008800500072538853,12,0.056166111871929755,0.1577755640361751,0.00621700007468462,8,0.057513257566381475,0.193117197854174,0.004904799978248775
61,original,N,New_N_062.wav,24-17-12-8,DeepONMF_H4,4,nndsvd,0.24244781411440103,8x212,0.06548320001456887,24,0.06321582523574373,0.21282108323633056,0.04129059996921569,17,0.05544436924925591,0.22670906500699536,0.009349800064228475,12,0.05561175091528764,0.2639792506640624,0.008839299902319908,8,0.05611715733771597,0.31521871733589296,0.004700899939052761
62,original,N,New_N_063.wav,24-17-12-8,DeepONMF_H4,4,nndsvd,0.24396737858400774,8x212,0.06159189995378256,24,0.06426210163716474,0.19229308743305218,0.040380099904723465,17,0.05565734681987826,0.16305744662336857,0.00818729994352907,12,0.056195792323536956,0.1913156004347213,0.006799499969929457,8,0.05797579092842524,0.2219638561419091,0.004914700053632259
63,original,N,New_N_064.wav,24-17-12-8,DeepONMF_H4,4,nndsvd,0.24282991202656215,8x212,0.0656841000309214,24,0.06319111626145013,0.19791555548699136,0.04325700004119426,17,0.05558064971420477,0.16056488590505616,0.008737199939787388,12,0.05575581023308079,0.19038257557125135,0.007394899963401258,8,0.05689298409416783,0.25040020201502033,0.005178600084036589
64,original,N,New_N_065.wav,24-17-12-8,DeepONMF_H4,4,nndsvd,0.24404548180102573,8x212,0.06695229990873486,24,0.0643303840048055,0.18763685012284118,0.040875200065784156,17,0.055683657120866335,0.14641282496259614,0.008134200004860759,12,0.05629351784464151,0.1491085100007314,0.007799100014381111,8,0.05812387761618298,0.19085553596379376,0.008277000044472516
65,original,N,New_N_066.wav,24-17-12-8,DeepONMF_H4,4,nndsvd,0.24261594984934698,8x212,0.07135909993667156,24,0.06229293312900367,0.17911032116679482,0.043759800028055906,17,0.05550960167516027,0.16341415753755426,0.014102499932050705,12,0.05582774675170378,0.18621421791013237,0.006697600008919835,8,0.0569632881060641,0.23555577484492135,0.005430799908936024
66,original,N,New_N_067.wav,24-17-12-8,DeepONMF_H4,4,nndsvd,0.24321873592540816,8x212,0.06161560001783073,24,0.06143592267092053,0.2128683680604282,0.040956499986350536,17,0.055560158611999866,0.17304645232656038,0.008160300087183714,12,0.05622679515558584,0.20659701314100642,0.006686100037768483,8,0.05709101737097646,0.22654932123096172,0.004685100051574409
67,original,N,New_N_068.wav,24-17-12-8,DeepONMF_H4,4,nndsvd,0.2446605999867845,8x212,0.061768600018695,24,0.06600587863474233,0.18497816480988533,0.0409379000775516,17,0.055525491179769446,0.16390729431466922,0.008140699937939644,12,0.05662918492294718,0.1720014647065973,0.0064897999400272965,8,0.0582176957245328,0.21827273695704047,0.005083699943497777
68,original,N,New_N_069.wav,24-17-12-8,DeepONMF_H4,4,nndsvd,0.24516680356284273,8x212,0.06491960003040731,24,0.06993881402496471,0.18079750552262558,0.04252060002181679,17,0.05575682757391582,0.1536411459413226,0.009305500076152384,12,0.05664251343981232,0.18054911135690319,0.006457700044848025,8,0.05726101643507822,0.22806249847751875,0.005511600058525801
69,original,N,New_N_070.wav,24-17-12-8,DeepONMF_H4,4,nndsvd,0.24607532500135454,8x212,0.06980359996668994,24,0.07006259231560714,0.16655099531528278,0.047218000050634146,17,0.055727262112611066,0.17689510816514573,0.009726500022225082,12,0.057018597149993425,0.18886049966927906,0.006757499999366701,8,0.05931976597613776,0.25984135922781537,0.004853700054809451
70,original,N,New_N_071.wav,24-17-12-8,DeepONMF_H4,4,nndsvd,0.24528188391159886,8x212,0.06222640001215041,24,0.06708410129728887,0.19104965316606784,0.04133369994815439,17,0.05673111967455606,0.14746138054295674,0.008415500051341951,12,0.056200208674312864,0.16040400050044165,0.006517300033010542,8,0.0574158690262658,0.1948722503648765,0.004917099955491722
71,original,N,New_N_072.wav,24-17-12-8,DeepONMF_H4,4,nndsvd,0.24581129954805023,8x212,0.06786120007745922,24,0.07032588714329457,0.17979106993877644,0.0457659000530839,17,0.055592996931102215,0.1710855597045875,0.009005900006741285,12,0.05628344687437929,0.1570487759150863,0.006915600039064884,8,0.05955723072505528,0.26193149901816765,0.005025699967518449
72,original,N,New_N_073.wav,24-17-12-8,DeepONMF_H4,4,nndsvd,0.24678494154797564,8x212,0.07046319998335093,24,0.0696962132940949,0.1722348534800118,0.040362600004300475,17,0.05601473795685951,0.14658511178292108,0.014263899996876717,12,0.0563993486665042,0.15051453537007536,0.009134700056165457,8,0.05999683941326109,0.16044281724750048,0.005437099956907332
73,original,N,New_N_074.wav,24-17-12-8,DeepONMF_H4,4,nndsvd,0.24529095846866253,8x212,0.06244789995253086,24,0.06625399807597382,0.18882969844459352,0.04145979997701943,17,0.05592125326439501,0.15694819985189787,0.008531600004062057,12,0.0562837335759822,0.17006044798975178,0.006436399999074638,8,0.058378549466131406,0.20427007752305773,0.004935499979183078
74,original,N,New_N_075.wav,24-17-12-8,DeepONMF_H4,4,nndsvd,0.2448860087512692,8x212,0.06200629996601492,24,0.06919515576316056,0.17927718035866597,0.04095309996046126,17,0.05571964176910914,0.17973467537297919,0.008509399951435626,12,0.05648817296072025,0.19613778756655317,0.006221099989488721,8,0.05757658976398224,0.23457400690185523,0.005008400068618357
75,original,N,New_N_076.wav,24-17-12-8,DeepONMF_H4,4,nndsvd,0.24797019698236458,8x212,0.0662612000014633,24,0.07264405651718088,0.19049117665119225,0.03918590000830591,17,0.05568491972925073,0.17360536425188172,0.008697699988260865,12,0.056949679225361254,0.19362401653896033,0.00875309994444251,8,0.05837775007194999,0.2883614906212278,0.008377299993298948
76,original,N,New_N_077.wav,24-17-12-8,DeepONMF_H4,4,nndsvd,0.24380376049430025,8x212,0.06344149995129555,24,0.06628598764537878,0.2039834707285643,0.04179269995074719,17,0.055559986540336476,0.1842256043331321,0.008299200097098947,12,0.05563435628883205,0.2113954579685239,0.007197899976745248,8,0.05664906513655232,0.22921554664009772,0.004904499975964427
77,original,N,New_N_078.wav,24-17-12-8,DeepONMF_H4,4,nndsvd,0.24494398832326725,8x212,0.060734700062312186,24,0.06491078074532046,0.18734751081709516,0.039482899941504,17,0.055784429716490516,0.15052725482671447,0.008588500088080764,12,0.05657369543571035,0.16096291086074832,0.006217399961315095,8,0.05752907129763703,0.20772089182410372,0.005182099994271994
78,original,N,New_N_079.wav,24-17-12-8,DeepONMF_H4,4,nndsvd,0.24695956952592096,8x212,0.05962439998984337,24,0.07031364975762211,0.2013324961018918,0.039039599942043424,17,0.055959108902681284,0.16382852066211584,0.008602800080552697,12,0.05711959182053827,0.19955470055349833,0.006197500042617321,8,0.0589253544517904,0.25731781027968414,0.004646399989724159
79,original,N,New_N_080.wav,24-17-12-8,DeepONMF_H4,4,nndsvd,0.24723481361239813,8x212,0.061678999918513,24,0.0705605699226178,0.1679419632070194,0.04114740004297346,17,0.05600750997346817,0.13683829028208472,0.00814150006044656,12,0.05728591594636131,0.1657790067316168,0.006659100065007806,8,0.0580999335224809,0.20165213079578978,0.004676399985328317
80,original,N,New_N_081.wav,24-17-12-8,DeepONMF_H4,4,nndsvd,0.2460073616354532,8x212,0.06543580000288785,24,0.07295984770522758,0.19900260636028244,0.040984999970532954,17,0.055716682324853106,0.1435791190273068,0.009182000067085028,12,0.05605119047974915,0.1641905132975196,0.007599300006404519,8,0.05716338045883405,0.200206086966313,0.006547099910676479
81,original,N,New_N_082.wav,24-17-12-8,DeepONMF_H4,4,nndsvd,0.24507561388569113,8x212,0.06360450002830476,24,0.06462262327128097,0.1979123899583438,0.04233720002230257,17,0.056029570685129586,0.17730705198351304,0.008242600015364587,12,0.05644414182365349,0.20544994631430863,0.006440499913878739,8,0.05784100666665052,0.2591847981734635,0.005306700011715293
82,original,N,New_N_083.wav,24-17-12-8,DeepONMF_H4,4,nndsvd,0.2476405017703709,8x212,0.06137849995866418,24,0.07198988622704794,0.2062922233617644,0.03944899991620332,17,0.05594258444091548,0.12177444480396094,0.009058799943886697,12,0.05620609255705814,0.11493194167402497,0.0063238999573513865,8,0.0593581108243481,0.13713023896057158,0.00496350007597357
83,original,N,New_N_084.wav,24-17-12-8,DeepONMF_H4,4,nndsvd,0.245213286818796,8x212,0.06163469993043691,24,0.067418018650472,0.18011600887652893,0.039858800009824336,17,0.055795160468860835,0.14217589725094365,0.00827039999421686,12,0.05621030045603288,0.1752324066506893,0.007053499924950302,8,0.058288189798013736,0.20365185579456604,0.005397900007665157
84,original,N,New_N_085.wav,24-17-12-8,DeepONMF_H4,4,nndsvd,0.2451994645661294,8x212,0.0695492000086233,24,0.06628649632948025,0.19198967718691948,0.04809890000615269,17,0.055810604296968644,0.1716647247355524,0.008943199994973838,12,0.056111454092936414,0.18681242556381977,0.0063810000428929925,8,0.058512634186945904,0.20635058036565515,0.004723099991679192
85,original,N,New_N_086.wav,24-17-12-8,DeepONMF_H4,4,nndsvd,0.2470248389206177,8x212,0.07865479995962232,24,0.07301804992923014,0.20171846279965985,0.043263499974273145,17,0.056264312112968555,0.16724764889841198,0.01051649998407811,12,0.056905721080746034,0.15494523128156457,0.013710899977013469,8,0.05813099571372975,0.18472732812276044,0.009705099975690246
86,original,N,New_N_087.wav,24-17-12-8,DeepONMF_H4,4,nndsvd,0.2471767378931293,8x212,0.07093299995176494,24,0.06942485713620089,0.186837453158038,0.04513670003507286,17,0.05582469883631628,0.132260595734224,0.013166500022634864,12,0.056466747704851,0.1348880790476276,0.006415100069716573,8,0.05950897423974058,0.18574914112957522,0.004755400004796684
87,original,N,New_N_088.wav,24-17-12-8,DeepONMF_H4,4,nndsvd,0.24600753134071435,8x212,0.06684999994467944,24,0.0687227102466705,0.19116736003186527,0.044423800078220665,17,0.05572175362421085,0.16217050572047562,0.009604300023056567,12,0.05659347250061372,0.16883746292158192,0.006471600034274161,8,0.05988087095661274,0.22901012286406378,0.0049752999329939485
88,original,N,New_N_089.wav,24-17-12-8,DeepONMF_H4,4,nndsvd,0.24441375989062888,8x212,0.06282460002694279,24,0.06689020867118395,0.19627844272586828,0.04210910003166646,17,0.05576188765850513,0.173726652308561,0.008146599982865155,12,0.0559240484662581,0.17114883625334415,0.006727100000716746,8,0.05819987253390882,0.21284767917523334,0.004682400031015277
89,original,N,New_N_090.wav,24-17-12-8,DeepONMF_H4,4,nndsvd,0.24642043813244355,8x212,0.06906050001271069,24,0.07016146786829841,0.17646456555145737,0.04513670003507286,17,0.05594303568459996,0.177972273584842,0.01027950004208833,12,0.056433454434467074,0.18905076576326776,0.007652999949641526,8,0.058511743495199914,0.23279212959394252,0.004748400067910552
90,original,N,New_N_091.wav,24-17-12-8,DeepONMF_H4,4,nndsvd,0.24573505238892215,8x212,0.06156840000767261,24,0.07036879576212021,0.1634949924766481,0.03929250000510365,17,0.05596066574953995,0.1345945487157349,0.008138999924995005,12,0.05661070051933415,0.13855175302117337,0.008009299985133111,8,0.06082977269367009,0.196546776831078,0.004783000098541379
91,original,N,New_N_092.wav,24-17-12-8,DeepONMF_H4,4,nndsvd,0.24371506514120025,8x212,0.06953590002376586,24,0.06557910866834035,0.19722179739586695,0.04502449999563396,17,0.05569570941919318,0.19197367205200874,0.011373499990440905,12,0.05610447754951363,0.22497479049061303,0.006950899958610535,8,0.056820990363791055,0.2463402924949232,0.004742800025269389
92,original,N,New_N_093.wav,24-17-12-8,DeepONMF_H4,4,nndsvd,0.24751594069306243,8x212,0.06755170004907995,24,0.06677162598860199,0.14448384496954592,0.042128499946556985,17,0.05608586819830811,0.12019776573370458,0.009083400014787912,12,0.05787526620927291,0.12831269980100773,0.008681200095452368,8,0.0608207202031927,0.16816084821972763,0.00618280004709959
93,original,N,New_N_094.wav,24-17-12-8,DeepONMF_H4,4,nndsvd,0.24745979022866232,8x212,0.06354000000283122,24,0.06995629424826821,0.1895658374979405,0.04221699992194772,17,0.05572338051343919,0.17113613174087294,0.008183900034055114,12,0.057053347990737684,0.21773022644746343,0.007136699976399541,8,0.061591879606317415,0.25144698802121856,0.004713600035756826
94,original,N,New_N_095.wav,24-17-12-8,DeepONMF_H4,4,nndsvd,0.24444786549981226,8x212,0.0623213000362739,24,0.06767226209376517,0.19616471076859465,0.039931399980559945,17,0.05553014244901693,0.18171620064958968,0.009660599986091256,12,0.05588386933533534,0.1927380769903689,0.00654420000500977,8,0.057444996833166534,0.2239201322558289,0.004851899924688041
95,original,N,New_N_096.wav,24-17-12-8,DeepONMF_H4,4,nndsvd,0.246964658319583,8x212,0.05892390001099557,24,0.07462358496009859,0.20120135524796598,0.03755879995878786,17,0.055959146939075395,0.18559503279513853,0.008725600084289908,12,0.05608655215388174,0.1862260192394355,0.006389399990439415,8,0.058164331673972385,0.24087129139991376,0.004960099933668971
96,original,N,New_N_097.wav,24-17-12-8,DeepONMF_H4,4,nndsvd,0.2466500477544865,8x212,0.06104309996590018,24,0.0719699389936543,0.19952204925542733,0.03956950001884252,17,0.055944121090993844,0.13925122174511295,0.008413300034590065,12,0.056713185970015775,0.1432046502387494,0.007009000051766634,8,0.05908414990420745,0.2008280448950952,0.004983299993909895
97,original,N,New_N_098.wav,24-17-12-8,DeepONMF_H4,4,nndsvd,0.24540329808368858,8x212,0.06134880008175969,24,0.07076881740554142,0.20372515801596353,0.039180299965664744,17,0.05585734948169839,0.1679578772837499,0.00921259995084256,12,0.056023204872219665,0.19787736758746163,0.006251699989661574,8,0.0576886819832259,0.26383502226877814,0.005658600013703108
98,original,N,New_N_099.wav,24-17-12-8,DeepONMF_H4,4,nndsvd,0.24356881196255573,8x212,0.06014840002171695,24,0.06493325799781652,0.21500880314113816,0.03842800005804747,17,0.05562593509437521,0.17976706493034414,0.009094599983654916,12,0.055853792005292606,0.1813081912519812,0.006468200008384883,8,0.056812190025483815,0.26445650654378977,0.004920599982142448
99,original,N,New_N_100.wav,24-17-12-8,DeepONMF_H4,4,nndsvd,0.2427718048536673,8x212,0.06145989999640733,24,0.06278336077056669,0.2219975584369385,0.0402849999954924,17,0.05555473370972181,0.1475933683634529,0.008477400057017803,12,0.05569275874152018,0.1373372560361363,0.006886100047267973,8,0.056795121275073836,0.1313700707010717,0.004763300064951181
100,original,N,New_N_101.wav,24-17-12-8,DeepONMF_H4,4,nndsvd,0.2426962754712764,8x212,0.07021050003822893,24,0.06230467471899267,0.1920971849706452,0.046555499895475805,17,0.05564901979135485,0.12269056375585122,0.010759499971754849,12,0.05580541139274327,0.16386133051620128,0.0068870000541210175,8,0.05634412007863698,0.1810544554669112,0.0047281000297516584
101,original,N,New_N_102.wav,24-17-12-8,DeepONMF_H4,4,nndsvd,0.24336298248221214,8x212,0.06097870005760342,24,0.06292955813084056,0.19695234369752085,0.039719599997624755,17,0.05541401826171137,0.1797005992086795,0.008346099988557398,12,0.05583537248130046,0.18481819249843057,0.006375199998728931,8,0.0574609573991362,0.23256922539809727,0.005203200038522482
102,original,N,New_N_103.wav,24-17-12-8,DeepONMF_H4,4,nndsvd,0.24241863974228767,8x212,0.07043600000906736,24,0.06341776093429856,0.20166080341507533,0.04033119999803603,17,0.0554866232740169,0.19367072264205576,0.01566319994162768,12,0.05556629732566845,0.23710649942675882,0.007832100032828748,8,0.056525070515420626,0.299760167172228,0.005136199994012713
103,original,N,New_N_104.wav,24-17-12-8,DeepONMF_H4,4,nndsvd,0.24323371655605064,8x212,0.0717399000423029,24,0.06467793693732991,0.22224476685448638,0.04400120000354946,17,0.05558079496757208,0.14817729771540755,0.009475200087763369,12,0.055917401493283454,0.1553578172647498,0.01071950001642108,8,0.0567253342553531,0.24834239088270302,0.00609369995072484
104,original,N,New_N_105.wav,24-17-12-8,DeepONMF_H4,4,nndsvd,0.24215692507198627,8x212,0.06380989996250719,24,0.062008573238186836,0.22149702788067588,0.04195029998663813,17,0.055419745569260215,0.1850582627379386,0.008748300024308264,12,0.05557992076899013,0.2153244221240639,0.007145399926230311,8,0.05658380015043985,0.25249163786933265,0.0047759999288246036
105,original,N,New_N_106.wav,24-17-12-8,DeepONMF_H4,4,nndsvd,0.24278218708411217,8x212,0.06141500000376254,24,0.06556967923699901,0.18280528207476515,0.040558199980296195,17,0.05544628323235906,0.15356434099818686,0.008141799946315587,12,0.05564042001161329,0.17989916413923174,0.00680650002323091,8,0.05612790743965948,0.24722443671904595,0.004707199987024069
106,original,N,New_N_107.wav,24-17-12-8,DeepONMF_H4,4,nndsvd,0.2425196377920759,8x212,0.06312870001420379,24,0.06259197495924027,0.201838305665641,0.040991000016219914,17,0.05557722346121238,0.18730409183030583,0.00897710002027452,12,0.05566211673167733,0.19820560127512732,0.006874399958178401,8,0.05656613204357702,0.2438676182386936,0.005190999945625663
107,original,N,New_N_108.wav,24-17-12-8,DeepONMF_H4,4,nndsvd,0.24376859247058424,8x212,0.0630331999855116,24,0.06726416788731328,0.18639698857602405,0.04034090007189661,17,0.05545474773856554,0.16219937923204594,0.00863050005864352,12,0.055629869875619416,0.19395847667281674,0.007583600003272295,8,0.0566349374163652,0.23973927601965053,0.005372300045564771
108,original,N,New_N_109.wav,24-17-12-8,DeepONMF_H4,4,nndsvd,0.2426861795868722,8x212,0.06101529998704791,24,0.06056344728897654,0.1833158186144229,0.03983689995948225,17,0.05548180843317886,0.1372326318505813,0.008293700055219233,12,0.05606024739753453,0.18174826821906942,0.006792800035327673,8,0.0566200639910027,0.23025271420181226,0.004832899896427989
109,original,N,New_N_110.wav,24-17-12-8,DeepONMF_H4,4,nndsvd,0.24384601839339642,8x212,0.06092009996064007,24,0.06523885985584309,0.17975660198488064,0.03863299998920411,17,0.05563567280701333,0.15248061949124386,0.008877200074493885,12,0.05643704024329252,0.17099380041313414,0.006486300029791892,8,0.056957429175310104,0.2271872313855532,0.005637600086629391
