indice_interno,distribucion,numero_capas,error_final,forma_h_final,segundos_extraccion,capa_1_rango,capa_1_error,capa_1_ortogonalidad_h,capa_2_rango,capa_2_error,capa_2_ortogonalidad_h,capa_3_rango,capa_3_error,capa_3_ortogonalidad_h
0,4-11-32,3,0.1665833599985515,32x212,0.04424519999884069,4,0.11632745336027525,0.2718301472900866,11,0.043984375338721224,0.17196767166046223,32,0.03880334598389181,0.15883190539616276
1,4-11-32,3,0.16223958009996003,32x212,0.05323720001615584,4,0.10475134547990392,0.2231259548157908,11,0.04494499905598761,0.10474943517570502,32,0.04471896577060445,0.10000362879885569
2,4-11-32,3,0.15940441791509063,32x212,0.050696799997240305,4,0.0957282533764329,0.29659169468368635,11,0.04800317057369377,0.16575457842065097,32,0.04209247529461228,0.11335295748087924
3,4-11-32,3,0.16121141660662147,32x212,0.04188899998553097,4,0.10063212879703116,0.24486828709531552,11,0.043977978578783584,0.21794884672078368,32,0.052036509290491424,0.14450459061243928
4,4-11-32,3,0.17106778592284405,32x212,0.04144070000620559,4,0.12365951253280622,0.18003884274268347,11,0.04336401977278048,0.20095380779714883,32,0.03837352440859958,0.13778500036124292
5,4-11-32,3,0.16575052810305047,32x212,0.045064999983878806,4,0.10991041309103927,0.2626956342661927,11,0.04501373079932962,0.15338310926161328,32,0.04178582085788721,0.18614894340049945
6,4-11-32,3,0.16790925342567894,32x212,0.04270440002437681,4,0.11396052746884378,0.24481083748569699,11,0.044889589873594433,0.17086105319726994,32,0.043637433012457566,0.1097895584375159
7,4-11-32,3,0.14938930231809153,32x212,0.043380699993576854,4,0.08804318409102173,0.3038121706168827,11,0.04144404106143485,0.19635573286592845,32,0.04272090605782969,0.12819414515477204
8,4-11-32,3,0.16912783465680972,32x212,0.05482779999147169,4,0.11211878754965794,0.17873454285256,11,0.04186161597058103,0.1600955948307331,32,0.046470889544531296,0.09467913634072815
9,4-11-32,3,0.16691707529346977,32x212,0.04294559999834746,4,0.11083457905883723,0.2522422508074353,11,0.04833068061931541,0.12612776152359464,32,0.03694006240423898,0.10459060445636155
10,4-11-32,3,0.16528112601517134,32x212,0.05050620000110939,4,0.10646516980911759,0.2179272282241694,11,0.04339430697084527,0.18487292392470844,32,0.04388707367677832,0.15987124289264662
11,4-11-32,3,0.1653534827727771,32x212,0.042445800005225465,4,0.11456018773906215,0.30983826208498044,11,0.0408182072724328,0.18613360969065196,32,0.039724660669166426,0.12487509245217529
12,4-11-32,3,0.16188102303045968,32x212,0.042641400010325015,4,0.10536931236741667,0.26273584740240535,11,0.04427579615065734,0.1620248467206541,32,0.04382687388996003,0.10916738880375745
13,4-11-32,3,0.1891240529812052,32x212,0.04461250000167638,4,0.1398486697708098,0.15814484663222908,11,0.0437066528153085,0.13519413910518047,32,0.04191765983329552,0.12084787455434567
14,4-11-32,3,0.15714715292815906,32x212,0.04301150000537746,4,0.10363499391125273,0.36578572474192056,11,0.04006080875859697,0.2325086385026949,32,0.038983189271672006,0.11737960346819434
15,4-11-32,3,0.16454144963651732,32x212,0.04740730000776239,4,0.10466373474395155,0.3725785563439234,11,0.04424780563127423,0.2113405837602738,32,0.043521809937089,0.14900681922231776
16,4-11-32,3,0.1604261515128655,32x212,0.044807600002968684,4,0.11264981728484419,0.2926337225948707,11,0.044398865272042745,0.13220995961239862,32,0.040751689713745376,0.12036052496668576
17,4-11-32,3,0.147458279893159,32x212,0.04809340002248064,4,0.09559147848476165,0.3686391226024568,11,0.042469274243442455,0.20159412847922342,32,0.04015468538258899,0.11781178864958941
18,4-11-32,3,0.16389124189644672,32x212,0.047906799998600036,4,0.10729207485450486,0.3130998467938924,11,0.045799798037632164,0.18453297772831598,32,0.04720389600165263,0.13934536204941683
19,4-11-32,3,0.16899403140409258,32x212,0.04522120000910945,4,0.11017875193576714,0.30031533142482275,11,0.04731856310718335,0.12823913493989553,32,0.04849337041856621,0.12049896924272428
20,4-11-32,3,0.16963442523285258,32x212,0.04613000000244938,4,0.10866081437552881,0.29361674336929267,11,0.05115582979661255,0.15556468145750335,32,0.038314922219781944,0.1467883362032636
21,4-11-32,3,0.15517258346406834,32x212,0.0455874000035692,4,0.09831055196599185,0.2465045794689278,11,0.037436631623876636,0.16947470300965406,32,0.04726489754184123,0.11076118459395726
22,4-11-32,3,0.1661662746057652,32x212,0.048692300013499334,4,0.10902007426255614,0.23274202005908132,11,0.04222483934892363,0.19478093084563983,32,0.04638263101542745,0.12108629654163876
23,4-11-32,3,0.16268922372487116,32x212,0.04547599999932572,4,0.1025068925700098,0.24319088379476905,11,0.043661198084401914,0.15425297074436456,32,0.04796173799078383,0.10370944990545938
24,4-11-32,3,0.15433387478248448,32x212,0.051293900003656745,4,0.1017181624587129,0.3632686123985212,11,0.04743478205920785,0.23098083788592902,32,0.04013574278369492,0.12954971232326254
25,4-11-32,3,0.17622123408927906,32x212,0.050181200000224635,4,0.11994883434839158,0.28980242302712744,11,0.04569226824034737,0.14742209083893415,32,0.045713035402431476,0.11759745296617514
26,4-11-32,3,0.16017869849524172,32x212,0.04708839999511838,4,0.10610838000473156,0.21488530287174626,11,0.03876326929484279,0.18658696465509853,32,0.04386829826884663,0.11586143709141389
27,4-11-32,3,0.17419210847329478,32x212,0.04173350002383813,4,0.12115633355178818,0.22680693687766362,11,0.03888417046420394,0.1642477225230724,32,0.04553498194480197,0.10449068351099174
28,4-11-32,3,0.16607818527086685,32x212,0.04444969998439774,4,0.11051312935453268,0.2762597883228795,11,0.04435105475001992,0.1461927531288662,32,0.045189925616467494,0.092204643895653
29,4-11-32,3,0.15508996752100307,32x212,0.046872600010829046,4,0.10272961622530814,0.3529699618776266,11,0.03942746520594484,0.19293190247134712,32,0.04304786501732308,0.1713384389790225
30,4-11-32,3,0.16775338546418322,32x212,0.042191000015009195,4,0.11348679922293602,0.26987710031909673,11,0.045951764461413656,0.16760312539338118,32,0.042631136764652536,0.1374786240258666
31,4-11-32,3,0.16497180595222838,32x212,0.04051130000152625,4,0.11331076901314657,0.19165985703575447,11,0.03984185861548326,0.15272275838017474,32,0.04245351947318884,0.11159182611227468
32,4-11-32,3,0.17700596681608932,32x212,0.0453892000077758,4,0.1235488693067382,0.16926507140836378,11,0.04823770283678097,0.14756297527656087,32,0.03467512039018562,0.13033099098929393
33,4-11-32,3,0.16642814801391315,32x212,0.043435500003397465,4,0.11059565488975623,0.25758790329246467,11,0.036474333036614556,0.18959507658772953,32,0.046322971925861836,0.10966743746532909
34,4-11-32,3,0.16782995125617337,32x212,0.04619940000702627,4,0.11374420126569643,0.2617988794411132,11,0.044552592355463286,0.2142612402329621,32,0.04710657024373837,0.14564553659776253
35,4-11-32,3,0.17440258359222088,32x212,0.04105840000556782,4,0.11819726114556843,0.2374760402802419,11,0.045819230551562305,0.10783140194514415,32,0.048914967764829294,0.10812392669753433
36,4-11-32,3,0.1420391723064915,32x212,0.04008210002211854,4,0.07393921577523249,0.16416805169368853,11,0.03872336691725742,0.1716773281773643,32,0.041683828024356225,0.12232567942455737
37,4-11-32,3,0.1412278666917303,32x212,0.04069410002557561,4,0.08344257292956488,0.3986979877585288,11,0.03575824793243362,0.2614348877448116,32,0.04500798011896839,0.14937996682038013
38,4-11-32,3,0.14320331694304994,32x212,0.04252550000092015,4,0.07123215967251337,0.16829445543742783,11,0.047434490451439874,0.12991735354314368,32,0.040877472075599115,0.11897974072323735
39,4-11-32,3,0.13954310070135087,32x212,0.04400919997715391,4,0.07494676672796478,0.23374451091045345,11,0.039041097628130794,0.17754550919459794,32,0.039804598252154745,0.135698059135818
40,4-11-32,3,0.14551291420180648,32x212,0.04252759998780675,4,0.0903026086795818,0.39971915082886933,11,0.04143103034598348,0.21165703656720813,32,0.047023437334206865,0.15346213532009767
41,4-11-32,3,0.15741019832477215,32x212,0.05242779999389313,4,0.10337252463564305,0.25787079941602437,11,0.03500678824536364,0.20545313322081382,32,0.04564028688052547,0.13961351147465037
42,4-11-32,3,0.1522649382370132,32x212,0.045084499986842275,4,0.09474883252238937,0.21334918612757578,11,0.042564951817367275,0.14067180702868973,32,0.042991535991433245,0.10263581487134607
43,4-11-32,3,0.15058333851773542,32x212,0.04330449999542907,4,0.08842411314020088,0.3510317006606734,11,0.044951586966620494,0.13034704198978647,32,0.04167997247759477,0.1374004367869828
44,4-11-32,3,0.1539890832860283,32x212,0.045352800021646544,4,0.09366179280599408,0.3244608593103765,11,0.04556299334374762,0.17829679757165373,32,0.04175590858746559,0.13075526927014222
45,4-11-32,3,0.16627450837792968,32x212,0.047240099986083806,4,0.11557995008152472,0.21120017278323674,11,0.037005961361548975,0.16185487402971496,32,0.041480815371278144,0.1650938368615774
46,4-11-32,3,0.15622920809640684,32x212,0.04949419997865334,4,0.10153213679722285,0.26392343802247464,11,0.04212809920105156,0.12284983942291287,32,0.04266652674060372,0.09534027966888398
47,4-11-32,3,0.1539521327884401,32x212,0.05702129998826422,4,0.09605484799374915,0.2153256069103914,11,0.043096151589880255,0.13147577994933832,32,0.042910915634453865,0.13509572300773304
48,4-11-32,3,0.15136702630950596,32x212,0.06133300001965836,4,0.08984443796621991,0.2564327790974454,11,0.0419344492713188,0.19908218984392745,32,0.04541416690435719,0.1523522545079453
49,4-11-32,3,0.14990870311576496,32x212,0.056264600018039346,4,0.08860315926642577,0.2737904242350433,11,0.045308292173839804,0.12302018748458333,32,0.04241481840905656,0.11028783693802868
50,4-11-32,3,0.1554893116471136,32x212,0.046812100015813485,4,0.09556755706527105,0.1753823419107163,11,0.040659262061441596,0.1436819659323755,32,0.042910792537646715,0.1394387816946328
51,4-11-32,3,0.1592417747245371,32x212,0.04525560000911355,4,0.09534941545123489,0.20299789463958415,11,0.048282997085020755,0.16026726826560259,32,0.04052087829206151,0.14312140432268777
52,4-11-32,3,0.15425980777185755,32x212,0.044013299979269505,4,0.08613066329809638,0.31920074386113845,11,0.055419591693869556,0.20830028176244836,32,0.04718482474441668,0.12671409677924994
53,4-11-32,3,0.15001190128190287,32x212,0.04643199997371994,4,0.09492303984504742,0.3204769745904252,11,0.04137609556906591,0.1943444486510686,32,0.03934926564238429,0.14653957986167984
54,4-11-32,3,0.15784878097094782,32x212,0.04668870000750758,4,0.09891624264418873,0.1534552763476768,11,0.04436336631952177,0.1428709944668518,32,0.04290561595559864,0.13500661525728164
55,4-11-32,3,0.14277148703824497,32x212,0.045957299997098744,4,0.08400729745886196,0.3980760115997595,11,0.04319460246028197,0.23126915362887673,32,0.051602916667547,0.1235532489889896
56,4-11-32,3,0.14997273108023146,32x212,0.045231199997942895,4,0.08772079259979598,0.2275759514110843,11,0.04409066956020091,0.1728305311856003,32,0.04056568547254884,0.144531753524419
57,4-11-32,3,0.14401848498801165,32x212,0.04789730001357384,4,0.08281938298864013,0.332274026839541,11,0.06053053080959231,0.16506460244835464,32,0.033947761868621536,0.11301705282929324
58,4-11-32,3,0.15033781650799544,32x212,0.044951099989702925,4,0.0871336550190583,0.3030053701410755,11,0.04009372605326853,0.19291642428920944,32,0.03738904955583945,0.1243146158883585
59,4-11-32,3,0.15825261737714888,32x212,0.05110680000507273,4,0.10186054230652003,0.16689465572746734,11,0.040955808604680705,0.20131255467065043,32,0.04354050268086009,0.14871043697811914
60,4-11-32,3,0.15400770233032582,32x212,0.05497629998717457,4,0.0921844066215684,0.2857471502228079,11,0.04304434512685582,0.18228858116925242,32,0.05125593518513246,0.1308137678033891
61,4-11-32,3,0.15601272376987899,32x212,0.05142159998649731,4,0.08637328145578828,0.35345863549946294,11,0.051565652742151684,0.15626079108403484,32,0.04152700411636542,0.14233607730844228
62,4-11-32,3,0.1445198759308055,32x212,0.04598750002332963,4,0.09594518873031553,0.35353037596924103,11,0.044047876384767023,0.1874842766210286,32,0.04168294669833517,0.12147360713987122
63,4-11-32,3,0.15495316126089118,32x212,0.0422666999802459,4,0.09530978104379663,0.2449059689820585,11,0.05126246080342473,0.14186973454677673,32,0.03836293000188916,0.15638207474726454
64,4-11-32,3,0.1541096251925963,32x212,0.04557719998410903,4,0.09145008126515014,0.3462738851464932,11,0.04456460963570287,0.17576152745491636,32,0.057511674772748135,0.14690135861769651
65,4-11-32,3,0.15201171012613846,32x212,0.048298200010322034,4,0.09645923062951126,0.15103701769760103,11,0.034482678701803514,0.16754497863072232,32,0.045454778701615774,0.12079623990269502
66,4-11-32,3,0.15295600251153635,32x212,0.04780960001517087,4,0.09322614680831012,0.21015877939334718,11,0.04244273783153504,0.20237357775418263,32,0.043555830798426384,0.1309315980091891
67,4-11-32,3,0.1575862256426949,32x212,0.04472040000837296,4,0.10287664654810327,0.318382331104507,11,0.04488065282181352,0.17059714887362248,32,0.04601412797933657,0.11961925358378674
68,4-11-32,3,0.15670995528166243,32x212,0.046486899984302,4,0.09798883298796836,0.2532011430511336,11,0.04205579447596759,0.1743185262214708,32,0.044587213254578394,0.13215468090322793
69,4-11-32,3,0.16768572820940972,32x212,0.04321000000345521,4,0.10642543681995545,0.32215030667667716,11,0.06443586976250833,0.1810138420169564,32,0.03965237087253015,0.12039361542708403
70,4-11-32,3,0.15118033235224393,32x212,0.05224019999150187,4,0.10115800298645808,0.2438038028503664,11,0.041345159591830404,0.20559026257121235,32,0.03630739890591157,0.11657439824863096
71,4-11-32,3,0.1549206714471517,32x212,0.04557420001947321,4,0.10017640422831003,0.21729172375186767,11,0.045053809480648126,0.1639875622467252,32,0.03816916624166476,0.10946479685229431
72,4-11-32,3,0.15560548346350725,32x212,0.050130599993281066,4,0.0938947009292077,0.22170809371734101,11,0.039042859098335436,0.18618346325181617,32,0.04887053677101992,0.11682346619603905
73,4-11-32,3,0.16420901644328545,32x212,0.041773000004468486,4,0.10726169195406864,0.15293780173857066,11,0.04329797011060064,0.1413606948663647,32,0.03925668564926323,0.09669567882439324
74,4-11-32,3,0.1561635449007119,32x212,0.04049419998773374,4,0.09481040843466944,0.17759919702109664,11,0.04298123799905204,0.13679851125536172,32,0.043108435555547754,0.11767966713061867
75,4-11-32,3,0.1623676901720349,32x212,0.04249530000379309,4,0.1105195813197893,0.2847355204635258,11,0.043216661230899386,0.12458591541499156,32,0.04447931449052083,0.11743806507565598
76,4-11-32,3,0.1480937182325804,32x212,0.044767400017008185,4,0.08390802889807332,0.35350127158409766,11,0.046394790168146204,0.19478189325193007,32,0.04029267582285384,0.14618104992567568
77,4-11-32,3,0.15902502298699486,32x212,0.04214159998809919,4,0.10093004067769956,0.4360661969708737,11,0.04807913217482313,0.2004265010303868,32,0.042717761011360635,0.16417075151511054
78,4-11-32,3,0.15871618718180466,32x212,0.04433399997651577,4,0.11382999757284935,0.4155549821172424,11,0.04439783552558216,0.18118769449808725,32,0.041409614549169284,0.11668978730753975
79,4-11-32,3,0.13924944912120693,32x212,0.046472799993352965,4,0.08098039488054128,0.47423946121689325,11,0.04345428682896466,0.21346050944659525,32,0.038523269630737815,0.13199316384476217
80,4-11-32,3,0.1544551143004119,32x212,0.04344929999206215,4,0.09301099844316092,0.2032557832986478,11,0.044272896268719455,0.15845458173553556,32,0.039330325315333765,0.16146125165195185
81,4-11-32,3,0.16455215432817544,32x212,0.044724300008965656,4,0.10687770181092779,0.37347532156652147,11,0.05069426712988384,0.15664469613666468,32,0.048642311349657706,0.14140827428782224
82,4-11-32,3,0.16603918724904215,32x212,0.033793100010370836,4,0.10493454252363635,0.1899146351432569,11,0.04361009826427125,0.10201475870440942,32,0.042733531949438484,0.09859756194591343
83,4-11-32,3,0.15768955867586149,32x212,0.04496550001204014,4,0.09245914893848217,0.22127866179599165,11,0.048095136549394894,0.1325238269847298,32,0.039217531157900325,0.11977399499619598
84,4-11-32,3,0.13685793205515626,32x212,0.042764200014062226,4,0.07722645288689314,0.359254877504267,11,0.03576681991538102,0.23139006741856297,32,0.046524057049916155,0.12881619758430612
85,4-11-32,3,0.16443461257477812,32x212,0.04080049999174662,4,0.10076243726589709,0.19843764405749267,11,0.04617020781891276,0.0853753184198936,32,0.041355865482700906,0.12041796284416965
86,4-11-32,3,0.14945326969352243,32x212,0.04253410000819713,4,0.09140736183784631,0.3348081440779003,11,0.04065304076569632,0.22466601099049116,32,0.04429591191152227,0.14565440938239102
87,4-11-32,3,0.15802154236326024,32x212,0.0338282999873627,4,0.0950887261856386,0.18408251425496772,11,0.04534159963472476,0.10313830900649697,32,0.039318678437232545,0.10912465605926562
88,4-11-32,3,0.15329066439183633,32x212,0.033433099975809455,4,0.08760301726995379,0.271997345072058,11,0.03973110746082981,0.17469616385473408,32,0.042350007713652625,0.12628965924313043
89,4-11-32,3,0.15121574147217537,32x212,0.03463690000353381,4,0.09347242715089216,0.24315027471094064,11,0.03632228766599278,0.250633189051056,32,0.03875035116649241,0.14870042550924137
90,4-11-32,3,0.15916102729103326,32x212,0.028068100014934316,4,0.0927534500621177,0.35144037370507375,11,0.04370901620240112,0.19268111938195523,32,0.0501056334752106,0.10390567263038684
91,4-11-32,3,0.14022937864038562,32x212,0.04206989999511279,4,0.086699835559801,0.47566447715941806,11,0.03852116965755665,0.2049757444484737,32,0.04201497801138467,0.12113860754459028
92,4-11-32,3,0.1523823865731714,32x212,0.044229499995708466,4,0.09736696987913582,0.25367713775978645,11,0.03767302955125282,0.28552487893513484,32,0.04400027113571098,0.11920998799445522
93,4-11-32,3,0.1702908607261832,32x212,0.0471502999716904,4,0.10565131473351266,0.31647547124430203,11,0.04046461718626867,0.23347168005266006,32,0.06512671412107658,0.18212610475285917
94,4-11-32,3,0.17086506765200757,32x212,0.044762900011846796,4,0.11380907529948145,0.237476323690736,11,0.04100030921927241,0.13793792765675522,32,0.04990929059834794,0.10419477682748245
95,4-11-32,3,0.15592892324160337,32x212,0.04325519999838434,4,0.1004808481807823,0.2434399802564715,11,0.03730275331025131,0.14539139304759552,32,0.04504958562793966,0.1573591929315665
96,4-11-32,3,0.15107269098933432,32x212,0.04393549999804236,4,0.09347190874253093,0.36563406726157166,11,0.04491427595978658,0.17167555328493,32,0.046498898068040535,0.1680477458625837
97,4-11-32,3,0.1561303661085564,32x212,0.04110089997993782,4,0.1008687618165375,0.32006085786624605,11,0.039382132784148254,0.20223789672647796,32,0.049060087973707575,0.11169284486474888
98,4-11-32,3,0.15420702122789529,32x212,0.04402260002098046,4,0.09574612073638356,0.2525598259828618,11,0.04341802519561897,0.16109003172508274,32,0.0416053669669682,0.11939629555161474
99,4-11-32,3,0.14881591330481767,32x212,0.04364459999487735,4,0.08168331734454948,0.3312709665602456,11,0.04860064562722921,0.11497586231478388,32,0.04085330452730955,0.11013342968346339
100,4-11-32,3,0.13998556513639634,32x212,0.04388189999735914,4,0.08051892020794678,0.3115971928698444,11,0.04427929944651749,0.15026425010903235,32,0.03769359006222583,0.12418865444731013
101,4-11-32,3,0.15729343964442866,32x212,0.04308939998736605,4,0.09174393893955546,0.18723505991771314,11,0.04761145423097986,0.11736659750352116,32,0.04135220746495996,0.12591882399978407
102,4-11-32,3,0.15179958570967977,32x212,0.04258129998925142,4,0.09452461232746764,0.3666129152050943,11,0.05194965642233531,0.13836258661869041,32,0.043601847664757595,0.15459793040395267
103,4-11-32,3,0.15263367073148362,32x212,0.045537700003478676,4,0.08410337035837347,0.3262370353033471,11,0.061343257832469494,0.1949978599464399,32,0.04434399870568231,0.13685918361451124
104,4-11-32,3,0.1526873727977912,32x212,0.04561430000467226,4,0.08607574281321254,0.3126344566221051,11,0.04764759212396507,0.1484014425476709,32,0.04818417160254593,0.11152824680936321
105,4-11-32,3,0.15263921456101875,32x212,0.05598219999228604,4,0.08998219635166797,0.3674538849241295,11,0.0448997129567262,0.14854210075952684,32,0.048736693331010134,0.1101076963292641
106,4-11-32,3,0.15013156769877306,32x212,0.048254900000756606,4,0.09186792346421402,0.2939749042566981,11,0.03949608154236748,0.12689175455443555,32,0.045509631342105776,0.14472862256598357
107,4-11-32,3,0.14801896368478107,32x212,0.041555500007234514,4,0.08603918173987435,0.3552548179735832,11,0.05000252199341309,0.11366453928603883,32,0.04408359974578354,0.13965523999893034
108,4-11-32,3,0.1317186867689552,32x212,0.047589900001185015,4,0.0822634448032183,0.42064502582680335,11,0.038921734764168596,0.18508769655308918,32,0.042013956300535456,0.12103209047860022
109,4-11-32,3,0.15487886340400459,32x212,0.041604300000471994,4,0.10460360510549792,0.21216665672068266,11,0.03770279492080733,0.24124309170621805,32,0.03918798049615189,0.12949476600252308
110,4-11-32,3,0.15104424798474372,32x212,0.04492499999469146,4,0.09016371836176511,0.3824041043933553,11,0.05449501068300609,0.26049279769284317,32,0.04142874579775186,0.13040975771025082
111,4-11-32,3,0.14414445501913417,32x212,0.04348630001186393,4,0.08816030433123685,0.2620355845929315,11,0.03933142540910084,0.16975167832601043,32,0.04200390721341668,0.10938911019912628
112,4-11-32,3,0.15538311851804482,32x212,0.04122610000194982,4,0.09398239341821386,0.2929656735338858,11,0.04591859971857817,0.2088080351604666,32,0.04718678760334963,0.11452001284212392
113,4-11-32,3,0.16401472036190118,32x212,0.043315499991877005,4,0.09251609963555624,0.36093987147762263,11,0.05880768197174571,0.15211804858028782,32,0.04892662597594906,0.10915881967768754
114,4-11-32,3,0.1613730803421699,32x212,0.04514170001493767,4,0.09951460443277006,0.2696870741524882,11,0.040217220053603786,0.18782308629291358,32,0.048512329595266614,0.12383067305735866
115,4-11-32,3,0.15643290305231616,32x212,0.04521129999193363,4,0.099147871194217,0.17677785323342818,11,0.044326615188002155,0.173110588090308,32,0.04102916079378198,0.17730865777848334
116,4-11-32,3,0.1513363171277576,32x212,0.05181760000414215,4,0.09308779668338357,0.2703708989783058,11,0.047172953186294345,0.14081706283654777,32,0.03677678620095628,0.14455941826665647
117,4-11-32,3,0.15429460026211833,32x212,0.05548409998300485,4,0.09281537477343123,0.28297121552371124,11,0.0378794516576714,0.23924477975588446,32,0.04968948551897941,0.12192138425377212
118,4-11-32,3,0.14334544262491386,32x212,0.051358299999265,4,0.08301084370298205,0.5018384967993302,11,0.05849036042300768,0.21224775376228672,32,0.044726557100513674,0.12347512811375819
119,4-11-32,3,0.15292073503412562,32x212,0.05497680002008565,4,0.08851899519578457,0.34010107597079103,11,0.042342714274623626,0.14738020144735467,32,0.04196967594369954,0.10740475454164955
120,4-11-32,3,0.14784930045977682,32x212,0.06462610000744462,4,0.09530037085191774,0.3878630762538527,11,0.039744045888295804,0.2032125763061725,32,0.044682226865074906,0.11646654266748581
121,4-11-32,3,0.1396472274046551,32x212,0.0529314000159502,4,0.08456320791336337,0.2818672947009386,11,0.042442067155404335,0.1342729159197625,32,0.04193078660928302,0.11864290927375028
122,4-11-32,3,0.15108024991955066,32x212,0.06177969998680055,4,0.08675377484960875,0.32702360031047945,11,0.04052748752857788,0.19206529086208918,32,0.04266450982738613,0.13205921946255902
123,4-11-32,3,0.14798888562410747,32x212,0.056240699981572106,4,0.08726584429491298,0.22329612370048135,11,0.03475113154169606,0.3005174904796186,32,0.048133638097010406,0.12364907370635866
124,4-11-32,3,0.14281692656458267,32x212,0.05207000000518747,4,0.09072998836805649,0.26876542591226776,11,0.03402097728693822,0.2845005506726206,32,0.044008974010549456,0.12698763797342585
125,4-11-32,3,0.14614637526115837,32x212,0.054394700011471286,4,0.09081932815364448,0.18772764489812344,11,0.035053591749507396,0.20982743123603545,32,0.04312706771622006,0.1426586148725368
126,4-11-32,3,0.14570868471183654,32x212,0.054454099998110905,4,0.089607991603844,0.40999798639396484,11,0.042972312049471904,0.29674718834827524,32,0.045242302490149065,0.1319492867986539
127,4-11-32,3,0.16051700156740129,32x212,0.05266780001693405,4,0.10366341126914944,0.3591186314050549,11,0.042922040713022226,0.15776650100676623,32,0.04425463934993997,0.1350722495223186
128,4-11-32,3,0.1558232840461449,32x212,0.06585710000945255,4,0.10041706806008308,0.1586505714872447,11,0.03909977471609445,0.15793289762737764,32,0.03841184785985371,0.12895091446206292
129,4-11-32,3,0.15830500944308876,32x212,0.050286499987123534,4,0.09843271828019558,0.4080375358695636,11,0.04700260122514761,0.20621316251340382,32,0.049219003881990846,0.11792386637146456
130,4-11-32,3,0.15420770668127073,32x212,0.05490940000163391,4,0.09843863702547047,0.35716584803207274,11,0.04174255056613254,0.17223223184956854,32,0.037761925088497024,0.11316966215138524
131,4-11-32,3,0.14652346186087106,32x212,0.06642420002026483,4,0.09295950954620548,0.2687419383147199,11,0.03497900444497871,0.18420232672469103,32,0.042643478194951186,0.1179622560640972
132,4-11-32,3,0.16179331959715612,32x212,0.05988829999114387,4,0.10627175032248176,0.333315053874999,11,0.04311493008343373,0.17808781645828936,32,0.03607331202274719,0.14460816969237197
133,4-11-32,3,0.15616254165922433,32x212,0.050050899997586384,4,0.09911129891067033,0.37560912615005765,11,0.05442299700932204,0.19246803456986777,32,0.04713623425570416,0.12039437209329133
134,4-11-32,3,0.1576217324185107,32x212,0.05395359999965876,4,0.10158969808716259,0.21055897375987123,11,0.040311325543090464,0.1573399798733861,32,0.05005821945055172,0.1173537148694863
135,4-11-32,3,0.17151009891579697,32x212,0.05025739999837242,4,0.12293332274063577,0.23889696801853696,11,0.03823589435528574,0.180338664999764,32,0.043174608984563996,0.12380917595070712
136,4-11-32,3,0.14209815396693629,32x212,0.04865280000376515,4,0.09413930471936705,0.27491388470563416,11,0.03920170750508265,0.2710830657294237,32,0.04439255622244158,0.1792935204352366
137,4-11-32,3,0.14493117073286912,32x212,0.050392899982398376,4,0.09207387792871057,0.37675538265884095,11,0.03586744561499842,0.2711318396395966,32,0.04655137516360134,0.13072480037950254
138,4-11-32,3,0.14711249979288324,32x212,0.052015499997651204,4,0.09042322791807321,0.35806845839348717,11,0.04486120121143924,0.17681367935112552,32,0.041187401526889184,0.17128017839002976
139,4-11-32,3,0.14308829956183075,32x212,0.049831700016511604,4,0.09777598276144164,0.21442773590764008,11,0.03330460220795607,0.21408902433869703,32,0.03849066957349224,0.13623255592833558
140,4-11-32,3,0.15617748246522464,32x212,0.057903399982023984,4,0.10657726891858778,0.41214455413118173,11,0.0451783712732066,0.13259961773779635,32,0.03990646726386606,0.13665681582702205
141,4-11-32,3,0.16140596204870808,32x212,0.06261059999815188,4,0.1033680197047853,0.17417139437185766,11,0.04400384057626915,0.13493951244160202,32,0.04176072703497722,0.14454131814367532
142,4-11-32,3,0.15583310538934764,32x212,0.05848000000696629,4,0.09119586182031578,0.2558023827118297,11,0.05016782762178288,0.16216667249349842,32,0.04162722191634836,0.16513977711303587
143,4-11-32,3,0.152044796906105,32x212,0.058466200018301606,4,0.10007776374763647,0.17791122458928263,11,0.0636704626306563,0.172791103667978,32,0.03923840840232638,0.18575080675518046
144,4-11-32,3,0.1548456367790001,32x212,0.05415459998766892,4,0.09779527185588052,0.2782258012433694,11,0.046259354489480375,0.23953717431254298,32,0.04579468716273898,0.1245047814739899
145,4-11-32,3,0.1425329711432827,32x212,0.0626736999838613,4,0.0931360006842995,0.3168851149649654,11,0.03991663431378376,0.12821231559422186,32,0.03680123277637786,0.10910955068816833
146,4-11-32,3,0.14981558085556632,32x212,0.06483129999833182,4,0.08378759796504777,0.3119936765447558,11,0.04561427670354032,0.19238665230526286,32,0.04800083750473922,0.1167065645918636
147,4-11-32,3,0.14140826196766068,32x212,0.066895999974804,4,0.08446038234818802,0.34561244285647624,11,0.03738825706693042,0.18066456595384292,32,0.04386274904632845,0.11170449472285564
148,4-11-32,3,0.15158111592955376,32x212,0.06792100000893697,4,0.10309598257686056,0.25810781924996207,11,0.0400513209228694,0.20107369456581778,32,0.03653533094319699,0.1473147195756459
149,4-11-32,3,0.17335530208735958,32x212,0.06122860001050867,4,0.11968173818009577,0.11923296028085723,11,0.041738821868101135,0.09778687568306806,32,0.041661169247308574,0.12061136708891074
150,4-11-32,3,0.16060530939837497,32x212,0.058095999993383884,4,0.10521532914546433,0.21240344949860138,11,0.040350862156592185,0.17366915559601914,32,0.048321192613984223,0.13285901782156354
151,4-11-32,3,0.15894121244336687,32x212,0.05941929999971762,4,0.10677705243154427,0.23692071703618825,11,0.04551874506807243,0.1446151402272546,32,0.03790295087295918,0.12245212263707203
152,4-11-32,3,0.16302335881304636,32x212,0.05534709998755716,4,0.09658517400029511,0.2844027509810092,11,0.05112363199930166,0.17083569296308335,32,0.04258390438174943,0.12824502825789436
153,4-11-32,3,0.14809964802279357,32x212,0.05729170000995509,4,0.08837492980284703,0.29738529004990705,11,0.04370937450082876,0.19913365047255469,32,0.04434898770879716,0.14799130252669795
154,4-11-32,3,0.15323707201529793,32x212,0.05396560000372119,4,0.09742480841505309,0.264997154647685,11,0.04063587771681919,0.19761523471083053,32,0.0398905290894962,0.1282756604064121
155,4-11-32,3,0.14835321914722577,32x212,0.059224800002994016,4,0.09778107979131449,0.39329413829012766,11,0.0405485199070864,0.2110622265746463,32,0.040227914400726934,0.11342780891562097
156,4-11-32,3,0.1494594839221078,32x212,0.05639770001289435,4,0.084367153471535,0.33299463582318184,11,0.04561649823060553,0.21248867564769924,32,0.04217403392441494,0.14855527022908166
157,4-11-32,3,0.15850855207016637,32x212,0.054112000012537464,4,0.10310138639805201,0.28558742611776605,11,0.045624287712312195,0.11402067927230423,32,0.04203827484813522,0.12228920767812437
158,4-11-32,3,0.1495165707707816,32x212,0.05202979999012314,4,0.0906819848425265,0.3285624493128044,11,0.04313720514846205,0.18022376428068917,32,0.04034630685237362,0.12269308780327952
159,4-11-32,3,0.1551923906365916,32x212,0.05777620000299066,4,0.09634334881020304,0.2359631565430194,11,0.04062815730588722,0.14307474734919456,32,0.040832717553327354,0.14971535483845647
160,4-11-32,3,0.16327609435788118,32x212,0.051296699995873496,4,0.1093712341676689,0.3317006055636267,11,0.04272903351393982,0.17470276099617288,32,0.04396251585547026,0.14047392673092565
161,4-11-32,3,0.17590118777908967,32x212,0.055070600006729364,4,0.12018856538411818,0.25262899163173486,11,0.04676218777703406,0.1613181640738901,32,0.043237725938932964,0.15356981925169852
162,4-11-32,3,0.16060550736182236,32x212,0.062306500010890886,4,0.1048908682489526,0.24977312799501064,11,0.042397170998555604,0.17471593227834192,32,0.042275676791173965,0.12275096951167813
163,4-11-32,3,0.17010912984746626,32x212,0.056934499996714294,4,0.10875321268236987,0.22048581123567665,11,0.04795167756762357,0.1258155631156655,32,0.04384799274240473,0.14503684370599726
164,4-11-32,3,0.15758448212538848,32x212,0.0539676999906078,4,0.09627002729836899,0.3130650651197348,11,0.04179665642805015,0.17862155084593595,32,0.04418550749771843,0.12638414524835706
165,4-11-32,3,0.15085785331624077,32x212,0.05679840000811964,4,0.10276452962043364,0.31270963049957656,11,0.040729228241913294,0.20702540761713178,32,0.038533868551652015,0.11339757863244693
166,4-11-32,3,0.15932828908507626,32x212,0.04883050001808442,4,0.10786957359534974,0.22453105270798823,11,0.03637914063137176,0.1743766332786966,32,0.04338116112509205,0.12512415723109366
167,4-11-32,3,0.18667167499322998,32x212,0.05186639999737963,4,0.13467465786169763,0.23094055641283043,11,0.04436052651995578,0.17271396157472035,32,0.046439918745848685,0.09923528401851818
168,4-11-32,3,0.16483763170543908,32x212,0.053556500002741814,4,0.11690305416686649,0.18769429994190004,11,0.04187234369726466,0.15956204521272796,32,0.03575736990071451,0.11025091924057263
169,4-11-32,3,0.17074215496042228,32x212,0.05701469999621622,4,0.11654864040848213,0.27227843353082964,11,0.04486069591625314,0.19343718068614363,32,0.03990141317305704,0.14794153232556578
170,4-11-32,3,0.18312719265237354,32x212,0.057609899988165125,4,0.13038455252993256,0.2243304535973996,11,0.046409838996912624,0.1719275757415021,32,0.04377290949002171,0.14145335112267496
171,4-11-32,3,0.16210749954555448,32x212,0.05622210001456551,4,0.1060182699046208,0.27369827450154055,11,0.04223141084400537,0.19729081627218162,32,0.04375075233917161,0.12347869926500758
172,4-11-32,3,0.17197259122266145,32x212,0.05270380000001751,4,0.11707507388194514,0.17685407206207335,11,0.041064425193135815,0.13564291263714642,32,0.04301952000784598,0.12984637894014156
173,4-11-32,3,0.15959518420450958,32x212,0.05404249997809529,4,0.1083219081523409,0.39289861191732406,11,0.04420930558089764,0.20343507836025465,32,0.03872612877426838,0.1319639299136389
174,4-11-32,3,0.16141235002630064,32x212,0.05089759998372756,4,0.10394851316469873,0.2823984718713341,11,0.045221899434187085,0.1433715084573584,32,0.03865837887810462,0.10924557206779416
175,4-11-32,3,0.1709593341035365,32x212,0.053295699995942414,4,0.12535859971891156,0.34755846749860386,11,0.043654754897110945,0.14196966304919795,32,0.04040250996132464,0.10259487809763844
176,4-11-32,3,0.16004722394270557,32x212,0.0559130999899935,4,0.10115517174376114,0.3156212582105323,11,0.043724523766206246,0.1865421373563171,32,0.04459131077351169,0.11198077503646037
177,4-11-32,3,0.16032148222167067,32x212,0.050555900001199916,4,0.10350389429548672,0.25564393158221155,11,0.04344279953526286,0.13317993219012322,32,0.04308912446170037,0.11354353274850786
178,4-11-32,3,0.16645160310803028,32x212,0.058017500006826594,4,0.11379560439606148,0.2914145301659516,11,0.04280984140937484,0.13095730335322164,32,0.03887963479597903,0.11396665219414841
179,4-11-32,3,0.1571447968960767,32x212,0.05006010000943206,4,0.10417362404590996,0.21483170004424523,11,0.040512695461183,0.1379339004886067,32,0.03967829083772364,0.1150023380993321
180,4-11-32,3,0.1709137231748572,32x212,0.0593718999880366,4,0.11921251305394369,0.27577179403082214,11,0.03996158372261103,0.20685291955567073,32,0.04720986630168893,0.10776733651608376
181,4-11-32,3,0.17767216521135407,32x212,0.053929700021399185,4,0.12365018309865633,0.15108950017979392,11,0.04687155218609116,0.10275633498187373,32,0.03991320115070234,0.11408139060649576
182,4-11-32,3,0.16854515448759477,32x212,0.06192040001042187,4,0.11509070125076683,0.3639440259352522,11,0.04453809753103613,0.15562279980188778,32,0.045133067855992706,0.11278276025213506
183,4-11-32,3,0.15737086818786597,32x212,0.060107900004368275,4,0.10216039664289252,0.37046733241895907,11,0.03990160702372764,0.16803920206565356,32,0.04061583864254191,0.1049181650202748
184,4-11-32,3,0.1857171760296679,32x212,0.05930260001332499,4,0.141383169317717,0.1793314177740354,11,0.04285635937579924,0.16297368084056427,32,0.0409354703491545,0.11200691112709743
185,4-11-32,3,0.18537808684696191,32x212,0.06499199999962002,4,0.13916340376439487,0.207966480111584,11,0.04272597738997688,0.11433955453158798,32,0.04418686886511404,0.11449725258841889
186,4-11-32,3,0.15841852951667176,32x212,0.056436400016536936,4,0.10377681602718798,0.3180118090550243,11,0.0389901715174944,0.15603835523250673,32,0.042793811878156146,0.13337504662557825
187,4-11-32,3,0.15534356347182318,32x212,0.05801219999557361,4,0.1012217354668466,0.4085188359954592,11,0.05440548380714482,0.17085148062328712,32,0.042869661265461344,0.12359361328218732
188,4-11-32,3,0.17268250135922533,32x212,0.05624460001126863,4,0.10748589394740073,0.18694232982632306,11,0.044429882241600605,0.08759692410109055,32,0.06391146462655535,0.10479391048007788
189,4-11-32,3,0.16040863044845402,32x212,0.0517243999929633,4,0.1015189343484608,0.29587386872529436,11,0.045037622700900726,0.22816130271433901,32,0.04696551220888092,0.11340043605020822
190,4-11-32,3,0.16013631670513578,32x212,0.05389509999076836,4,0.10198655031320575,0.47059304317608813,11,0.04242537292608477,0.20534351172581816,32,0.04897316322312232,0.10801702273503971
191,4-11-32,3,0.17123582448716743,32x212,0.049061099998652935,4,0.11530179727420177,0.4119572913254501,11,0.054047693661514115,0.1760636364914209,32,0.03860098897716097,0.11676761894591159
192,4-11-32,3,0.1831023865700921,32x212,0.054649700003210455,4,0.12892335277839223,0.12977732158850053,11,0.04573159606067365,0.11403555581261865,32,0.04288259017492853,0.14413782618149168
193,4-11-32,3,0.17543386498301983,32x212,0.05238200002349913,4,0.1299651702329271,0.22053499340824956,11,0.04326860636700856,0.11608696991817463,32,0.04043869918113109,0.1531350904678881
194,4-11-32,3,0.18785451260871355,32x212,0.055983099999139085,4,0.14130515166295693,0.23612520367180403,11,0.041736392360056745,0.16385524591120368,32,0.042942600824839944,0.12719544833079857
195,4-11-32,3,0.18573083839474433,32x212,0.05255419999593869,4,0.13691412038386575,0.19639088301765675,11,0.047470159578762196,0.10324414578461959,32,0.03704552421290978,0.11398666547133553
196,4-11-32,3,0.17411592063114179,32x212,0.050873000000137836,4,0.12332879641658721,0.3270263292600419,11,0.043642711189921246,0.14835257284788936,32,0.04150069648739123,0.12179111101898876
197,4-11-32,3,0.20585979023025602,32x212,0.05749350000405684,4,0.1544752218718981,0.2736208277273364,11,0.04621012070116989,0.13236817888371016,32,0.04714208586170402,0.09568752749593627
198,4-11-32,3,0.17474525204355426,32x212,0.056002500001341105,4,0.12106517178253934,0.26399534230057714,11,0.043455859096384275,0.180183379577738,32,0.04187084058713525,0.13770171072103016
199,4-11-32,3,0.16591610721958197,32x212,0.049830300005851313,4,0.11767623704726375,0.3410674843595563,11,0.044876077079646436,0.1717521664586105,32,0.036697810870771466,0.15379758008048217
200,4-11-32,3,0.21312140618427658,32x212,0.0659254000056535,4,0.1697414589171483,0.3151487638579706,11,0.04609207635029107,0.1451621712308873,32,0.04563555293851075,0.08632265252946861
201,4-11-32,3,0.20256640740281276,32x212,0.05959750001784414,4,0.15950272546009467,0.292151399477274,11,0.04751663908629578,0.12464237223318761,32,0.039533231771749514,0.10241801035626032
202,4-11-32,3,0.19850654237119408,32x212,0.05143789999419823,4,0.15091360878267276,0.2723861511832053,11,0.04330270048097878,0.126228104318183,32,0.046228621973000324,0.09944953944747162
203,4-11-32,3,0.20718539650405463,32x212,0.05619030000525527,4,0.16124517393605378,0.2785189738032771,11,0.04384381351826582,0.15507046302590763,32,0.04463380429273284,0.09030755922040261
204,4-11-32,3,0.19672297839912575,32x212,0.060977599991019815,4,0.15325688202369775,0.2718609517564188,11,0.04584824619182893,0.1135946104343042,32,0.0406261303420377,0.10190153303561549
205,4-11-32,3,0.19692033367340087,32x212,0.06031649999204092,4,0.14284970833314603,0.3695616533557742,11,0.05116474150790572,0.14171160129872173,32,0.043587339991623605,0.1082573774897479
206,4-11-32,3,0.20278882635509293,32x212,0.05457139998907223,4,0.15550411849895768,0.34510077049518567,11,0.04403767467250758,0.1456144503165297,32,0.046620989506077265,0.08257542452629865
207,4-11-32,3,0.23132107994327575,32x212,0.05092839998542331,4,0.19203763827020848,0.22493246123341096,11,0.04538703795882338,0.13452141164729153,32,0.048347163076267574,0.1057209468403599
208,4-11-32,3,0.21021111741607598,32x212,0.058469100011279806,4,0.16447177466840704,0.27163803484333543,11,0.047251345728318406,0.13768263900266564,32,0.04152129731362241,0.10044044290599329
209,4-11-32,3,0.19140250577991366,32x212,0.052637699991464615,4,0.14023370102963997,0.3666187319217243,11,0.046544060760940156,0.1576553680672492,32,0.044802571467052854,0.08583341974644756
