clase,archivo,ruta,variante_deep_onmf,F_001,F_002,F_003,F_004,F_005
AS,New_AS_001.wav,C:\Users\armga\OneDrive\Escritorio\TFG\Programacion objetivo\Bases de Datos\AS_New_3주기\New_AS_001.wav,perfil_softmin_errores_f4,5.132115194311045e-05,0.29805797930785805,0.19273999915095202,0.23158027890565552,0.27757042148359123
AS,New_AS_002.wav,C:\Users\armga\OneDrive\Escritorio\TFG\Programacion objetivo\Bases de Datos\AS_New_3주기\New_AS_002.wav,perfil_softmin_errores_f4,2.6325588977444957e-05,0.31475640001863303,0.15751898847421164,0.22732191109909927,0.3003763748190785
AS,New_AS_003.wav,C:\Users\armga\OneDrive\Escritorio\TFG\Programacion objetivo\Bases de Datos\AS_New_3주기\New_AS_003.wav,perfil_softmin_errores_f4,1.3692780622082734e-05,0.3094583019403316,0.17030082160358467,0.2208145403013756,0.29941264337408613
AS,New_AS_004.wav,C:\Users\armga\OneDrive\Escritorio\TFG\Programacion objetivo\Bases de Datos\AS_New_3주기\New_AS_004.wav,perfil_softmin_errores_f4,1.4190511527309581e-05,0.3165731172667102,0.16064505251588498,0.2174278301201821,0.30533980958569534
AS,New_AS_005.wav,C:\Users\armga\OneDrive\Escritorio\TFG\Programacion objetivo\Bases de Datos\AS_New_3주기\New_AS_005.wav,perfil_softmin_errores_f4,2.1528552609899973e-05,0.28946714273658736,0.1549555515000394,0.2512399778605939,0.30431579935016945
AS,New_AS_006.wav,C:\Users\armga\OneDrive\Escritorio\TFG\Programacion objetivo\Bases de Datos\AS_New_3주기\New_AS_006.wav,perfil_softmin_errores_f4,1.4765683252267125e-05,0.324163950517398,0.15014817413175519,0.25451212639134124,0.2711609832762533
AS,New_AS_007.wav,C:\Users\armga\OneDrive\Escritorio\TFG\Programacion objetivo\Bases de Datos\AS_New_3주기\New_AS_007.wav,perfil_softmin_errores_f4,3.199754054034085e-05,0.2989643569324509,0.16846965030182123,0.22863864029780048,0.30389535492738695
AS,New_AS_008.wav,C:\Users\armga\OneDrive\Escritorio\TFG\Programacion objetivo\Bases de Datos\AS_New_3주기\New_AS_008.wav,perfil_softmin_errores_f4,1.695860384378596e-05,0.30691243898132203,0.15273340524563425,0.2521631988567259,0.2881739983124741
AS,New_AS_009.wav,C:\Users\armga\OneDrive\Escritorio\TFG\Programacion objetivo\Bases de Datos\AS_New_3주기\New_AS_009.wav,perfil_softmin_errores_f4,1.4474377150520682e-05,0.32401084970482025,0.15660237218179204,0.23393164389315357,0.28544065984308364
AS,New_AS_010.wav,C:\Users\armga\OneDrive\Escritorio\TFG\Programacion objetivo\Bases de Datos\AS_New_3주기\New_AS_010.wav,perfil_softmin_errores_f4,3.110973484566043e-05,0.2926656957483081,0.1653460614007341,0.2429949413605237,0.2989621917555884
AS,New_AS_011.wav,C:\Users\armga\OneDrive\Escritorio\TFG\Programacion objetivo\Bases de Datos\AS_New_3주기\New_AS_011.wav,perfil_softmin_errores_f4,1.3112937652998391e-05,0.3172479360352279,0.16383759202570225,0.23859174223347576,0.28030961676794103
AS,New_AS_012.wav,C:\Users\armga\OneDrive\Escritorio\TFG\Programacion objetivo\Bases de Datos\AS_New_3주기\New_AS_012.wav,perfil_softmin_errores_f4,1.8814577382558858e-05,0.3097963022182988,0.1676858267964214,0.24270639469241653,0.27979266171548073
AS,New_AS_013.wav,C:\Users\armga\OneDrive\Escritorio\TFG\Programacion objetivo\Bases de Datos\AS_New_3주기\New_AS_013.wav,perfil_softmin_errores_f4,2.3566859445629106e-05,0.29251263828243146,0.14962031580268212,0.25639450355404536,0.3014489755013954
AS,New_AS_014.wav,C:\Users\armga\OneDrive\Escritorio\TFG\Programacion objetivo\Bases de Datos\AS_New_3주기\New_AS_014.wav,perfil_softmin_errores_f4,1.0898424098274509e-05,0.3094034007121641,0.14512585622868213,0.24100472238372508,0.3044551222513304
AS,New_AS_015.wav,C:\Users\armga\OneDrive\Escritorio\TFG\Programacion objetivo\Bases de Datos\AS_New_3주기\New_AS_015.wav,perfil_softmin_errores_f4,4.9416579295669555e-05,0.3035941616986229,0.17137852553161767,0.23249619876650437,0.2924816974239594
AS,New_AS_016.wav,C:\Users\armga\OneDrive\Escritorio\TFG\Programacion objetivo\Bases de Datos\AS_New_3주기\New_AS_016.wav,perfil_softmin_errores_f4,1.4430587722645549e-05,0.3097936955209412,0.14796345509508252,0.25104102866821654,0.29118739012803707
AS,New_AS_017.wav,C:\Users\armga\OneDrive\Escritorio\TFG\Programacion objetivo\Bases de Datos\AS_New_3주기\New_AS_017.wav,perfil_softmin_errores_f4,2.8886312321760052e-05,0.29315796847528713,0.17317698697878361,0.2470789792537387,0.28655717897986865
AS,New_AS_018.wav,C:\Users\armga\OneDrive\Escritorio\TFG\Programacion objetivo\Bases de Datos\AS_New_3주기\New_AS_018.wav,perfil_softmin_errores_f4,2.7849691008840633e-05,0.3052321270222278,0.17591865765506057,0.23593797848541623,0.2828833871462865
AS,New_AS_019.wav,C:\Users\armga\OneDrive\Escritorio\TFG\Programacion objetivo\Bases de Datos\AS_New_3주기\New_AS_019.wav,perfil_softmin_errores_f4,2.325054781101506e-05,0.3013038995460202,0.17950576768747142,0.22657433465051344,0.29259274756818393
AS,New_AS_020.wav,C:\Users\armga\OneDrive\Escritorio\TFG\Programacion objetivo\Bases de Datos\AS_New_3주기\New_AS_020.wav,perfil_softmin_errores_f4,2.0764699517699397e-05,0.29467714505060794,0.1558869436759018,0.2526601737393518,0.29675497283462077
AS,New_AS_021.wav,C:\Users\armga\OneDrive\Escritorio\TFG\Programacion objetivo\Bases de Datos\AS_New_3주기\New_AS_021.wav,perfil_softmin_errores_f4,2.6344915396639373e-05,0.316938863004724,0.17137067079778193,0.2265193744155222,0.28514474686657526
AS,New_AS_022.wav,C:\Users\armga\OneDrive\Escritorio\TFG\Programacion objetivo\Bases de Datos\AS_New_3주기\New_AS_022.wav,perfil_softmin_errores_f4,1.6771555653772342e-05,0.31539586934595465,0.1694912573072207,0.2260194020801347,0.2890766997110361
AS,New_AS_023.wav,C:\Users\armga\OneDrive\Escritorio\TFG\Programacion objetivo\Bases de Datos\AS_New_3주기\New_AS_023.wav,perfil_softmin_errores_f4,2.8453756972228172e-05,0.316589843458811,0.17813704680425116,0.22935183340075013,0.27589282257921555
AS,New_AS_024.wav,C:\Users\armga\OneDrive\Escritorio\TFG\Programacion objetivo\Bases de Datos\AS_New_3주기\New_AS_024.wav,perfil_softmin_errores_f4,1.7051422458754275e-05,0.31494244512361047,0.15901418234578132,0.2371834716664362,0.28884284944171323
AS,New_AS_025.wav,C:\Users\armga\OneDrive\Escritorio\TFG\Programacion objetivo\Bases de Datos\AS_New_3주기\New_AS_025.wav,perfil_softmin_errores_f4,1.939362928887992e-05,0.3105931938984894,0.15568987236418286,0.23981214972211579,0.29388539038592304
AS,New_AS_026.wav,C:\Users\armga\OneDrive\Escritorio\TFG\Programacion objetivo\Bases de Datos\AS_New_3주기\New_AS_026.wav,perfil_softmin_errores_f4,1.9059855765405074e-05,0.29123642195324756,0.15200813670071936,0.27809594790600534,0.27864043358426227
AS,New_AS_027.wav,C:\Users\armga\OneDrive\Escritorio\TFG\Programacion objetivo\Bases de Datos\AS_New_3주기\New_AS_027.wav,perfil_softmin_errores_f4,1.8982926616270796e-05,0.2809772555802549,0.15243416826377967,0.2734333023385268,0.29313629089082244
AS,New_AS_028.wav,C:\Users\armga\OneDrive\Escritorio\TFG\Programacion objetivo\Bases de Datos\AS_New_3주기\New_AS_028.wav,perfil_softmin_errores_f4,3.6427821745709214e-05,0.2870892558370232,0.16844474324533784,0.25879872878262306,0.2856308443132702
AS,New_AS_029.wav,C:\Users\armga\OneDrive\Escritorio\TFG\Programacion objetivo\Bases de Datos\AS_New_3주기\New_AS_029.wav,perfil_softmin_errores_f4,3.457181278280381e-05,0.2940027980778296,0.15118750703402672,0.26358657904202176,0.29118854403333905
AS,New_AS_030.wav,C:\Users\armga\OneDrive\Escritorio\TFG\Programacion objetivo\Bases de Datos\AS_New_3주기\New_AS_030.wav,perfil_softmin_errores_f4,1.8414458726750237e-05,0.29629161393086983,0.15745215561789913,0.2466312817897257,0.29960653420277866
AS,New_AS_031.wav,C:\Users\armga\OneDrive\Escritorio\TFG\Programacion objetivo\Bases de Datos\AS_New_3주기\New_AS_031.wav,perfil_softmin_errores_f4,3.609311825531717e-05,0.29793360826838683,0.16567173422263642,0.26959071627337755,0.26676784811734383
AS,New_AS_032.wav,C:\Users\armga\OneDrive\Escritorio\TFG\Programacion objetivo\Bases de Datos\AS_New_3주기\New_AS_032.wav,perfil_softmin_errores_f4,1.4368278109374782e-05,0.29186647235309127,0.15363035219744475,0.2558230886059217,0.2986657185654329
AS,New_AS_033.wav,C:\Users\armga\OneDrive\Escritorio\TFG\Programacion objetivo\Bases de Datos\AS_New_3주기\New_AS_033.wav,perfil_softmin_errores_f4,4.027568941373349e-05,0.3012711521200869,0.17639138505035556,0.23804538594259383,0.28425180119754995
AS,New_AS_034.wav,C:\Users\armga\OneDrive\Escritorio\TFG\Programacion objetivo\Bases de Datos\AS_New_3주기\New_AS_034.wav,perfil_softmin_errores_f4,2.205869867381746e-05,0.299396841197569,0.16823458651057555,0.23693382847458422,0.2954126851185975
AS,New_AS_035.wav,C:\Users\armga\OneDrive\Escritorio\TFG\Programacion objetivo\Bases de Datos\AS_New_3주기\New_AS_035.wav,perfil_softmin_errores_f4,2.035139382237533e-05,0.2859359971553926,0.14973834137595213,0.25090705640071953,0.3133982536741134
AS,New_AS_036.wav,C:\Users\armga\OneDrive\Escritorio\TFG\Programacion objetivo\Bases de Datos\AS_New_3주기\New_AS_036.wav,perfil_softmin_errores_f4,3.1964358364337446e-05,0.29793385841822284,0.15543645391209357,0.25296756019033556,0.29363016312098367
AS,New_AS_037.wav,C:\Users\armga\OneDrive\Escritorio\TFG\Programacion objetivo\Bases de Datos\AS_New_3주기\New_AS_037.wav,perfil_softmin_errores_f4,1.4020366854548104e-05,0.3028660882887285,0.1504604914340282,0.2651551025339322,0.2815042973764565
AS,New_AS_038.wav,C:\Users\armga\OneDrive\Escritorio\TFG\Programacion objetivo\Bases de Datos\AS_New_3주기\New_AS_038.wav,perfil_softmin_errores_f4,3.0379920217226053e-05,0.3015523827270652,0.1695747554971659,0.24267915280105265,0.2861633290544989
AS,New_AS_039.wav,C:\Users\armga\OneDrive\Escritorio\TFG\Programacion objetivo\Bases de Datos\AS_New_3주기\New_AS_039.wav,perfil_softmin_errores_f4,2.498880995270284e-05,0.2851171370571893,0.14984675622538932,0.2688656581166318,0.2961454597908369
AS,New_AS_040.wav,C:\Users\armga\OneDrive\Escritorio\TFG\Programacion objetivo\Bases de Datos\AS_New_3주기\New_AS_040.wav,perfil_softmin_errores_f4,1.760593889549188e-05,0.2816325379810677,0.15409797640983572,0.25918011750014874,0.3050717621700524
AS,New_AS_041.wav,C:\Users\armga\OneDrive\Escritorio\TFG\Programacion objetivo\Bases de Datos\AS_New_3주기\New_AS_041.wav,perfil_softmin_errores_f4,2.0211897247883142e-05,0.30984164462463426,0.15802098971152506,0.24294759504561092,0.2891695587209819
AS,New_AS_042.wav,C:\Users\armga\OneDrive\Escritorio\TFG\Programacion objetivo\Bases de Datos\AS_New_3주기\New_AS_042.wav,perfil_softmin_errores_f4,3.850982265145063e-05,0.28417323396332705,0.15756215073157753,0.2726731821088088,0.28555292337363514
AS,New_AS_043.wav,C:\Users\armga\OneDrive\Escritorio\TFG\Programacion objetivo\Bases de Datos\AS_New_3주기\New_AS_043.wav,perfil_softmin_errores_f4,1.5985066278340787e-05,0.2817715085774396,0.14153183555321402,0.26684492708661833,0.3098357437164496
AS,New_AS_044.wav,C:\Users\armga\OneDrive\Escritorio\TFG\Programacion objetivo\Bases de Datos\AS_New_3주기\New_AS_044.wav,perfil_softmin_errores_f4,2.2670670836500693e-05,0.27813990700652436,0.16191867611262578,0.27184092006236776,0.2880778261476456
AS,New_AS_045.wav,C:\Users\armga\OneDrive\Escritorio\TFG\Programacion objetivo\Bases de Datos\AS_New_3주기\New_AS_045.wav,perfil_softmin_errores_f4,1.3334300759035322e-05,0.3077780800358995,0.1414551496039566,0.26508025600789853,0.28567318005148623
AS,New_AS_046.wav,C:\Users\armga\OneDrive\Escritorio\TFG\Programacion objetivo\Bases de Datos\AS_New_3주기\New_AS_046.wav,perfil_softmin_errores_f4,3.725748189637171e-05,0.277086509970703,0.16680996274491275,0.2608878509306798,0.29517841887180807
AS,New_AS_047.wav,C:\Users\armga\OneDrive\Escritorio\TFG\Programacion objetivo\Bases de Datos\AS_New_3주기\New_AS_047.wav,perfil_softmin_errores_f4,2.1534625574628013e-05,0.28329549399462145,0.1524389899397539,0.26890767747818717,0.2953363039618629
AS,New_AS_048.wav,C:\Users\armga\OneDrive\Escritorio\TFG\Programacion objetivo\Bases de Datos\AS_New_3주기\New_AS_048.wav,perfil_softmin_errores_f4,1.3032214209865556e-05,0.30375935266775156,0.15019085238445462,0.25822139660444926,0.28781536612913455
AS,New_AS_049.wav,C:\Users\armga\OneDrive\Escritorio\TFG\Programacion objetivo\Bases de Datos\AS_New_3주기\New_AS_049.wav,perfil_softmin_errores_f4,7.153187442091109e-05,0.17128709157257824,0.17311323685045857,0.45425691930244305,0.20127122040009932
AS,New_AS_050.wav,C:\Users\armga\OneDrive\Escritorio\TFG\Programacion objetivo\Bases de Datos\AS_New_3주기\New_AS_050.wav,perfil_softmin_errores_f4,0.000889501354997687,0.12515641919099657,0.2727685807118425,0.48522855934710596,0.11595693939505718
AS,New_AS_051.wav,C:\Users\armga\OneDrive\Escritorio\TFG\Programacion objetivo\Bases de Datos\AS_New_3주기\New_AS_051.wav,perfil_softmin_errores_f4,0.007650793475598307,0.29575058193357684,0.2469830703345956,0.2796603024655221,0.1699552517907072
AS,New_AS_052.wav,C:\Users\armga\OneDrive\Escritorio\TFG\Programacion objetivo\Bases de Datos\AS_New_3주기\New_AS_052.wav,perfil_softmin_errores_f4,0.007736835479551086,0.21508045405934964,0.2547463100753695,0.36532328504001266,0.15711311534571704
AS,New_AS_053.wav,C:\Users\armga\OneDrive\Escritorio\TFG\Programacion objetivo\Bases de Datos\AS_New_3주기\New_AS_053.wav,perfil_softmin_errores_f4,0.0014873101867216862,0.0950798860100875,0.3023442972842791,0.5021850087946935,0.09890349772421815
AS,New_AS_054.wav,C:\Users\armga\OneDrive\Escritorio\TFG\Programacion objetivo\Bases de Datos\AS_New_3주기\New_AS_054.wav,perfil_softmin_errores_f4,0.0023297513992024312,0.26280452414474587,0.2645264096342471,0.29172450225648694,0.1786148125653177
AS,New_AS_055.wav,C:\Users\armga\OneDrive\Escritorio\TFG\Programacion objetivo\Bases de Datos\AS_New_3주기\New_AS_055.wav,perfil_softmin_errores_f4,0.00465650092356354,0.23564398964127745,0.22228608940277977,0.3596613087296607,0.17775211130271845
AS,New_AS_056.wav,C:\Users\armga\OneDrive\Escritorio\TFG\Programacion objetivo\Bases de Datos\AS_New_3주기\New_AS_056.wav,perfil_softmin_errores_f4,0.004990341618641333,0.16652053755663077,0.2828558388962291,0.426808635981493,0.11882464594700587
AS,New_AS_057.wav,C:\Users\armga\OneDrive\Escritorio\TFG\Programacion objetivo\Bases de Datos\AS_New_3주기\New_AS_057.wav,perfil_softmin_errores_f4,0.002169984579903113,0.2703038921445808,0.24774141730661278,0.30033908787708297,0.1794456180918203
AS,New_AS_058.wav,C:\Users\armga\OneDrive\Escritorio\TFG\Programacion objetivo\Bases de Datos\AS_New_3주기\New_AS_058.wav,perfil_softmin_errores_f4,0.002203163388791185,0.277080487385992,0.2614126725533209,0.2961850435469,0.16311863312499592
AS,New_AS_059.wav,C:\Users\armga\OneDrive\Escritorio\TFG\Programacion objetivo\Bases de Datos\AS_New_3주기\New_AS_059.wav,perfil_softmin_errores_f4,0.004611233516456505,0.1412386477053374,0.27916722738780414,0.47158790497356495,0.10339498641683707
AS,New_AS_060.wav,C:\Users\armga\OneDrive\Escritorio\TFG\Programacion objetivo\Bases de Datos\AS_New_3주기\New_AS_060.wav,perfil_softmin_errores_f4,0.012559591510469826,0.24888584926137958,0.23829918445103887,0.32467126742304303,0.1755841073540687
AS,New_AS_061.wav,C:\Users\armga\OneDrive\Escritorio\TFG\Programacion objetivo\Bases de Datos\AS_New_3주기\New_AS_061.wav,perfil_softmin_errores_f4,0.0005811530067448172,0.1994493474050926,0.27582606700577184,0.34677920973941717,0.17736422284297365
AS,New_AS_062.wav,C:\Users\armga\OneDrive\Escritorio\TFG\Programacion objetivo\Bases de Datos\AS_New_3주기\New_AS_062.wav,perfil_softmin_errores_f4,0.00014198156352993271,0.1570808453229297,0.2705291266768624,0.4349732011424795,0.1372748452941984
AS,New_AS_063.wav,C:\Users\armga\OneDrive\Escritorio\TFG\Programacion objetivo\Bases de Datos\AS_New_3주기\New_AS_063.wav,perfil_softmin_errores_f4,0.005386117395659765,0.1411607935056428,0.23215455326978635,0.47708499051745695,0.14421354531145425
AS,New_AS_064.wav,C:\Users\armga\OneDrive\Escritorio\TFG\Programacion objetivo\Bases de Datos\AS_New_3주기\New_AS_064.wav,perfil_softmin_errores_f4,0.0036086658073118385,0.21536671485400044,0.2445943136993921,0.36878392091958073,0.16764638471971477
AS,New_AS_065.wav,C:\Users\armga\OneDrive\Escritorio\TFG\Programacion objetivo\Bases de Datos\AS_New_3주기\New_AS_065.wav,perfil_softmin_errores_f4,7.578739740041735e-05,0.21824884896354896,0.16481070696770939,0.4098034290066726,0.20706122766466867
AS,New_AS_066.wav,C:\Users\armga\OneDrive\Escritorio\TFG\Programacion objetivo\Bases de Datos\AS_New_3주기\New_AS_066.wav,perfil_softmin_errores_f4,0.004305019504310923,0.28598542594647514,0.22226883717897014,0.3130370719758128,0.17440364539443096
AS,New_AS_067.wav,C:\Users\armga\OneDrive\Escritorio\TFG\Programacion objetivo\Bases de Datos\AS_New_3주기\New_AS_067.wav,perfil_softmin_errores_f4,0.001302589250325538,0.2045642033702029,0.23499400444338736,0.3610443209747302,0.19809488196135408
AS,New_AS_068.wav,C:\Users\armga\OneDrive\Escritorio\TFG\Programacion objetivo\Bases de Datos\AS_New_3주기\New_AS_068.wav,perfil_softmin_errores_f4,0.0028523929143398383,0.21047573476007295,0.22699200528060007,0.4005221604875008,0.15915770655748646
AS,New_AS_069.wav,C:\Users\armga\OneDrive\Escritorio\TFG\Programacion objetivo\Bases de Datos\AS_New_3주기\New_AS_069.wav,perfil_softmin_errores_f4,0.0011902716310799996,0.25520543915529953,0.20917090916663728,0.3103770522558098,0.22405632779117343
AS,New_AS_070.wav,C:\Users\armga\OneDrive\Escritorio\TFG\Programacion objetivo\Bases de Datos\AS_New_3주기\New_AS_070.wav,perfil_softmin_errores_f4,0.0005733900156507071,0.13655132873843276,0.2722018361579174,0.46560271640740425,0.12507072868059496
AS,New_AS_071.wav,C:\Users\armga\OneDrive\Escritorio\TFG\Programacion objetivo\Bases de Datos\AS_New_3주기\New_AS_071.wav,perfil_softmin_errores_f4,0.0021957961798559126,0.283602585675843,0.24271683993757012,0.2980967867886684,0.1733879914180626
AS,New_AS_072.wav,C:\Users\armga\OneDrive\Escritorio\TFG\Programacion objetivo\Bases de Datos\AS_New_3주기\New_AS_072.wav,perfil_softmin_errores_f4,0.001399082037601311,0.261067368466633,0.2294811690010523,0.31822573767920187,0.1898266428155115
AS,New_AS_073.wav,C:\Users\armga\OneDrive\Escritorio\TFG\Programacion objetivo\Bases de Datos\AS_New_3주기\New_AS_073.wav,perfil_softmin_errores_f4,0.0013853691495698478,0.265992421410411,0.2240268184652279,0.31495980370638277,0.19363558726840838
AS,New_AS_074.wav,C:\Users\armga\OneDrive\Escritorio\TFG\Programacion objetivo\Bases de Datos\AS_New_3주기\New_AS_074.wav,perfil_softmin_errores_f4,0.0022502973028537343,0.22009018728354493,0.2450735729259037,0.38532776407912106,0.14725817840857658
AS,New_AS_075.wav,C:\Users\armga\OneDrive\Escritorio\TFG\Programacion objetivo\Bases de Datos\AS_New_3주기\New_AS_075.wav,perfil_softmin_errores_f4,0.00034884986253355134,0.20188054260613508,0.17397169569841173,0.3769753005542413,0.2468236112786784
AS,New_AS_076.wav,C:\Users\armga\OneDrive\Escritorio\TFG\Programacion objetivo\Bases de Datos\AS_New_3주기\New_AS_076.wav,perfil_softmin_errores_f4,0.002200684135554435,0.27711967282227395,0.24352285298973397,0.2970174186653517,0.18013937138708597
AS,New_AS_077.wav,C:\Users\armga\OneDrive\Escritorio\TFG\Programacion objetivo\Bases de Datos\AS_New_3주기\New_AS_077.wav,perfil_softmin_errores_f4,2.104240698705451e-05,0.2858938893682648,0.15958142507570405,0.2535135056536485,0.30099013749539555
AS,New_AS_078.wav,C:\Users\armga\OneDrive\Escritorio\TFG\Programacion objetivo\Bases de Datos\AS_New_3주기\New_AS_078.wav,perfil_softmin_errores_f4,1.7285245795946447e-05,0.27688989564863214,0.14952138750888566,0.2584151367628746,0.3151562948338117
AS,New_AS_079.wav,C:\Users\armga\OneDrive\Escritorio\TFG\Programacion objetivo\Bases de Datos\AS_New_3주기\New_AS_079.wav,perfil_softmin_errores_f4,1.7106087994760758e-05,0.31210491548652214,0.15693146118091725,0.24414697081802017,0.2867995464265456
AS,New_AS_080.wav,C:\Users\armga\OneDrive\Escritorio\TFG\Programacion objetivo\Bases de Datos\AS_New_3주기\New_AS_080.wav,perfil_softmin_errores_f4,1.679187246364814e-05,0.3021155282861655,0.14940556800709706,0.26453345284349616,0.28392865899077757
AS,New_AS_081.wav,C:\Users\armga\OneDrive\Escritorio\TFG\Programacion objetivo\Bases de Datos\AS_New_3주기\New_AS_081.wav,perfil_softmin_errores_f4,2.1147678708511392e-05,0.2886985794600104,0.1484622142089027,0.26888051721493905,0.29393754143743944
AS,New_AS_082.wav,C:\Users\armga\OneDrive\Escritorio\TFG\Programacion objetivo\Bases de Datos\AS_New_3주기\New_AS_082.wav,perfil_softmin_errores_f4,1.9669973753512103e-05,0.2915975438309308,0.15925322038475734,0.25069236506538034,0.298437200745178
AS,New_AS_083.wav,C:\Users\armga\OneDrive\Escritorio\TFG\Programacion objetivo\Bases de Datos\AS_New_3주기\New_AS_083.wav,perfil_softmin_errores_f4,4.8924534563240124e-05,0.2785763441889683,0.1650845126266725,0.2727762476987763,0.2835139709510196
AS,New_AS_084.wav,C:\Users\armga\OneDrive\Escritorio\TFG\Programacion objetivo\Bases de Datos\AS_New_3주기\New_AS_084.wav,perfil_softmin_errores_f4,3.8605665258602696e-05,0.29116466951159553,0.1684718973488653,0.23765373192266304,0.3026710955516175
AS,New_AS_085.wav,C:\Users\armga\OneDrive\Escritorio\TFG\Programacion objetivo\Bases de Datos\AS_New_3주기\New_AS_085.wav,perfil_softmin_errores_f4,1.9550907257312745e-05,0.3035093929972014,0.157063147752418,0.26257336558972816,0.2768345427533951
AS,New_AS_086.wav,C:\Users\armga\OneDrive\Escritorio\TFG\Programacion objetivo\Bases de Datos\AS_New_3주기\New_AS_086.wav,perfil_softmin_errores_f4,2.2809374883112588e-05,0.2890442969586573,0.1676767692879945,0.24792466414921477,0.29533146022925033
AS,New_AS_087.wav,C:\Users\armga\OneDrive\Escritorio\TFG\Programacion objetivo\Bases de Datos\AS_New_3주기\New_AS_087.wav,perfil_softmin_errores_f4,1.1056161964419441e-05,0.29708268315250913,0.13799432120780442,0.24917689682500818,0.31573504265271385
AS,New_AS_088.wav,C:\Users\armga\OneDrive\Escritorio\TFG\Programacion objetivo\Bases de Datos\AS_New_3주기\New_AS_088.wav,perfil_softmin_errores_f4,1.6091644122349746e-05,0.2750232738111346,0.14846238070832676,0.26858149407977583,0.3079167597566404
AS,New_AS_089.wav,C:\Users\armga\OneDrive\Escritorio\TFG\Programacion objetivo\Bases de Datos\AS_New_3주기\New_AS_089.wav,perfil_softmin_errores_f4,9.0751130280895e-06,0.2806293788506232,0.1304399595316332,0.26528127575528304,0.3236403107494325
AS,New_AS_090.wav,C:\Users\armga\OneDrive\Escritorio\TFG\Programacion objetivo\Bases de Datos\AS_New_3주기\New_AS_090.wav,perfil_softmin_errores_f4,1.645386784892919e-05,0.2760843816349613,0.13591316364982034,0.2874421742018993,0.3005438266454701
AS,New_AS_091.wav,C:\Users\armga\OneDrive\Escritorio\TFG\Programacion objetivo\Bases de Datos\AS_New_3주기\New_AS_091.wav,perfil_softmin_errores_f4,3.380699409611569e-05,0.26267068722812326,0.17478025231843586,0.25847333961826274,0.30404191384108203
AS,New_AS_092.wav,C:\Users\armga\OneDrive\Escritorio\TFG\Programacion objetivo\Bases de Datos\AS_New_3주기\New_AS_092.wav,perfil_softmin_errores_f4,1.9274648499121826e-05,0.29085073326298927,0.1556326739313147,0.2478450599961262,0.30565225816107083
AS,New_AS_093.wav,C:\Users\armga\OneDrive\Escritorio\TFG\Programacion objetivo\Bases de Datos\AS_New_3주기\New_AS_093.wav,perfil_softmin_errores_f4,2.7873981951444506e-05,0.2938387809151563,0.15197454000386243,0.26179945266238314,0.29235935243664674
AS,New_AS_094.wav,C:\Users\armga\OneDrive\Escritorio\TFG\Programacion objetivo\Bases de Datos\AS_New_3주기\New_AS_094.wav,perfil_softmin_errores_f4,2.9921864921490495e-05,0.2856671590560635,0.1750899813401054,0.2527069061643038,0.2865060315746058
AS,New_AS_095.wav,C:\Users\armga\OneDrive\Escritorio\TFG\Programacion objetivo\Bases de Datos\AS_New_3주기\New_AS_095.wav,perfil_softmin_errores_f4,4.894518743142012e-05,0.30039815485442545,0.14419380978526514,0.26020132941935326,0.29515776075352473
AS,New_AS_096.wav,C:\Users\armga\OneDrive\Escritorio\TFG\Programacion objetivo\Bases de Datos\AS_New_3주기\New_AS_096.wav,perfil_softmin_errores_f4,3.4564552169328574e-05,0.3038751821017758,0.15356865685354534,0.24070704894635692,0.30181454754615267
AS,New_AS_097.wav,C:\Users\armga\OneDrive\Escritorio\TFG\Programacion objetivo\Bases de Datos\AS_New_3주기\New_AS_097.wav,perfil_softmin_errores_f4,1.213129753323903e-05,0.28259642655817885,0.1582272869576074,0.23666462911028302,0.3224995260763975
AS,New_AS_098.wav,C:\Users\armga\OneDrive\Escritorio\TFG\Programacion objetivo\Bases de Datos\AS_New_3주기\New_AS_098.wav,perfil_softmin_errores_f4,1.885601893661662e-05,0.2727922925097485,0.1661425733491643,0.2540144731334529,0.3070318049886977
AS,New_AS_099.wav,C:\Users\armga\OneDrive\Escritorio\TFG\Programacion objetivo\Bases de Datos\AS_New_3주기\New_AS_099.wav,perfil_softmin_errores_f4,1.7920703771378686e-05,0.3019049387995268,0.15853266005772587,0.26551786038079084,0.2740266200581851
AS,New_AS_100.wav,C:\Users\armga\OneDrive\Escritorio\TFG\Programacion objetivo\Bases de Datos\AS_New_3주기\New_AS_100.wav,perfil_softmin_errores_f4,3.9214270437084335e-05,0.2976876634243293,0.17463054115502188,0.25210448613549447,0.2755380950147172
AS,New_AS_101.wav,C:\Users\armga\OneDrive\Escritorio\TFG\Programacion objetivo\Bases de Datos\AS_New_3주기\New_AS_101.wav,perfil_softmin_errores_f4,2.0419173729659994e-05,0.29910269323325345,0.15366965370459607,0.25549339507052043,0.2917138388179005
AS,New_AS_102.wav,C:\Users\armga\OneDrive\Escritorio\TFG\Programacion objetivo\Bases de Datos\AS_New_3주기\New_AS_102.wav,perfil_softmin_errores_f4,2.981191619889759e-05,0.2825184663971038,0.18498566146903123,0.25175422127358016,0.28071183894408597
AS,New_AS_103.wav,C:\Users\armga\OneDrive\Escritorio\TFG\Programacion objetivo\Bases de Datos\AS_New_3주기\New_AS_103.wav,perfil_softmin_errores_f4,3.2981554592031846e-05,0.28299982163966514,0.15970942060022617,0.26405295655485517,0.29320481965066153
AS,New_AS_104.wav,C:\Users\armga\OneDrive\Escritorio\TFG\Programacion objetivo\Bases de Datos\AS_New_3주기\New_AS_104.wav,perfil_softmin_errores_f4,1.1742479400849114e-05,0.3066317293264972,0.1399346405714673,0.2609804122253876,0.29244147539724713
AS,New_AS_105.wav,C:\Users\armga\OneDrive\Escritorio\TFG\Programacion objetivo\Bases de Datos\AS_New_3주기\New_AS_105.wav,perfil_softmin_errores_f4,3.1286587446236456e-05,0.2951650156780474,0.17970193427592904,0.23746693609709643,0.2876348273614808
AS,New_AS_106.wav,C:\Users\armga\OneDrive\Escritorio\TFG\Programacion objetivo\Bases de Datos\AS_New_3주기\New_AS_106.wav,perfil_softmin_errores_f4,2.7775991981702904e-05,0.28931033595620653,0.16231174156530268,0.23448367575087117,0.31386647073563795
AS,New_AS_107.wav,C:\Users\armga\OneDrive\Escritorio\TFG\Programacion objetivo\Bases de Datos\AS_New_3주기\New_AS_107.wav,perfil_softmin_errores_f4,1.8565095530220012e-05,0.2917018164654541,0.15528946578367414,0.2596120951794804,0.29337805747586115
AS,New_AS_108.wav,C:\Users\armga\OneDrive\Escritorio\TFG\Programacion objetivo\Bases de Datos\AS_New_3주기\New_AS_108.wav,perfil_softmin_errores_f4,3.218124668577228e-05,0.2785861253951923,0.17523196426729384,0.2639419117351201,0.28220781735570794
AS,New_AS_109.wav,C:\Users\armga\OneDrive\Escritorio\TFG\Programacion objetivo\Bases de Datos\AS_New_3주기\New_AS_109.wav,perfil_softmin_errores_f4,1.869641555199709e-05,0.2934775930736178,0.15441285536373864,0.27280580369193974,0.2792850514551519
AS,New_AS_110.wav,C:\Users\armga\OneDrive\Escritorio\TFG\Programacion objetivo\Bases de Datos\AS_New_3주기\New_AS_110.wav,perfil_softmin_errores_f4,2.2016023079206658e-05,0.28756493746086764,0.15856949433277284,0.2664959647800461,0.28734758740323413
AS,New_AS_111.wav,C:\Users\armga\OneDrive\Escritorio\TFG\Programacion objetivo\Bases de Datos\AS_New_3주기\New_AS_111.wav,perfil_softmin_errores_f4,2.806537274400076e-06,0.23771160207692205,0.08993720342396701,0.3195711843868777,0.35277720357495884
AS,New_AS_112.wav,C:\Users\armga\OneDrive\Escritorio\TFG\Programacion objetivo\Bases de Datos\AS_New_3주기\New_AS_112.wav,perfil_softmin_errores_f4,1.0328312048427018e-06,0.23102006913081702,0.07985996394034611,0.2815910902427215,0.4075278438549106
AS,New_AS_113.wav,C:\Users\armga\OneDrive\Escritorio\TFG\Programacion objetivo\Bases de Datos\AS_New_3주기\New_AS_113.wav,perfil_softmin_errores_f4,2.6351690201553285e-06,0.2541533676262316,0.08382683263090185,0.25882595812383724,0.40319120645000917
AS,New_AS_114.wav,C:\Users\armga\OneDrive\Escritorio\TFG\Programacion objetivo\Bases de Datos\AS_New_3주기\New_AS_114.wav,perfil_softmin_errores_f4,1.3142582437784132e-06,0.20604098075096755,0.07181817979298738,0.292048456861426,0.4300910683363754
AS,New_AS_115.wav,C:\Users\armga\OneDrive\Escritorio\TFG\Programacion objetivo\Bases de Datos\AS_New_3주기\New_AS_115.wav,perfil_softmin_errores_f4,2.1262118364316453e-05,0.30084969640152537,0.15142888768705517,0.25389186741081654,0.2938082863822386
AS,New_AS_116.wav,C:\Users\armga\OneDrive\Escritorio\TFG\Programacion objetivo\Bases de Datos\AS_New_3주기\New_AS_116.wav,perfil_softmin_errores_f4,2.8219331370650238e-05,0.2734108883332433,0.17342789203014633,0.2746594457502068,0.278473554555033
AS,New_AS_117.wav,C:\Users\armga\OneDrive\Escritorio\TFG\Programacion objetivo\Bases de Datos\AS_New_3주기\New_AS_117.wav,perfil_softmin_errores_f4,1.6229580804261924e-05,0.2874288081229475,0.13113471074588173,0.27107370508543827,0.31034654646492826
AS,New_AS_118.wav,C:\Users\armga\OneDrive\Escritorio\TFG\Programacion objetivo\Bases de Datos\AS_New_3주기\New_AS_118.wav,perfil_softmin_errores_f4,1.2339626926397855e-05,0.30338628257809086,0.152623858783844,0.26526945149227804,0.2787080675188606
AS,New_AS_119.wav,C:\Users\armga\OneDrive\Escritorio\TFG\Programacion objetivo\Bases de Datos\AS_New_3주기\New_AS_119.wav,perfil_softmin_errores_f4,2.522418394623649e-05,0.27480904068058837,0.16371255656109152,0.25088319960492517,0.31056997896944866
AS,New_AS_120.wav,C:\Users\armga\OneDrive\Escritorio\TFG\Programacion objetivo\Bases de Datos\AS_New_3주기\New_AS_120.wav,perfil_softmin_errores_f4,3.884288454191065e-05,0.2802093162055487,0.15140776933991196,0.2641932954059523,0.3041507761640451
AS,New_AS_121.wav,C:\Users\armga\OneDrive\Escritorio\TFG\Programacion objetivo\Bases de Datos\AS_New_3주기\New_AS_121.wav,perfil_softmin_errores_f4,2.6530773920248398e-05,0.2970912948045145,0.15636370622497003,0.25046825594980615,0.2960502122467891
AS,New_AS_122.wav,C:\Users\armga\OneDrive\Escritorio\TFG\Programacion objetivo\Bases de Datos\AS_New_3주기\New_AS_122.wav,perfil_softmin_errores_f4,2.846174563949546e-05,0.30311351268681747,0.19165997093638062,0.23945947591215194,0.2657385787190106
AS,New_AS_123.wav,C:\Users\armga\OneDrive\Escritorio\TFG\Programacion objetivo\Bases de Datos\AS_New_3주기\New_AS_123.wav,perfil_softmin_errores_f4,3.0306548014845645e-05,0.2809861692249418,0.19056500927131625,0.24674763575366299,0.281670879202064
AS,New_AS_124.wav,C:\Users\armga\OneDrive\Escritorio\TFG\Programacion objetivo\Bases de Datos\AS_New_3주기\New_AS_124.wav,perfil_softmin_errores_f4,1.2329638114277113e-05,0.2844989276446132,0.13946478130513157,0.2544427883549202,0.3215811730572207
AS,New_AS_125.wav,C:\Users\armga\OneDrive\Escritorio\TFG\Programacion objetivo\Bases de Datos\AS_New_3주기\New_AS_125.wav,perfil_softmin_errores_f4,2.0537710017958548e-05,0.27713933548429365,0.16165960741434668,0.2553038990444031,0.3058766203469386
AS,New_AS_126.wav,C:\Users\armga\OneDrive\Escritorio\TFG\Programacion objetivo\Bases de Datos\AS_New_3주기\New_AS_126.wav,perfil_softmin_errores_f4,1.2569593864059883e-05,0.31827159560551443,0.15378628837980501,0.24242833956713844,0.28550120685367797
AS,New_AS_127.wav,C:\Users\armga\OneDrive\Escritorio\TFG\Programacion objetivo\Bases de Datos\AS_New_3주기\New_AS_127.wav,perfil_softmin_errores_f4,2.8853524265336035e-05,0.3117168992123155,0.16274059312404804,0.26252199827760736,0.26299165586176365
AS,New_AS_128.wav,C:\Users\armga\OneDrive\Escritorio\TFG\Programacion objetivo\Bases de Datos\AS_New_3주기\New_AS_128.wav,perfil_softmin_errores_f4,1.9542330230849136e-05,0.2919553988067119,0.1535851798614752,0.26137483217898055,0.29306504682260165
AS,New_AS_129.wav,C:\Users\armga\OneDrive\Escritorio\TFG\Programacion objetivo\Bases de Datos\AS_New_3주기\New_AS_129.wav,perfil_softmin_errores_f4,0.00027411490147086795,0.4659767673684768,0.4171600199367163,0.008475832911269878,0.10811326488206618
AS,New_AS_130.wav,C:\Users\armga\OneDrive\Escritorio\TFG\Programacion objetivo\Bases de Datos\AS_New_3주기\New_AS_130.wav,perfil_softmin_errores_f4,0.00017586692780694613,0.4887203881433911,0.4084849081027959,0.00625526110269003,0.09636357572331597
AS,New_AS_131.wav,C:\Users\armga\OneDrive\Escritorio\TFG\Programacion objetivo\Bases de Datos\AS_New_3주기\New_AS_131.wav,perfil_softmin_errores_f4,3.2107660852224443e-06,0.191560093739206,0.13020967398119604,0.5010328881586226,0.1771941333548902
AS,New_AS_132.wav,C:\Users\armga\OneDrive\Escritorio\TFG\Programacion objetivo\Bases de Datos\AS_New_3주기\New_AS_132.wav,perfil_softmin_errores_f4,0.003951348041868058,0.23094019191916637,0.1327759825297093,0.32535263216862115,0.30697984534063516
AS,New_AS_133.wav,C:\Users\armga\OneDrive\Escritorio\TFG\Programacion objetivo\Bases de Datos\AS_New_3주기\New_AS_133.wav,perfil_softmin_errores_f4,0.0005436475453455233,0.5626511523183367,0.41881878123328925,0.003719743086186604,0.014266675816842002
AS,New_AS_134.wav,C:\Users\armga\OneDrive\Escritorio\TFG\Programacion objetivo\Bases de Datos\AS_New_3주기\New_AS_134.wav,perfil_softmin_errores_f4,2.1622687338867738e-05,0.31447403672284335,0.17456917584258844,0.2552346465393481,0.25570051820788114
AS,New_AS_135.wav,C:\Users\armga\OneDrive\Escritorio\TFG\Programacion objetivo\Bases de Datos\AS_New_3주기\New_AS_135.wav,perfil_softmin_errores_f4,0.0005609981906061541,0.5612535313322669,0.4213804291779322,0.003308333066073448,0.01349670823312119
AS,New_AS_136.wav,C:\Users\armga\OneDrive\Escritorio\TFG\Programacion objetivo\Bases de Datos\AS_New_3주기\New_AS_136.wav,perfil_softmin_errores_f4,0.0004177714518303149,0.4538535119121916,0.4232172768765231,0.009045563434186417,0.11346587632526858
AS,New_AS_137.wav,C:\Users\armga\OneDrive\Escritorio\TFG\Programacion objetivo\Bases de Datos\AS_New_3주기\New_AS_137.wav,perfil_softmin_errores_f4,0.0002468152557723291,0.4848508692731944,0.43420704340176985,0.006354026855913707,0.07434124521334974
AS,New_AS_138.wav,C:\Users\armga\OneDrive\Escritorio\TFG\Programacion objetivo\Bases de Datos\AS_New_3주기\New_AS_138.wav,perfil_softmin_errores_f4,0.00029110917772578207,0.47158701725536034,0.4289905076957111,0.008197739728245954,0.09093362614295682
AS,New_AS_139.wav,C:\Users\armga\OneDrive\Escritorio\TFG\Programacion objetivo\Bases de Datos\AS_New_3주기\New_AS_139.wav,perfil_softmin_errores_f4,0.00021735200432232565,0.48573742857991015,0.447573272352845,0.00476130275099921,0.0617106443119234
AS,New_AS_140.wav,C:\Users\armga\OneDrive\Escritorio\TFG\Programacion objetivo\Bases de Datos\AS_New_3주기\New_AS_140.wav,perfil_softmin_errores_f4,2.1692367623073183e-05,0.2134215065701089,0.13151454167182192,0.29918529018021706,0.35585696921022913
AS,New_AS_141.wav,C:\Users\armga\OneDrive\Escritorio\TFG\Programacion objetivo\Bases de Datos\AS_New_3주기\New_AS_141.wav,perfil_softmin_errores_f4,1.1361556517494948e-05,0.21693367415810955,0.12193372596317995,0.31303803152670684,0.34808320679548616
AS,New_AS_142.wav,C:\Users\armga\OneDrive\Escritorio\TFG\Programacion objetivo\Bases de Datos\AS_New_3주기\New_AS_142.wav,perfil_softmin_errores_f4,1.147368014087069e-05,0.25113534071239374,0.11812159507506355,0.2923915297316813,0.33834006080072054
AS,New_AS_143.wav,C:\Users\armga\OneDrive\Escritorio\TFG\Programacion objetivo\Bases de Datos\AS_New_3주기\New_AS_143.wav,perfil_softmin_errores_f4,7.266086393077311e-06,0.23548282832990522,0.12753918001617398,0.28607077573489276,0.3508999498326349
AS,New_AS_144.wav,C:\Users\armga\OneDrive\Escritorio\TFG\Programacion objetivo\Bases de Datos\AS_New_3주기\New_AS_144.wav,perfil_softmin_errores_f4,1.5084367663711542e-05,0.3390049106153578,0.18558923050940931,0.17682155810025366,0.29856921640731554
AS,New_AS_145.wav,C:\Users\armga\OneDrive\Escritorio\TFG\Programacion objetivo\Bases de Datos\AS_New_3주기\New_AS_145.wav,perfil_softmin_errores_f4,3.09284769442444e-05,0.3787333435045945,0.16966637982495195,0.16819214702063282,0.28337720117287646
AS,New_AS_146.wav,C:\Users\armga\OneDrive\Escritorio\TFG\Programacion objetivo\Bases de Datos\AS_New_3주기\New_AS_146.wav,perfil_softmin_errores_f4,1.0532843523720315e-05,0.36768667559505813,0.15463429304581328,0.1660652199661524,0.31160327854945247
AS,New_AS_147.wav,C:\Users\armga\OneDrive\Escritorio\TFG\Programacion objetivo\Bases de Datos\AS_New_3주기\New_AS_147.wav,perfil_softmin_errores_f4,2.2391447285397332e-05,0.3779102808080509,0.17146454200959674,0.16272248069627618,0.28788030503879086
AS,New_AS_148.wav,C:\Users\armga\OneDrive\Escritorio\TFG\Programacion objetivo\Bases de Datos\AS_New_3주기\New_AS_148.wav,perfil_softmin_errores_f4,2.154878112784064e-05,0.32654917544207895,0.15851554920140667,0.1861416017117413,0.32877212486364515
AS,New_AS_149.wav,C:\Users\armga\OneDrive\Escritorio\TFG\Programacion objetivo\Bases de Datos\AS_New_3주기\New_AS_149.wav,perfil_softmin_errores_f4,4.290210442964849e-05,0.3772993573556424,0.17349303216944767,0.16909581445775226,0.28006889391272805
AS,New_AS_150.wav,C:\Users\armga\OneDrive\Escritorio\TFG\Programacion objetivo\Bases de Datos\AS_New_3주기\New_AS_150.wav,perfil_softmin_errores_f4,7.583826738655012e-06,0.3696293539912813,0.17058238054584765,0.1664525632668178,0.29332811836931455
AS,New_AS_151.wav,C:\Users\armga\OneDrive\Escritorio\TFG\Programacion objetivo\Bases de Datos\AS_New_3주기\New_AS_151.wav,perfil_softmin_errores_f4,4.1354542890174395e-05,0.3805480924166207,0.16885245499597362,0.16225524124158067,0.2883028568029348
AS,New_AS_152.wav,C:\Users\armga\OneDrive\Escritorio\TFG\Programacion objetivo\Bases de Datos\AS_New_3주기\New_AS_152.wav,perfil_softmin_errores_f4,0.0002630689074332742,0.4653301234839061,0.2939025293398307,0.04924694053666379,0.191257337732166
AS,New_AS_153.wav,C:\Users\armga\OneDrive\Escritorio\TFG\Programacion objetivo\Bases de Datos\AS_New_3주기\New_AS_153.wav,perfil_softmin_errores_f4,6.601247515832092e-05,0.4621816682445812,0.2790112070583296,0.0366537962109406,0.22208731601099027
AS,New_AS_154.wav,C:\Users\armga\OneDrive\Escritorio\TFG\Programacion objetivo\Bases de Datos\AS_New_3주기\New_AS_154.wav,perfil_softmin_errores_f4,0.00022870251005119977,0.42920762282531516,0.28243653766305926,0.049397556555182,0.2387295804463925
AS,New_AS_155.wav,C:\Users\armga\OneDrive\Escritorio\TFG\Programacion objetivo\Bases de Datos\AS_New_3주기\New_AS_155.wav,perfil_softmin_errores_f4,0.00015326395284210215,0.47648234355931424,0.25910242357121727,0.04141757291436214,0.22284439600226433
AS,New_AS_156.wav,C:\Users\armga\OneDrive\Escritorio\TFG\Programacion objetivo\Bases de Datos\AS_New_3주기\New_AS_156.wav,perfil_softmin_errores_f4,0.0003972678256961134,0.46463073672921873,0.40606393643797284,0.008904369576362474,0.12000368943074978
AS,New_AS_157.wav,C:\Users\armga\OneDrive\Escritorio\TFG\Programacion objetivo\Bases de Datos\AS_New_3주기\New_AS_157.wav,perfil_softmin_errores_f4,0.00022649549804786194,0.4972138606317607,0.4255236852114285,0.006190045697647053,0.07084591296111584
AS,New_AS_158.wav,C:\Users\armga\OneDrive\Escritorio\TFG\Programacion objetivo\Bases de Datos\AS_New_3주기\New_AS_158.wav,perfil_softmin_errores_f4,0.000210748613744108,0.4923164339149989,0.4090933610662383,0.007450636331482668,0.09092882007353613
AS,New_AS_159.wav,C:\Users\armga\OneDrive\Escritorio\TFG\Programacion objetivo\Bases de Datos\AS_New_3주기\New_AS_159.wav,perfil_softmin_errores_f4,0.00021212427474464875,0.49369081816802785,0.43509098988114264,0.004527944415799859,0.06647812326028496
AS,New_AS_160.wav,C:\Users\armga\OneDrive\Escritorio\TFG\Programacion objetivo\Bases de Datos\AS_New_3주기\New_AS_160.wav,perfil_softmin_errores_f4,0.00024347778885171106,0.48114035950508477,0.39541951237340595,0.007626947983383086,0.11556970234927456
AS,New_AS_161.wav,C:\Users\armga\OneDrive\Escritorio\TFG\Programacion objetivo\Bases de Datos\AS_New_3주기\New_AS_161.wav,perfil_softmin_errores_f4,0.00012720326009995356,0.4890280459390387,0.42704151147584973,0.0048363277031438084,0.07896691162186772
