clase,archivo,ruta,variante_deep_onmf,F_001,F_002,F_003,F_004,F_005
AS,New_AS_001.wav,C:\Users\armga\OneDrive\Escritorio\TFG\Programacion objetivo\Bases de Datos\AS_New_3주기\New_AS_001.wav,perfil_softmin_errores_f16,1.0729409270246234e-11,0.689874304294332,0.09591753373141322,0.045462460972377036,0.16874570099114836
AS,New_AS_002.wav,C:\Users\armga\OneDrive\Escritorio\TFG\Programacion objetivo\Bases de Datos\AS_New_3주기\New_AS_002.wav,perfil_softmin_errores_f16,1.8624416556799375e-12,0.7913866495946001,0.01284334116454133,0.05238346386494668,0.14338654537404935
AS,New_AS_003.wav,C:\Users\armga\OneDrive\Escritorio\TFG\Programacion objetivo\Bases de Datos\AS_New_3주기\New_AS_003.wav,perfil_softmin_errores_f16,5.2316826512332444e-14,0.8012975406552786,0.0165538946522784,0.02508867797555088,0.1570598867168398
AS,New_AS_004.wav,C:\Users\armga\OneDrive\Escritorio\TFG\Programacion objetivo\Bases de Datos\AS_New_3주기\New_AS_004.wav,perfil_softmin_errores_f16,4.3146824496233913e-13,0.7500878649701864,0.01703439480944121,0.029333234461959724,0.20354450575798114
AS,New_AS_005.wav,C:\Users\armga\OneDrive\Escritorio\TFG\Programacion objetivo\Bases de Datos\AS_New_3주기\New_AS_005.wav,perfil_softmin_errores_f16,7.37742263079473e-12,0.672939298172843,0.021215411654230663,0.06933027095085106,0.23651501921469795
AS,New_AS_006.wav,C:\Users\armga\OneDrive\Escritorio\TFG\Programacion objetivo\Bases de Datos\AS_New_3주기\New_AS_006.wav,perfil_softmin_errores_f16,1.297905286979144e-14,0.7924255441397613,0.024727450514933306,0.06438798300479416,0.11845902234049815
AS,New_AS_007.wav,C:\Users\armga\OneDrive\Escritorio\TFG\Programacion objetivo\Bases de Datos\AS_New_3주기\New_AS_007.wav,perfil_softmin_errores_f16,9.632084391585098e-13,0.7286716167953174,0.04509127647182349,0.04148467734873907,0.18475242938315692
AS,New_AS_008.wav,C:\Users\armga\OneDrive\Escritorio\TFG\Programacion objetivo\Bases de Datos\AS_New_3주기\New_AS_008.wav,perfil_softmin_errores_f16,2.0544401342373471e-13,0.7730022848302309,0.01382531152147024,0.0863840685667137,0.12678833508137963
AS,New_AS_009.wav,C:\Users\armga\OneDrive\Escritorio\TFG\Programacion objetivo\Bases de Datos\AS_New_3주기\New_AS_009.wav,perfil_softmin_errores_f16,2.225665949584719e-13,0.8213006702786285,0.017714174738689744,0.053418678555328065,0.10756647642713114
AS,New_AS_010.wav,C:\Users\armga\OneDrive\Escritorio\TFG\Programacion objetivo\Bases de Datos\AS_New_3주기\New_AS_010.wav,perfil_softmin_errores_f16,2.282680376566296e-12,0.7202780679779589,0.038638520639873435,0.041455331989228614,0.19962807939065633
AS,New_AS_011.wav,C:\Users\armga\OneDrive\Escritorio\TFG\Programacion objetivo\Bases de Datos\AS_New_3주기\New_AS_011.wav,perfil_softmin_errores_f16,1.2945146483706352e-13,0.814054610704313,0.02046527683072,0.058329284166810366,0.10715082829802744
AS,New_AS_012.wav,C:\Users\armga\OneDrive\Escritorio\TFG\Programacion objetivo\Bases de Datos\AS_New_3주기\New_AS_012.wav,perfil_softmin_errores_f16,3.8295089021278896e-13,0.7488834486146305,0.056291276971703955,0.050050648859860596,0.14477462555342188
AS,New_AS_013.wav,C:\Users\armga\OneDrive\Escritorio\TFG\Programacion objetivo\Bases de Datos\AS_New_3주기\New_AS_013.wav,perfil_softmin_errores_f16,4.717930233846091e-13,0.7009912236017628,0.036445261994310245,0.1265126780856943,0.13605083631776071
AS,New_AS_014.wav,C:\Users\armga\OneDrive\Escritorio\TFG\Programacion objetivo\Bases de Datos\AS_New_3주기\New_AS_014.wav,perfil_softmin_errores_f16,1.2546777211650937e-13,0.7597197690759465,0.007783439132026112,0.05689226394551095,0.1756045278463911
AS,New_AS_015.wav,C:\Users\armga\OneDrive\Escritorio\TFG\Programacion objetivo\Bases de Datos\AS_New_3주기\New_AS_015.wav,perfil_softmin_errores_f16,1.9789910750903582e-12,0.7467731825180176,0.01648259357096779,0.049952710118655826,0.18679151379037984
AS,New_AS_016.wav,C:\Users\armga\OneDrive\Escritorio\TFG\Programacion objetivo\Bases de Datos\AS_New_3주기\New_AS_016.wav,perfil_softmin_errores_f16,6.798055380854264e-13,0.7809691949139358,0.017011629011716923,0.0666968512948935,0.135322324778774
AS,New_AS_017.wav,C:\Users\armga\OneDrive\Escritorio\TFG\Programacion objetivo\Bases de Datos\AS_New_3주기\New_AS_017.wav,perfil_softmin_errores_f16,6.9917172683353275e-12,0.7417113519199392,0.02261804529812717,0.06924222246459491,0.16642838031034696
AS,New_AS_018.wav,C:\Users\armga\OneDrive\Escritorio\TFG\Programacion objetivo\Bases de Datos\AS_New_3주기\New_AS_018.wav,perfil_softmin_errores_f16,2.109024101997583e-12,0.7488707227093392,0.05455296369327345,0.055797684368092446,0.14077862922718604
AS,New_AS_019.wav,C:\Users\armga\OneDrive\Escritorio\TFG\Programacion objetivo\Bases de Datos\AS_New_3주기\New_AS_019.wav,perfil_softmin_errores_f16,5.640101665677299e-13,0.7482817692599357,0.06105587531854595,0.03392180873713569,0.15674054668381873
AS,New_AS_020.wav,C:\Users\armga\OneDrive\Escritorio\TFG\Programacion objetivo\Bases de Datos\AS_New_3주기\New_AS_020.wav,perfil_softmin_errores_f16,6.025490281007009e-13,0.6829599527140209,0.011250620995337458,0.1357679117513142,0.1700215145387251
AS,New_AS_021.wav,C:\Users\armga\OneDrive\Escritorio\TFG\Programacion objetivo\Bases de Datos\AS_New_3주기\New_AS_021.wav,perfil_softmin_errores_f16,3.787539211655546e-12,0.8185912808165899,0.02844454271117525,0.04328481202571735,0.10967936444272995
AS,New_AS_022.wav,C:\Users\armga\OneDrive\Escritorio\TFG\Programacion objetivo\Bases de Datos\AS_New_3주기\New_AS_022.wav,perfil_softmin_errores_f16,1.5482500016172128e-13,0.8102836134190673,0.02758970992970346,0.02036397818817819,0.1417626984628962
AS,New_AS_023.wav,C:\Users\armga\OneDrive\Escritorio\TFG\Programacion objetivo\Bases de Datos\AS_New_3주기\New_AS_023.wav,perfil_softmin_errores_f16,1.3481057090247266e-12,0.8074294553984611,0.029275102657103452,0.04184457067307932,0.12145087127000798
AS,New_AS_024.wav,C:\Users\armga\OneDrive\Escritorio\TFG\Programacion objetivo\Bases de Datos\AS_New_3주기\New_AS_024.wav,perfil_softmin_errores_f16,4.2466088701621016e-14,0.7629158135223063,0.031424483166186755,0.07735377680121634,0.12830592651024814
AS,New_AS_025.wav,C:\Users\armga\OneDrive\Escritorio\TFG\Programacion objetivo\Bases de Datos\AS_New_3주기\New_AS_025.wav,perfil_softmin_errores_f16,1.298250768852793e-13,0.7780758020979714,0.03684744905149805,0.04009170165406738,0.14498504719633334
AS,New_AS_026.wav,C:\Users\armga\OneDrive\Escritorio\TFG\Programacion objetivo\Bases de Datos\AS_New_3주기\New_AS_026.wav,perfil_softmin_errores_f16,2.63142059518465e-12,0.6978561203507477,0.0100721496138161,0.12291209232437923,0.16915963770842563
AS,New_AS_027.wav,C:\Users\armga\OneDrive\Escritorio\TFG\Programacion objetivo\Bases de Datos\AS_New_3주기\New_AS_027.wav,perfil_softmin_errores_f16,2.0974528382493062e-13,0.6694712844657991,0.017380105924267208,0.13839455510759707,0.17475405450212694
AS,New_AS_028.wav,C:\Users\armga\OneDrive\Escritorio\TFG\Programacion objetivo\Bases de Datos\AS_New_3주기\New_AS_028.wav,perfil_softmin_errores_f16,1.7460401302023293e-12,0.7315998700008963,0.035492344324132195,0.06821321338042297,0.16469457229280232
AS,New_AS_029.wav,C:\Users\armga\OneDrive\Escritorio\TFG\Programacion objetivo\Bases de Datos\AS_New_3주기\New_AS_029.wav,perfil_softmin_errores_f16,3.149132989500954e-12,0.7304447369175706,0.029111746416806684,0.08960278265247289,0.15084073401000073
AS,New_AS_030.wav,C:\Users\armga\OneDrive\Escritorio\TFG\Programacion objetivo\Bases de Datos\AS_New_3주기\New_AS_030.wav,perfil_softmin_errores_f16,6.175637831129378e-14,0.7545441355786174,0.013940259520970045,0.04701328362967833,0.1845023212706724
AS,New_AS_031.wav,C:\Users\armga\OneDrive\Escritorio\TFG\Programacion objetivo\Bases de Datos\AS_New_3주기\New_AS_031.wav,perfil_softmin_errores_f16,4.329294152723754e-12,0.741037817790788,0.06105131133732591,0.09417125043665721,0.10373962043089942
AS,New_AS_032.wav,C:\Users\armga\OneDrive\Escritorio\TFG\Programacion objetivo\Bases de Datos\AS_New_3주기\New_AS_032.wav,perfil_softmin_errores_f16,1.829664785691243e-13,0.7442115093779046,0.012803772994568493,0.07046513246881776,0.17251958515852617
AS,New_AS_033.wav,C:\Users\armga\OneDrive\Escritorio\TFG\Programacion objetivo\Bases de Datos\AS_New_3주기\New_AS_033.wav,perfil_softmin_errores_f16,1.4159866397619777e-12,0.7320493226603657,0.03869479644645639,0.052881479931953565,0.1763744009598085
AS,New_AS_034.wav,C:\Users\armga\OneDrive\Escritorio\TFG\Programacion objetivo\Bases de Datos\AS_New_3주기\New_AS_034.wav,perfil_softmin_errores_f16,1.5934683836033466e-12,0.7361480009888526,0.032628213200316246,0.05106641456649631,0.18015737124274128
AS,New_AS_035.wav,C:\Users\armga\OneDrive\Escritorio\TFG\Programacion objetivo\Bases de Datos\AS_New_3주기\New_AS_035.wav,perfil_softmin_errores_f16,4.5130137511269845e-13,0.6294455589047321,0.01713730296827608,0.059024818228662596,0.29439231989787784
AS,New_AS_036.wav,C:\Users\armga\OneDrive\Escritorio\TFG\Programacion objetivo\Bases de Datos\AS_New_3주기\New_AS_036.wav,perfil_softmin_errores_f16,1.598951095570894e-12,0.6824898551836054,0.041621459570584364,0.06927469048906855,0.20661399475514275
AS,New_AS_037.wav,C:\Users\armga\OneDrive\Escritorio\TFG\Programacion objetivo\Bases de Datos\AS_New_3주기\New_AS_037.wav,perfil_softmin_errores_f16,7.278440598195085e-14,0.8227287727519508,0.02391872069633133,0.06808703059114751,0.0852654759604977
AS,New_AS_038.wav,C:\Users\armga\OneDrive\Escritorio\TFG\Programacion objetivo\Bases de Datos\AS_New_3주기\New_AS_038.wav,perfil_softmin_errores_f16,3.3638001828151935e-12,0.7003328256136649,0.025379823682565018,0.07934815200491971,0.19493919869548654
AS,New_AS_039.wav,C:\Users\armga\OneDrive\Escritorio\TFG\Programacion objetivo\Bases de Datos\AS_New_3주기\New_AS_039.wav,perfil_softmin_errores_f16,1.1929849427579702e-12,0.7202710056782847,0.011815049806625484,0.07522609210584953,0.19268785240804728
AS,New_AS_040.wav,C:\Users\armga\OneDrive\Escritorio\TFG\Programacion objetivo\Bases de Datos\AS_New_3주기\New_AS_040.wav,perfil_softmin_errores_f16,1.4903427204090519e-13,0.6747155974951791,0.020460897901772565,0.061211078796655695,0.24361242580624357
AS,New_AS_041.wav,C:\Users\armga\OneDrive\Escritorio\TFG\Programacion objetivo\Bases de Datos\AS_New_3주기\New_AS_041.wav,perfil_softmin_errores_f16,7.715685901034133e-13,0.7423436762339197,0.02602002657516657,0.07252822847011212,0.15910806872003008
AS,New_AS_042.wav,C:\Users\armga\OneDrive\Escritorio\TFG\Programacion objetivo\Bases de Datos\AS_New_3주기\New_AS_042.wav,perfil_softmin_errores_f16,2.7797452356509943e-12,0.7037219694915346,0.03986474659533274,0.08298627016012222,0.17342701375023062
AS,New_AS_043.wav,C:\Users\armga\OneDrive\Escritorio\TFG\Programacion objetivo\Bases de Datos\AS_New_3주기\New_AS_043.wav,perfil_softmin_errores_f16,1.120270786342502e-12,0.7376975186349709,0.02042764198668303,0.05960611361852985,0.18226872575869596
AS,New_AS_044.wav,C:\Users\armga\OneDrive\Escritorio\TFG\Programacion objetivo\Bases de Datos\AS_New_3주기\New_AS_044.wav,perfil_softmin_errores_f16,1.1759073561506701e-12,0.71233595966034,0.020918787632175685,0.08371344989910215,0.18303180280720632
AS,New_AS_045.wav,C:\Users\armga\OneDrive\Escritorio\TFG\Programacion objetivo\Bases de Datos\AS_New_3주기\New_AS_045.wav,perfil_softmin_errores_f16,8.309259270327909e-13,0.7530390537915487,0.009503479115026378,0.09721048168019321,0.14024698541240083
AS,New_AS_046.wav,C:\Users\armga\OneDrive\Escritorio\TFG\Programacion objetivo\Bases de Datos\AS_New_3주기\New_AS_046.wav,perfil_softmin_errores_f16,3.1120901442488543e-12,0.6596865702257565,0.027590358955778563,0.07595471957947232,0.2367683512358805
AS,New_AS_047.wav,C:\Users\armga\OneDrive\Escritorio\TFG\Programacion objetivo\Bases de Datos\AS_New_3주기\New_AS_047.wav,perfil_softmin_errores_f16,2.91963693367867e-13,0.7019550476796875,0.019848241090787994,0.11128489097985031,0.1669118202493822
AS,New_AS_048.wav,C:\Users\armga\OneDrive\Escritorio\TFG\Programacion objetivo\Bases de Datos\AS_New_3주기\New_AS_048.wav,perfil_softmin_errores_f16,7.623002715053704e-13,0.8035731933386583,0.01660422288368435,0.05584820078647438,0.12397438299042068
AS,New_AS_049.wav,C:\Users\armga\OneDrive\Escritorio\TFG\Programacion objetivo\Bases de Datos\AS_New_3주기\New_AS_049.wav,perfil_softmin_errores_f16,1.3813644908154968e-10,0.045134034951374725,0.01485402442527102,0.7644961973890778,0.1755157430961401
AS,New_AS_050.wav,C:\Users\armga\OneDrive\Escritorio\TFG\Programacion objetivo\Bases de Datos\AS_New_3주기\New_AS_050.wav,perfil_softmin_errores_f16,4.96452555954618e-10,0.00012665151119454048,0.2637857005798086,0.7305994355544941,0.005488211858050202
AS,New_AS_051.wav,C:\Users\armga\OneDrive\Escritorio\TFG\Programacion objetivo\Bases de Datos\AS_New_3주기\New_AS_051.wav,perfil_softmin_errores_f16,9.119694656553354e-07,0.017279357634076873,0.5540827115760423,0.41216360324779155,0.016473415572623547
AS,New_AS_052.wav,C:\Users\armga\OneDrive\Escritorio\TFG\Programacion objetivo\Bases de Datos\AS_New_3주기\New_AS_052.wav,perfil_softmin_errores_f16,3.4629283490433364e-07,0.0037771835189466547,0.6658533043639422,0.32032106336764843,0.010048102456627888
AS,New_AS_053.wav,C:\Users\armga\OneDrive\Escritorio\TFG\Programacion objetivo\Bases de Datos\AS_New_3주기\New_AS_053.wav,perfil_softmin_errores_f16,1.502880577298697e-10,3.7494859909025595e-05,0.121051574638843,0.8761246545229024,0.0027862758280572703
AS,New_AS_054.wav,C:\Users\armga\OneDrive\Escritorio\TFG\Programacion objetivo\Bases de Datos\AS_New_3주기\New_AS_054.wav,perfil_softmin_errores_f16,1.7720079434879252e-07,0.04886011588189407,0.25451830622047733,0.6709111269475616,0.025710273749272563
AS,New_AS_055.wav,C:\Users\armga\OneDrive\Escritorio\TFG\Programacion objetivo\Bases de Datos\AS_New_3주기\New_AS_055.wav,perfil_softmin_errores_f16,1.0990916362571734e-07,0.02147424912856994,0.2585532940227684,0.6787772883457814,0.04119505859371657
AS,New_AS_056.wav,C:\Users\armga\OneDrive\Escritorio\TFG\Programacion objetivo\Bases de Datos\AS_New_3주기\New_AS_056.wav,perfil_softmin_errores_f16,7.095850102850063e-09,0.00034582317220185617,0.5390061296734362,0.45662237574625114,0.004025664312260705
AS,New_AS_057.wav,C:\Users\armga\OneDrive\Escritorio\TFG\Programacion objetivo\Bases de Datos\AS_New_3주기\New_AS_057.wav,perfil_softmin_errores_f16,3.62140629895552e-09,0.01731468856565139,0.612443910493208,0.3550707741017805,0.01517062321795376
AS,New_AS_058.wav,C:\Users\armga\OneDrive\Escritorio\TFG\Programacion objetivo\Bases de Datos\AS_New_3주기\New_AS_058.wav,perfil_softmin_errores_f16,3.0205922596009195e-08,0.04380422212247244,0.4725562059394597,0.46038148394018313,0.02325805779196203
AS,New_AS_059.wav,C:\Users\armga\OneDrive\Escritorio\TFG\Programacion objetivo\Bases de Datos\AS_New_3주기\New_AS_059.wav,perfil_softmin_errores_f16,1.560749878562948e-08,0.0002451192254627975,0.6070484088980656,0.39005279378915814,0.0026536624798147597
AS,New_AS_060.wav,C:\Users\armga\OneDrive\Escritorio\TFG\Programacion objetivo\Bases de Datos\AS_New_3주기\New_AS_060.wav,perfil_softmin_errores_f16,2.627244105164525e-06,0.0026343724621818486,0.6424874877105917,0.34883848228407976,0.006037030299041582
AS,New_AS_061.wav,C:\Users\armga\OneDrive\Escritorio\TFG\Programacion objetivo\Bases de Datos\AS_New_3주기\New_AS_061.wav,perfil_softmin_errores_f16,1.3853601696560213e-09,0.006237833450230571,0.18872615463782533,0.7881591644789572,0.01687684604762685
AS,New_AS_062.wav,C:\Users\armga\OneDrive\Escritorio\TFG\Programacion objetivo\Bases de Datos\AS_New_3주기\New_AS_062.wav,perfil_softmin_errores_f16,7.014627932238771e-11,0.0073017429784099225,0.32117874091180376,0.6345890215328738,0.03693049450676621
AS,New_AS_063.wav,C:\Users\armga\OneDrive\Escritorio\TFG\Programacion objetivo\Bases de Datos\AS_New_3주기\New_AS_063.wav,perfil_softmin_errores_f16,5.794885289590373e-07,0.00017969410278587087,0.25748261241493225,0.7386637214723117,0.003673392521441148
AS,New_AS_064.wav,C:\Users\armga\OneDrive\Escritorio\TFG\Programacion objetivo\Bases de Datos\AS_New_3주기\New_AS_064.wav,perfil_softmin_errores_f16,5.312690605502033e-07,0.002920624147634559,0.4238520153517609,0.5611030341510578,0.012123795080486305
AS,New_AS_065.wav,C:\Users\armga\OneDrive\Escritorio\TFG\Programacion objetivo\Bases de Datos\AS_New_3주기\New_AS_065.wav,perfil_softmin_errores_f16,7.713185946064908e-11,0.0603957814656161,0.00841771314794065,0.775036547019911,0.15614995828940043
AS,New_AS_066.wav,C:\Users\armga\OneDrive\Escritorio\TFG\Programacion objetivo\Bases de Datos\AS_New_3주기\New_AS_066.wav,perfil_softmin_errores_f16,6.902750310482665e-07,0.007981277357909797,0.6071801616722254,0.37299971159465395,0.01183815910017967
AS,New_AS_067.wav,C:\Users\armga\OneDrive\Escritorio\TFG\Programacion objetivo\Bases de Datos\AS_New_3주기\New_AS_067.wav,perfil_softmin_errores_f16,6.916108642310006e-09,0.016130704081620557,0.15255342495719507,0.7798307916001382,0.05148507244493755
AS,New_AS_068.wav,C:\Users\armga\OneDrive\Escritorio\TFG\Programacion objetivo\Bases de Datos\AS_New_3주기\New_AS_068.wav,perfil_softmin_errores_f16,1.5250880372289726e-07,0.0019207289982051757,0.2742261516941058,0.7080210943105225,0.015831872488362812
AS,New_AS_069.wav,C:\Users\armga\OneDrive\Escritorio\TFG\Programacion objetivo\Bases de Datos\AS_New_3주기\New_AS_069.wav,perfil_softmin_errores_f16,1.0204276350264737e-07,0.13673747013022114,0.037818247163918704,0.6954893651325491,0.12995481553054744
AS,New_AS_070.wav,C:\Users\armga\OneDrive\Escritorio\TFG\Programacion objetivo\Bases de Datos\AS_New_3주기\New_AS_070.wav,perfil_softmin_errores_f16,1.329185573530549e-10,0.0008914677206255664,0.3433171862211962,0.6461464176915203,0.009644928233739369
AS,New_AS_071.wav,C:\Users\armga\OneDrive\Escritorio\TFG\Programacion objetivo\Bases de Datos\AS_New_3주기\New_AS_071.wav,perfil_softmin_errores_f16,2.318578159152709e-08,0.13198094329291452,0.33786254308110847,0.47455506090029265,0.055601429539902804
AS,New_AS_072.wav,C:\Users\armga\OneDrive\Escritorio\TFG\Programacion objetivo\Bases de Datos\AS_New_3주기\New_AS_072.wav,perfil_softmin_errores_f16,1.568246585833872e-07,0.048929010890133004,0.15980119409687377,0.7487815103879544,0.04248812780038024
AS,New_AS_073.wav,C:\Users\armga\OneDrive\Escritorio\TFG\Programacion objetivo\Bases de Datos\AS_New_3주기\New_AS_073.wav,perfil_softmin_errores_f16,6.618073895154594e-09,0.1647334304900197,0.13599298625949305,0.6005005973910926,0.09877297924132068
AS,New_AS_074.wav,C:\Users\armga\OneDrive\Escritorio\TFG\Programacion objetivo\Bases de Datos\AS_New_3주기\New_AS_074.wav,perfil_softmin_errores_f16,2.7988133695657656e-08,0.0013205887635101168,0.7605823943347194,0.2334057397887436,0.004691249124893268
AS,New_AS_075.wav,C:\Users\armga\OneDrive\Escritorio\TFG\Programacion objetivo\Bases de Datos\AS_New_3주기\New_AS_075.wav,perfil_softmin_errores_f16,5.536040033884454e-09,0.053282899520280175,0.00420980941884916,0.7149850421383193,0.2275222433865114
AS,New_AS_076.wav,C:\Users\armga\OneDrive\Escritorio\TFG\Programacion objetivo\Bases de Datos\AS_New_3주기\New_AS_076.wav,perfil_softmin_errores_f16,6.501948858267722e-07,0.038515925538542696,0.1152245637892078,0.823117823534163,0.023141036943200854
AS,New_AS_077.wav,C:\Users\armga\OneDrive\Escritorio\TFG\Programacion objetivo\Bases de Datos\AS_New_3주기\New_AS_077.wav,perfil_softmin_errores_f16,1.6266596507333884e-12,0.6762815991988813,0.033657899534446555,0.07576449357817823,0.21429600768686713
AS,New_AS_078.wav,C:\Users\armga\OneDrive\Escritorio\TFG\Programacion objetivo\Bases de Datos\AS_New_3주기\New_AS_078.wav,perfil_softmin_errores_f16,1.900345962261645e-12,0.6496629100561065,0.00880972951869623,0.08790426731854162,0.2536230931047551
AS,New_AS_079.wav,C:\Users\armga\OneDrive\Escritorio\TFG\Programacion objetivo\Bases de Datos\AS_New_3주기\New_AS_079.wav,perfil_softmin_errores_f16,8.8611489962407e-13,0.7732891448577924,0.01126468650304454,0.06780337648889609,0.14764279214938078
AS,New_AS_080.wav,C:\Users\armga\OneDrive\Escritorio\TFG\Programacion objetivo\Bases de Datos\AS_New_3주기\New_AS_080.wav,perfil_softmin_errores_f16,7.629245034702633e-13,0.7347740426832274,0.017150421429519228,0.10732063812678963,0.1407548977597008
AS,New_AS_081.wav,C:\Users\armga\OneDrive\Escritorio\TFG\Programacion objetivo\Bases de Datos\AS_New_3주기\New_AS_081.wav,perfil_softmin_errores_f16,1.6535255851322173e-12,0.674460373552183,0.028923504124273483,0.13284092989476828,0.16377519242712185
AS,New_AS_082.wav,C:\Users\armga\OneDrive\Escritorio\TFG\Programacion objetivo\Bases de Datos\AS_New_3주기\New_AS_082.wav,perfil_softmin_errores_f16,2.0058434540714903e-14,0.7937010823978347,0.016460450185851568,0.04447965053879153,0.14535881687750216
AS,New_AS_083.wav,C:\Users\armga\OneDrive\Escritorio\TFG\Programacion objetivo\Bases de Datos\AS_New_3주기\New_AS_083.wav,perfil_softmin_errores_f16,2.1420036231215402e-11,0.6140087294572862,0.07310315165309446,0.10910680188092794,0.2037813169872712
AS,New_AS_084.wav,C:\Users\armga\OneDrive\Escritorio\TFG\Programacion objetivo\Bases de Datos\AS_New_3주기\New_AS_084.wav,perfil_softmin_errores_f16,3.8979220064461175e-12,0.7374997052856817,0.02131670036249056,0.05138289107424791,0.1898007032736818
AS,New_AS_085.wav,C:\Users\armga\OneDrive\Escritorio\TFG\Programacion objetivo\Bases de Datos\AS_New_3주기\New_AS_085.wav,perfil_softmin_errores_f16,4.153844998756423e-13,0.8091959585679277,0.020228194865766536,0.07512379009705739,0.09545205646883294
AS,New_AS_086.wav,C:\Users\armga\OneDrive\Escritorio\TFG\Programacion objetivo\Bases de Datos\AS_New_3주기\New_AS_086.wav,perfil_softmin_errores_f16,4.056936055525957e-12,0.7173798893239681,0.02101077272119986,0.06546735027302168,0.1961419876777533
AS,New_AS_087.wav,C:\Users\armga\OneDrive\Escritorio\TFG\Programacion objetivo\Bases de Datos\AS_New_3주기\New_AS_087.wav,perfil_softmin_errores_f16,9.686959923475415e-14,0.7679184356595274,0.00973926334772867,0.052481440653287394,0.16986086033935965
AS,New_AS_088.wav,C:\Users\armga\OneDrive\Escritorio\TFG\Programacion objetivo\Bases de Datos\AS_New_3주기\New_AS_088.wav,perfil_softmin_errores_f16,3.925224274679439e-14,0.6753798380929827,0.017091973864467393,0.09785436114296003,0.20967382689955036
AS,New_AS_089.wav,C:\Users\armga\OneDrive\Escritorio\TFG\Programacion objetivo\Bases de Datos\AS_New_3주기\New_AS_089.wav,perfil_softmin_errores_f16,2.357628239529785e-14,0.6557608716946683,0.01812700424552731,0.13188938716337256,0.19422273689640826
AS,New_AS_090.wav,C:\Users\armga\OneDrive\Escritorio\TFG\Programacion objetivo\Bases de Datos\AS_New_3주기\New_AS_090.wav,perfil_softmin_errores_f16,2.1458259742567007e-12,0.6577625822367685,0.00809899724979225,0.1377847978862389,0.19635362262505449
AS,New_AS_091.wav,C:\Users\armga\OneDrive\Escritorio\TFG\Programacion objetivo\Bases de Datos\AS_New_3주기\New_AS_091.wav,perfil_softmin_errores_f16,1.9124828902465522e-12,0.6252700916640737,0.014958611928591424,0.07270162489897551,0.28706967150644686
AS,New_AS_092.wav,C:\Users\armga\OneDrive\Escritorio\TFG\Programacion objetivo\Bases de Datos\AS_New_3주기\New_AS_092.wav,perfil_softmin_errores_f16,4.110165635919912e-13,0.6671082038408547,0.017100513169239766,0.07366090551394532,0.24213037747554905
AS,New_AS_093.wav,C:\Users\armga\OneDrive\Escritorio\TFG\Programacion objetivo\Bases de Datos\AS_New_3주기\New_AS_093.wav,perfil_softmin_errores_f16,2.4861232126843294e-12,0.7308022260717759,0.029184292478099345,0.07900160640895308,0.1610118750386855
AS,New_AS_094.wav,C:\Users\armga\OneDrive\Escritorio\TFG\Programacion objetivo\Bases de Datos\AS_New_3주기\New_AS_094.wav,perfil_softmin_errores_f16,1.6104021903863473e-12,0.6769967209358159,0.04197590891325757,0.0555684648820114,0.2254589052673049
AS,New_AS_095.wav,C:\Users\armga\OneDrive\Escritorio\TFG\Programacion objetivo\Bases de Datos\AS_New_3주기\New_AS_095.wav,perfil_softmin_errores_f16,5.358007919815972e-11,0.7423214701491406,0.03140020398022646,0.08233764291048612,0.14394068290656678
AS,New_AS_096.wav,C:\Users\armga\OneDrive\Escritorio\TFG\Programacion objetivo\Bases de Datos\AS_New_3주기\New_AS_096.wav,perfil_softmin_errores_f16,3.7696436475903265e-12,0.783304460439648,0.01037516008618702,0.053268764333083515,0.15305161513731194
AS,New_AS_097.wav,C:\Users\armga\OneDrive\Escritorio\TFG\Programacion objetivo\Bases de Datos\AS_New_3주기\New_AS_097.wav,perfil_softmin_errores_f16,1.0703048157277526e-13,0.6917842736766983,0.011329342341721636,0.03451798344584332,0.26236840053562965
AS,New_AS_098.wav,C:\Users\armga\OneDrive\Escritorio\TFG\Programacion objetivo\Bases de Datos\AS_New_3주기\New_AS_098.wav,perfil_softmin_errores_f16,2.1687480517237275e-13,0.5818093805642482,0.016238324381552986,0.07737332940293289,0.324578965651049
AS,New_AS_099.wav,C:\Users\armga\OneDrive\Escritorio\TFG\Programacion objetivo\Bases de Datos\AS_New_3주기\New_AS_099.wav,perfil_softmin_errores_f16,1.9879936772089636e-12,0.7616794911976913,0.016572700474316332,0.11149061919931812,0.11025718912668643
AS,New_AS_100.wav,C:\Users\armga\OneDrive\Escritorio\TFG\Programacion objetivo\Bases de Datos\AS_New_3주기\New_AS_100.wav,perfil_softmin_errores_f16,8.56354965289029e-13,0.7480602953584093,0.03264693386279269,0.04951747118237767,0.16977529959556406
AS,New_AS_101.wav,C:\Users\armga\OneDrive\Escritorio\TFG\Programacion objetivo\Bases de Datos\AS_New_3주기\New_AS_101.wav,perfil_softmin_errores_f16,5.480014657885996e-13,0.7515723895857792,0.03270102434858346,0.06348101848958282,0.15224556757550659
AS,New_AS_102.wav,C:\Users\armga\OneDrive\Escritorio\TFG\Programacion objetivo\Bases de Datos\AS_New_3주기\New_AS_102.wav,perfil_softmin_errores_f16,2.5202215519193486e-12,0.6939086743051558,0.035158309644710464,0.05988475018528866,0.21104826586232486
AS,New_AS_103.wav,C:\Users\armga\OneDrive\Escritorio\TFG\Programacion objetivo\Bases de Datos\AS_New_3주기\New_AS_103.wav,perfil_softmin_errores_f16,3.2186338598142142e-12,0.6719829077631048,0.023709223302369666,0.09563497974783118,0.20867288918347598
AS,New_AS_104.wav,C:\Users\armga\OneDrive\Escritorio\TFG\Programacion objetivo\Bases de Datos\AS_New_3주기\New_AS_104.wav,perfil_softmin_errores_f16,1.4000074099354406e-13,0.6867465531738803,0.014935719928553578,0.09867615557941785,0.1996415713180082
AS,New_AS_105.wav,C:\Users\armga\OneDrive\Escritorio\TFG\Programacion objetivo\Bases de Datos\AS_New_3주기\New_AS_105.wav,perfil_softmin_errores_f16,1.8982412332522544e-12,0.6720754653181423,0.03707808620882691,0.06049552929948015,0.23035091917165226
AS,New_AS_106.wav,C:\Users\armga\OneDrive\Escritorio\TFG\Programacion objetivo\Bases de Datos\AS_New_3주기\New_AS_106.wav,perfil_softmin_errores_f16,9.251821623834452e-13,0.6792327550593928,0.037048651543708455,0.04220855736395761,0.2415100360320161
AS,New_AS_107.wav,C:\Users\armga\OneDrive\Escritorio\TFG\Programacion objetivo\Bases de Datos\AS_New_3주기\New_AS_107.wav,perfil_softmin_errores_f16,4.0828377457333656e-14,0.7012193255636242,0.023716845266332442,0.10097249626164294,0.17409133290835965
AS,New_AS_108.wav,C:\Users\armga\OneDrive\Escritorio\TFG\Programacion objetivo\Bases de Datos\AS_New_3주기\New_AS_108.wav,perfil_softmin_errores_f16,1.8346110197610013e-12,0.6470591761281662,0.031900893793625346,0.109464844277787,0.2115750857985869
AS,New_AS_109.wav,C:\Users\armga\OneDrive\Escritorio\TFG\Programacion objetivo\Bases de Datos\AS_New_3주기\New_AS_109.wav,perfil_softmin_errores_f16,2.2157918949159513e-12,0.7154521612743225,0.01248999627305426,0.1183984687198428,0.15365937373056474
AS,New_AS_110.wav,C:\Users\armga\OneDrive\Escritorio\TFG\Programacion objetivo\Bases de Datos\AS_New_3주기\New_AS_110.wav,perfil_softmin_errores_f16,6.665567034446658e-14,0.7420118094948301,0.017742916587168013,0.06125919708024048,0.1789860768376946
AS,New_AS_111.wav,C:\Users\armga\OneDrive\Escritorio\TFG\Programacion objetivo\Bases de Datos\AS_New_3주기\New_AS_111.wav,perfil_softmin_errores_f16,3.3454588520495843e-13,0.5964058972300155,0.0005177509107559649,0.07730679831325554,0.3257695535456385
AS,New_AS_112.wav,C:\Users\armga\OneDrive\Escritorio\TFG\Programacion objetivo\Bases de Datos\AS_New_3주기\New_AS_112.wav,perfil_softmin_errores_f16,3.389211869736545e-14,0.582867794831071,0.00018103914867279293,0.03651072348784974,0.3804404425323725
AS,New_AS_113.wav,C:\Users\armga\OneDrive\Escritorio\TFG\Programacion objetivo\Bases de Datos\AS_New_3주기\New_AS_113.wav,perfil_softmin_errores_f16,3.391757457767827e-12,0.4888516383926286,0.00023730401371825912,0.050643091395581194,0.46026796619468024
AS,New_AS_114.wav,C:\Users\armga\OneDrive\Escritorio\TFG\Programacion objetivo\Bases de Datos\AS_New_3주기\New_AS_114.wav,perfil_softmin_errores_f16,2.672781327896168e-13,0.4326823793816035,8.915073269001266e-05,0.052569177609174,0.5146592922762653
AS,New_AS_115.wav,C:\Users\armga\OneDrive\Escritorio\TFG\Programacion objetivo\Bases de Datos\AS_New_3주기\New_AS_115.wav,perfil_softmin_errores_f16,1.0768186293873961e-12,0.711398678523778,0.032976488959951644,0.07814968073566744,0.17747515177952614
AS,New_AS_116.wav,C:\Users\armga\OneDrive\Escritorio\TFG\Programacion objetivo\Bases de Datos\AS_New_3주기\New_AS_116.wav,perfil_softmin_errores_f16,2.761063279106625e-13,0.6778279580507247,0.06527208208030927,0.11875643852658777,0.13814352134210223
AS,New_AS_117.wav,C:\Users\armga\OneDrive\Escritorio\TFG\Programacion objetivo\Bases de Datos\AS_New_3주기\New_AS_117.wav,perfil_softmin_errores_f16,6.782900318763622e-14,0.6576443501573057,0.019101813842084283,0.13342240411550882,0.18983143188503349
AS,New_AS_118.wav,C:\Users\armga\OneDrive\Escritorio\TFG\Programacion objetivo\Bases de Datos\AS_New_3주기\New_AS_118.wav,perfil_softmin_errores_f16,1.3005622957602936e-13,0.7475952066039181,0.01756220312451094,0.10907982721725791,0.12576276305418302
AS,New_AS_119.wav,C:\Users\armga\OneDrive\Escritorio\TFG\Programacion objetivo\Bases de Datos\AS_New_3주기\New_AS_119.wav,perfil_softmin_errores_f16,1.1754259450397481e-12,0.7077487209186583,0.014496905483309733,0.04952526060209593,0.22822911299476056
AS,New_AS_120.wav,C:\Users\armga\OneDrive\Escritorio\TFG\Programacion objetivo\Bases de Datos\AS_New_3주기\New_AS_120.wav,perfil_softmin_errores_f16,1.43036870358156e-12,0.6221027662166395,0.0178169459656333,0.07221566195503706,0.2878646258612597
AS,New_AS_121.wav,C:\Users\armga\OneDrive\Escritorio\TFG\Programacion objetivo\Bases de Datos\AS_New_3주기\New_AS_121.wav,perfil_softmin_errores_f16,4.3052863803774763e-13,0.7236994400818756,0.022170644668693975,0.09631846500081777,0.15781145024818208
AS,New_AS_122.wav,C:\Users\armga\OneDrive\Escritorio\TFG\Programacion objetivo\Bases de Datos\AS_New_3주기\New_AS_122.wav,perfil_softmin_errores_f16,2.5928261797928167e-12,0.7397201674200101,0.0450020605511872,0.05320237449618778,0.16207539753002206
AS,New_AS_123.wav,C:\Users\armga\OneDrive\Escritorio\TFG\Programacion objetivo\Bases de Datos\AS_New_3주기\New_AS_123.wav,perfil_softmin_errores_f16,1.506322250882971e-12,0.6579838702736558,0.07924869600198606,0.05891300077106473,0.20385443295178707
AS,New_AS_124.wav,C:\Users\armga\OneDrive\Escritorio\TFG\Programacion objetivo\Bases de Datos\AS_New_3주기\New_AS_124.wav,perfil_softmin_errores_f16,4.868506555263895e-13,0.7236762046199832,0.008893367566325559,0.05353207160796463,0.2138983562052398
AS,New_AS_125.wav,C:\Users\armga\OneDrive\Escritorio\TFG\Programacion objetivo\Bases de Datos\AS_New_3주기\New_AS_125.wav,perfil_softmin_errores_f16,7.126761403651038e-13,0.6776193882253772,0.018934425271773653,0.0924589451633343,0.21098724133880215
AS,New_AS_126.wav,C:\Users\armga\OneDrive\Escritorio\TFG\Programacion objetivo\Bases de Datos\AS_New_3주기\New_AS_126.wav,perfil_softmin_errores_f16,8.812527227093157e-14,0.7997546456763397,0.02318484837024265,0.06665348649065674,0.11040701946267284
AS,New_AS_127.wav,C:\Users\armga\OneDrive\Escritorio\TFG\Programacion objetivo\Bases de Datos\AS_New_3주기\New_AS_127.wav,perfil_softmin_errores_f16,2.424139635630819e-12,0.7920349849521195,0.03390852866487853,0.06098127289442171,0.11307521348615618
AS,New_AS_128.wav,C:\Users\armga\OneDrive\Escritorio\TFG\Programacion objetivo\Bases de Datos\AS_New_3주기\New_AS_128.wav,perfil_softmin_errores_f16,8.373591678101673e-13,0.7396942250536788,0.026133346741174995,0.09187150143353907,0.14230092677076983
AS,New_AS_129.wav,C:\Users\armga\OneDrive\Escritorio\TFG\Programacion objetivo\Bases de Datos\AS_New_3주기\New_AS_129.wav,perfil_softmin_errores_f16,8.155409076708366e-13,0.7347827893227882,0.2631880277923588,3.2396249314355054e-08,0.002029150487788073
AS,New_AS_130.wav,C:\Users\armga\OneDrive\Escritorio\TFG\Programacion objetivo\Bases de Datos\AS_New_3주기\New_AS_130.wav,perfil_softmin_errores_f16,1.5447616075042937e-13,0.7816080945242261,0.21709152817438881,1.0744244473825623e-08,0.001300366556986097
AS,New_AS_131.wav,C:\Users\armga\OneDrive\Escritorio\TFG\Programacion objetivo\Bases de Datos\AS_New_3주기\New_AS_131.wav,perfil_softmin_errores_f16,2.835514366054001e-17,0.9702852626167455,2.411756377557883e-05,0.02473773459203132,0.00495288522744766
AS,New_AS_132.wav,C:\Users\armga\OneDrive\Escritorio\TFG\Programacion objetivo\Bases de Datos\AS_New_3주기\New_AS_132.wav,perfil_softmin_errores_f16,3.2785508524503537e-06,0.24782024901844568,0.0007126474953072282,0.5044640014464581,0.24699982348893648
AS,New_AS_133.wav,C:\Users\armga\OneDrive\Escritorio\TFG\Programacion objetivo\Bases de Datos\AS_New_3주기\New_AS_133.wav,perfil_softmin_errores_f16,1.8150701310528751e-13,0.9432298197915441,0.05677005650505531,1.8925571429200788e-10,1.2351396336041027e-07
AS,New_AS_134.wav,C:\Users\armga\OneDrive\Escritorio\TFG\Programacion objetivo\Bases de Datos\AS_New_3주기\New_AS_134.wav,perfil_softmin_errores_f16,1.835255905978582e-12,0.7508186705745158,0.038465701084747214,0.0834938723117281,0.12722175602717387
AS,New_AS_135.wav,C:\Users\armga\OneDrive\Escritorio\TFG\Programacion objetivo\Bases de Datos\AS_New_3주기\New_AS_135.wav,perfil_softmin_errores_f16,1.444978454781781e-12,0.9400837490350461,0.05991597453303976,6.289969106689399e-10,2.7580147236839317e-07
AS,New_AS_136.wav,C:\Users\armga\OneDrive\Escritorio\TFG\Programacion objetivo\Bases de Datos\AS_New_3주기\New_AS_136.wav,perfil_softmin_errores_f16,3.2611715185954107e-12,0.6575273507648316,0.3400028206350606,3.84800331291443e-08,0.0024697901168134373
AS,New_AS_137.wav,C:\Users\armga\OneDrive\Escritorio\TFG\Programacion objetivo\Bases de Datos\AS_New_3주기\New_AS_137.wav,perfil_softmin_errores_f16,2.082818765574598e-13,0.7975112771684718,0.20225308794668503,4.492012271642571e-09,0.0002356303926226941
AS,New_AS_138.wav,C:\Users\armga\OneDrive\Escritorio\TFG\Programacion objetivo\Bases de Datos\AS_New_3주기\New_AS_138.wav,perfil_softmin_errores_f16,7.569902185007327e-13,0.6354664356938985,0.36332617636648645,3.354506120584971e-08,0.0012073543937968368
AS,New_AS_139.wav,C:\Users\armga\OneDrive\Escritorio\TFG\Programacion objetivo\Bases de Datos\AS_New_3주기\New_AS_139.wav,perfil_softmin_errores_f16,3.434209916542957e-13,0.6434472710654533,0.3562073536423396,5.598346216512915e-09,0.00034536969351741786
AS,New_AS_140.wav,C:\Users\armga\OneDrive\Escritorio\TFG\Programacion objetivo\Bases de Datos\AS_New_3주기\New_AS_140.wav,perfil_softmin_errores_f16,6.250633042162243e-14,0.2545268099966187,0.0037237297359105463,0.11409717061197577,0.6276522896554325
AS,New_AS_141.wav,C:\Users\armga\OneDrive\Escritorio\TFG\Programacion objetivo\Bases de Datos\AS_New_3주기\New_AS_141.wav,perfil_softmin_errores_f16,4.2319437322054713e-13,0.3384782121745519,0.005386845817701831,0.08991538740322891,0.5662195546040942
AS,New_AS_142.wav,C:\Users\armga\OneDrive\Escritorio\TFG\Programacion objetivo\Bases de Datos\AS_New_3주기\New_AS_142.wav,perfil_softmin_errores_f16,1.1971628097290986e-14,0.5487097306951706,0.005706713307636785,0.08138799827550265,0.36419555772167805
AS,New_AS_143.wav,C:\Users\armga\OneDrive\Escritorio\TFG\Programacion objetivo\Bases de Datos\AS_New_3주기\New_AS_143.wav,perfil_softmin_errores_f16,9.217505195885281e-16,0.502112914442934,0.002322700586390584,0.03302542352433527,0.46253896144633916
AS,New_AS_144.wav,C:\Users\armga\OneDrive\Escritorio\TFG\Programacion objetivo\Bases de Datos\AS_New_3주기\New_AS_144.wav,perfil_softmin_errores_f16,7.730315858543757e-14,0.8500083686209475,0.026755330781771485,0.006603872436856023,0.11663242816034747
AS,New_AS_145.wav,C:\Users\armga\OneDrive\Escritorio\TFG\Programacion objetivo\Bases de Datos\AS_New_3주기\New_AS_145.wav,perfil_softmin_errores_f16,1.0252594102341316e-13,0.8864174953506515,0.012149997013860553,0.006907645847686397,0.09452486178769914
AS,New_AS_146.wav,C:\Users\armga\OneDrive\Escritorio\TFG\Programacion objetivo\Bases de Datos\AS_New_3주기\New_AS_146.wav,perfil_softmin_errores_f16,4.1796232214098e-14,0.9120342294036864,0.011487908773309246,0.0030075647621067526,0.07347029706085595
AS,New_AS_147.wav,C:\Users\armga\OneDrive\Escritorio\TFG\Programacion objetivo\Bases de Datos\AS_New_3주기\New_AS_147.wav,perfil_softmin_errores_f16,5.012611063414694e-14,0.8980777270515039,0.009329132751558254,0.0028733616720542175,0.0897197785248335
AS,New_AS_148.wav,C:\Users\armga\OneDrive\Escritorio\TFG\Programacion objetivo\Bases de Datos\AS_New_3주기\New_AS_148.wav,perfil_softmin_errores_f16,1.6718247489556728e-13,0.7995960049426303,0.015017600080314174,0.009291368003878264,0.17609502697301002
AS,New_AS_149.wav,C:\Users\armga\OneDrive\Escritorio\TFG\Programacion objetivo\Bases de Datos\AS_New_3주기\New_AS_149.wav,perfil_softmin_errores_f16,9.917023233102417e-13,0.829780905914221,0.033391608354547714,0.011469814633787363,0.1253576710964523
AS,New_AS_150.wav,C:\Users\armga\OneDrive\Escritorio\TFG\Programacion objetivo\Bases de Datos\AS_New_3주기\New_AS_150.wav,perfil_softmin_errores_f16,1.6665608898176966e-14,0.90808363220901,0.012452519950417622,0.00349128027284138,0.07597256756771414
AS,New_AS_151.wav,C:\Users\armga\OneDrive\Escritorio\TFG\Programacion objetivo\Bases de Datos\AS_New_3주기\New_AS_151.wav,perfil_softmin_errores_f16,1.5785923475530366e-12,0.8837062526788323,0.014925755052029298,0.00461195675619814,0.09675603551136149
AS,New_AS_152.wav,C:\Users\armga\OneDrive\Escritorio\TFG\Programacion objetivo\Bases de Datos\AS_New_3주기\New_AS_152.wav,perfil_softmin_errores_f16,2.035943310358218e-11,0.8372751604752174,0.1255146163708409,3.258639801917321e-05,0.037177636735563006
AS,New_AS_153.wav,C:\Users\armga\OneDrive\Escritorio\TFG\Programacion objetivo\Bases de Datos\AS_New_3주기\New_AS_153.wav,perfil_softmin_errores_f16,2.1662130575653854e-13,0.8801833985925387,0.09390010243279757,1.5868396224780943e-05,0.025900630578222446
AS,New_AS_154.wav,C:\Users\armga\OneDrive\Escritorio\TFG\Programacion objetivo\Bases de Datos\AS_New_3주기\New_AS_154.wav,perfil_softmin_errores_f16,1.1305775221801457e-11,0.8077078112346741,0.12215640092892877,6.329475875045246e-05,0.07007249306634121
AS,New_AS_155.wav,C:\Users\armga\OneDrive\Escritorio\TFG\Programacion objetivo\Bases de Datos\AS_New_3주기\New_AS_155.wav,perfil_softmin_errores_f16,1.106483709194263e-12,0.9125028950346974,0.0545561352901998,1.5070515913480697e-05,0.03292589915808281
AS,New_AS_156.wav,C:\Users\armga\OneDrive\Escritorio\TFG\Programacion objetivo\Bases de Datos\AS_New_3주기\New_AS_156.wav,perfil_softmin_errores_f16,1.980390975667703e-12,0.6915920168368569,0.3055115800549634,3.109480315079874e-08,0.002896372011396075
AS,New_AS_157.wav,C:\Users\armga\OneDrive\Escritorio\TFG\Programacion objetivo\Bases de Datos\AS_New_3주기\New_AS_157.wav,perfil_softmin_errores_f16,2.277796646391554e-13,0.7674947331428056,0.23229098586674884,5.4383742256106895e-09,0.0002142755518433618
AS,New_AS_158.wav,C:\Users\armga\OneDrive\Escritorio\TFG\Programacion objetivo\Bases de Datos\AS_New_3주기\New_AS_158.wav,perfil_softmin_errores_f16,2.1003133165719097e-13,0.7478808742064093,0.2511387506106619,2.1671014400819528e-08,0.0009803535117044915
AS,New_AS_159.wav,C:\Users\armga\OneDrive\Escritorio\TFG\Programacion objetivo\Bases de Datos\AS_New_3주기\New_AS_159.wav,perfil_softmin_errores_f16,1.5778766460204985e-13,0.7073230832834063,0.29236365417134114,2.972849286924762e-09,0.0003132595722453645
