clase,archivo,ruta,variante_deep_onmf,F_001,F_002,F_003,F_004,F_005
AS,New_AS_001.wav,C:\Users\armga\OneDrive\Escritorio\TFG\Programacion objetivo\Bases de Datos\AS_New_3주기\New_AS_001.wav,perfil_softmin_errores_f8,1.8565861094890311e-06,0.47077368135538145,0.17554003991327174,0.12085194980770352,0.23283247233753385
AS,New_AS_002.wav,C:\Users\armga\OneDrive\Escritorio\TFG\Programacion objetivo\Bases de Datos\AS_New_3주기\New_AS_002.wav,perfil_softmin_errores_f8,8.474017924801051e-07,0.5523856652275773,0.07036991874835637,0.14211671046375493,0.23512685815851891
AS,New_AS_003.wav,C:\Users\armga\OneDrive\Escritorio\TFG\Programacion objetivo\Bases de Datos\AS_New_3주기\New_AS_003.wav,perfil_softmin_errores_f8,1.4490108188071628e-07,0.5670845782003872,0.08150814802302571,0.10034363292629757,0.2510634959492076
AS,New_AS_004.wav,C:\Users\armga\OneDrive\Escritorio\TFG\Programacion objetivo\Bases de Datos\AS_New_3주기\New_AS_004.wav,perfil_softmin_errores_f8,4.057157610080929e-07,0.5349380988180589,0.08061406376307338,0.10578581515447373,0.2786616165486329
AS,New_AS_005.wav,C:\Users\armga\OneDrive\Escritorio\TFG\Programacion objetivo\Bases de Datos\AS_New_3주기\New_AS_005.wav,perfil_softmin_errores_f8,1.583182379340282e-06,0.4781526435627169,0.08489934648816815,0.1534758560689044,0.2834705706978312
AS,New_AS_006.wav,C:\Users\armga\OneDrive\Escritorio\TFG\Programacion objetivo\Bases de Datos\AS_New_3주기\New_AS_006.wav,perfil_softmin_errores_f8,6.924058989224322e-08,0.541026442684192,0.09557161592441846,0.15422034445097424,0.20918152769982545
AS,New_AS_007.wav,C:\Users\armga\OneDrive\Escritorio\TFG\Programacion objetivo\Bases de Datos\AS_New_3주기\New_AS_007.wav,perfil_softmin_errores_f8,5.774905258115564e-07,0.5022855111944399,0.12494848338307014,0.1198473905442093,0.252918037387755
AS,New_AS_008.wav,C:\Users\armga\OneDrive\Escritorio\TFG\Programacion objetivo\Bases de Datos\AS_New_3주기\New_AS_008.wav,perfil_softmin_errores_f8,2.7524105995871874e-07,0.533896243501392,0.07140094164110022,0.17847743005247516,0.21622510956397278
AS,New_AS_009.wav,C:\Users\armga\OneDrive\Escritorio\TFG\Programacion objetivo\Bases de Datos\AS_New_3주기\New_AS_009.wav,perfil_softmin_errores_f8,2.9514202207789454e-07,0.5669596429219611,0.08326481468035703,0.14459311962948124,0.20518212762617855
AS,New_AS_010.wav,C:\Users\armga\OneDrive\Escritorio\TFG\Programacion objetivo\Bases de Datos\AS_New_3주기\New_AS_010.wav,perfil_softmin_errores_f8,8.910105010564193e-07,0.5005072413963184,0.11592324104342691,0.12007441198405325,0.2634942145657004
AS,New_AS_011.wav,C:\Users\armga\OneDrive\Escritorio\TFG\Programacion objetivo\Bases de Datos\AS_New_3주기\New_AS_011.wav,perfil_softmin_errores_f8,2.2289829493534105e-07,0.5589591013049222,0.08862618877941043,0.14962238911334808,0.20279209790402442
AS,New_AS_012.wav,C:\Users\armga\OneDrive\Escritorio\TFG\Programacion objetivo\Bases de Datos\AS_New_3주기\New_AS_012.wav,perfil_softmin_errores_f8,3.6255656846455626e-07,0.5070039607101084,0.1390031961809374,0.13107174820949244,0.22292073234289322
AS,New_AS_013.wav,C:\Users\armga\OneDrive\Escritorio\TFG\Programacion objetivo\Bases de Datos\AS_New_3주기\New_AS_013.wav,perfil_softmin_errores_f8,3.9189444938556303e-07,0.4776938449294653,0.10892157019360792,0.20293659990621554,0.21044759307626174
AS,New_AS_014.wav,C:\Users\armga\OneDrive\Escritorio\TFG\Programacion objetivo\Bases de Datos\AS_New_3주기\New_AS_014.wav,perfil_softmin_errores_f8,2.1900010405561403e-07,0.5388959773173593,0.05454613646884288,0.14747039247626606,0.25908727473742765
AS,New_AS_015.wav,C:\Users\armga\OneDrive\Escritorio\TFG\Programacion objetivo\Bases de Datos\AS_New_3주기\New_AS_015.wav,perfil_softmin_errores_f8,8.534953256826697e-07,0.5242924284732843,0.07789184735760436,0.13559970877235247,0.2622151619014332
AS,New_AS_016.wav,C:\Users\armga\OneDrive\Escritorio\TFG\Programacion objetivo\Bases de Datos\AS_New_3주기\New_AS_016.wav,perfil_softmin_errores_f8,5.026621097646824e-07,0.5387667090605973,0.07951640776314224,0.15744775278568743,0.22426862772846312
AS,New_AS_017.wav,C:\Users\armga\OneDrive\Escritorio\TFG\Programacion objetivo\Bases de Datos\AS_New_3주기\New_AS_017.wav,perfil_softmin_errores_f8,1.5713779118529615e-06,0.5118069490030467,0.08937504016005167,0.15637748159133352,0.24243895786765624
AS,New_AS_018.wav,C:\Users\armga\OneDrive\Escritorio\TFG\Programacion objetivo\Bases de Datos\AS_New_3주기\New_AS_018.wav,perfil_softmin_errores_f8,8.490888026920193e-07,0.5059595157797782,0.13655937390159073,0.13810850692110718,0.2193717543087212
AS,New_AS_019.wav,C:\Users\armga\OneDrive\Escritorio\TFG\Programacion objetivo\Bases de Datos\AS_New_3주기\New_AS_019.wav,perfil_softmin_errores_f8,4.438014556072517e-07,0.5111846901349686,0.14601887127340432,0.10883905357805468,0.23395694121211671
AS,New_AS_020.wav,C:\Users\armga\OneDrive\Escritorio\TFG\Programacion objetivo\Bases de Datos\AS_New_3주기\New_AS_020.wav,perfil_softmin_errores_f8,4.530707339506586e-07,0.48235572106598207,0.06190960912982448,0.21506432920704452,0.24066988752641497
AS,New_AS_021.wav,C:\Users\armga\OneDrive\Escritorio\TFG\Programacion objetivo\Bases de Datos\AS_New_3주기\New_AS_021.wav,perfil_softmin_errores_f8,1.2068116143560959e-06,0.561040831517007,0.10458283019768423,0.12901157589646414,0.2053635555772301
AS,New_AS_022.wav,C:\Users\armga\OneDrive\Escritorio\TFG\Programacion objetivo\Bases de Datos\AS_New_3주기\New_AS_022.wav,perfil_softmin_errores_f8,2.481766654486422e-07,0.56775233431983,0.10476445731313194,0.09000605193335186,0.23747690825702084
AS,New_AS_023.wav,C:\Users\armga\OneDrive\Escritorio\TFG\Programacion objetivo\Bases de Datos\AS_New_3주기\New_AS_023.wav,perfil_softmin_errores_f8,7.155103942076686e-07,0.553740473212387,0.10543946327128825,0.12605890529619868,0.21476044270973185
AS,New_AS_024.wav,C:\Users\armga\OneDrive\Escritorio\TFG\Programacion objetivo\Bases de Datos\AS_New_3주기\New_AS_024.wav,perfil_softmin_errores_f8,1.2215036000691706e-07,0.5177402492751669,0.10507700649754154,0.16485965304089822,0.2123229690360334
AS,New_AS_025.wav,C:\Users\armga\OneDrive\Escritorio\TFG\Programacion objetivo\Bases de Datos\AS_New_3주기\New_AS_025.wav,perfil_softmin_errores_f8,2.177060105429641e-07,0.5329691603007314,0.11598313373476217,0.1209813343318046,0.23006615392669144
AS,New_AS_026.wav,C:\Users\armga\OneDrive\Escritorio\TFG\Programacion objetivo\Bases de Datos\AS_New_3주기\New_AS_026.wav,perfil_softmin_errores_f8,9.55553857860569e-07,0.49208823436351995,0.05911818872900863,0.20651772934278678,0.24227489201082675
AS,New_AS_027.wav,C:\Users\armga\OneDrive\Escritorio\TFG\Programacion objetivo\Bases de Datos\AS_New_3주기\New_AS_027.wav,perfil_softmin_errores_f8,2.6319205535059684e-07,0.4702108544452792,0.07576225331145633,0.21378940342425493,0.2402372256269543
AS,New_AS_028.wav,C:\Users\armga\OneDrive\Escritorio\TFG\Programacion objetivo\Bases de Datos\AS_New_3주기\New_AS_028.wav,perfil_softmin_errores_f8,7.724042214116877e-07,0.49998196369561126,0.11012473368345374,0.15266932395026472,0.2372232062664488
AS,New_AS_029.wav,C:\Users\armga\OneDrive\Escritorio\TFG\Programacion objetivo\Bases de Datos\AS_New_3주기\New_AS_029.wav,perfil_softmin_errores_f8,1.0359463410656687e-06,0.4989252024035276,0.09960379594078149,0.17474409489834342,0.2267258708110064
AS,New_AS_030.wav,C:\Users\armga\OneDrive\Escritorio\TFG\Programacion objetivo\Bases de Datos\AS_New_3주기\New_AS_030.wav,perfil_softmin_errores_f8,1.5217183115306628e-07,0.531906969987951,0.07229841672273878,0.13277112952151954,0.26302333159595964
AS,New_AS_031.wav,C:\Users\armga\OneDrive\Escritorio\TFG\Programacion objetivo\Bases de Datos\AS_New_3주기\New_AS_031.wav,perfil_softmin_errores_f8,1.1979480773250868e-06,0.4956209245171946,0.14225808093776596,0.17668049852188666,0.1854392980750755
AS,New_AS_032.wav,C:\Users\armga\OneDrive\Escritorio\TFG\Programacion objetivo\Bases de Datos\AS_New_3주기\New_AS_032.wav,perfil_softmin_errores_f8,2.582010417883852e-07,0.5207393738232354,0.0683032247624694,0.16023572945563352,0.25072141375761975
AS,New_AS_033.wav,C:\Users\armga\OneDrive\Escritorio\TFG\Programacion objetivo\Bases de Datos\AS_New_3주기\New_AS_033.wav,perfil_softmin_errores_f8,6.990512125565474e-07,0.5026313665266352,0.11555951187897963,0.135092492893227,0.24671592964994557
AS,New_AS_034.wav,C:\Users\armga\OneDrive\Escritorio\TFG\Programacion objetivo\Bases de Datos\AS_New_3주기\New_AS_034.wav,perfil_softmin_errores_f8,7.473575716813809e-07,0.5079714242679667,0.10694324530115766,0.1337902288657129,0.25129435420759116
AS,New_AS_035.wav,C:\Users\armga\OneDrive\Escritorio\TFG\Programacion objetivo\Bases de Datos\AS_New_3주기\New_AS_035.wav,perfil_softmin_errores_f8,3.929017844279034e-07,0.4640125849789732,0.0765635232217688,0.14209146827664879,0.3173320306208249
AS,New_AS_036.wav,C:\Users\armga\OneDrive\Escritorio\TFG\Programacion objetivo\Bases de Datos\AS_New_3주기\New_AS_036.wav,perfil_softmin_errores_f8,7.23440355524759e-07,0.4726430116284258,0.11671960085604267,0.15058178391604185,0.26005488015913414
AS,New_AS_037.wav,C:\Users\armga\OneDrive\Escritorio\TFG\Programacion objetivo\Bases de Datos\AS_New_3주기\New_AS_037.wav,perfil_softmin_errores_f8,1.6708746678309807e-07,0.5617628904230787,0.0957841561525374,0.1616057841387888,0.18084700219812821
AS,New_AS_038.wav,C:\Users\armga\OneDrive\Escritorio\TFG\Programacion objetivo\Bases de Datos\AS_New_3주기\New_AS_038.wav,perfil_softmin_errores_f8,1.066703252615542e-06,0.48672176342435397,0.09265584578671453,0.1638313208805971,0.2567900032050818
AS,New_AS_039.wav,C:\Users\armga\OneDrive\Escritorio\TFG\Programacion objetivo\Bases de Datos\AS_New_3주기\New_AS_039.wav,perfil_softmin_errores_f8,6.537915380265373e-07,0.50800709808437,0.06506382519449555,0.16417463703608845,0.26275378589350806
AS,New_AS_040.wav,C:\Users\armga\OneDrive\Escritorio\TFG\Programacion objetivo\Bases de Datos\AS_New_3주기\New_AS_040.wav,perfil_softmin_errores_f8,2.2636461006128306e-07,0.4816436397798916,0.0838740856732759,0.14507095551991786,0.2894110926623045
AS,New_AS_041.wav,C:\Users\armga\OneDrive\Escritorio\TFG\Programacion objetivo\Bases de Datos\AS_New_3주기\New_AS_041.wav,perfil_softmin_errores_f8,5.194204101205788e-07,0.5094883380527248,0.09538621344740343,0.1592521395959979,0.23587278948346377
AS,New_AS_042.wav,C:\Users\armga\OneDrive\Escritorio\TFG\Programacion objetivo\Bases de Datos\AS_New_3주기\New_AS_042.wav,perfil_softmin_errores_f8,9.565093946076761e-07,0.48126834511774597,0.11454634776396133,0.1652684162911411,0.23891593431775712
AS,New_AS_043.wav,C:\Users\armga\OneDrive\Escritorio\TFG\Programacion objetivo\Bases de Datos\AS_New_3주기\New_AS_043.wav,perfil_softmin_errores_f8,6.326936046253739e-07,0.5134180116305558,0.08543602969849197,0.145941008237892,0.2552043177394556
AS,New_AS_044.wav,C:\Users\armga\OneDrive\Escritorio\TFG\Programacion objetivo\Bases de Datos\AS_New_3주기\New_AS_044.wav,perfil_softmin_errores_f8,6.357131187053684e-07,0.49478560318429377,0.0847896564510604,0.1696181179586775,0.2508059866928496
AS,New_AS_045.wav,C:\Users\armga\OneDrive\Escritorio\TFG\Programacion objetivo\Bases de Datos\AS_New_3주기\New_AS_045.wav,perfil_softmin_errores_f8,5.519380596401728e-07,0.5254337162224669,0.05902697125793856,0.18878423954665055,0.2267545210348842
AS,New_AS_046.wav,C:\Users\armga\OneDrive\Escritorio\TFG\Programacion objetivo\Bases de Datos\AS_New_3주기\New_AS_046.wav,perfil_softmin_errores_f8,1.013564039250994e-06,0.46665285901642417,0.09543414453711876,0.1583443209170457,0.279567661965372
AS,New_AS_047.wav,C:\Users\armga\OneDrive\Escritorio\TFG\Programacion objetivo\Bases de Datos\AS_New_3주기\New_AS_047.wav,perfil_softmin_errores_f8,3.139932699474055e-07,0.48686725439275413,0.08186851793792269,0.19385366558799097,0.23741024808806224
AS,New_AS_048.wav,C:\Users\armga\OneDrive\Escritorio\TFG\Programacion objetivo\Bases de Datos\AS_New_3주기\New_AS_048.wav,perfil_softmin_errores_f8,5.410525653618439e-07,0.5555064982114922,0.07985198206233218,0.14644718109156982,0.21819379758204038
AS,New_AS_049.wav,C:\Users\armga\OneDrive\Escritorio\TFG\Programacion objetivo\Bases de Datos\AS_New_3주기\New_AS_049.wav,perfil_softmin_errores_f8,7.220986179685522e-06,0.1305252249298232,0.07487975878394992,0.5371926162539545,0.25739517904609255
AS,New_AS_050.wav,C:\Users\armga\OneDrive\Escritorio\TFG\Programacion objetivo\Bases de Datos\AS_New_3주기\New_AS_050.wav,perfil_softmin_errores_f8,1.5327133574506305e-05,0.007741538087767202,0.3533032979860473,0.5879788885202648,0.050960948272346124
AS,New_AS_051.wav,C:\Users\armga\OneDrive\Escritorio\TFG\Programacion objetivo\Bases de Datos\AS_New_3주기\New_AS_051.wav,perfil_softmin_errores_f8,0.0005797816210872098,0.07980646827136349,0.4519200348245086,0.38977063305151993,0.07792308223152089
AS,New_AS_052.wav,C:\Users\armga\OneDrive\Escritorio\TFG\Programacion objetivo\Bases de Datos\AS_New_3주기\New_AS_052.wav,perfil_softmin_errores_f8,0.00038106823201697175,0.03979834708569838,0.5284090801042073,0.36649979914151476,0.0649117054365627
AS,New_AS_053.wav,C:\Users\armga\OneDrive\Escritorio\TFG\Programacion objetivo\Bases de Datos\AS_New_3주기\New_AS_053.wav,perfil_softmin_errores_f8,9.129169360967677e-06,0.004559895560837035,0.25909214688909443,0.6970308162173736,0.03930801216333387
AS,New_AS_054.wav,C:\Users\armga\OneDrive\Escritorio\TFG\Programacion objetivo\Bases de Datos\AS_New_3주기\New_AS_054.wav,perfil_softmin_errores_f8,0.00024683517243253894,0.1296138640750204,0.29582421719343155,0.48029349986173747,0.094021583697378
AS,New_AS_055.wav,C:\Users\armga\OneDrive\Escritorio\TFG\Programacion objetivo\Bases de Datos\AS_New_3주기\New_AS_055.wav,perfil_softmin_errores_f8,0.00019707866216603622,0.08711273468771409,0.3022718412934908,0.4897633752404186,0.1206549701162105
AS,New_AS_056.wav,C:\Users\armga\OneDrive\Escritorio\TFG\Programacion objetivo\Bases de Datos\AS_New_3주기\New_AS_056.wav,perfil_softmin_errores_f8,5.645761065896302e-05,0.012463709648691063,0.4920589439136452,0.45289640439487877,0.04252448443212585
AS,New_AS_057.wav,C:\Users\armga\OneDrive\Escritorio\TFG\Programacion objetivo\Bases de Datos\AS_New_3주기\New_AS_057.wav,perfil_softmin_errores_f8,3.684493596262321e-05,0.0805650204986125,0.4791509351966031,0.3648351243597631,0.07541207500905868
AS,New_AS_058.wav,C:\Users\armga\OneDrive\Escritorio\TFG\Programacion objetivo\Bases de Datos\AS_New_3주기\New_AS_058.wav,perfil_softmin_errores_f8,0.000100582748133526,0.12112545765154187,0.3978360920921825,0.39267781786769207,0.08826004964045003
AS,New_AS_059.wav,C:\Users\armga\OneDrive\Escritorio\TFG\Programacion objetivo\Bases de Datos\AS_New_3주기\New_AS_059.wav,perfil_softmin_errores_f8,8.493032929921538e-05,0.010643509224619634,0.529672975890944,0.42457835447323516,0.03502023008190195
AS,New_AS_060.wav,C:\Users\armga\OneDrive\Escritorio\TFG\Programacion objetivo\Bases de Datos\AS_New_3주기\New_AS_060.wav,perfil_softmin_errores_f8,0.0010643892884907944,0.03370457623797653,0.5263596862572071,0.3878488217069802,0.0510225265093453
AS,New_AS_061.wav,C:\Users\armga\OneDrive\Escritorio\TFG\Programacion objetivo\Bases de Datos\AS_New_3주기\New_AS_061.wav,perfil_softmin_errores_f8,2.430900162637124e-05,0.05158253263175413,0.2837277536646014,0.5798193957482535,0.08484600895376464
AS,New_AS_062.wav,C:\Users\armga\OneDrive\Escritorio\TFG\Programacion objetivo\Bases de Datos\AS_New_3주기\New_AS_062.wav,perfil_softmin_errores_f8,5.103897511991385e-06,0.05207303561320705,0.34536078318463104,0.4854515612270998,0.11710951607755007
AS,New_AS_063.wav,C:\Users\armga\OneDrive\Escritorio\TFG\Programacion objetivo\Bases de Datos\AS_New_3주기\New_AS_063.wav,perfil_softmin_errores_f8,0.0005280320326185426,0.009298325818238121,0.35197498663731464,0.596157802777061,0.0420408527347678
AS,New_AS_064.wav,C:\Users\armga\OneDrive\Escritorio\TFG\Programacion objetivo\Bases de Datos\AS_New_3주기\New_AS_064.wav,perfil_softmin_errores_f8,0.00046574318206452667,0.034532425179965555,0.4160029113092078,0.4786417219877543,0.07035719834100779
AS,New_AS_065.wav,C:\Users\armga\OneDrive\Escritorio\TFG\Programacion objetivo\Bases de Datos\AS_New_3주기\New_AS_065.wav,perfil_softmin_errores_f8,5.444699004530983e-06,0.15235625110771975,0.05687927294070423,0.5457805648333814,0.24497846641919
AS,New_AS_066.wav,C:\Users\armga\OneDrive\Escritorio\TFG\Programacion objetivo\Bases de Datos\AS_New_3주기\New_AS_066.wav,perfil_softmin_errores_f8,0.0005228862105832114,0.056225368235379554,0.4904050046074204,0.38437077094402394,0.06847597000259299
AS,New_AS_067.wav,C:\Users\armga\OneDrive\Escritorio\TFG\Programacion objetivo\Bases de Datos\AS_New_3주기\New_AS_067.wav,perfil_softmin_errores_f8,5.109386352652778e-05,0.07803052021779715,0.23996550775613912,0.5425478288679441,0.1394050492945933
AS,New_AS_068.wav,C:\Users\armga\OneDrive\Escritorio\TFG\Programacion objetivo\Bases de Datos\AS_New_3주기\New_AS_068.wav,perfil_softmin_errores_f8,0.0002543884459522692,0.02854847877928941,0.3411177822968988,0.5481166862866244,0.0819626641912352
AS,New_AS_069.wav,C:\Users\armga\OneDrive\Escritorio\TFG\Programacion objetivo\Bases de Datos\AS_New_3주기\New_AS_069.wav,perfil_softmin_errores_f8,0.00018160173098735722,0.21021933031801057,0.11055530217578968,0.4741045516177229,0.20493921415748945
AS,New_AS_070.wav,C:\Users\armga\OneDrive\Escritorio\TFG\Programacion objetivo\Bases de Datos\AS_New_3주기\New_AS_070.wav,perfil_softmin_errores_f8,7.595669403873104e-06,0.01967098267079604,0.38602996448262494,0.5295887063720814,0.06470275080509363
AS,New_AS_071.wav,C:\Users\armga\OneDrive\Escritorio\TFG\Programacion objetivo\Bases de Datos\AS_New_3주기\New_AS_071.wav,perfil_softmin_errores_f8,8.145404607877069e-05,0.19433785535761938,0.3109365782710483,0.3685064521942461,0.12613766013100744
AS,New_AS_072.wav,C:\Users\armga\OneDrive\Escritorio\TFG\Programacion objetivo\Bases de Datos\AS_New_3주기\New_AS_072.wav,perfil_softmin_errores_f8,0.00023393915650971202,0.13067092414328296,0.23614880619448325,0.5111793486392333,0.12176698186649083
AS,New_AS_073.wav,C:\Users\armga\OneDrive\Escritorio\TFG\Programacion objetivo\Bases de Datos\AS_New_3주기\New_AS_073.wav,perfil_softmin_errores_f8,4.364520209764881e-05,0.21775170992247955,0.19784676708130516,0.41574537320739047,0.16861250458672727
AS,New_AS_074.wav,C:\Users\armga\OneDrive\Escritorio\TFG\Programacion objetivo\Bases de Datos\AS_New_3주기\New_AS_074.wav,perfil_softmin_errores_f8,0.00011456827405962385,0.02488634970326076,0.5972422664235978,0.3308515446614145,0.04690527093766744
AS,New_AS_075.wav,C:\Users\armga\OneDrive\Escritorio\TFG\Programacion objetivo\Bases de Datos\AS_New_3주기\New_AS_075.wav,perfil_softmin_errores_f8,4.597559838691794e-05,0.14263355424439703,0.040092117742361356,0.5224879242890028,0.2947404281258519
AS,New_AS_076.wav,C:\Users\armga\OneDrive\Escritorio\TFG\Programacion objetivo\Bases de Datos\AS_New_3주기\New_AS_076.wav,perfil_softmin_errores_f8,0.0005052649446913003,0.12297520707504733,0.21270119489444256,0.5684972867036757,0.09532104638214309
AS,New_AS_077.wav,C:\Users\armga\OneDrive\Escritorio\TFG\Programacion objetivo\Bases de Datos\AS_New_3주기\New_AS_077.wav,perfil_softmin_errores_f8,7.313104845550882e-07,0.4715385874924688,0.10519545044998178,0.15782882201091197,0.26543640873615293
AS,New_AS_078.wav,C:\Users\armga\OneDrive\Escritorio\TFG\Programacion objetivo\Bases de Datos\AS_New_3주기\New_AS_078.wav,perfil_softmin_errores_f8,8.109122198880244e-07,0.4741344866741988,0.05521267592875932,0.17440642821958058,0.29624559826524155
AS,New_AS_079.wav,C:\Users\armga\OneDrive\Escritorio\TFG\Programacion objetivo\Bases de Datos\AS_New_3주기\New_AS_079.wav,perfil_softmin_errores_f8,5.774580677776109e-07,0.539444029414203,0.06510809502859005,0.1597353709141049,0.23571192718503436
AS,New_AS_080.wav,C:\Users\armga\OneDrive\Escritorio\TFG\Programacion objetivo\Bases de Datos\AS_New_3주기\New_AS_080.wav,perfil_softmin_errores_f8,5.165558943824709e-07,0.5069363605362732,0.07744866531110846,0.19373949479563043,0.22187496280109356
AS,New_AS_081.wav,C:\Users\armga\OneDrive\Escritorio\TFG\Programacion objetivo\Bases de Datos\AS_New_3주기\New_AS_081.wav,perfil_softmin_errores_f8,7.304184156338689e-07,0.46649229405425263,0.09660324350099102,0.20702948806303623,0.22987424396330453
AS,New_AS_082.wav,C:\Users\armga\OneDrive\Escritorio\TFG\Programacion objetivo\Bases de Datos\AS_New_3주기\New_AS_082.wav,perfil_softmin_errores_f8,8.789339058857449e-08,0.5528867558383773,0.07962116995780102,0.13088454985463502,0.2366074364557961
AS,New_AS_083.wav,C:\Users\armga\OneDrive\Escritorio\TFG\Programacion objetivo\Bases de Datos\AS_New_3주기\New_AS_083.wav,perfil_softmin_errores_f8,2.5212032034058207e-06,0.42685956997232055,0.14728746929068284,0.17993832056324127,0.24591211897055187
AS,New_AS_084.wav,C:\Users\armga\OneDrive\Escritorio\TFG\Programacion objetivo\Bases de Datos\AS_New_3주기\New_AS_084.wav,perfil_softmin_errores_f8,1.1842661086439332e-06,0.5151262173060921,0.08757753528396438,0.1359696552624289,0.26132540788140607
AS,New_AS_085.wav,C:\Users\armga\OneDrive\Escritorio\TFG\Programacion objetivo\Bases de Datos\AS_New_3주기\New_AS_085.wav,perfil_softmin_errores_f8,3.966613369882152e-07,0.5536325049337426,0.08753329812697012,0.16868772193591625,0.190146078342034
AS,New_AS_086.wav,C:\Users\armga\OneDrive\Escritorio\TFG\Programacion objetivo\Bases de Datos\AS_New_3주기\New_AS_086.wav,perfil_softmin_errores_f8,1.1913447312823151e-06,0.5009714380613702,0.08573524232499549,0.15133896135261582,0.26195316691628723
AS,New_AS_087.wav,C:\Users\armga\OneDrive\Escritorio\TFG\Programacion objetivo\Bases de Datos\AS_New_3주기\New_AS_087.wav,perfil_softmin_errores_f8,1.9257114791883118e-07,0.5421943838043043,0.06106052335630346,0.14174258271945542,0.2550023175487889
AS,New_AS_088.wav,C:\Users\armga\OneDrive\Escritorio\TFG\Programacion objetivo\Bases de Datos\AS_New_3주기\New_AS_088.wav,perfil_softmin_errores_f8,1.149685250444076e-07,0.4768928021371886,0.07586523925382084,0.18152515435294422,0.2657166892875212
AS,New_AS_089.wav,C:\Users\armga\OneDrive\Escritorio\TFG\Programacion objetivo\Bases de Datos\AS_New_3주기\New_AS_089.wav,perfil_softmin_errores_f8,8.782570593158495e-08,0.4631873996899461,0.07700997902437566,0.20772506904901855,0.25207746441095374
AS,New_AS_090.wav,C:\Users\armga\OneDrive\Escritorio\TFG\Programacion objetivo\Bases de Datos\AS_New_3주기\New_AS_090.wav,perfil_softmin_errores_f8,8.539820037318243e-07,0.4728093452780935,0.0524646881215242,0.21639744139899925,0.2583276712193792
AS,New_AS_091.wav,C:\Users\armga\OneDrive\Escritorio\TFG\Programacion objetivo\Bases de Datos\AS_New_3주기\New_AS_091.wav,perfil_softmin_errores_f8,8.047431211997243e-07,0.4601424724412498,0.07117117593388195,0.15690274898726797,0.31178279789447916
AS,New_AS_092.wav,C:\Users\armga\OneDrive\Escritorio\TFG\Programacion objetivo\Bases de Datos\AS_New_3주기\New_AS_092.wav,perfil_softmin_errores_f8,3.7469446151162046e-07,0.477359700626542,0.07642794517564008,0.1586229923564326,0.287588987146924
AS,New_AS_093.wav,C:\Users\armga\OneDrive\Escritorio\TFG\Programacion objetivo\Bases de Datos\AS_New_3주기\New_AS_093.wav,perfil_softmin_errores_f8,9.231306315462299e-07,0.5004973341386668,0.10001759844061481,0.16455830257043122,0.23492584171965564
AS,New_AS_094.wav,C:\Users\armga\OneDrive\Escritorio\TFG\Programacion objetivo\Bases de Datos\AS_New_3주기\New_AS_094.wav,perfil_softmin_errores_f8,7.300604823999123e-07,0.4733527966499619,0.11786686140437475,0.13561441796912138,0.2731651939160596
AS,New_AS_095.wav,C:\Users\armga\OneDrive\Escritorio\TFG\Programacion objetivo\Bases de Datos\AS_New_3주기\New_AS_095.wav,perfil_softmin_errores_f8,4.292835687936243e-06,0.5052875540719955,0.10392231792411158,0.16828360435346795,0.22250223081473708
AS,New_AS_096.wav,C:\Users\armga\OneDrive\Escritorio\TFG\Programacion objetivo\Bases de Datos\AS_New_3주기\New_AS_096.wav,perfil_softmin_errores_f8,1.2067427166025153e-06,0.5500850441325779,0.06330848792327064,0.14345009788061946,0.24315516332081555
AS,New_AS_097.wav,C:\Users\armga\OneDrive\Escritorio\TFG\Programacion objetivo\Bases de Datos\AS_New_3주기\New_AS_097.wav,perfil_softmin_errores_f8,1.9995000625958617e-07,0.5083385254306276,0.06505340488698558,0.11355085022118114,0.31305701951119935
AS,New_AS_098.wav,C:\Users\armga\OneDrive\Escritorio\TFG\Programacion objetivo\Bases de Datos\AS_New_3주기\New_AS_098.wav,perfil_softmin_errores_f8,2.6793931340203693e-07,0.4388562105442104,0.07331663019161493,0.1600396274430463,0.32778726388181484
AS,New_AS_099.wav,C:\Users\armga\OneDrive\Escritorio\TFG\Programacion objetivo\Bases de Datos\AS_New_3주기\New_AS_099.wav,perfil_softmin_errores_f8,8.455895841556622e-07,0.5234054691971323,0.07720559352167748,0.20024943024512237,0.19913866144648376
AS,New_AS_100.wav,C:\Users\armga\OneDrive\Escritorio\TFG\Programacion objetivo\Bases de Datos\AS_New_3주기\New_AS_100.wav,perfil_softmin_errores_f8,5.50779717754465e-07,0.5147772331240777,0.10754054393259921,0.13244338068775044,0.2452382914758549
AS,New_AS_101.wav,C:\Users\armga\OneDrive\Escritorio\TFG\Programacion objetivo\Bases de Datos\AS_New_3주기\New_AS_101.wav,perfil_softmin_errores_f8,4.380539645453362e-07,0.5130056682423385,0.107008292362043,0.1490934959174948,0.23089210542415908
AS,New_AS_102.wav,C:\Users\armga\OneDrive\Escritorio\TFG\Programacion objetivo\Bases de Datos\AS_New_3주기\New_AS_102.wav,perfil_softmin_errores_f8,9.204979402671129e-07,0.48300832779991715,0.10872200524530685,0.14189319949965543,0.26637554695718024
AS,New_AS_103.wav,C:\Users\armga\OneDrive\Escritorio\TFG\Programacion objetivo\Bases de Datos\AS_New_3주기\New_AS_103.wav,perfil_softmin_errores_f8,1.0311955115531135e-06,0.47117727862829745,0.08850420180769958,0.17775163790976506,0.26256585045872627
AS,New_AS_104.wav,C:\Users\armga\OneDrive\Escritorio\TFG\Programacion objetivo\Bases de Datos\AS_New_3주기\New_AS_104.wav,perfil_softmin_errores_f8,2.1857394995059954e-07,0.4840959816471397,0.07139146829913026,0.18350138396422622,0.2610109475155539
AS,New_AS_105.wav,C:\Users\armga\OneDrive\Escritorio\TFG\Programacion objetivo\Bases de Datos\AS_New_3주기\New_AS_105.wav,perfil_softmin_errores_f8,7.926091961654215e-07,0.4716202304608882,0.11077507695489947,0.14149628772195458,0.2761076122530618
AS,New_AS_106.wav,C:\Users\armga\OneDrive\Escritorio\TFG\Programacion objetivo\Bases de Datos\AS_New_3주기\New_AS_106.wav,perfil_softmin_errores_f8,5.613377023886507e-07,0.480972114363682,0.11233026670960902,0.11989769710503817,0.28679936048396826
AS,New_AS_107.wav,C:\Users\armga\OneDrive\Escritorio\TFG\Programacion objetivo\Bases de Datos\AS_New_3주기\New_AS_107.wav,perfil_softmin_errores_f8,1.1704173378427057e-07,0.4850501288797459,0.08920478401690952,0.18406076914680605,0.2416842009148046
AS,New_AS_108.wav,C:\Users\armga\OneDrive\Escritorio\TFG\Programacion objetivo\Bases de Datos\AS_New_3주기\New_AS_108.wav,perfil_softmin_errores_f8,7.635865455135048e-07,0.4534801365968834,0.1006903137626016,0.18651922418009423,0.2593095618738754
AS,New_AS_109.wav,C:\Users\armga\OneDrive\Escritorio\TFG\Programacion objetivo\Bases de Datos\AS_New_3주기\New_AS_109.wav,perfil_softmin_errores_f8,8.788824612131507e-07,0.49940928574798393,0.06598534132676936,0.20316053879578524,0.23144395524700007
AS,New_AS_110.wav,C:\Users\armga\OneDrive\Escritorio\TFG\Programacion objetivo\Bases de Datos\AS_New_3주기\New_AS_110.wav,perfil_softmin_errores_f8,1.5504510942616797e-07,0.5173029205832047,0.079993007835234,0.14863639784693888,0.2540675186895131
AS,New_AS_111.wav,C:\Users\armga\OneDrive\Escritorio\TFG\Programacion objetivo\Bases de Datos\AS_New_3주기\New_AS_111.wav,perfil_softmin_errores_f8,3.518605952245572e-07,0.4698007992474855,0.01384213952514847,0.16914206573724105,0.3472146436295297
AS,New_AS_112.wav,C:\Users\armga\OneDrive\Escritorio\TFG\Programacion objetivo\Bases de Datos\AS_New_3주기\New_AS_112.wav,perfil_softmin_errores_f8,1.1616567083065242e-07,0.48174085081545653,0.008490136930983895,0.12056983450894962,0.38919906157893924
AS,New_AS_113.wav,C:\Users\armga\OneDrive\Escritorio\TFG\Programacion objetivo\Bases de Datos\AS_New_3주기\New_AS_113.wav,perfil_softmin_errores_f8,1.1382003467472492e-06,0.4321105371167658,0.009520480354613312,0.13908055768956876,0.41928728663870535
AS,New_AS_114.wav,C:\Users\armga\OneDrive\Escritorio\TFG\Programacion objetivo\Bases de Datos\AS_New_3주기\New_AS_114.wav,perfil_softmin_errores_f8,3.2033437965799786e-07,0.4075739720018243,0.00585038296140617,0.14206510893213242,0.4445102157702574
AS,New_AS_115.wav,C:\Users\armga\OneDrive\Escritorio\TFG\Programacion objetivo\Bases de Datos\AS_New_3주기\New_AS_115.wav,perfil_softmin_errores_f8,6.01261051907459e-07,0.48870672933733134,0.10521895860881711,0.16197776275661435,0.24409594803618534
AS,New_AS_116.wav,C:\Users\armga\OneDrive\Escritorio\TFG\Programacion objetivo\Bases de Datos\AS_New_3주기\New_AS_116.wav,perfil_softmin_errores_f8,2.9272217695413036e-07,0.45864555120722544,0.1423249957101052,0.19197559780500573,0.20705356255548654
AS,New_AS_117.wav,C:\Users\armga\OneDrive\Escritorio\TFG\Programacion objetivo\Bases de Datos\AS_New_3주기\New_AS_117.wav,perfil_softmin_errores_f8,1.488118877713709e-07,0.4633673780450984,0.07897092278020802,0.20871049571285497,0.24895105464995076
AS,New_AS_118.wav,C:\Users\armga\OneDrive\Escritorio\TFG\Programacion objetivo\Bases de Datos\AS_New_3주기\New_AS_118.wav,perfil_softmin_errores_f8,2.1439946863670732e-07,0.5140334476950169,0.07878574080628072,0.19634974684890502,0.21083085025032863
AS,New_AS_119.wav,C:\Users\armga\OneDrive\Escritorio\TFG\Programacion objetivo\Bases de Datos\AS_New_3주기\New_AS_119.wav,perfil_softmin_errores_f8,6.523452903441021e-07,0.5061968538597946,0.072446523323568,0.13390391651360295,0.28745205395774415
AS,New_AS_120.wav,C:\Users\armga\OneDrive\Escritorio\TFG\Programacion objetivo\Bases de Datos\AS_New_3주기\New_AS_120.wav,perfil_softmin_errores_f8,6.923280746518664e-07,0.4565822350396018,0.0772688724668414,0.15556204429472778,0.3105861558707544
AS,New_AS_121.wav,C:\Users\armga\OneDrive\Escritorio\TFG\Programacion objetivo\Bases de Datos\AS_New_3주기\New_AS_121.wav,perfil_softmin_errores_f8,3.8433842258989837e-07,0.4983011609904864,0.08721716011910557,0.18178898177081423,0.2326923127811712
AS,New_AS_122.wav,C:\Users\armga\OneDrive\Escritorio\TFG\Programacion objetivo\Bases de Datos\AS_New_3주기\New_AS_122.wav,perfil_softmin_errores_f8,9.441642331292143e-07,0.5043065077973247,0.12438758691884458,0.13524659836790218,0.2360583627516953
AS,New_AS_123.wav,C:\Users\armga\OneDrive\Escritorio\TFG\Programacion objetivo\Bases de Datos\AS_New_3주기\New_AS_123.wav,perfil_softmin_errores_f8,6.868460262746306e-07,0.45395004977301845,0.15754205520141057,0.13583322640542334,0.2526739817741213
AS,New_AS_124.wav,C:\Users\armga\OneDrive\Escritorio\TFG\Programacion objetivo\Bases de Datos\AS_New_3주기\New_AS_124.wav,perfil_softmin_errores_f8,4.257517538740564e-07,0.5190757169815664,0.057542892308638474,0.14117753387734547,0.2822034310806959
AS,New_AS_125.wav,C:\Users\armga\OneDrive\Escritorio\TFG\Programacion objetivo\Bases de Datos\AS_New_3주기\New_AS_125.wav,perfil_softmin_errores_f8,4.896238433054526e-07,0.4774296214914609,0.07980728057786504,0.17635627460655148,0.2664063337002794
AS,New_AS_126.wav,C:\Users\armga\OneDrive\Escritorio\TFG\Programacion objetivo\Bases de Datos\AS_New_3주기\New_AS_126.wav,perfil_softmin_errores_f8,1.8134277259242798e-07,0.5462964789260961,0.09301481905357498,0.15771080598765638,0.20297771468989992
AS,New_AS_127.wav,C:\Users\armga\OneDrive\Escritorio\TFG\Programacion objetivo\Bases de Datos\AS_New_3주기\New_AS_127.wav,perfil_softmin_errores_f8,9.394483894425828e-07,0.5369901166876172,0.11110883213733556,0.1490020874286793,0.20289802429797843
AS,New_AS_128.wav,C:\Users\armga\OneDrive\Escritorio\TFG\Programacion objetivo\Bases de Datos\AS_New_3주기\New_AS_128.wav,perfil_softmin_errores_f8,5.376317169736487e-07,0.5053067571015946,0.09497876258068699,0.17808174341431593,0.2216321992716856
AS,New_AS_129.wav,C:\Users\armga\OneDrive\Escritorio\TFG\Programacion objetivo\Bases de Datos\AS_New_3주기\New_AS_129.wav,perfil_softmin_errores_f8,6.380156524356975e-07,0.6056028997269933,0.3624445077654502,0.00012716155338996407,0.03182479293851408
AS,New_AS_130.wav,C:\Users\armga\OneDrive\Escritorio\TFG\Programacion objetivo\Bases de Datos\AS_New_3주기\New_AS_130.wav,perfil_softmin_errores_f8,2.83537587673487e-07,0.6377851905589034,0.33612540951899256,7.477696723760513e-05,0.026014339417278633
AS,New_AS_131.wav,C:\Users\armga\OneDrive\Escritorio\TFG\Programacion objetivo\Bases de Datos\AS_New_3주기\New_AS_131.wav,perfil_softmin_errores_f8,4.373318017834437e-09,0.8089931623582317,0.004033312304097955,0.12917399647356878,0.05779952449078358
AS,New_AS_132.wav,C:\Users\armga\OneDrive\Escritorio\TFG\Programacion objetivo\Bases de Datos\AS_New_3주기\New_AS_132.wav,perfil_softmin_errores_f8,0.0010444794791139478,0.2871622478281021,0.015399135173883766,0.409707618675915,0.2866865188429852
AS,New_AS_133.wav,C:\Users\armga\OneDrive\Escritorio\TFG\Programacion objetivo\Bases de Datos\AS_New_3주기\New_AS_133.wav,perfil_softmin_errores_f8,3.521455263867234e-07,0.8027572410277047,0.19694054424543728,1.1371034341257733e-05,0.00029049154699046316
AS,New_AS_134.wav,C:\Users\armga\OneDrive\Escritorio\TFG\Programacion objetivo\Bases de Datos\AS_New_3주기\New_AS_134.wav,perfil_softmin_errores_f8,7.930383114040724e-07,0.5072398729579853,0.11481078317551628,0.16915044901465517,0.20879810181353178
AS,New_AS_135.wav,C:\Users\armga\OneDrive\Escritorio\TFG\Programacion objetivo\Bases de Datos\AS_New_3주기\New_AS_135.wav,perfil_softmin_errores_f8,9.894350500702115e-07,0.7980679639092986,0.20147813347297758,2.0643382576945562e-05,0.0004322698000969812
AS,New_AS_136.wav,C:\Users\armga\OneDrive\Escritorio\TFG\Programacion objetivo\Bases de Datos\AS_New_3주기\New_AS_136.wav,perfil_softmin_errores_f8,1.2507133234272965e-06,0.5616009932173126,0.4038426804860504,0.00013585908161843746,0.034419216501695056
AS,New_AS_137.wav,C:\Users\armga\OneDrive\Escritorio\TFG\Programacion objetivo\Bases de Datos\AS_New_3주기\New_AS_137.wav,perfil_softmin_errores_f8,3.3602299139006557e-07,0.6575240905264814,0.331124132342152,4.934733684290438e-05,0.01130209377153226
AS,New_AS_138.wav,C:\Users\armga\OneDrive\Escritorio\TFG\Programacion objetivo\Bases de Datos\AS_New_3주기\New_AS_138.wav,perfil_softmin_errores_f8,6.063679297375231e-07,0.5555682242438572,0.420087185718697,0.00012764546336761792,0.024216338206148498
AS,New_AS_139.wav,C:\Users\armga\OneDrive\Escritorio\TFG\Programacion objetivo\Bases de Datos\AS_New_3주기\New_AS_139.wav,perfil_softmin_errores_f8,4.133774317492283e-07,0.5658350234089784,0.42100260608731893,5.277925068611694e-05,0.0131091778755847
AS,New_AS_140.wav,C:\Users\armga\OneDrive\Escritorio\TFG\Programacion objetivo\Bases de Datos\AS_New_3주기\New_AS_140.wav,perfil_softmin_errores_f8,1.4745164499858582e-07,0.2975461858391287,0.035989573227111805,0.19921638621719873,0.46724770726491566
AS,New_AS_141.wav,C:\Users\armga\OneDrive\Escritorio\TFG\Programacion objetivo\Bases de Datos\AS_New_3주기\New_AS_141.wav,perfil_softmin_errores_f8,3.8098191350198885e-07,0.34072168560299554,0.04298349142374587,0.17561088287024315,0.4406835591211019
AS,New_AS_142.wav,C:\Users\armga\OneDrive\Escritorio\TFG\Programacion objetivo\Bases de Datos\AS_New_3주기\New_AS_142.wav,perfil_softmin_errores_f8,6.417056156800814e-08,0.4344407576639087,0.04430495084155285,0.16731674804045332,0.35393747928352354
AS,New_AS_143.wav,C:\Users\armga\OneDrive\Escritorio\TFG\Programacion objetivo\Bases de Datos\AS_New_3주기\New_AS_143.wav,perfil_softmin_errores_f8,1.8756875330550293e-08,0.4377785637706461,0.02977490682297445,0.11227368941620813,0.420172821233296
AS,New_AS_144.wav,C:\Users\armga\OneDrive\Escritorio\TFG\Programacion objetivo\Bases de Datos\AS_New_3주기\New_AS_144.wav,perfil_softmin_errores_f8,1.8433521625782355e-07,0.6112534084343301,0.10844632900360432,0.053877697911975324,0.2264223803148739
AS,New_AS_145.wav,C:\Users\armga\OneDrive\Escritorio\TFG\Programacion objetivo\Bases de Datos\AS_New_3주기\New_AS_145.wav,perfil_softmin_errores_f8,2.2200639574241023e-07,0.6527813884591461,0.0764252186125706,0.057625357905846865,0.2131678130160406
AS,New_AS_146.wav,C:\Users\armga\OneDrive\Escritorio\TFG\Programacion objetivo\Bases de Datos\AS_New_3주기\New_AS_146.wav,perfil_softmin_errores_f8,1.472832772165204e-07,0.6880031734972012,0.07721565530330037,0.03950866602348231,0.1952723578927389
AS,New_AS_147.wav,C:\Users\armga\OneDrive\Escritorio\TFG\Programacion objetivo\Bases de Datos\AS_New_3주기\New_AS_147.wav,perfil_softmin_errores_f8,1.60218714541159e-07,0.6781694184733398,0.06911970491147189,0.038359804580442115,0.21435091181603164
AS,New_AS_148.wav,C:\Users\armga\OneDrive\Escritorio\TFG\Programacion objetivo\Bases de Datos\AS_New_3주기\New_AS_148.wav,perfil_softmin_errores_f8,2.6675742799262555e-07,0.5833866063446934,0.07995054228653653,0.06288701444969519,0.27377557016164683
AS,New_AS_149.wav,C:\Users\armga\OneDrive\Escritorio\TFG\Programacion objetivo\Bases de Datos\AS_New_3주기\New_AS_149.wav,perfil_softmin_errores_f8,6.404898550378583e-07,0.5858727631045679,0.11752770586474608,0.06888105487193305,0.22771783566889797
AS,New_AS_150.wav,C:\Users\armga\OneDrive\Escritorio\TFG\Programacion objetivo\Bases de Datos\AS_New_3주기\New_AS_150.wav,perfil_softmin_errores_f8,9.226081773773603e-08,0.6810353115730728,0.07975085169904216,0.042227859114951354,0.19698588535211586
AS,New_AS_151.wav,C:\Users\armga\OneDrive\Escritorio\TFG\Programacion objetivo\Bases de Datos\AS_New_3주기\New_AS_151.wav,perfil_softmin_errores_f8,8.717898345841569e-07,0.6522750518825925,0.08477054184363378,0.04712153370117077,0.21583200078276846
AS,New_AS_152.wav,C:\Users\armga\OneDrive\Escritorio\TFG\Programacion objetivo\Bases de Datos\AS_New_3주기\New_AS_152.wav,perfil_softmin_errores_f8,3.0740105774809824e-06,0.6233853912066245,0.24136242937777896,0.003889024650006209,0.131360080755013
AS,New_AS_153.wav,C:\Users\armga\OneDrive\Escritorio\TFG\Programacion objetivo\Bases de Datos\AS_New_3주기\New_AS_153.wav,perfil_softmin_errores_f8,3.3019871942666266e-07,0.6655970469346654,0.21739914562635834,0.0028261246819651217,0.1141773525582916
AS,New_AS_154.wav,C:\Users\armga\OneDrive\Escritorio\TFG\Programacion objetivo\Bases de Datos\AS_New_3주기\New_AS_154.wav,perfil_softmin_errores_f8,2.210791983358888e-06,0.5909147752232234,0.22980306780871415,0.005230962205495893,0.1740489839705832
AS,New_AS_155.wav,C:\Users\armga\OneDrive\Escritorio\TFG\Programacion objetivo\Bases de Datos\AS_New_3주기\New_AS_155.wav,perfil_softmin_errores_f8,7.654819530012304e-07,0.6951516687320113,0.16997468421059678,0.0028250523767594784,0.13204782919867952
AS,New_AS_156.wav,C:\Users\armga\OneDrive\Escritorio\TFG\Programacion objetivo\Bases de Datos\AS_New_3주기\New_AS_156.wav,perfil_softmin_errores_f8,9.783896461313167e-07,0.5781777364397513,0.3842821544996483,0.00012259712469827005,0.03741653354625592
AS,New_AS_157.wav,C:\Users\armga\OneDrive\Escritorio\TFG\Programacion objetivo\Bases de Datos\AS_New_3주기\New_AS_157.wav,perfil_softmin_errores_f8,3.476700825246669e-07,0.6381864044457402,0.35109611563445,5.37210373840523e-05,0.01066341121234342
AS,New_AS_158.wav,C:\Users\armga\OneDrive\Escritorio\TFG\Programacion objetivo\Bases de Datos\AS_New_3주기\New_AS_158.wav,perfil_softmin_errores_f8,3.279610767516195e-07,0.6188657870913291,0.35862216273554604,0.0001053464441339706,0.02240637576791398
AS,New_AS_159.wav,C:\Users\armga\OneDrive\Escritorio\TFG\Programacion objetivo\Bases de Datos\AS_New_3주기\New_AS_159.wav,perfil_softmin_errores_f8,2.838363786175712e-07,0.6009529185900362,0.386360948617702,3.8959913080126974e-05,0.012646889042803111
AS,New_AS_160.wav,C:\Users\armga\OneDrive\Escritorio\TFG\Programacion objetivo\Bases de Datos\AS_New_3주기\New_AS_160.wav,perfil_softmin_errores_f8,3.941272437260343e-07,0.5899462022347008,0.3802554222593805,6.871021856600419e-05,0.02972927116010896
AS,New_AS_161.wav,C:\Users\armga\OneDrive\Escritorio\TFG\Programacion objetivo\Bases de Datos\AS_New_3주기\New_AS_161.wav,perfil_softmin_errores_f8,1.465825642134392e-07,0.6108935915427068,0.37470230375681424,3.350233237745567e-05,0.014370455785537256
