indice_interno,base,clase,archivo,distribucion,representacion,numero_capas,inicializacion_onmf,error_final,forma_h_final,segundos_extraccion_deep,capa_1_rango,capa_1_error,capa_1_ortogonalidad_h,capa_1_segundos,capa_2_rango,capa_2_error,capa_2_ortogonalidad_h,capa_2_segundos,capa_3_rango,capa_3_error,capa_3_ortogonalidad_h,capa_3_segundos,capa_4_rango,capa_4_error,capa_4_ortogonalidad_h,capa_4_segundos
0,original,N,New_N_001.wav,30-12-5-2,DeepONMF_H4,4,nndsvd,0.2689429818308064,2x212,0.06496549991425127,30,0.07932943391112156,0.18492813471638295,0.04678570001851767,12,0.056816738403201984,0.2118696140038052,0.007588099921122193,5,0.06729684277620146,0.28814038117696006,0.005884499987587333,2,0.09863523885682361,0.3579382559422789,0.00358410004992038
1,original,N,New_N_002.wav,30-12-5-2,DeepONMF_H4,4,nndsvd,0.2697480505833214,2x212,0.06475789996329695,30,0.07028162134512486,0.185860581579184,0.04683050001040101,12,0.05817780154544758,0.1791174365605007,0.00725400005467236,5,0.07289736727846777,0.2414358465118104,0.00586130004376173,2,0.10055022324624019,0.26829561740491864,0.0035875000758096576
2,original,N,New_N_003.wav,30-12-5-2,DeepONMF_H4,4,nndsvd,0.2655144149798512,2x212,0.06360389990732074,30,0.0752735048598487,0.1471765235769885,0.04535759997088462,12,0.057568271017644224,0.1781366676052888,0.007373700034804642,5,0.07224898160437317,0.23958111219910733,0.005384000018239021,2,0.08884946781299195,0.44992401452256703,0.0043883000034838915
3,original,N,New_N_004.wav,30-12-5-2,DeepONMF_H4,4,nndsvd,0.2606101288735058,2x212,0.06307949998881668,30,0.0749789332420399,0.17138792098019656,0.045344999991357327,12,0.05822890496519678,0.19124050579066612,0.007788200047798455,5,0.06827696281334346,0.2853810622410926,0.004830299993045628,2,0.09225958343941665,0.3212364176638696,0.003893699962645769
4,original,N,New_N_005.wav,30-12-5-2,DeepONMF_H4,4,nndsvd,0.26340187360247935,2x212,0.06250390002969652,30,0.0742384306703832,0.16287758106981515,0.04406940005719662,12,0.05779508644134002,0.21907382252011845,0.009410799946635962,5,0.07050276101124679,0.3271975317781807,0.004386799992062151,2,0.08792246367227328,0.4630964146814362,0.0033264000667259097
5,original,N,New_N_006.wav,30-12-5-2,DeepONMF_H4,4,nndsvd,0.27122036244518216,2x212,0.06854280002880841,30,0.07914867610392894,0.17481041679085768,0.05104140006005764,12,0.05841300950284552,0.1718309837735265,0.0077538000186905265,5,0.0687817199277059,0.24568899462730015,0.004968699999153614,2,0.10514641526586614,0.3684799766327883,0.003515099990181625
6,original,N,New_N_007.wav,30-12-5-2,DeepONMF_H4,4,nndsvd,0.2687274178126988,2x212,0.0663150999462232,30,0.07102688606789193,0.1720643948028137,0.042576299980282784,12,0.05998654698724444,0.19088322642050706,0.009692299994640052,5,0.0758257218590253,0.2343297023989829,0.006262499955482781,2,0.09829175233887497,0.40074015844121613,0.0064356999937444925
7,original,N,New_N_008.wav,30-12-5-2,DeepONMF_H4,4,nndsvd,0.2733938605922172,2x212,0.06836219993419945,30,0.06915207178620054,0.15575828230449204,0.047730399994179606,12,0.05785752258197684,0.16988695090025005,0.010788699961267412,5,0.07943367697979568,0.3074320721705737,0.004544900031760335,2,0.10713779475178453,0.3378874206981841,0.0040480000898242
8,original,N,New_N_009.wav,30-12-5-2,DeepONMF_H4,4,nndsvd,0.26946115293709244,2x212,0.08930870005860925,30,0.07291922055733926,0.16453341206832686,0.05637199990451336,12,0.059632677829286065,0.13931706828032367,0.014663300011307001,5,0.08004920653093985,0.18725536939053025,0.009140799986198545,2,0.09784026885343695,0.35691029613131453,0.007727900054305792
9,original,N,New_N_010.wav,30-12-5-2,DeepONMF_H4,4,nndsvd,0.27831613564205054,2x212,0.07554259989410639,30,0.08008638380834689,0.1483558005576877,0.05160850007086992,12,0.058781581353573684,0.188211930990781,0.008146999985910952,5,0.08235171679734715,0.19987965369711388,0.006513400003314018,2,0.11488824552615365,0.5063405891777852,0.007580299978144467
10,original,N,New_N_011.wav,30-12-5-2,DeepONMF_H4,4,nndsvd,0.2657400751036068,2x212,0.07242080010473728,30,0.07174784294043801,0.1720233824043032,0.050273300032131374,12,0.0574562102277833,0.2066326499743346,0.008335400023497641,5,0.07337039162806612,0.27465317663142963,0.008829599944874644,2,0.0987726429913903,0.33679718261084446,0.0037842000601813197
11,original,N,New_N_012.wav,30-12-5-2,DeepONMF_H4,4,nndsvd,0.2738411842754336,2x212,0.06525679992046207,30,0.07057225986814492,0.18111011107003028,0.048191600013524294,12,0.059228137591717335,0.18797174368859196,0.0075174999656155705,5,0.0742936141927705,0.3425134607939274,0.004668099922128022,2,0.11854337435034748,0.4084380800854852,0.0037155000027269125
12,original,N,New_N_013.wav,30-12-5-2,DeepONMF_H4,4,nndsvd,0.2685447268171274,2x212,0.06078260007780045,30,0.07846037275235812,0.1635727661575393,0.04304030002094805,12,0.05809174729648629,0.1900341226959591,0.008707200060598552,5,0.06970775467161691,0.28971646317589816,0.004446999984793365,2,0.09553238832885871,0.40686480757576426,0.003310399944894016
13,original,N,New_N_014.wav,30-12-5-2,DeepONMF_H4,4,nndsvd,0.2658525293912476,2x212,0.06371420004870743,30,0.07480904056291159,0.18267623317913054,0.04474129993468523,12,0.05750315833587019,0.20886549233765112,0.009136000066064298,5,0.07122181385242374,0.3270945550073884,0.005171800032258034,2,0.09902250506590232,0.46496093693557783,0.0033164999913424253
14,original,N,New_N_015.wav,30-12-5-2,DeepONMF_H4,4,nndsvd,0.27275202207022226,2x212,0.06351820006966591,30,0.07497259365951685,0.16742042366163612,0.04497290006838739,12,0.05941142713055826,0.19243843959655157,0.00728370004799217,5,0.08223913002321923,0.24611332957532364,0.006617199978791177,2,0.09771805626924789,0.2662969114214791,0.0033516999101266265
15,original,N,New_N_016.wav,30-12-5-2,DeepONMF_H4,4,nndsvd,0.26570245777452356,2x212,0.061039699940010905,30,0.07349422416855725,0.15280396787730896,0.04409089998807758,12,0.057889949722853856,0.2036533521395936,0.007662500021979213,5,0.0738211055712284,0.2967059292248267,0.004327700007706881,2,0.0950406933748719,0.3421401733684838,0.0038170000771060586
16,original,N,New_N_017.wav,30-12-5-2,DeepONMF_H4,4,nndsvd,0.26875772887888416,2x212,0.05999900004826486,30,0.07692996901861748,0.16647824182515172,0.042466599959880114,12,0.05858865848600424,0.14078562986089715,0.008829600061289966,5,0.07943952905455115,0.25708287328576046,0.004314400022849441,2,0.09627393937083963,0.41856552229071975,0.003243400016799569
17,original,N,New_N_018.wav,30-12-5-2,DeepONMF_H4,4,nndsvd,0.26426564779517325,2x212,0.06246020004618913,30,0.07725165536412332,0.17437812650445353,0.04533369990531355,12,0.05794848912255686,0.19285760645802508,0.00761249999050051,5,0.07189499952162628,0.2508193463655705,0.0049570000264793634,2,0.0943479611272149,0.37268431991336703,0.003329699975438416
18,original,N,New_N_019.wav,30-12-5-2,DeepONMF_H4,4,nndsvd,0.2652636027166569,2x212,0.061666700057685375,30,0.07934361077226511,0.1678666341958317,0.044714399962686,12,0.05800630756567914,0.1952992133386047,0.0073358999798074365,5,0.07134134844475563,0.3315193556807494,0.004306099959649146,2,0.092717957679044,0.33861296796659957,0.00415770011022687
19,original,N,New_N_020.wav,30-12-5-2,DeepONMF_H4,4,nndsvd,0.26511781809127055,2x212,0.06344769999850541,30,0.07812442254766948,0.17656163677584416,0.04534150008112192,12,0.05791130435871494,0.1609840720019024,0.008974500000476837,5,0.06959368008866246,0.22924200989304197,0.00449939991813153,2,0.09911633290999639,0.4142061046219031,0.003539599943906069
20,original,N,New_N_021.wav,30-12-5-2,DeepONMF_H4,4,nndsvd,0.26655671478289905,2x212,0.06385759997647256,30,0.0714825337089937,0.17155453883410537,0.044068000046536326,12,0.05777653001499062,0.1848238777582564,0.00955950003117323,5,0.0731917547610029,0.28032587332987013,0.00590280001051724,2,0.10524701616270594,0.34299161007104717,0.0033030000049620867
21,original,N,New_N_022.wav,30-12-5-2,DeepONMF_H4,4,nndsvd,0.266076260764774,2x212,0.06444899993948638,30,0.07403654119015418,0.16939059846303062,0.04672360001131892,12,0.057106523753590314,0.14840952721498057,0.008732400019653141,5,0.07697707141339254,0.18601386605266768,0.004357099998742342,2,0.10263484744053256,0.30241494847530465,0.0032888000132516026
22,original,N,New_N_023.wav,30-12-5-2,DeepONMF_H4,4,nndsvd,0.2741204962317603,2x212,0.06530410004779696,30,0.07014614773473409,0.14136677803824685,0.04668140003923327,12,0.06075756356134982,0.15212476997144864,0.009324599988758564,5,0.08036748198898078,0.19466217219021226,0.0047163000563159585,2,0.10328752713709942,0.4625783650275376,0.0032709999941289425
23,original,N,New_N_024.wav,30-12-5-2,DeepONMF_H4,4,nndsvd,0.2689436198571943,2x212,0.06235419993754476,30,0.07311021070819389,0.16763882120501591,0.04448820010293275,12,0.06192764905009804,0.17483852965026592,0.0073009999468922615,5,0.07174723322852421,0.21538847401715322,0.005826300010085106,2,0.09711582380212369,0.33347473078944,0.0034477999433875084
24,original,N,New_N_025.wav,30-12-5-2,DeepONMF_H4,4,nndsvd,0.2841909232439727,2x212,0.05897840007673949,30,0.07664703205790464,0.1550254110581212,0.0417561000213027,12,0.06174255725980827,0.15113032185033906,0.007949099992401898,5,0.08449011971881801,0.26264596968174914,0.004299400025047362,2,0.1210828121937039,0.5420637507440922,0.0032481999369338155
25,original,N,New_N_026.wav,30-12-5-2,DeepONMF_H4,4,nndsvd,0.26767767039274803,2x212,0.07831250003073364,30,0.07549188198786543,0.17053485317672,0.05032229993958026,12,0.05937140248180063,0.1656014208669006,0.015723800053820014,5,0.0822475640294959,0.2513558714136685,0.007470299955457449,2,0.09553438077210363,0.44197708045489004,0.003467499976977706
26,original,N,New_N_027.wav,30-12-5-2,DeepONMF_H4,4,nndsvd,0.26714910623365457,2x212,0.06281399994622916,30,0.07385551536206582,0.16225461031575109,0.045235599973239005,12,0.05869800738738565,0.1876596860631541,0.007349399966187775,5,0.07258393174845797,0.26370638054066553,0.005239199963398278,2,0.10084786429345514,0.4190288169659589,0.003899000003002584
27,original,N,New_N_028.wav,30-12-5-2,DeepONMF_H4,4,nndsvd,0.26431317692217415,2x212,0.06140660005621612,30,0.07364737059807683,0.15449868774680325,0.044204500038176775,12,0.05695700183175298,0.15111002992908285,0.0076763000106438994,5,0.06971470304482365,0.25596560080119973,0.004504099953919649,2,0.10130606544128677,0.3644811248220532,0.003626600024290383
28,original,N,New_N_029.wav,30-12-5-2,DeepONMF_H4,4,nndsvd,0.2740103986641349,2x212,0.060296099982224405,30,0.07241125867022696,0.16914306606295823,0.04340470000170171,12,0.05801803617884859,0.18840851151014187,0.008160500088706613,5,0.0846045045151214,0.2456812981507955,0.0043600999051705,2,0.11199082967953243,0.37045641180941224,0.0032511999597772956
29,original,N,New_N_030.wav,30-12-5-2,DeepONMF_H4,4,nndsvd,0.26655642866601414,2x212,0.06211579998489469,30,0.07643553453155638,0.1744083537075602,0.04417440004181117,12,0.06268255515195315,0.1558301209402374,0.0072815000312402844,5,0.07319642299799993,0.26303611393986215,0.006038099993020296,2,0.08860022567142631,0.44297265283788234,0.003421399975195527
30,original,N,New_N_031.wav,30-12-5-2,DeepONMF_H4,4,nndsvd,0.2685436594410698,2x212,0.06301919999532402,30,0.07659968079396968,0.16968123239316366,0.04522890003863722,12,0.058570583283618714,0.19823815466119088,0.0075041999807581306,5,0.07830221930694076,0.2830346514773252,0.004403500002808869,2,0.09535027818902686,0.4148217905806948,0.004749799962155521
31,original,N,New_N_032.wav,30-12-5-2,DeepONMF_H4,4,nndsvd,0.26808227856306677,2x212,0.06128070002887398,30,0.0748342600813593,0.16098689065950772,0.043388199992477894,12,0.06013727599981652,0.13496820236431323,0.008507800055667758,5,0.07722830096013232,0.20738394294147064,0.004493099986575544,2,0.09331034307209611,0.38943232922430204,0.003331799991428852
32,original,N,New_N_033.wav,30-12-5-2,DeepONMF_H4,4,nndsvd,0.268999908768248,2x212,0.06407830002717674,30,0.07187080637820377,0.1667846139091209,0.045434199972078204,12,0.06071047588075351,0.1900361049921046,0.009284699917770922,5,0.07137331101631664,0.2838823015962897,0.004450099891982973,2,0.09850233479238517,0.42953063367976496,0.0033094000536948442
33,original,N,New_N_034.wav,30-12-5-2,DeepONMF_H4,4,nndsvd,0.26994932379635533,2x212,0.06204410002101213,30,0.07449252478944249,0.16640693907387916,0.04453119996469468,12,0.058271167870293926,0.13102203254318412,0.007909799925982952,5,0.07338091443647712,0.2411665262050436,0.005044299992732704,2,0.10761185038719186,0.3641586600997963,0.0033867999445647
34,original,N,New_N_035.wav,30-12-5-2,DeepONMF_H4,4,nndsvd,0.26836908175857954,2x212,0.06170850002672523,30,0.07474617287173373,0.17221516281714327,0.04410160006955266,12,0.05757401592015578,0.2220441739647786,0.007466099923476577,5,0.07243879862342077,0.24630079248351774,0.004445199971087277,2,0.09781968080203665,0.3698917179780957,0.004633200005628169
35,original,N,New_N_036.wav,30-12-5-2,DeepONMF_H4,4,nndsvd,0.26789050845641044,2x212,0.062250299961306155,30,0.07402996108067568,0.15863760898820534,0.04448319994844496,12,0.05812542148615448,0.18545854044702859,0.008905300055630505,5,0.07195642363849138,0.26638330660073656,0.004312100005336106,2,0.0918726432619963,0.49468550883578777,0.003341000061482191
36,original,N,New_N_037.wav,30-12-5-2,DeepONMF_H4,4,nndsvd,0.2517614261791763,2x212,0.0632503000088036,30,0.06742079846783941,0.1462375854795271,0.04514409997500479,12,0.055918001615084874,0.20631981104439223,0.008012800011783838,5,0.06252160830267547,0.3183441357891332,0.005479700048454106,2,0.08145174347487244,0.3445839314557609,0.0032754000276327133
37,original,N,New_N_038.wav,30-12-5-2,DeepONMF_H4,4,nndsvd,0.2515063318767269,2x212,0.0668017000425607,30,0.06816493737113724,0.14207186138243785,0.047715799999423325,12,0.05599420935484717,0.18785620526283797,0.010311000049114227,5,0.06289915922418593,0.35536149248764454,0.0043768000323325396,2,0.0823871360105746,0.3662856168277885,0.0032822000794112682
38,original,N,New_N_039.wav,30-12-5-2,DeepONMF_H4,4,nndsvd,0.24899480694695403,2x212,0.06666569993831217,30,0.06739458149711813,0.1380918945847107,0.04733990004751831,12,0.0558114862245669,0.16372000200442688,0.009172999998554587,5,0.062613713884801,0.24983062467004827,0.004908900009468198,2,0.07670548424982147,0.35040517902137314,0.004193900036625564
39,original,N,New_N_040.wav,30-12-5-2,DeepONMF_H4,4,nndsvd,0.2515904860554677,2x212,0.06420050002634525,30,0.06699498393769743,0.14608118488334268,0.04690469999331981,12,0.05578393945368355,0.18464894751235475,0.00748220004606992,5,0.0605198551780717,0.30238763316762457,0.005331299966201186,2,0.08573619371632529,0.3594029718286957,0.0033211999107152224
40,original,N,New_N_041.wav,30-12-5-2,DeepONMF_H4,4,nndsvd,0.25679582043989524,2x212,0.058164000045508146,30,0.06440329349575091,0.1645402594870482,0.04152770002838224,12,0.05634885616721782,0.19178271709691652,0.007466300041414797,5,0.062387919902043974,0.3158381070952859,0.004544700030237436,2,0.08978222292364102,0.5962193132930478,0.003486800007522106
41,original,N,New_N_042.wav,30-12-5-2,DeepONMF_H4,4,nndsvd,0.2573385554081903,2x212,0.05945790000259876,30,0.06468324192503663,0.17664350418449845,0.04205829999409616,12,0.056269919953768587,0.15182156962267676,0.00828820001333952,5,0.06406669025119593,0.2253808474206306,0.004602300003170967,2,0.09647819245750922,0.6731372430612232,0.0033008999889716506
42,original,N,New_N_043.wav,30-12-5-2,DeepONMF_H4,4,nndsvd,0.254691778731435,2x212,0.06773600005544722,30,0.06476172205536244,0.17407828856912566,0.04850480007007718,12,0.055974807378361253,0.18288487002211645,0.008592600002884865,5,0.05984511678856332,0.3614391780829228,0.005981200025416911,2,0.0847343213714742,0.5345577168079346,0.0034878000151365995
43,original,N,New_N_044.wav,30-12-5-2,DeepONMF_H4,4,nndsvd,0.2570945802694618,2x212,0.06516480003483593,30,0.0628829237746026,0.18065507215453414,0.0483894000062719,12,0.05600739074447846,0.19284524065392092,0.007904099998995662,5,0.06244156037010833,0.3923226726749431,0.004549100063741207,2,0.09393330924697364,0.6291312233727384,0.003281300072558224
44,original,N,New_N_045.wav,30-12-5-2,DeepONMF_H4,4,nndsvd,0.25529718146593416,2x212,0.0607869999948889,30,0.06626445438981997,0.16112874090985446,0.04376880009658635,12,0.05677792930573022,0.1410956868345263,0.007502499967813492,5,0.06552366176299239,0.2601071516771533,0.004529700032435358,2,0.08392440795844637,0.4885613686627218,0.003917999914847314
45,original,N,New_N_046.wav,30-12-5-2,DeepONMF_H4,4,nndsvd,0.25503685649927427,2x212,0.06099439994432032,30,0.06471849227000674,0.18196634171686218,0.04296550003346056,12,0.05620435090056137,0.21386742159460143,0.008967400062829256,5,0.06106382331437534,0.33747978724254557,0.004335199948400259,2,0.087389121378351,0.5806005808454063,0.0035386999370530248
46,original,N,New_N_047.wav,30-12-5-2,DeepONMF_H4,4,nndsvd,0.2554543059993208,2x212,0.06107880000490695,30,0.06422537817107528,0.1600667413123504,0.04384830000344664,12,0.056332556447034415,0.18512692901194225,0.0077145000686869025,5,0.06078986592053448,0.26236120950890557,0.004913599928840995,2,0.08615004517751426,0.5960436499944229,0.0033221999183297157
47,original,N,New_N_048.wav,30-12-5-2,DeepONMF_H4,4,nndsvd,0.2547783181634489,2x212,0.06413529999554157,30,0.0727747089970537,0.1667247378863675,0.0453760001109913,12,0.05575613389511094,0.18121200690442418,0.007247700006701052,5,0.059449148979615465,0.31470023777908757,0.0058886000188067555,2,0.08467656453982393,0.48788669714038935,0.004414799972437322
48,original,N,New_N_049.wav,30-12-5-2,DeepONMF_H4,4,nndsvd,0.2527881713316298,2x212,0.06016940006520599,30,0.061139654507174006,0.20123110872302666,0.04276829992886633,12,0.05624785655048144,0.19884012484169208,0.00786750006955117,5,0.0603946834223858,0.36895523173136113,0.004328900016844273,2,0.0856047027562967,0.7254305485717356,0.0038216999964788556
49,original,N,New_N_050.wav,30-12-5-2,DeepONMF_H4,4,nndsvd,0.25530397048851095,2x212,0.06139240006450564,30,0.06553205839635565,0.17332843801737796,0.04353879997506738,12,0.055850783623240065,0.1686543511808435,0.008662600070238113,5,0.061444733065388765,0.3050928852573835,0.004488999955356121,2,0.09127880135084718,0.5194277582974786,0.003350100014358759
50,original,N,New_N_051.wav,30-12-5-2,DeepONMF_H4,4,nndsvd,0.2570019243403331,2x212,0.0641892000567168,30,0.06510376635372583,0.1463032325107665,0.045335999922826886,12,0.05724454297790051,0.18712253645197519,0.007395000080578029,5,0.06613910042205176,0.2708289230577503,0.006788600003346801,2,0.08909428933222972,0.6121413853541353,0.003323499928228557
51,original,N,New_N_052.wav,30-12-5-2,DeepONMF_H4,4,nndsvd,0.25463354941602473,2x212,0.06147950002923608,30,0.06405154833070034,0.16911365347297633,0.04464970005210489,12,0.056146624028912684,0.1638955394535595,0.007280000019818544,5,0.06131188823597498,0.3085798568484826,0.004656099947169423,2,0.08811206663876436,0.6532399214939255,0.003807300003245473
52,original,N,New_N_053.wav,30-12-5-2,DeepONMF_H4,4,nndsvd,0.25241339428557363,2x212,0.06024509994313121,30,0.06559043445044539,0.1718090375238657,0.04321260005235672,12,0.05590638951333353,0.22674300278810947,0.008064499939791858,5,0.0592193330487305,0.421274158730135,0.004301199922338128,2,0.08145737730916691,0.6312681677334584,0.003459200030192733
53,original,N,New_N_054.wav,30-12-5-2,DeepONMF_H4,4,nndsvd,0.25453723923430716,2x212,0.06285109999589622,30,0.06438332985652764,0.169199161064654,0.04469419992528856,12,0.05604873575750336,0.20069786686797242,0.009011199930682778,5,0.05942733827728035,0.34797614220971396,0.004521200084127486,2,0.0865141233366924,0.598352948103908,0.0032929000444710255
54,original,N,New_N_055.wav,30-12-5-2,DeepONMF_H4,4,nndsvd,0.25302278297320446,2x212,0.06205069995485246,30,0.06262097350913447,0.16617223330381067,0.04406320000998676,12,0.056000119599925915,0.17880273069478794,0.007701999973505735,5,0.06250926485516187,0.38145460939510845,0.005593799985945225,2,0.08485434244038965,0.6087924945774865,0.0035315999994054437
55,original,N,New_N_056.wav,30-12-5-2,DeepONMF_H4,4,nndsvd,0.2533226624608432,2x212,0.06020970002282411,30,0.06437328869407352,0.18967793200459188,0.04234849999193102,12,0.05627815729002645,0.17328935023337005,0.00839780003298074,5,0.06199328973654702,0.36649289551759934,0.004358800011686981,2,0.0825653929597225,0.5715719533301584,0.0032963999547064304
56,original,N,New_N_057.wav,30-12-5-2,DeepONMF_H4,4,nndsvd,0.25099630312807875,2x212,0.06044500006828457,30,0.06393486895280381,0.20211283842142944,0.043602899997495115,12,0.05595584993355791,0.20560743327296427,0.0077887000516057014,5,0.05828025299548167,0.3142854625392958,0.004543900024145842,2,0.07578259877164403,0.5370059251056061,0.0033068000338971615
57,original,N,New_N_058.wav,30-12-5-2,DeepONMF_H4,4,nndsvd,0.2508671546394232,2x212,0.06089129997417331,30,0.06254425787957046,0.19724812063427524,0.04428350005764514,12,0.05618793245735356,0.2357706391148549,0.007257499964907765,5,0.059940146433848866,0.3699754452923065,0.00460190000012517,2,0.0811826648988177,0.6196665168141606,0.0036732000298798084
58,original,N,New_N_059.wav,30-12-5-2,DeepONMF_H4,4,nndsvd,0.2539085732919518,2x212,0.15020809997804463,30,0.06535027861315941,0.1695071081371901,0.11743549990933388,12,0.05591551229232688,0.22350268662905035,0.009570199996232986,5,0.058815507047051664,0.39030950434109457,0.015109899919480085,2,0.08539122791598694,0.6098715951252955,0.006572699989192188
59,original,N,New_N_060.wav,30-12-5-2,DeepONMF_H4,4,nndsvd,0.2536412031640774,2x212,0.07962590001989156,30,0.0683490677479396,0.1990463104587372,0.052656799904070795,12,0.05561813998890875,0.21077147401234944,0.01196550007443875,5,0.05894920528855133,0.32290503034630846,0.008277399931102991,2,0.08490070531851587,0.6386031308337641,0.005140600027516484
60,original,N,New_N_061.wav,30-12-5-2,DeepONMF_H4,4,nndsvd,0.255342712986552,2x212,0.0804327999940142,30,0.06446059468525148,0.17038690977633017,0.05547450005542487,12,0.0566191128154819,0.1722298065942193,0.007974099949933589,5,0.060584427417934315,0.26998006288902177,0.008511299965903163,2,0.09000832211184298,0.6574692644927072,0.006591900018975139
61,original,N,New_N_062.wav,30-12-5-2,DeepONMF_H4,4,nndsvd,0.2530864523096316,2x212,0.06274720001965761,30,0.06319432901477022,0.2036187554459612,0.04505409998819232,12,0.055747854571337,0.26473663964991606,0.008141200058162212,5,0.058079130230812376,0.427085131332228,0.004768499988131225,2,0.0883782465990483,0.6381025260771205,0.003289199899882078
62,original,N,New_N_063.wav,30-12-5-2,DeepONMF_H4,4,nndsvd,0.2558708675987783,2x212,0.062663400080055,30,0.06396170358344565,0.16424593608999463,0.04538919997867197,12,0.05676023229941415,0.19091138175996952,0.00731599994469434,5,0.0610383051642616,0.26574204084667064,0.004880100023001432,2,0.08614957866090692,0.4585935883204195,0.0036273000296205282
63,original,N,New_N_064.wav,30-12-5-2,DeepONMF_H4,4,nndsvd,0.25238680276954184,2x212,0.06430460000410676,30,0.062106482278631414,0.16999425989417472,0.04503960011061281,12,0.056270387140602986,0.20018225739731788,0.007585100014694035,5,0.06181257354053926,0.3546417973388226,0.005160099943168461,2,0.0802813770214232,0.6251967766909566,0.00540479994378984
64,original,N,New_N_065.wav,30-12-5-2,DeepONMF_H4,4,nndsvd,0.25496857375100357,2x212,0.061793899978511035,30,0.06427924925008512,0.1688950817820951,0.04312629997730255,12,0.05634141203699162,0.1699321652602539,0.00955339998472482,5,0.06504513985309542,0.2519043887385319,0.004356299992650747,2,0.08911431199065001,0.4577605683903937,0.0033050000201910734
65,original,N,New_N_066.wav,30-12-5-2,DeepONMF_H4,4,nndsvd,0.2521022745696827,2x212,0.06377150001935661,30,0.06225476633355528,0.1733378205539585,0.044964700005948544,12,0.05603495304255936,0.19142402018889526,0.009727100026793778,5,0.060187834895843735,0.31123094012383407,0.004381699953228235,2,0.08369417800306321,0.6507751217011091,0.003270799992606044
66,original,N,New_N_067.wav,30-12-5-2,DeepONMF_H4,4,nndsvd,0.253421503033313,2x212,0.06440509995445609,30,0.061331460577441,0.18886988784306874,0.04571370000485331,12,0.05621893232349273,0.21375888333797058,0.009393900050781667,5,0.06388786317667482,0.2725723840909172,0.0049776999512687325,2,0.08523554894348438,0.6662439038505621,0.0032949999440461397
67,original,N,New_N_068.wav,30-12-5-2,DeepONMF_H4,4,nndsvd,0.25491961315523726,2x212,0.062416500062681735,30,0.06517613728285573,0.16098985523328296,0.0455358000472188,12,0.056805042523083424,0.18631554819134724,0.0074583999812603,5,0.062238175893134975,0.3424539703869009,0.004812999977730215,2,0.08511593272117388,0.6311171554116577,0.0033996000420302153
68,original,N,New_N_069.wav,30-12-5-2,DeepONMF_H4,4,nndsvd,0.2578902523473483,2x212,0.0643910999642685,30,0.06861392620129163,0.15748530395788937,0.04373839998152107,12,0.056962470060453144,0.1907033712430853,0.011277600075118244,5,0.06614420222808762,0.31529968179883944,0.004639900056645274,2,0.08753378510231605,0.45904919389898763,0.0036621999461203814
69,original,N,New_N_070.wav,30-12-5-2,DeepONMF_H4,4,nndsvd,0.26289931264557626,2x212,0.062480000080540776,30,0.0697054630099204,0.1466494290082405,0.04528240009676665,12,0.05828163198550024,0.18826493935773922,0.007708700024522841,5,0.07005756101392892,0.2736499226733483,0.0043406999902799726,2,0.10467344475019985,0.5206554159099711,0.0039076999528333545
70,original,N,New_N_071.wav,30-12-5-2,DeepONMF_H4,4,nndsvd,0.25952228826116797,2x212,0.06225509999785572,30,0.06556408030585269,0.17154786962129565,0.043794300057925284,12,0.05633616895908706,0.1889532538914049,0.009539099992252886,5,0.06909406057155214,0.2663401172411144,0.00451600004453212,2,0.08792017230495532,0.4129552599962145,0.00331429997459054
71,original,N,New_N_072.wav,30-12-5-2,DeepONMF_H4,4,nndsvd,0.25571862796541034,2x212,0.06212509993929416,30,0.07019830824065802,0.14904680712634502,0.04481789993587881,12,0.05655805791009132,0.1905247904344479,0.007444799994118512,5,0.06452524305076343,0.34808835938938104,0.005395099986344576,2,0.08296478170119133,0.5510723423951195,0.003313699970021844
72,original,N,New_N_073.wav,30-12-5-2,DeepONMF_H4,4,nndsvd,0.25791886513914614,2x212,0.06503449997399002,30,0.06955020407348907,0.15694702591582987,0.04659899999387562,12,0.05672621268261182,0.18377774636315225,0.0072660999139770865,5,0.06456672201474056,0.3000809300204216,0.006171699962578714,2,0.08597466857251873,0.5884019831308684,0.003790999995544553
73,original,N,New_N_074.wav,30-12-5-2,DeepONMF_H4,4,nndsvd,0.2568306579008141,2x212,0.06360240001231432,30,0.0661594045414723,0.16621859393816202,0.045745300012640655,12,0.05679323364985055,0.18607337284490494,0.007382999989204109,5,0.06823454297018233,0.2318340294937963,0.004474999965168536,2,0.08997928046281332,0.2838864124431386,0.004771100007928908
74,original,N,New_N_075.wav,30-12-5-2,DeepONMF_H4,4,nndsvd,0.2573055513592961,2x212,0.0621538000414148,30,0.0687817653424423,0.16528663700095722,0.04239409998990595,12,0.056952617185906114,0.1952421130966912,0.009936900110915303,5,0.06550488891870133,0.3319556367607349,0.004404700011946261,2,0.08735570750519019,0.49605661817937063,0.003995600040070713
75,original,N,New_N_076.wav,30-12-5-2,DeepONMF_H4,4,nndsvd,0.2626672532899796,2x212,0.07279160001780838,30,0.07224423259051356,0.1725521946028249,0.05306960002053529,12,0.05744708611444131,0.21165406250165475,0.008209399995394051,5,0.06931926874226937,0.2666809463633958,0.004735500086098909,2,0.08721391007581242,0.42561879212300724,0.005620999960228801
76,original,N,New_N_077.wav,30-12-5-2,DeepONMF_H4,4,nndsvd,0.25822655600683353,2x212,0.07030330004636198,30,0.06593758732408654,0.18020761894754364,0.05292089993599802,12,0.05643751109913654,0.1746760793841366,0.0075668999925255775,5,0.06675371494961083,0.23686602229972875,0.0052041999297216535,2,0.09935789186219016,0.37669911994191896,0.00334089994430542
77,original,N,New_N_078.wav,30-12-5-2,DeepONMF_H4,4,nndsvd,0.25850807330886644,2x212,0.0632395000429824,30,0.06484693212186038,0.17529471163627222,0.04525159997865558,12,0.05655875399809125,0.1938487716327837,0.007433899911120534,5,0.06470760184059723,0.26484845205657614,0.0050805999198928475,2,0.09661015485826736,0.333896090148255,0.004383700084872544
78,original,N,New_N_079.wav,30-12-5-2,DeepONMF_H4,4,nndsvd,0.26105925377220957,2x212,0.060371599975042045,30,0.07003641269263826,0.17051818269943878,0.04278340004384518,12,0.05772976091559862,0.21703276728104479,0.008304800023324788,5,0.06657564325046875,0.3200818037583656,0.0043518999591469765,2,0.09487537688069565,0.6223496926814985,0.003398000029847026
79,original,N,New_N_080.wav,30-12-5-2,DeepONMF_H4,4,nndsvd,0.2686623229190898,2x212,0.06316529994364828,30,0.07050854927607816,0.15788694205760342,0.043998900102451444,12,0.05707284577569115,0.19050822152519356,0.010365800000727177,5,0.06573948933019585,0.2653057781501257,0.004318299936130643,2,0.1021027485989082,0.4654533734778279,0.003354300046339631
80,original,N,New_N_081.wav,30-12-5-2,DeepONMF_H4,4,nndsvd,0.25570578856675324,2x212,0.062483099987730384,30,0.0725569371526199,0.17907025404261762,0.04411199991591275,12,0.05642139001373619,0.18292767440312463,0.007274800096638501,5,0.06285112153371487,0.25330517605428293,0.006284800008870661,2,0.08115796566533998,0.4798227005743508,0.0034745000302791595
81,original,N,New_N_082.wav,30-12-5-2,DeepONMF_H4,4,nndsvd,0.26150198771094463,2x212,0.06690650002565235,30,0.06430433524750107,0.17524498299456673,0.047865499975159764,12,0.05708688855876761,0.23054952037293527,0.007686599972657859,5,0.0652883218814889,0.27114092476117985,0.006056999904103577,2,0.09079687332110932,0.6592946417421268,0.004066900000907481
82,original,N,New_N_083.wav,30-12-5-2,DeepONMF_H4,4,nndsvd,0.25973829359045386,2x212,0.0638349000364542,30,0.07097758299572413,0.16896538240342976,0.045150899910368025,12,0.05682937601901904,0.13192407400023917,0.007266500033438206,5,0.06276126497003168,0.29704171245253064,0.005059099989011884,2,0.09460131166746386,0.47997143061100306,0.005227399989962578
83,original,N,New_N_084.wav,30-12-5-2,DeepONMF_H4,4,nndsvd,0.2588819922189687,2x212,0.061350899981334805,30,0.06690488155339665,0.16852766863898203,0.043798399972729385,12,0.057053450837035884,0.17888576178209292,0.00826160004362464,5,0.06844967836149288,0.25951156555369675,0.0044797000009566545,2,0.09456679136809228,0.38778748190111384,0.00345359998755157
84,original,N,New_N_085.wav,30-12-5-2,DeepONMF_H4,4,nndsvd,0.2575004036752314,2x212,0.06260890001431108,30,0.06595292697366409,0.16923645414617175,0.04459250008221716,12,0.056585980820267404,0.20672623310540564,0.009019399993121624,5,0.06393098026202643,0.3032619398415545,0.004342200001701713,2,0.09062785368438932,0.3752926624241421,0.0032643999438732862
85,original,N,New_N_086.wav,30-12-5-2,DeepONMF_H4,4,nndsvd,0.2614556196099536,2x212,0.06239320000167936,30,0.07146232651852838,0.16895342474645472,0.044872400001622736,12,0.057843609417192875,0.1833997068212648,0.007546700071543455,5,0.06728390930291356,0.2757479506594238,0.005231100018136203,2,0.08667001767830942,0.4964137428908857,0.0033956000115722418
86,original,N,New_N_087.wav,30-12-5-2,DeepONMF_H4,4,nndsvd,0.25862455804341306,2x212,0.060948000056669116,30,0.06916926171343768,0.1684604366581698,0.044029699987731874,12,0.0570968024443056,0.1636031794604112,0.007309399894438684,5,0.06570098290840198,0.2688876305267792,0.004416199983097613,2,0.0852418395730945,0.4863281693829865,0.004048399976454675
87,original,N,New_N_088.wav,30-12-5-2,DeepONMF_H4,4,nndsvd,0.25569544415717466,2x212,0.06039510003756732,30,0.06829965941918122,0.17988555113813406,0.04350460006389767,12,0.05687269666329467,0.18796130740686212,0.008030499913729727,5,0.0675934252919848,0.2816030446956565,0.004300399916246533,2,0.08578690806336456,0.33963968923221843,0.0033943000016734004
88,original,N,New_N_089.wav,30-12-5-2,DeepONMF_H4,4,nndsvd,0.25863623763181276,2x212,0.06263930001296103,30,0.06671300115896538,0.16747565350548563,0.04471190006006509,12,0.05640770335775501,0.18460594127977428,0.008654500008560717,5,0.06756805242684277,0.2698230786944895,0.004731499939225614,2,0.09064025339402136,0.33758947146646684,0.0033136000856757164
89,original,N,New_N_090.wav,30-12-5-2,DeepONMF_H4,4,nndsvd,0.260152746669514,2x212,0.06263239996042103,30,0.06972360629067981,0.16148413693967023,0.044214800000190735,12,0.05755972906032628,0.20293716429795924,0.007293700007721782,5,0.06586715604580419,0.3407524862955777,0.005967899924144149,2,0.09106502035521982,0.4270819167676357,0.0041446000104770064
90,original,N,New_N_091.wav,30-12-5-2,DeepONMF_H4,4,nndsvd,0.2642683440803324,2x212,0.06528119998984039,30,0.06853158255330191,0.1515316309631156,0.047271399991586804,12,0.059196738217407625,0.15036574985572565,0.007540800026617944,5,0.07171204134651257,0.23718109163834522,0.004269499913789332,2,0.1069187838338033,0.4661608986235726,0.00501069996971637
91,original,N,New_N_092.wav,30-12-5-2,DeepONMF_H4,4,nndsvd,0.25811305193925055,2x212,0.060550899943336844,30,0.06500260339774316,0.15675742106863869,0.04244019999168813,12,0.05648361724360555,0.20504239169279426,0.00921120005659759,5,0.06514380612694945,0.32574438586649085,0.004306499962694943,2,0.09478320507232217,0.46858211321716325,0.003450899966992438
92,original,N,New_N_093.wav,30-12-5-2,DeepONMF_H4,4,nndsvd,0.25958322607600176,2x212,0.11045130004640669,30,0.06656126864651306,0.1350785934162696,0.08162269997410476,12,0.05744250972069539,0.1556203589134774,0.013717000023461878,5,0.06893368039173177,0.28523884924209597,0.008139000041410327,2,0.09734859791731898,0.3677056304800951,0.005469399970024824
93,original,N,New_N_094.wav,30-12-5-2,DeepONMF_H4,4,nndsvd,0.26287863402271805,2x212,0.08063920005224645,30,0.06952537533864922,0.17042994460049046,0.052268599974922836,12,0.0577934471657952,0.18415569735512877,0.012963699991814792,5,0.07614831149274047,0.2604175960969409,0.008159000077284873,2,0.08891040384190857,0.5463886177364851,0.006110999966040254
94,original,N,New_N_095.wav,30-12-5-2,DeepONMF_H4,4,nndsvd,0.25837772954899524,2x212,0.0650860999012366,30,0.06757504522329141,0.1766110075036029,0.047373500070534647,12,0.05603036930660856,0.2089233391996494,0.007296999916434288,5,0.06409535669252397,0.2637964557056038,0.005288099986501038,2,0.09948566866081365,0.3060161814979421,0.004023800021968782
95,original,N,New_N_096.wav,30-12-5-2,DeepONMF_H4,4,nndsvd,0.2600843710755587,2x212,0.061720100115053356,30,0.07327958784282027,0.18138957896077507,0.04482119996100664,12,0.05720116959361448,0.18124346457230472,0.007843100000172853,5,0.06680155996935151,0.2822699806888047,0.00430699996650219,2,0.08618511108403751,0.49630107102923393,0.0032585998997092247
96,original,N,New_N_097.wav,30-12-5-2,DeepONMF_H4,4,nndsvd,0.26090709870421147,2x212,0.0614763000048697,30,0.07143025287123761,0.18642238328562022,0.044560099951922894,12,0.05735461999615419,0.1574394890046025,0.007792500080540776,5,0.06723774928852509,0.3183371016059015,0.004534299951046705,2,0.08519536277479141,0.5051399043587693,0.003303700010292232
97,original,N,New_N_098.wav,30-12-5-2,DeepONMF_H4,4,nndsvd,0.2593573311611027,2x212,0.06271189998369664,30,0.06901922760801327,0.16618283583130275,0.04553220001980662,12,0.0573211271583084,0.1950306395887462,0.007444699993357062,5,0.06660225978434527,0.2864160943716683,0.004913700046017766,2,0.09602533890616045,0.3598943674732762,0.003578700008802116
98,original,N,New_N_099.wav,30-12-5-2,DeepONMF_H4,4,nndsvd,0.253640046207658,2x212,0.061976199969649315,30,0.06489533558005574,0.18659517770818984,0.04486759996507317,12,0.055993674851439586,0.22572194004804097,0.007672899984754622,5,0.05927481174197372,0.35243151621861213,0.0045396999921649694,2,0.08576130898578303,0.68983489282794,0.0037489000242203474
99,original,N,New_N_100.wav,30-12-5-2,DeepONMF_H4,4,nndsvd,0.2531545814695025,2x212,0.061624999972991645,30,0.06263719300448695,0.1931744629427368,0.04457370005548,12,0.055937607753168854,0.16081445962986307,0.008195200003683567,5,0.06181817075577647,0.20664388941715886,0.004334000055678189,2,0.08668243070516142,0.703809286934001,0.0034209999721497297
100,original,N,New_N_101.wav,30-12-5-2,DeepONMF_H4,4,nndsvd,0.2533821250571862,2x212,0.06394889997318387,30,0.06227258167208493,0.1791829950284828,0.04511469998396933,12,0.05600127621758507,0.17991152840899363,0.00896949996240437,5,0.05873939992644585,0.31550899639608126,0.005278000026009977,2,0.08673052110934619,0.5870525071057668,0.0033106000628322363
101,original,N,New_N_102.wav,30-12-5-2,DeepONMF_H4,4,nndsvd,0.25149279827167176,2x212,0.060601499979384243,30,0.06288239942794507,0.18211989616058982,0.0436671000206843,12,0.05574080562758025,0.2147970604020302,0.007446900010108948,5,0.06166467525421665,0.38095471984767826,0.004686899948865175,2,0.0817465801241392,0.7126579047568209,0.0037745999870821834
102,original,N,New_N_103.wav,30-12-5-2,DeepONMF_H4,4,nndsvd,0.25394128251218595,2x212,0.06186600006185472,30,0.06337754485702099,0.18737973668762914,0.043634200002998114,12,0.0557777011883205,0.23431598585041433,0.008602899964898825,5,0.060246704899794196,0.40134680366887643,0.004370099981315434,2,0.08955160269265174,0.6038718180320595,0.0038247000193223357
103,original,N,New_N_104.wav,30-12-5-2,DeepONMF_H4,4,nndsvd,0.2536978597647857,2x212,0.06110720010474324,30,0.06465026159075128,0.18775011873090106,0.043278399971313775,12,0.05616633052382617,0.21924910436380793,0.008920700056478381,5,0.059007938414008344,0.3774559407030279,0.004406600026413798,2,0.08510907316946205,0.6762199921675185,0.0032761000329628587
104,original,N,New_N_105.wav,30-12-5-2,DeepONMF_H4,4,nndsvd,0.25136687519571405,2x212,0.06479049997869879,30,0.06198727836911297,0.1934413921658517,0.047276000026613474,12,0.055740166303208195,0.2269125430235189,0.008166400017216802,5,0.059914557938964,0.3001834669742239,0.004913800046779215,2,0.08039224489819721,0.6035558430853795,0.0032970000756904483
105,original,N,New_N_106.wav,30-12-5-2,DeepONMF_H4,4,nndsvd,0.2509973212451436,2x212,0.06254119996447116,30,0.06478542158612044,0.15557017254223518,0.044479900039732456,12,0.05601013333806578,0.18730769701151534,0.007289699977263808,5,0.05839722660373767,0.4285589692730179,0.005518199992366135,2,0.07817164093425262,0.5756408281872007,0.004161000018939376
106,original,N,New_N_107.wav,30-12-5-2,DeepONMF_H4,4,nndsvd,0.25245177161048543,2x212,0.061444499995559454,30,0.0625292648892674,0.19352606926856808,0.044069500057958066,12,0.055886042864867556,0.23178103196372854,0.008023499976843596,5,0.05954984570393865,0.46801326170822827,0.004456600057892501,2,0.08452423013523727,0.6803548907240342,0.003506900044158101
107,original,N,New_N_108.wav,30-12-5-2,DeepONMF_H4,4,nndsvd,0.25370854634794227,2x212,0.06484329991508275,30,0.06711599875446035,0.16479176264473946,0.044188200030475855,12,0.05596353501330431,0.19283088651021907,0.010853499989025295,5,0.06028514579314472,0.32811057744507066,0.005158300045877695,2,0.08710774005065508,0.5592113700470475,0.0034818999702110887
108,original,N,New_N_109.wav,30-12-5-2,DeepONMF_H4,4,nndsvd,0.2509615771377353,2x212,0.06122459995094687,30,0.06048946894943552,0.16563972385776818,0.04345550003927201,12,0.05601926416939239,0.21567220534293743,0.008357499958947301,5,0.05914859352779658,0.37631793257648366,0.0049177000764757395,2,0.07986234636761108,0.7586772704881093,0.0032964999554678798
109,original,N,New_N_110.wav,30-12-5-2,DeepONMF_H4,4,nndsvd,0.2592317315500441,2x212,0.06281939998734742,30,0.06455459393647406,0.1686987222920322,0.04540089995134622,12,0.05632628367719054,0.20598527639757674,0.007291999994777143,5,0.060268665959377715,0.3094090819581638,0.005086799967102706,2,0.09546546192073836,0.571868972529123,0.0038203999865800142
