indice_interno,distribucion,numero_capas,error_final,forma_h_final,segundos_extraccion,capa_1_rango,capa_1_error,capa_1_ortogonalidad_h,capa_2_rango,capa_2_error,capa_2_ortogonalidad_h,capa_3_rango,capa_3_error,capa_3_ortogonalidad_h,capa_4_rango,capa_4_error,capa_4_ortogonalidad_h
0,14-13-11-10,4,0.31078214045289065,10x212,0.06483329998445697,14,0.0535656243125963,0.34836581187597687,13,0.12947322994780178,0.15913447791320356,11,0.22039267708697396,0.09201127992599782,10,0.1615141103213626,0.07563788204477696
1,14-13-11-10,4,0.2932916465614894,10x212,0.06163759998162277,14,0.053023177366931615,0.4502479674245606,13,0.16216534279748618,0.1707236927203143,11,0.19335063906346284,0.1349354050233211,10,0.30037896317996776,0.104796696243279
2,14-13-11-10,4,0.3038971691301013,10x212,0.058721199980936944,14,0.053604784375801885,0.3838207425355239,13,0.12733472307341331,0.1552101502692042,11,0.16859282088726046,0.13997161264103491,10,0.24865953871510155,0.12562703828856828
3,14-13-11-10,4,0.3088087348708734,10x212,0.05306979999295436,14,0.057978049636739054,0.3663927509494035,13,0.16426022367434973,0.15054543367090054,11,0.22137617190299969,0.1121892436403081,10,0.28035754677276803,0.12575937993663502
4,14-13-11-10,4,0.3243196746463081,10x212,0.06065580001450144,14,0.056848279394518454,0.3707482290246424,13,0.19634256952399678,0.16076407493604286,11,0.27766445878803026,0.13867715767461833,10,0.20554507474502745,0.12490863563722814
5,14-13-11-10,4,0.29332653358756916,10x212,0.04839490001904778,14,0.058135707978809535,0.36619316221706977,13,0.15453854391665864,0.16686863485132364,11,0.2897764211493907,0.13743858121284544,10,0.21883613662851073,0.12246312582010864
6,14-13-11-10,4,0.28177220199663294,10x212,0.04629580001346767,14,0.05788258414194648,0.3878556089444909,13,0.17073745751647804,0.19574354350152803,11,0.2308846555364532,0.15732621414073122,10,0.18760957443727747,0.14587814366266333
7,14-13-11-10,4,0.2869672509353073,10x212,0.05306360000395216,14,0.05719212988109611,0.3461708779985423,13,0.1691521019632014,0.14145240540089574,11,0.2443615695033575,0.11575378957506802,10,0.15657675437098864,0.09440974492805473
8,14-13-11-10,4,0.3086724756277126,10x212,0.055416999995941296,14,0.04877172884403574,0.35404304779970114,13,0.1910268675259189,0.13609068282756942,11,0.30245199773504905,0.10855883807399125,10,0.24003334822520403,0.10324211348992016
9,14-13-11-10,4,0.31125402293623156,10x212,0.05307270001503639,14,0.05452708308996657,0.3300242911442504,13,0.13610313980697442,0.1643427125305221,11,0.17179881190125773,0.13105792194830584,10,0.2634208700417522,0.11810764727342662
10,14-13-11-10,4,0.2793417351681814,10x212,0.05717099999310449,14,0.05478226021099912,0.3977868924009394,13,0.17076173167757425,0.14476488712218247,11,0.21027265538085424,0.11611910121429694,10,0.19635311034947575,0.10910117268921228
11,14-13-11-10,4,0.29236397461703345,10x212,0.06337740001617931,14,0.0625522405516028,0.3618422304428556,13,0.1472659957662968,0.16799002217080017,11,0.23509574503290753,0.14584654124051674,10,0.17285412006571008,0.1266170955814768
12,14-13-11-10,4,0.3241972015709154,10x212,0.056916699977591634,14,0.05269887437465451,0.3353642579411433,13,0.1571359050052693,0.16389020598021864,11,0.2164327915719652,0.10485708180323461,10,0.24285989712213418,0.07738840046235118
13,14-13-11-10,4,0.30570597277549016,10x212,0.06895689998054877,14,0.05115927560200598,0.3213620918166202,13,0.11451652780942555,0.21347264383537967,11,0.2387972366864317,0.17081646121463873,10,0.21888837280061463,0.13725944941316567
14,14-13-11-10,4,0.308654428549512,10x212,0.05942889998550527,14,0.05659879471118789,0.3564163205896837,13,0.16512726043884296,0.1730726903948276,11,0.2554087970773143,0.1302986276961894,10,0.188611579610512,0.11142317390898394
15,14-13-11-10,4,0.30614886647588807,10x212,0.04574460000731051,14,0.05277660354824807,0.3546172006770516,13,0.17586653159582064,0.17036472227244928,11,0.271859134529197,0.12523890804673388,10,0.17471658287934336,0.10445533476320402
16,14-13-11-10,4,0.33449355675035153,10x212,0.05382519998238422,14,0.05394978912796583,0.36889725397220563,13,0.1827612094086895,0.14443948863035214,11,0.2524921854743543,0.11414231800777642,10,0.3201354900997443,0.10415496272006836
17,14-13-11-10,4,0.31026229642198117,10x212,0.052216699987184256,14,0.05612810985518294,0.3738824592091622,13,0.14861543254571963,0.17208719919553417,11,0.1502569602666248,0.12527900377787482,10,0.1720805672617071,0.1162560852571404
18,14-13-11-10,4,0.275789699852409,10x212,0.059732900001108646,14,0.06334692236853473,0.3742148890791099,13,0.15454476912374565,0.19100748570093046,11,0.19324652451746135,0.18190407769881473,10,0.14948406594368738,0.16500802524586708
19,14-13-11-10,4,0.2819239817742061,10x212,0.06789949999074452,14,0.05054411692504123,0.37002161068980743,13,0.14072005354835015,0.1667405547743613,11,0.25450023662717364,0.14764684100892983,10,0.259480785980337,0.13893994801941373
20,14-13-11-10,4,0.2884301943892471,10x212,0.06848300001001917,14,0.05216273554276591,0.3229509559405784,13,0.1343270974505252,0.14444127930715706,11,0.17850578017724847,0.10931331378423989,10,0.1688527791594412,0.09592537588107065
21,14-13-11-10,4,0.29813734308229956,10x212,0.06078850000631064,14,0.056799357961667525,0.3353122860806704,13,0.15633818497398116,0.12213397058025123,11,0.2565286737469915,0.08324617054475929,10,0.2011673005778254,0.07900796180973854
22,14-13-11-10,4,0.31133817655340545,10x212,0.053786000004038215,14,0.05132059399422563,0.3697535565906393,13,0.16921936688428366,0.16560645493348872,11,0.23142936122047145,0.12500406331837674,10,0.3200755505055606,0.10428651217179136
23,14-13-11-10,4,0.2899687634541215,10x212,0.06671579999965616,14,0.0588879947069674,0.3888116483482009,13,0.1147447406303144,0.16330134669105612,11,0.20616903688594998,0.1498468371892101,10,0.14090718126673973,0.11746148660870834
24,14-13-11-10,4,0.3253403955216613,10x212,0.06511680001858622,14,0.05635554602108109,0.38284740065021394,13,0.17074739213433648,0.18765929833629005,11,0.2832614835951084,0.16781402421218636,10,0.1613251136421341,0.1294973610559497
25,14-13-11-10,4,0.3051391958073535,10x212,0.07533270001295023,14,0.06083103696570263,0.37505001975945024,13,0.1577973805326694,0.18755122507115737,11,0.22472600133380316,0.1364659886464693,10,0.1972973554553412,0.10179232869485283
26,14-13-11-10,4,0.32528047999326615,10x212,0.05192719999467954,14,0.05464878651890016,0.3496096260437875,13,0.15109904751707273,0.23158491224303973,11,0.2039907225682244,0.1853462486580387,10,0.21636815108315663,0.17189562208607384
27,14-13-11-10,4,0.33084108114857047,10x212,0.04924089999985881,14,0.05163981074393486,0.37727574927871893,13,0.15852881143119316,0.1697659733116302,11,0.25534901047067554,0.12339838248767038,10,0.2253908562372419,0.1315958813460529
28,14-13-11-10,4,0.3761976542456686,10x212,0.06489969999529421,14,0.06236168939355853,0.3606664606903368,13,0.18404508685767165,0.1576768928350333,11,0.2807657368276872,0.1332631002994219,10,0.268378451100242,0.11773738127979765
29,14-13-11-10,4,0.3112297536809654,10x212,0.0627389999863226,14,0.06017453916630762,0.34827974961978597,13,0.13329746608458523,0.15304815111041473,11,0.28340984435888095,0.12124584703442026,10,0.19175640658854057,0.11638525017946344
30,14-13-11-10,4,0.31118242671718105,10x212,0.052482099999906495,14,0.05590262278276581,0.3431299585848868,13,0.20271298932869786,0.19867846769150532,11,0.20542300186351453,0.16989409202531433,10,0.17880055238477185,0.1375322433834327
31,14-13-11-10,4,0.3133997871700862,10x212,0.04835330002242699,14,0.05300257494312508,0.3914497267353435,13,0.19503439575675907,0.2036401918936025,11,0.23202708812000825,0.16346073026644095,10,0.21687880351024963,0.15287939900430178
32,14-13-11-10,4,0.30516565821533176,10x212,0.055213999992702156,14,0.049257515744203444,0.3782685754390003,13,0.18118342084695813,0.19402670037847217,11,0.24533760251982714,0.16652416066650175,10,0.1419173541291952,0.1570496399561544
33,14-13-11-10,4,0.28203094970983966,10x212,0.0651742999907583,14,0.06764420504139924,0.35392720498022684,13,0.18464567842253735,0.16443334395761175,11,0.23911102884125185,0.1115477212365356,10,0.18873538422416086,0.10218066089189322
34,14-13-11-10,4,0.2859357592757833,10x212,0.06620560001465492,14,0.05158779207933725,0.34639735839493474,13,0.13363416254580773,0.17382431759886735,11,0.21396970312365865,0.13967595996899218,10,0.17560854427548517,0.12942665967715652
35,14-13-11-10,4,0.2825107413826572,10x212,0.06609549999120645,14,0.056414065127106956,0.35631472246776863,13,0.12043800872413073,0.13336636308073643,11,0.21085762376607664,0.10755418448529142,10,0.1683712446202128,0.10530339222505793
36,14-13-11-10,4,0.2687787087561687,10x212,0.06271679999190383,14,0.03438936482314234,0.4043503572432644,13,0.11135427799723054,0.17260130307946667,11,0.1293511069309344,0.11903094925960377,10,0.1467776639174687,0.10184144367911574
37,14-13-11-10,4,0.32321966960501014,10x212,0.06085690000327304,14,0.03532550616175452,0.35444190665598907,13,0.12820763893546097,0.15672683060662929,11,0.26854175572958106,0.11320964344228672,10,0.19351056022003896,0.11099501766515144
38,14-13-11-10,4,0.2945985376990921,10x212,0.06038410001201555,14,0.03752717773697379,0.3871099074706906,13,0.16360076811153806,0.12075315868380908,11,0.2399405816047893,0.08431365608629027,10,0.23670567178029497,0.08750418725952538
39,14-13-11-10,4,0.2901770306432342,10x212,0.06095810001716018,14,0.04174727639636626,0.3742797100376758,13,0.09888233620970663,0.1451607631693759,11,0.1925142288676189,0.08742523346149404,10,0.2636409891356985,0.06019694612114057
40,14-13-11-10,4,0.3418279963432742,10x212,0.06068399999639951,14,0.04780683735258744,0.42519511053268433,13,0.13938950551448276,0.15261711112754262,11,0.22798921939465625,0.10921704020157467,10,0.2878543197892178,0.09109907575904345
41,14-13-11-10,4,0.33585048504065623,10x212,0.052009700011694804,14,0.040926661273213705,0.4046453418651642,13,0.11325925364862303,0.1642197588482937,11,0.22442937501270624,0.12540263811549424,10,0.2508594354047981,0.08867246794075535
42,14-13-11-10,4,0.3269023643713718,10x212,0.050486399995861575,14,0.03680303541162926,0.4345409937450161,13,0.147983156476596,0.1791178072264153,11,0.20949138240491288,0.10010315288845538,10,0.2831078994909873,0.0865760929814283
43,14-13-11-10,4,0.28335109239617934,10x212,0.04864540000562556,14,0.03966474407850641,0.44041442375093115,13,0.1383826110557943,0.18061340578581328,11,0.22175983454735795,0.13319295831775668,10,0.1535970414546665,0.13006760900978948
44,14-13-11-10,4,0.33509289245534263,10x212,0.06892439999501221,14,0.04826727632436152,0.39938062313359024,13,0.13623029239264722,0.12767978682753958,11,0.22908991233624987,0.08675833280238365,10,0.18515758521588105,0.08260026214479818
45,14-13-11-10,4,0.28821624979360616,10x212,0.06719939998583868,14,0.04700139495348399,0.3245995235364876,13,0.12398893508145813,0.1321721118060686,11,0.1639111785083293,0.10021009989086979,10,0.23468354347966136,0.09452513652071759
46,14-13-11-10,4,0.32489244309345056,10x212,0.06324859999585897,14,0.04460173813630532,0.4326786058099993,13,0.16722345530065177,0.22333447905754175,11,0.1682345904657889,0.17689546429659203,10,0.22415931251130952,0.1441558837900543
47,14-13-11-10,4,0.2821824008482102,10x212,0.04523200000403449,14,0.0406189580915273,0.4161726821169816,13,0.13111022703935205,0.16831323711886081,11,0.16978652316193443,0.15094571805019713,10,0.16986903585710214,0.1222004022796821
48,14-13-11-10,4,0.30252635794873245,10x212,0.05097050001495518,14,0.04373808635384802,0.40061866906671806,13,0.137103328571696,0.16308084947906737,11,0.23974644758835373,0.09902780580164877,10,0.1733059577307679,0.10638241443736703
49,14-13-11-10,4,0.2975473497627642,10x212,0.04757300001801923,14,0.06208565331426621,0.413019684000823,13,0.14314587462913567,0.14047261131682814,11,0.15241833729096702,0.11863505951024543,10,0.136224428105277,0.10961930584209913
50,14-13-11-10,4,0.3072941092201708,10x212,0.06029860000126064,14,0.03842638548999648,0.41056871046307986,13,0.15311034413567823,0.15339293645720453,11,0.19991470789083385,0.12026941189707495,10,0.2269572678542921,0.08771758794265104
51,14-13-11-10,4,0.2807120340758504,10x212,0.04859189997659996,14,0.042505156491716656,0.4160109839868849,13,0.1639122387795825,0.16146511796545787,11,0.15517401955043575,0.1346406940338782,10,0.21313943484386977,0.13494156455918827
52,14-13-11-10,4,0.3100701726272823,10x212,0.04682499999762513,14,0.0344480283523125,0.40745938168834844,13,0.15800120423589342,0.13987332694135196,11,0.22419111150585916,0.09738495731920133,10,0.25717662724697804,0.08109963261404414
53,14-13-11-10,4,0.30131961883454184,10x212,0.05240600000252016,14,0.04390557665436291,0.4093781347739231,13,0.1274177318238346,0.18621888570909584,11,0.16587987010299507,0.11273312276888725,10,0.25779583241121967,0.07904426308270508
54,14-13-11-10,4,0.2666346368029999,10x212,0.07150459999684244,14,0.041335130844130805,0.42976601299127337,13,0.1319338661924593,0.1785116482827577,11,0.18592474140063456,0.13831086171163748,10,0.11261747191711234,0.12848656703630826
55,14-13-11-10,4,0.3242512807847858,10x212,0.05388580000726506,14,0.03997167877418579,0.46078424863331735,13,0.17360801888989305,0.1896671032668484,11,0.23456493380427773,0.10224812326293917,10,0.2514628004418883,0.10218032663063677
56,14-13-11-10,4,0.38090568451944357,10x212,0.06513259999337606,14,0.04514850658242811,0.39468214429344173,13,0.14370054017527611,0.17903111440015534,11,0.15906176288060167,0.10993537357412393,10,0.273537367542727,0.09859901097714112
57,14-13-11-10,4,0.30260918524507335,10x212,0.0660550000029616,14,0.05110289426276214,0.44343370420160577,13,0.177899123846015,0.14340184567660097,11,0.17563985887627712,0.10200363395699506,10,0.17017679849489933,0.08395377148916573
58,14-13-11-10,4,0.3518623764454153,10x212,0.05175880002207123,14,0.04131359100962175,0.42477544161221736,13,0.11464460205793478,0.21102767192364247,11,0.18346603906476988,0.12139692941638204,10,0.28050400102690326,0.11598181180661525
59,14-13-11-10,4,0.30042490340906103,10x212,0.057069400005275384,14,0.040151109448840094,0.4247577675040745,13,0.1470268962858662,0.2020372607743586,11,0.23475674135277186,0.12159107189891916,10,0.2391693470076061,0.09685668608454133
60,14-13-11-10,4,0.299213273792629,10x212,0.054341599985491484,14,0.04370749904532765,0.400546465238148,13,0.15235205485920558,0.18044066089546207,11,0.22421661216300062,0.12272268999882642,10,0.16473539179573182,0.1057995027449133
61,14-13-11-10,4,0.28852257516178786,10x212,0.056534500006819144,14,0.04707943020173799,0.4288284964568334,13,0.14196291681298184,0.1895738214736014,11,0.18056778700758522,0.15912983272359701,10,0.15356220985610228,0.14435767091239338
62,14-13-11-10,4,0.349426270318742,10x212,0.05239980001351796,14,0.04274913523966,0.39284933545697664,13,0.13549993515182798,0.13836864694878706,11,0.22974064924049895,0.11036389675978668,10,0.2555017328722529,0.10781604341473484
63,14-13-11-10,4,0.3338557539818495,10x212,0.05017790000420064,14,0.038608465898865296,0.41781614734258415,13,0.1717271210973462,0.1465192231395539,11,0.2951697555036967,0.0844707087020799,10,0.24975705279964,0.08730608029263344
64,14-13-11-10,4,0.32559240852883614,10x212,0.05216740001924336,14,0.047806809094466655,0.4225557057317526,13,0.1623378247223479,0.15673099776160362,11,0.25871815853903346,0.08999547598459154,10,0.18938588036440668,0.08411551440836176
65,14-13-11-10,4,0.31011574297259004,10x212,0.04666480000014417,14,0.04349454177886485,0.3795453872346238,13,0.13150686284721308,0.13499120515948254,11,0.169583663051444,0.08687302828842265,10,0.25850104727823314,0.07034374094582888
66,14-13-11-10,4,0.27209881812525843,10x212,0.05051659999298863,14,0.03958316817172032,0.4099551168954593,13,0.12422744948894139,0.15905301521436843,11,0.1629706609801788,0.11238990786842887,10,0.11037378492571044,0.08929225996982439
67,14-13-11-10,4,0.36466788033627945,10x212,0.06304569999338128,14,0.04624932035654009,0.3667722319331157,13,0.13412077608686598,0.20011534691281016,11,0.22684173388649798,0.14719713773815768,10,0.2370505155511412,0.10261171341088002
68,14-13-11-10,4,0.32995600957818244,10x212,0.06746849999763072,14,0.05864163364343639,0.38334874190578877,13,0.13423339216075011,0.18834419138003555,11,0.25438554462911234,0.1366791942418891,10,0.21611760403349287,0.11381468564396208
69,14-13-11-10,4,0.30044322851968547,10x212,0.05220469998312183,14,0.046949718187716385,0.37410725380133203,13,0.17141415283821676,0.1654443898771966,11,0.20382499806193674,0.12341758254749755,10,0.16267635253725773,0.10125219016380334
70,14-13-11-10,4,0.2910192024484465,10x212,0.05023090000031516,14,0.0480376994106491,0.3873909018007955,13,0.15199495383683867,0.1605503637804951,11,0.19261523132639174,0.11907954233432437,10,0.1947545124066889,0.11790859569170856
71,14-13-11-10,4,0.33265557736494167,10x212,0.06601640000008047,14,0.04569751023820597,0.41416835321553974,13,0.15748832997591788,0.13504293495142042,11,0.2015394627878987,0.06778188189754666,10,0.28967116336039617,0.06708365129713009
72,14-13-11-10,4,0.3353698924518614,10x212,0.0608776000153739,14,0.046587292775321774,0.35040368134212474,13,0.13285863934142986,0.16718083740939157,11,0.1970787035985306,0.13152066036616694,10,0.2031874328093729,0.11465284959484284
73,14-13-11-10,4,0.29889995613223513,10x212,0.06684900002437644,14,0.056030779734284705,0.3851508648508251,13,0.14178459614804506,0.16721894810423524,11,0.26847467972430017,0.12364640235730436,10,0.25409540818280923,0.13007593308438106
74,14-13-11-10,4,0.3502178827346563,10x212,0.07013380000717007,14,0.04514054635831731,0.3676094470762847,13,0.135728927038766,0.1643111999920019,11,0.24447523106251973,0.13522418146020257,10,0.18166154023743095,0.12882068279615055
75,14-13-11-10,4,0.3536224075961388,10x212,0.043279799981974065,14,0.05304150028850966,0.36553686476340086,13,0.20122574780495955,0.17324022924621593,11,0.2636702766316211,0.13996210396331027,10,0.19993473875822254,0.13178389936157728
76,14-13-11-10,4,0.3057459588543218,10x212,0.04952529998263344,14,0.047952199036316395,0.4281463975777081,13,0.13839559521333683,0.15512081407165268,11,0.2846027577873113,0.13942567166351366,10,0.07252961064572251,0.12925076671736552
77,14-13-11-10,4,0.269013159051444,10x212,0.06995959999039769,14,0.0421230717958134,0.3832764526665641,13,0.15409653030215936,0.14321958129470255,11,0.19114770801979716,0.11368115556304902,10,0.14009943693586055,0.09398778047935744
78,14-13-11-10,4,0.30440653263005263,10x212,0.04088210000190884,14,0.05137989037493285,0.4142259106972383,13,0.14878414506021057,0.21471548081251127,11,0.1768020168691408,0.1750539042234805,10,0.22656237896030565,0.15366282619199184
79,14-13-11-10,4,0.3047694871325055,10x212,0.06463219999568537,14,0.047251189748827464,0.36874386311533286,13,0.1548297429166479,0.16398368242869468,11,0.23591118316360293,0.13448267033271827,10,0.2274066074391769,0.11356667542615602
80,14-13-11-10,4,0.3042209357521128,10x212,0.051516300009097904,14,0.04398332387654772,0.3635375642444217,13,0.1826956304854772,0.1602277962232424,11,0.24462515814400212,0.12685173933026841,10,0.19534169481041314,0.11705305728508496
81,14-13-11-10,4,0.2665425734570818,10x212,0.051474500010954216,14,0.04998066147015288,0.3943072274904171,13,0.16111084613577403,0.159892794772676,11,0.2350457154513319,0.10512153359336178,10,0.1516059521227938,0.08850097896205346
82,14-13-11-10,4,0.2790000047397445,10x212,0.06732190001639538,14,0.05504145641482103,0.3169049252166952,13,0.16165833069089988,0.16209191982666873,11,0.16220891133653517,0.11108189236429312,10,0.19177367108509719,0.09365318670775007
83,14-13-11-10,4,0.32699365062242847,10x212,0.0613576999749057,14,0.05293430590864962,0.3705258940292165,13,0.13431553431478882,0.1539533926558054,11,0.2601628301831484,0.10636691955069348,10,0.22939865309481028,0.08529991244989585
84,14-13-11-10,4,0.2964840416718716,10x212,0.05384350000531413,14,0.04722902293661804,0.41730008499845067,13,0.13882952288338501,0.1418737135315606,11,0.2206767017229499,0.10658226213181328,10,0.2306045165366601,0.10602847000950534
85,14-13-11-10,4,0.28661570421763766,10x212,0.04494290001457557,14,0.05421159818027304,0.3530167424844476,13,0.11923967704479994,0.14866457369246422,11,0.14738291441831858,0.10240418763627385,10,0.2246090482650163,0.07545514394920846
86,14-13-11-10,4,0.2875917357470415,10x212,0.0644386000058148,14,0.04973394458577299,0.40203614884877403,13,0.15767191861636634,0.13488516479587145,11,0.2104813408203128,0.12160797032309638,10,0.23363578739385912,0.08960159935945998
87,14-13-11-10,4,0.32009121270842267,10x212,0.056181699997978285,14,0.048476507504820736,0.38060383177532914,13,0.17406492995079093,0.1525582463019541,11,0.2325258934606323,0.13350098040481145,10,0.24384253530814828,0.11436441782416343
88,14-13-11-10,4,0.3074261218839884,10x212,0.06840079999528825,14,0.05134500754900616,0.35550352481795555,13,0.12148817921754332,0.12919518485243126,11,0.2521259540495798,0.10663846980872566,10,0.28009548507745813,0.09024193668797946
89,14-13-11-10,4,0.276058281185673,10x212,0.04500030001509003,14,0.05179683148979831,0.38748272298896863,13,0.16469436645051425,0.13733121011064475,11,0.19757526493502872,0.11895069765983272,10,0.19060456582384408,0.10776889951218559
90,14-13-11-10,4,0.3153160869228072,10x212,0.0515884000051301,14,0.0482540379928627,0.3991856207482292,13,0.17968115466849346,0.15365180806760068,11,0.26119812789991836,0.13156531559256762,10,0.21811248055352628,0.12010509935298297
91,14-13-11-10,4,0.2975110513679667,10x212,0.04157050000503659,14,0.04504011154993849,0.4247259688677979,13,0.19867416295345602,0.14861476472362903,11,0.21032576232527211,0.14300228295665293,10,0.1865172323335268,0.13318342011739517
92,14-13-11-10,4,0.2732609175448499,10x212,0.05241480001132004,14,0.05013373022406306,0.4158779003910874,13,0.11790616451244723,0.16788740934003668,11,0.24379523702993994,0.10508993959650496,10,0.21562740960652502,0.10867510511800392
93,14-13-11-10,4,0.3153000820761388,10x212,0.05379239999456331,14,0.05712151440488307,0.39959809426670995,13,0.1766830523146313,0.15298643514366106,11,0.22334405305031052,0.12143562340671797,10,0.1925276047450064,0.1075312179671684
94,14-13-11-10,4,0.3361175623623697,10x212,0.059026500006439164,14,0.05420171972985038,0.39420521438152795,13,0.167531416451532,0.1445221090500273,11,0.2329602970970403,0.13904179066811145,10,0.2551889351144238,0.14955603161480177
95,14-13-11-10,4,0.32312395492203333,10x212,0.054778399993665516,14,0.04532004063165784,0.3388624039786456,13,0.1546409678914456,0.12778797330645236,11,0.20642684955840818,0.08189869501826051,10,0.2045900888335775,0.08597042212312579
96,14-13-11-10,4,0.2760934876635921,10x212,0.06383830000413582,14,0.048201177023230145,0.3881227940839035,13,0.15581476653195278,0.14928601966860305,11,0.18458605735236666,0.09558476191807243,10,0.21265905258981796,0.07290297985585412
97,14-13-11-10,4,0.2956034424122327,10x212,0.04587349999928847,14,0.05230437444330839,0.331431371544948,13,0.1639679491553795,0.11940126102027335,11,0.2521907481099727,0.09956161094310581,10,0.21121172739228503,0.08690078540919534
98,14-13-11-10,4,0.3094848026621742,10x212,0.04844949999824166,14,0.046077446846988744,0.3915721524332769,13,0.1397111337473968,0.18309001161995342,11,0.22378984303724406,0.1369940104413329,10,0.1362149658558455,0.12036509762276862
99,14-13-11-10,4,0.305462241743677,10x212,0.044463599973823875,14,0.03634212662399182,0.4144712446563203,13,0.12093363820739633,0.15084060271618874,11,0.23670020146756635,0.11942733757314497,10,0.19588360663386814,0.08937739624702598
100,14-13-11-10,4,0.28985901259106844,10x212,0.05546050000702962,14,0.03487633563852725,0.455338744155679,13,0.1526483072057689,0.1394664929178149,11,0.22171696047511744,0.08494255442382742,10,0.2806378342086723,0.08192646408228618
101,14-13-11-10,4,0.33059278849236956,10x212,0.05773709999630228,14,0.05396847922104452,0.4369822233413082,13,0.12324956136538966,0.1797029170930414,11,0.23750634021319988,0.10925877235411785,10,0.21600476522052112,0.08604610452193232
102,14-13-11-10,4,0.3505351446682912,10x212,0.050793000002158806,14,0.040974221705848905,0.4005540431327453,13,0.1299109119185113,0.14832067314579128,11,0.1741198364826512,0.11021841059622671,10,0.2736601383391265,0.11358666752254899
103,14-13-11-10,4,0.30580787355585254,10x212,0.05732630001148209,14,0.04864880813607301,0.4108350059125043,13,0.1524325617081724,0.17738141300282578,11,0.20269441429400886,0.11335171570865112,10,0.22058228029759677,0.10311337078078904
104,14-13-11-10,4,0.2956109430934595,10x212,0.05163810000522062,14,0.03838321690248308,0.3957203680167622,13,0.16786931057574284,0.1648818921772316,11,0.23911567839405934,0.09914638611713811,10,0.18289520122235908,0.07981353762072231
105,14-13-11-10,4,0.326155723282297,10x212,0.05318050002097152,14,0.046199156051600326,0.39580095787962455,13,0.11284220169571547,0.14956650163385413,11,0.1446918615364158,0.09118021879014805,10,0.18659438055900385,0.05403151733717493
106,14-13-11-10,4,0.2732078091676211,10x212,0.0477033999923151,14,0.047245932969192675,0.41757142878277054,13,0.13968783954835615,0.1683277777076029,11,0.24581832969694628,0.10242407583240117,10,0.19446451601844963,0.10197025441016568
107,14-13-11-10,4,0.2999918473398095,10x212,0.046818999981042,14,0.03584553556399312,0.43068997213557036,13,0.13884972315120772,0.1567714570043985,11,0.18803790763560446,0.11355443526986558,10,0.1752064840277875,0.11329236000011059
108,14-13-11-10,4,0.2798625036785973,10x212,0.04649899998912588,14,0.0425568682580397,0.4033084731935915,13,0.13774342214308455,0.1700998424077211,11,0.18445665003219977,0.13247703922210308,10,0.17534974373136922,0.12404132134058046
109,14-13-11-10,4,0.33871807302067725,10x212,0.04245400000945665,14,0.03893738792736557,0.3678285572339995,13,0.10904005702947803,0.14931540903625268,11,0.1901176228852017,0.08455782541756571,10,0.25727351752937044,0.07255164610831207
110,14-13-11-10,4,0.31210808884484204,10x212,0.05730450002010912,14,0.04394514751621968,0.44080613654465184,13,0.17507890581332855,0.12971320347148493,11,0.23181472406298964,0.10444098674413176,10,0.2133646975011334,0.08639672665721389
111,14-13-11-10,4,0.28704424594429195,10x212,0.056672000006074086,14,0.03418837789711961,0.3866490050424353,13,0.17347145916276416,0.13990123399533744,11,0.14241386140496556,0.13099624613574345,10,0.17355257946833488,0.11101443155624705
112,14-13-11-10,4,0.2863672407822414,10x212,0.0655960000003688,14,0.04681751964858286,0.37258600804115266,13,0.1454989507724064,0.13588908597093868,11,0.1943681410352194,0.10260294719839604,10,0.18975831957443137,0.08330560139627019
113,14-13-11-10,4,0.28408742872637816,10x212,0.0648456999915652,14,0.04058219503468635,0.42986739892667397,13,0.17310140505321472,0.14074551373781832,11,0.20660322912472612,0.09822398631036076,10,0.1260226280677574,0.08262883780302077
114,14-13-11-10,4,0.27811637897526365,10x212,0.04311169998254627,14,0.043495521916788356,0.4040100062959916,13,0.15073375151677157,0.13618797386581905,11,0.20994696332372303,0.09286044128107268,10,0.16519614761681573,0.06770616562590506
115,14-13-11-10,4,0.311887421057105,10x212,0.04979939997429028,14,0.04219875361112477,0.4014308031329325,13,0.1450308053459892,0.18967841492493365,11,0.22530902740404357,0.12489954293229241,10,0.26194992020934943,0.08658211821677422
116,14-13-11-10,4,0.26962069089071133,10x212,0.06265129998791963,14,0.04447711563839869,0.40995367335886523,13,0.1292896383393042,0.17757678230622076,11,0.21126339254324822,0.12190532283691523,10,0.19539757379615924,0.09568583131225211
117,14-13-11-10,4,0.2801162708074851,10x212,0.05886439999449067,14,0.036922069855980726,0.41730727303660603,13,0.10484906658491897,0.17220578918618382,11,0.12499495683690473,0.13520252068924124,10,0.21165566602057606,0.11878903744111866
118,14-13-11-10,4,0.33796802975155005,10x212,0.04471159999957308,14,0.04363869116876503,0.42325743979656727,13,0.15697071024574283,0.15102785482792674,11,0.27017670331881477,0.12466974750813946,10,0.27949217104970925,0.09987269566139391
119,14-13-11-10,4,0.29931253174705286,10x212,0.06669870001496747,14,0.04313201617573748,0.4451345571083012,13,0.13896980480063434,0.17801680319107066,11,0.17116536601563373,0.12961562408842833,10,0.24702693836566936,0.10688684069745258
120,14-13-11-10,4,0.30631712584406007,10x212,0.058515299984719604,14,0.053369268147539096,0.39268335982705815,13,0.13827086405773942,0.15124989055426105,11,0.26513686614699056,0.10342680118768131,10,0.25715891559126086,0.07010263439526601
121,14-13-11-10,4,0.2937193757062385,10x212,0.04634469997836277,14,0.04247872286989899,0.4346118731932122,13,0.14378842821008175,0.18733203794904663,11,0.20595057024461544,0.11241306684479499,10,0.18416656167832846,0.10119256582032667
122,14-13-11-10,4,0.32309523719928707,10x212,0.0747927000047639,14,0.05323603190374165,0.4459460165915597,13,0.1647419717938594,0.20751891836191388,11,0.24371350812816958,0.16149656479584037,10,0.1881702745690919,0.1451834406364788
123,14-13-11-10,4,0.284993538702416,10x212,0.05460000000311993,14,0.0458749586619902,0.3723014816030605,13,0.1425972840220852,0.11839589570837789,11,0.24801735412969902,0.07567040981001644,10,0.10835442453692593,0.06728798205814204
124,14-13-11-10,4,0.28974689043617574,10x212,0.04481890000170097,14,0.039620881873246194,0.43261641763911607,13,0.11957412223294253,0.18395508332945043,11,0.1547063605549894,0.0845295252214135,10,0.16937630045918212,0.07192518826978074
125,14-13-11-10,4,0.28145726336776816,10x212,0.06179639999754727,14,0.04562914315295265,0.36841898176492494,13,0.1183349718944373,0.1605624148125671,11,0.163409328954813,0.09030178230902801,10,0.1926481914046218,0.0475445615130139
126,14-13-11-10,4,0.2663170786362276,10x212,0.05776219998369925,14,0.03887373638566998,0.44134259684067906,13,0.14310940369345623,0.16506524678370565,11,0.1384923813836001,0.09689477850242592,10,0.15654395358727796,0.08049543129366914
127,14-13-11-10,4,0.2714068301231679,10x212,0.054429100011475384,14,0.05505105564179414,0.45819357541021655,13,0.1274805934830331,0.1674098141093534,11,0.18051938569463086,0.09544330480291535,10,0.14754744368826606,0.061706683318514866
128,14-13-11-10,4,0.26852085792841845,10x212,0.04421089999959804,14,0.035564836334980164,0.3920221379337107,13,0.13037899029434488,0.14928898423311954,11,0.17373715730861158,0.09882090383807207,10,0.07744655995657308,0.06504914906731703
129,14-13-11-10,4,0.33250956045179286,10x212,0.046334999991813675,14,0.042590923057063426,0.4352979320959921,13,0.14196064146921006,0.15805466900238482,11,0.16220144372444645,0.11832014203082028,10,0.22558589854215522,0.10885124477498248
130,14-13-11-10,4,0.3070543563556644,10x212,0.06082529999548569,14,0.03853349816509948,0.39666991243199123,13,0.13404534005666374,0.13299610695636097,11,0.20252759799550396,0.09855965459435377,10,0.17361147868290308,0.08042676564958216
131,14-13-11-10,4,0.2820174232997943,10x212,0.06689750001532957,14,0.052442376856980916,0.35829372126952913,13,0.12876019356097768,0.14875132365734225,11,0.17783789509533351,0.09533900891979143,10,0.14254578637321916,0.07337809760551536
132,14-13-11-10,4,0.2961206118863051,10x212,0.0488265999883879,14,0.04269564928508315,0.4182548406391734,13,0.1377277488539671,0.17423765916530207,11,0.19755930614656764,0.1025549614926474,10,0.15893415794216734,0.08827644137931687
133,14-13-11-10,4,0.27315089546780863,10x212,0.055155100009869784,14,0.043929957250542745,0.3908204126118679,13,0.1036182028381787,0.15154576881574844,11,0.17740050444557035,0.1076794917216208,10,0.17940422289999167,0.055322308374080115
134,14-13-11-10,4,0.2597400942654407,10x212,0.059572999976808205,14,0.048257521111549295,0.39607313462811655,13,0.11995481760819725,0.14773977585081355,11,0.18480281336516416,0.09735590662254064,10,0.11199172358987403,0.07267318659827092
135,14-13-11-10,4,0.30414844204667374,10x212,0.048158599995076656,14,0.04227033775360462,0.3995298061564688,13,0.1440879002777582,0.13967694881100146,11,0.14550126855309284,0.06593349976241773,10,0.20059012754743666,0.05376459097444125
136,14-13-11-10,4,0.35433515084124667,10x212,0.0523484000004828,14,0.040888616713735386,0.3949429868098928,13,0.1069406937743368,0.18395881813894419,11,0.1934363999082784,0.11440136566995283,10,0.27439792493461196,0.09373404150271474
137,14-13-11-10,4,0.3001264664087873,10x212,0.05496709997532889,14,0.050263870912736486,0.36679317354437857,13,0.10069553694623508,0.1802210944015494,11,0.15144023530273965,0.10964455777777866,10,0.1820947157949209,0.10550000981568175
138,14-13-11-10,4,0.25177528794646753,10x212,0.05669560001115315,14,0.0445302723087234,0.3883818677799069,13,0.11544687240399487,0.1466579656717665,11,0.1667036431976867,0.09514274261399663,10,0.11380402096614106,0.06393189309023632
139,14-13-11-10,4,0.2777814241928177,10x212,0.0715601000119932,14,0.040370044905516544,0.36835213558363633,13,0.10186322871699101,0.13742693295513134,11,0.1670061403443657,0.09670443194574271,10,0.1790889811062983,0.07800391795995602
140,14-13-11-10,4,0.28688048968274116,10x212,0.050121799984481186,14,0.04166273903376117,0.37406268286488464,13,0.12784912379313404,0.16472557193192594,11,0.2100248316231905,0.07881681426954344,10,0.21060583146230213,0.0372438203388988
141,14-13-11-10,4,0.29627844573247136,10x212,0.043980599992210045,14,0.04246354280080563,0.3843284978815906,13,0.1470902734425417,0.14478347816455803,11,0.21781582375994196,0.11864961844033622,10,0.13814819536066614,0.08220552423414249
142,14-13-11-10,4,0.2361742936900746,10x212,0.04703660000814125,14,0.044143003722407495,0.42246224712071784,13,0.1603109856568121,0.13400843075546723,11,0.14765597405342404,0.0729243963233101,10,0.11012169896948859,0.05304104787148575
143,14-13-11-10,4,0.2696881085433477,10x212,0.051618500001495704,14,0.042651481744203475,0.3417406323466881,13,0.13249659987870926,0.10864609609835935,11,0.20020521489516563,0.06870638145382023,10,0.23409803750649863,0.061906048566433974
144,14-13-11-10,4,0.25641388641411045,10x212,0.0655306999979075,14,0.03903415069262369,0.43291604457568994,13,0.11823274112888851,0.1365147195640115,11,0.1286106638504879,0.09070563772093584,10,0.12896366998347977,0.0706796587508011
145,14-13-11-10,4,0.32106160272960077,10x212,0.06567010001162998,14,0.04132198107332578,0.4116369131181555,13,0.15125239557349499,0.11079021847502728,11,0.22568924540786237,0.06774354995907596,10,0.26182813007020983,0.05220057734691599
146,14-13-11-10,4,0.2937084521617094,10x212,0.06049080000957474,14,0.042850825295204606,0.418195570044449,13,0.13403657887853365,0.15059976260890315,11,0.20273691013262882,0.09183600221964894,10,0.2478653953049032,0.08646545455695673
147,14-13-11-10,4,0.3132248676564942,10x212,0.059270800004014745,14,0.04554883503598192,0.39000258616667477,13,0.10969755848085132,0.14137359371537322,11,0.15198141679201718,0.10422753117001378,10,0.3033097982434294,0.08025854337874491
148,14-13-11-10,4,0.27276015191420216,10x212,0.05610680000972934,14,0.045810390689381586,0.44033485776325915,13,0.14136803817910013,0.15412521410816324,11,0.17573802591541635,0.10868194036620814,10,0.16780321096536308,0.09008721530718225
149,14-13-11-10,4,0.3016285892519769,10x212,0.04685919999610633,14,0.047450842522765914,0.40372375613720685,13,0.10671532347758873,0.18396218622674423,11,0.21484433026892452,0.10796203385561026,10,0.15397239088369413,0.08308389107624442
150,14-13-11-10,4,0.2873950840510638,10x212,0.07631430000765249,14,0.03809257702852675,0.4249286244850368,13,0.1280519004963283,0.15581782129274574,11,0.20278193072297715,0.09327326514031925,10,0.14289292173981183,0.063306679917686
151,14-13-11-10,4,0.2753808159192729,10x212,0.042044300003908575,14,0.04220696279308579,0.36627561506659573,13,0.10532149144515668,0.09455929427862635,11,0.12679930239981477,0.048748838700444476,10,0.17399019940454652,0.05674567434332684
152,14-13-11-10,4,0.26241923908084613,10x212,0.0611841999925673,14,0.040420148761076594,0.3724343359161195,13,0.12578566364440014,0.14434995593728445,11,0.1661314035095673,0.07613940708754471,10,0.1536994175243773,0.06024872753874454
153,14-13-11-10,4,0.3237863195810346,10x212,0.04693850001785904,14,0.044934146442769045,0.37805832630550296,13,0.1517065350989245,0.126644337706974,11,0.21695909284696754,0.08001435528035114,10,0.16797476004792664,0.04940160230797664
154,14-13-11-10,4,0.279973082297139,10x212,0.05991430001449771,14,0.04233612040807824,0.38161289895021183,13,0.12549209348047372,0.13637155896261374,11,0.2534370561099413,0.11314429320203806,10,0.15817577829904123,0.06916569709807852
155,14-13-11-10,4,0.3118162530123233,10x212,0.051553099998272955,14,0.03663277504450622,0.3926812988579434,13,0.1416045962701933,0.1563601538792481,11,0.17763846558158997,0.11067461341492246,10,0.23588981579840365,0.08401494677392958
156,14-13-11-10,4,0.2667940020303338,10x212,0.05504940001992509,14,0.04018171881702126,0.39812488663718903,13,0.1350428400188542,0.09151186028714745,11,0.2701350851387842,0.06897836507107132,10,0.09946315329048991,0.03964799812034314
157,14-13-11-10,4,0.3259605604805821,10x212,0.046632599987788126,14,0.048616957707350056,0.38312733707724006,13,0.15930246504522516,0.16844510035113794,11,0.2409877323807,0.14567501728777998,10,0.1751311118482949,0.13570993341786622
158,14-13-11-10,4,0.3313771057162763,10x212,0.0484854000096675,14,0.05425645648349873,0.39784692711630965,13,0.200700699053642,0.16205057648770418,11,0.20074290770231004,0.1477489670567316,10,0.2504337231661174,0.13898641727154024
159,14-13-11-10,4,0.30463918044544247,10x212,0.05018809999455698,14,0.05233213608241403,0.3659702882383425,13,0.11735108926672616,0.20832311048176316,11,0.2373374896466768,0.15468867504186598,10,0.22995947415390655,0.13589098214947318
160,14-13-11-10,4,0.3001645058264176,10x212,0.04485380000551231,14,0.05038399857826933,0.34883784339498025,13,0.1970934001858357,0.14278291029224638,11,0.21724681749775857,0.11846344927474584,10,0.2091565782158106,0.1192352777778156
161,14-13-11-10,4,0.30477169342852156,10x212,0.0568595000077039,14,0.05079908634044552,0.4182483523008191,13,0.1796596015020343,0.20902534374797602,11,0.2141558730345559,0.18852452398597555,10,0.2529796632447131,0.15089336654564203
162,14-13-11-10,4,0.31149797343132624,10x212,0.05202339999959804,14,0.055188394290433734,0.33670689331247855,13,0.14502102864368374,0.15042747467834852,11,0.1899950337339486,0.12313835079279854,10,0.18971439322362632,0.11744311168320576
163,14-13-11-10,4,0.3207846833620391,10x212,0.06247240002267063,14,0.05486218664183583,0.42094345037948605,13,0.1414570754128807,0.2158187917563734,11,0.23304220812718063,0.1600896007653676,10,0.26863422579424123,0.12567374562270955
164,14-13-11-10,4,0.2897216876995192,10x212,0.052016900008311495,14,0.04940610949194539,0.3796304909602768,13,0.15537725708024255,0.16122178146723412,11,0.2345880172402189,0.1462282154198057,10,0.20439727774807723,0.13422711975995053
165,14-13-11-10,4,0.29622802272841975,10x212,0.05480270000407472,14,0.05660255957989848,0.39143308720990416,13,0.14194904438612627,0.2227640662673331,11,0.2458400806595169,0.1749472829871085,10,0.21169623413881222,0.15690631334288097
166,14-13-11-10,4,0.314826526499784,10x212,0.04028899999684654,14,0.05271030164963758,0.3996158381090884,13,0.17346497747584336,0.19543109495378866,11,0.19566159340395695,0.14890632548635813,10,0.19176002204762158,0.14545651230685777
167,14-13-11-10,4,0.2957877889680031,10x212,0.043392399995354936,14,0.05769640130574657,0.41395661299785175,13,0.2189468189825121,0.16057572443471338,11,0.24830253610610492,0.15170374048837962,10,0.19837594258501942,0.13769924428810998
168,14-13-11-10,4,0.31706620371908995,10x212,0.06689040001947433,14,0.053715973111412185,0.3346545189052677,13,0.1223292261197186,0.16118224320860264,11,0.15455659992910423,0.14331292557001546,10,0.22536531415616767,0.13136938380100718
