indice_interno,distribucion,numero_capas,error_final,forma_h_final,segundos_extraccion,capa_1_rango,capa_1_error,capa_1_ortogonalidad_h,capa_2_rango,capa_2_error,capa_2_ortogonalidad_h,capa_3_rango,capa_3_error,capa_3_ortogonalidad_h
0,26-14-8,3,0.2636498758024824,8x212,0.0431803000101354,26,0.03774358023112246,0.3896674964075574,14,0.2749223117619296,0.16101709530459363,8,0.4257778168491763,0.1149602960135765
1,26-14-8,3,0.28824018692720466,8x212,0.05649849999463186,26,0.037834390400833445,0.41935676013829504,14,0.3077208254849626,0.15189779663752218,8,0.44109476434483713,0.1720620788911423
2,26-14-8,3,0.24380910913404427,8x212,0.0652774999907706,26,0.04006817084092421,0.3498466783821611,14,0.26203492120669347,0.14210370627203298,8,0.4156666969410122,0.10003329118653034
3,26-14-8,3,0.28810507659911017,8x212,0.06287640001391992,26,0.03574580819622372,0.4030226812340605,14,0.2956814877691869,0.14633914285127708,8,0.47528702830915026,0.1261015517141237
4,26-14-8,3,0.27842008560920006,8x212,0.04981150000821799,26,0.03733103241912119,0.4112257210986807,14,0.2689927663812209,0.16501237895862605,8,0.4147080674124963,0.1391845779048801
5,26-14-8,3,0.2677133291156536,8x212,0.054424300004029647,26,0.031929183420223,0.42339367209474144,14,0.29990310517818597,0.16977951247701487,8,0.46467395613607976,0.14585649666746028
6,26-14-8,3,0.22773043132128323,8x212,0.06399900000542402,26,0.038072464130301145,0.4237664194051761,14,0.2705789847199517,0.19913851109525685,8,0.4624387103687921,0.16755707054714333
7,26-14-8,3,0.3101147659406057,8x212,0.059039699990535155,26,0.04092401304466842,0.44079116476139996,14,0.2897911254022969,0.14025302008568635,8,0.5068035605342972,0.14140783423110165
8,26-14-8,3,0.2634322157209541,8x212,0.05271729998639785,26,0.037233928690004026,0.3929570082846828,14,0.28026380295303244,0.15916290440134856,8,0.4689729642169722,0.14882602873160153
9,26-14-8,3,0.3180318392675592,8x212,0.06432380000478588,26,0.036564788981285866,0.3898314278900956,14,0.2514871844884313,0.1145199772251048,8,0.45314565107595217,0.09095417658562996
10,26-14-8,3,0.26221109743553894,8x212,0.04893419999280013,26,0.03966689187947555,0.3902674668711987,14,0.2983569361497359,0.16084350455513854,8,0.47000759674727277,0.14117092905329978
11,26-14-8,3,0.28727339019949677,8x212,0.06374710000818595,26,0.03783011931799425,0.38884676943944746,14,0.25739942256114745,0.13095488366826658,8,0.43419602710203026,0.10371341070272051
12,26-14-8,3,0.25255835099328516,8x212,0.04527940001571551,26,0.037170740685094475,0.40069931413681403,14,0.23193447788779997,0.17330890125856008,8,0.4237414043828745,0.16624451525418132
13,26-14-8,3,0.263843306329299,8x212,0.07226280000759289,26,0.037629172409347725,0.3974135765589331,14,0.2926132425202275,0.16445060658066882,8,0.4694821167211859,0.15830909835104626
14,26-14-8,3,0.2370530635144197,8x212,0.06680229998892173,26,0.04131102263954812,0.40905757771079143,14,0.26836820502800596,0.2026182175392088,8,0.4350103844483298,0.17404243121223908
15,26-14-8,3,0.2728536878215449,8x212,0.06972800000221469,26,0.03653670645063333,0.39454852176191585,14,0.2754930951945203,0.17938551709191142,8,0.44588019456387906,0.14351541909335325
16,26-14-8,3,0.2686880370952526,8x212,0.055389300017850474,26,0.044717836820250864,0.4148844300124712,14,0.23520010262736635,0.16165802153646222,8,0.43477189326693,0.1417060091710082
17,26-14-8,3,0.23941702151181524,8x212,0.05397000000812113,26,0.03531119218264789,0.4087155939446177,14,0.27762490676821916,0.17136736821055618,8,0.4422435811388527,0.14316228047130117
18,26-14-8,3,0.25085537463757385,8x212,0.046247299993410707,26,0.03361900080658135,0.3843269504483055,14,0.2313811068611758,0.17264242476095823,8,0.3861120391596154,0.13969680750536997
19,26-14-8,3,0.2629151648790782,8x212,0.048756100004538894,26,0.03398994657422656,0.43091042707011173,14,0.234272621847877,0.15154053213721203,8,0.42249116058997344,0.12753128274925155
20,26-14-8,3,0.27992793176292885,8x212,0.056974200007971376,26,0.03555349188223093,0.37605490001842345,14,0.26129843753013493,0.1662023786853026,8,0.44074000278547104,0.13664591979892007
21,26-14-8,3,0.29793173638508935,8x212,0.07042569998884574,26,0.03784150264134059,0.38900416231779167,14,0.2569425162279488,0.16911838018347392,8,0.4441414608925811,0.1507212633132313
22,26-14-8,3,0.26060212362653085,8x212,0.05246189999161288,26,0.036506881329693874,0.3842963364998488,14,0.258460380966951,0.1777757167628323,8,0.4271412889053686,0.15214899758376513
23,26-14-8,3,0.27338456048311516,8x212,0.05745040002511814,26,0.04507092711832705,0.4058631359084504,14,0.2626950576408193,0.16060508363892995,8,0.4562366546453255,0.125763634924233
24,26-14-8,3,0.26945909718389016,8x212,0.055479600006947294,26,0.037521433431687436,0.3923104995400245,14,0.27853776264716035,0.167075539802887,8,0.4227798173981771,0.13821536519735603
25,26-14-8,3,0.28795483195325716,8x212,0.044392699986929074,26,0.03865625592223023,0.3535981397529266,14,0.25225966246234877,0.16628477324137975,8,0.4222752855303183,0.1671484200934512
26,26-14-8,3,0.26366495669550133,8x212,0.043540500017115846,26,0.03885242419118765,0.401153245496138,14,0.2804452159041515,0.16256756394386296,8,0.4992424700815225,0.12164443542618475
27,26-14-8,3,0.24587663586686442,8x212,0.04381600001943298,26,0.03652880867126321,0.3678503498262407,14,0.26485409746650584,0.1709536843603528,8,0.4453018093606931,0.1575172681601346
28,26-14-8,3,0.27283181757444125,8x212,0.04810179999913089,26,0.04018720980154751,0.41241894486569664,14,0.25895259177511687,0.18458757241005855,8,0.4199287119785956,0.16628818405536555
29,26-14-8,3,0.260140928856993,8x212,0.062020700017455965,26,0.0375225418612308,0.4287326151896727,14,0.25601770980771077,0.202058628953666,8,0.430147799358777,0.15168557777041913
30,26-14-8,3,0.2646956353134965,8x212,0.062069499981589615,26,0.03609219876128868,0.36040194895758565,14,0.2791602892710027,0.15346224388418583,8,0.46607731900217264,0.12730369168868166
31,26-14-8,3,0.23970826056868652,8x212,0.058617700007744133,26,0.03848992157149224,0.3839442973975481,14,0.22933239347276793,0.16232437643996983,8,0.38804511064584357,0.13335398883296706
32,26-14-8,3,0.26578851247103213,8x212,0.047175200015772134,26,0.035727607130372006,0.37942855559206573,14,0.2613175636423057,0.19432464729281224,8,0.44370519765058486,0.19199712063958854
33,26-14-8,3,0.2684322364588259,8x212,0.04416819999460131,26,0.03849597312369366,0.40698126522640876,14,0.25502040855294644,0.14543991563306305,8,0.4514299606877515,0.13441569995061298
34,26-14-8,3,0.32250539003719714,8x212,0.057782100018812343,26,0.03683991302431093,0.3917163401745869,14,0.2564232665955943,0.1305733625101959,8,0.4056436861122116,0.13059890501122964
35,26-14-8,3,0.2845463560640231,8x212,0.04841730001498945,26,0.03485964596179871,0.3886463397901733,14,0.24109530975212118,0.15711400404549938,8,0.4371283430588021,0.18097512312715122
36,26-14-8,3,0.28240938913093216,8x212,0.051108900021063164,26,0.02433253135443929,0.4172581788637507,14,0.17638046880506117,0.1004083830674989,8,0.45158597708948617,0.08216511719913619
37,26-14-8,3,0.23609904250742947,8x212,0.055432100023608655,26,0.029115405551096162,0.41018063066229704,14,0.16941032504752462,0.12578091338479042,8,0.3477972512799179,0.08648354549448221
38,26-14-8,3,0.2705449701330574,8x212,0.04636269999900833,26,0.024146822380967162,0.4037403203700212,14,0.17983929848695057,0.11005079887807537,8,0.4345857386394863,0.10621119597269169
39,26-14-8,3,0.2721979846403962,8x212,0.05405040000914596,26,0.027922569428136514,0.4201349468121754,14,0.16020310572132662,0.1590190073183509,8,0.3667659535870508,0.09662234201552497
40,26-14-8,3,0.26098593418773136,8x212,0.061336199985817075,26,0.025056140094502032,0.4418106334241165,14,0.22074719290137335,0.15721629267854087,8,0.4909100779081082,0.12544737339101014
41,26-14-8,3,0.22512154441717752,8x212,0.05072840000502765,26,0.028058837259577873,0.43837377450441495,14,0.18733416333523487,0.16487218025786285,8,0.4175827343839015,0.12292594748943639
42,26-14-8,3,0.23951680387790697,8x212,0.058693099999800324,26,0.024244468132803117,0.42303510428935875,14,0.21017460297242213,0.12285706232464341,8,0.38733428374457407,0.08666407731725477
43,26-14-8,3,0.2356186066534578,8x212,0.0558356000110507,26,0.026821415952870083,0.4397128626625776,14,0.2321125659161611,0.15609738506366194,8,0.4412428958016546,0.10916341558038314
44,26-14-8,3,0.23659469167984293,8x212,0.0623415999871213,26,0.027201524033892123,0.41514519134883016,14,0.23615254112598763,0.13482817920172827,8,0.4065732016754104,0.10060491424433618
45,26-14-8,3,0.24905813214632952,8x212,0.0676065000006929,26,0.0260799872529936,0.46155590281677056,14,0.23365597695313767,0.1764906841824703,8,0.4202848321883477,0.11463159470924815
46,26-14-8,3,0.24108318997012548,8x212,0.06145259999902919,26,0.027978339537404414,0.4152040959553647,14,0.24084324835731855,0.13966128868732874,8,0.428165729313847,0.11472178159720399
47,26-14-8,3,0.26113882816508244,8x212,0.06596760000684299,26,0.029333861840173076,0.44189663225586245,14,0.22140679919968972,0.14145693667923467,8,0.44626597203188734,0.11301446623429283
48,26-14-8,3,0.251048798032749,8x212,0.06905799999367446,26,0.028064293639277732,0.46761735776580543,14,0.22527477432916643,0.16716098835704377,8,0.3836501623852415,0.15910753458192398
49,26-14-8,3,0.32699306882593165,8x212,0.0639822999946773,26,0.02644997247108584,0.45086290401774126,14,0.1820305361353984,0.11607131046553716,8,0.45447429131774614,0.11334266388868437
50,26-14-8,3,0.2701027257935395,8x212,0.043130200006999075,26,0.02798957302438294,0.42721358628654316,14,0.20468994913002414,0.14095574807140174,8,0.4293017934910567,0.10515786319091476
51,26-14-8,3,0.2757626385349402,8x212,0.06310860000667162,26,0.02756307140929702,0.4212996380841597,14,0.23327099575874158,0.13310090383501183,8,0.4545050530744394,0.11645443526640355
52,26-14-8,3,0.24459882220465032,8x212,0.04522439997526817,26,0.02936524365631325,0.4441720089418713,14,0.2305549916247094,0.16058622410258097,8,0.40181502761367754,0.1298624587613402
53,26-14-8,3,0.25999458394281977,8x212,0.042633800010662526,26,0.028237908999245352,0.41721655203167696,14,0.22682620446538682,0.1734774743660971,8,0.41072430185765224,0.12740757166525515
54,26-14-8,3,0.2668258080231783,8x212,0.05618250000406988,26,0.026356371045627606,0.4335407570319635,14,0.1846669709974537,0.12878600405546084,8,0.38311457076244637,0.09614653494548074
55,26-14-8,3,0.22005972564969137,8x212,0.050321799993980676,26,0.02553150410556732,0.4262697190926738,14,0.2023307120349583,0.18067173323809735,8,0.37411381029204105,0.12291995870276227
56,26-14-8,3,0.22877201827288812,8x212,0.04391470001428388,26,0.028504039656136935,0.4535497949989484,14,0.2257391415986636,0.18494266128377465,8,0.3978715673231118,0.12639779777867338
57,26-14-8,3,0.2531761126204105,8x212,0.057651199982501566,26,0.02314636600403853,0.4539623120332406,14,0.2183540183466903,0.13449685980844026,8,0.4315456156250521,0.09167843860597637
58,26-14-8,3,0.267415169970274,8x212,0.052981500019086525,26,0.027321929132856127,0.4245562466345409,14,0.23590920268688745,0.13156966887950838,8,0.3738263306717462,0.08567681714518993
59,26-14-8,3,0.24689133726420393,8x212,0.04622849999577738,26,0.02595208030310461,0.4512919951248535,14,0.2514928541838354,0.1304837374697578,8,0.47689561217686627,0.10259396722211218
60,26-14-8,3,0.28255640088669154,8x212,0.06574319998617284,26,0.024468878458548064,0.42881632390237046,14,0.23249606625252686,0.11435156327824947,8,0.4277777450847046,0.09333704605561881
61,26-14-8,3,0.23215373828884273,8x212,0.04566040000645444,26,0.026129934008789997,0.4570787205373164,14,0.268013326521727,0.1417973272552307,8,0.4686907752603275,0.07584870005833502
62,26-14-8,3,0.27175026211090253,8x212,0.06860759999835864,26,0.028436760767237976,0.40469079437443517,14,0.21163574555904688,0.12555623670954788,8,0.4861321473648141,0.09949923530531489
63,26-14-8,3,0.2239045823672387,8x212,0.06338239999604411,26,0.027463417583928635,0.44454210224426594,14,0.22393404150620894,0.1624479005429771,8,0.38994418166977013,0.14078541964553629
64,26-14-8,3,0.29308451158023474,8x212,0.04769919998943806,26,0.027330499679371338,0.4365609589995415,14,0.2906529806461019,0.1399904937011122,8,0.4800891989766656,0.11417825933678875
65,26-14-8,3,0.25810642964944525,8x212,0.05055650000576861,26,0.022708211620301257,0.4235821101696538,14,0.2390745520793644,0.14167689838098468,8,0.418931259195574,0.09695935784244918
66,26-14-8,3,0.26573992041888667,8x212,0.04799330001696944,26,0.02385114766916877,0.4564765283002617,14,0.2261634195478463,0.12861324674991823,8,0.456138508497271,0.09318421499171062
67,26-14-8,3,0.25059359338678644,8x212,0.04697580001084134,26,0.023766199893035085,0.4285691258352249,14,0.2749754241494822,0.11410755991006892,8,0.49312271715696593,0.09029059360892545
68,26-14-8,3,0.2407396595263134,8x212,0.05248579999897629,26,0.03130553788447159,0.39892609448890004,14,0.22733119768639326,0.14581811511079776,8,0.37710176716422045,0.12311735374597717
69,26-14-8,3,0.28234747859936504,8x212,0.051745700009632856,26,0.029689125246661424,0.41717699894971516,14,0.27925230501370896,0.144262141195501,8,0.4537746036401449,0.1258132299252898
70,26-14-8,3,0.2561108579125721,8x212,0.057567200012272224,26,0.031517594315957666,0.45116385663999015,14,0.24395707808872455,0.14978331085611937,8,0.4033916098908058,0.09841496371813993
71,26-14-8,3,0.2339939410660331,8x212,0.06616600000415929,26,0.03218437047101955,0.3810130284699202,14,0.24441571236324783,0.12348234130611722,8,0.39086134672391987,0.07971788470635288
72,26-14-8,3,0.22786361421648904,8x212,0.06441980000818148,26,0.0354322366198959,0.4143769946257939,14,0.2548772140717106,0.1410199492608425,8,0.4468110148528318,0.10721649074250496
73,26-14-8,3,0.2547209047694715,8x212,0.06201449999934994,26,0.03252228565015631,0.44167836616118944,14,0.22470842781718975,0.16766945091977886,8,0.38174585372752057,0.11353568223791408
74,26-14-8,3,0.2670306013195406,8x212,0.046160300000337884,26,0.03316826428189532,0.4165672516663649,14,0.23332696025349586,0.14969696353634226,8,0.4585650737216144,0.1281931298364034
75,26-14-8,3,0.23552327847155244,8x212,0.043176300008781254,26,0.03616348395378424,0.4081066365122817,14,0.23438064345589865,0.1756663083895976,8,0.43995947790545964,0.14031573333446073
76,26-14-8,3,0.23205211928804204,8x212,0.053747199999634176,26,0.03612540913998365,0.41786133778632506,14,0.27711765267879107,0.15903003649017003,8,0.4523380878421551,0.14863192306884057
77,26-14-8,3,0.26056748197440643,8x212,0.04273410001769662,26,0.031311101247001476,0.40870102133705727,14,0.27087679644513146,0.13208754488129162,8,0.48867333283572423,0.11168753874447347
78,26-14-8,3,0.2570747815767509,8x212,0.04429550000349991,26,0.036891351985039664,0.4299511841928104,14,0.22360009489329152,0.17535481188859123,8,0.39137965378334816,0.16717839688101968
79,26-14-8,3,0.27733453314719325,8x212,0.05306080001173541,26,0.03320804445892493,0.4317475043726075,14,0.21093988065040647,0.15392714217432157,8,0.423221568007348,0.1086593438787918
80,26-14-8,3,0.24726807269249235,8x212,0.052539699972840026,26,0.031911500602854075,0.43172594048376733,14,0.23187526136358316,0.13226400167631755,8,0.42074993146639467,0.11531297784131092
81,26-14-8,3,0.22357425488315955,8x212,0.05881650000810623,26,0.032975019119838675,0.4768900695468775,14,0.2543881513769708,0.15372838103882583,8,0.45474264992228025,0.11146392801718444
82,26-14-8,3,0.2859302865922672,8x212,0.060193899989826605,26,0.031877422781891776,0.39115992199484806,14,0.20805767446300455,0.16734117235573256,8,0.4767288107632253,0.15105632557473814
83,26-14-8,3,0.25428257665242615,8x212,0.058787899994058535,26,0.037257513794399746,0.42604431401778375,14,0.2735811813193474,0.1429431048552103,8,0.4236079062828873,0.10732225503074465
84,26-14-8,3,0.2355954539339197,8x212,0.06015870001283474,26,0.03132929685835613,0.45063043561761,14,0.22269162181441582,0.18121590978869462,8,0.3408455535247425,0.09177872673616681
85,26-14-8,3,0.21467452573004345,8x212,0.04552179999882355,26,0.029948517824991357,0.43275723381638326,14,0.25221231799046245,0.1641094607662503,8,0.420929592077445,0.1071725573100346
86,26-14-8,3,0.27400408819534106,8x212,0.04950590000953525,26,0.03207314055218356,0.4424265879831663,14,0.2618110998322892,0.16344829319362641,8,0.4263215025245866,0.12304466300291075
87,26-14-8,3,0.26880987960097064,8x212,0.04550649999873713,26,0.034524115331976,0.4184287892137998,14,0.26351373471293227,0.17481683968555242,8,0.46524213432637224,0.14784186123187806
88,26-14-8,3,0.25088354280367936,8x212,0.06764699998893775,26,0.03131999194266778,0.4241366440611795,14,0.2633530285545666,0.18289384940588502,8,0.43760309323414714,0.17563192802947553
89,26-14-8,3,0.27788812142530617,8x212,0.05911040000501089,26,0.03332594061489254,0.42427316089571177,14,0.25807463544086723,0.15241295956357884,8,0.5096248710725998,0.14734121188934576
90,26-14-8,3,0.26516048300954653,8x212,0.04755920000025071,26,0.03367381622629023,0.40159781611793244,14,0.2591454690985188,0.15630089619878118,8,0.4244961246713693,0.12308307920676799
91,26-14-8,3,0.2741020909556699,8x212,0.04885429999558255,26,0.034979550578017694,0.44236834280483067,14,0.27892173247064417,0.17119924824675964,8,0.43883588165874304,0.16816047967541753
92,26-14-8,3,0.24781072974599488,8x212,0.05558280000695959,26,0.030703694012254534,0.4497637239962936,14,0.24525134745232238,0.1173081325577828,8,0.4419153988021209,0.10284338072459241
93,26-14-8,3,0.27152387536349937,8x212,0.05754589999560267,26,0.03119968651771566,0.4258476047098415,14,0.2019584931652854,0.14339625019236826,8,0.4550926826001279,0.11049540092588295
94,26-14-8,3,0.2925600031071982,8x212,0.06258009999874048,26,0.03369827214560668,0.42708372956973545,14,0.23932413521922033,0.11704832913225992,8,0.4606615668038125,0.09355340147674
95,26-14-8,3,0.24788752231339153,8x212,0.05026750001707114,26,0.028436280777662526,0.46414607266283453,14,0.2618592037453276,0.17143493411903932,8,0.44800169643706933,0.15372699085094071
96,26-14-8,3,0.2511296346016096,8x212,0.058098799985600635,26,0.03361283797884245,0.3964998422770812,14,0.2759909752631009,0.14353265998528364,8,0.4234291736878987,0.08453030823856904
97,26-14-8,3,0.2638260884948383,8x212,0.06739670000388287,26,0.03161113576679329,0.4154777910821799,14,0.24273367562230483,0.1576844638302791,8,0.4427212565264485,0.12462950543641368
98,26-14-8,3,0.22972714566940303,8x212,0.05101729999296367,26,0.024287932842234097,0.45757774890851344,14,0.22195479469797091,0.16084930244957948,8,0.46550591411988773,0.11781025977631568
99,26-14-8,3,0.2616081776105002,8x212,0.049327799992170185,26,0.02560568074075486,0.42807052299875314,14,0.25085393596608097,0.13606935004839482,8,0.4415531641600009,0.12540234871305694
100,26-14-8,3,0.26193051583837185,8x212,0.049114399997051805,26,0.026686481149656213,0.43803897569667477,14,0.21183240533195183,0.12987245131363329,8,0.373153922492514,0.09416141963070922
101,26-14-8,3,0.2770910481641079,8x212,0.07155979998060502,26,0.027166532569468525,0.4196451642142683,14,0.19097519542867442,0.14623150606445362,8,0.37035459112711605,0.12092631835395519
102,26-14-8,3,0.26879016258159977,8x212,0.06955720001133159,26,0.027078356063588514,0.4495934065719087,14,0.22055993485181954,0.10743662741192678,8,0.5057582248488128,0.1042352188011042
103,26-14-8,3,0.2805850108187224,8x212,0.06503800000064075,26,0.029610362157444857,0.4203651328139103,14,0.19683961062132355,0.12664334463505547,8,0.4086420934541861,0.11463383010533186
104,26-14-8,3,0.24244514916392246,8x212,0.06870529998559505,26,0.02905896606515616,0.4176558264034856,14,0.2120263712260848,0.11348775119845401,8,0.4730628340423221,0.07787274910116881
105,26-14-8,3,0.24280837592468746,8x212,0.05444049998186529,26,0.027736068224629012,0.4658059217772891,14,0.2509447710387813,0.1810107549059481,8,0.4329832410048159,0.13410554765799199
106,26-14-8,3,0.23948519979829944,8x212,0.06053509999765083,26,0.021950034232121253,0.46596164946341934,14,0.23348070143287442,0.15606159878088355,8,0.40739852439744617,0.1484704879124494
107,26-14-8,3,0.22488303283143,8x212,0.05687010000110604,26,0.026373529643814633,0.4592008314805298,14,0.20577289363153878,0.17542167757419277,8,0.37079230641825633,0.13034154438284393
108,26-14-8,3,0.25841252160486106,8x212,0.06475449999561533,26,0.0284701538399369,0.4593293611090756,14,0.22081372431924073,0.1539807630572461,8,0.44094829266957564,0.09718078537546036
109,26-14-8,3,0.31727615318006985,8x212,0.07850140001391992,26,0.032449791157571115,0.4477750843398193,14,0.2561040977825609,0.12558741738682436,8,0.49836451999850845,0.12031351930530056
110,26-14-8,3,0.2410946000649754,8x212,0.05060610000509769,26,0.025675034729577054,0.44780417856421834,14,0.23634746770574783,0.11441604559951009,8,0.47905538744497655,0.08929075463802831
111,26-14-8,3,0.26024032193424995,8x212,0.04500799998641014,26,0.023049702589268653,0.4286897981789214,14,0.25426261236896575,0.13986630103320116,8,0.42708691161706724,0.09594875453869589
112,26-14-8,3,0.2564570757685234,8x212,0.04239759998745285,26,0.02904131519660829,0.4265310186728467,14,0.24545817758768948,0.12963424452481098,8,0.4429915910458746,0.09561150401025971
113,26-14-8,3,0.28698155384621765,8x212,0.06813900000997819,26,0.029005732436871587,0.4240082222924847,14,0.25313324952683464,0.1757687420827012,8,0.42512191556085,0.12411172735626545
114,26-14-8,3,0.2857290739408539,8x212,0.0450878000119701,26,0.024563945865110275,0.4291580528730895,14,0.24548958842784044,0.130517197450011,8,0.4372250017156761,0.09353481372296302
115,26-14-8,3,0.21879607393185357,8x212,0.04056789999594912,26,0.02280016008667047,0.43036228717873587,14,0.22300697488249818,0.19180055878176913,8,0.37357856343997936,0.15293191778000756
116,26-14-8,3,0.23816012725147856,8x212,0.05650949999107979,26,0.025041872058503997,0.46130356167713077,14,0.24025784718034296,0.14058610188325865,8,0.4248780224489683,0.0941107352055474
117,26-14-8,3,0.2250366977339405,8x212,0.04741729999659583,26,0.029075076246632574,0.48292664699720306,14,0.254141557048029,0.15800733042150378,8,0.4389701182199829,0.10383451458793033
118,26-14-8,3,0.2999214076100534,8x212,0.053131199994822964,26,0.02636516604709694,0.42063470333603303,14,0.23291578971219265,0.1393579785084063,8,0.4593028455699344,0.12068585369749342
119,26-14-8,3,0.25391933858219695,8x212,0.06104380000033416,26,0.02556844278435062,0.45228010217281256,14,0.18414647889306415,0.09496735525342051,8,0.3647836263184972,0.06628781858113166
120,26-14-8,3,0.29360009828985806,8x212,0.04492119999486022,26,0.02659444329583717,0.43361641767229614,14,0.22898462006021578,0.1356005526511046,8,0.4649950555763822,0.11333559691991908
121,26-14-8,3,0.2339602038450404,8x212,0.05563009998877533,26,0.027253300648506767,0.45177087252919057,14,0.20873250396955884,0.1444859787895034,8,0.43925471165608765,0.1308560993413877
122,26-14-8,3,0.29302692044866985,8x212,0.05615129999932833,26,0.024179199088211298,0.4670048474047256,14,0.2769610767264465,0.1416875201696335,8,0.47446527963762797,0.15611392650300857
123,26-14-8,3,0.23416044009627424,8x212,0.053039299993542954,26,0.02660219144272525,0.469952085323865,14,0.23924368150350425,0.14340191169609412,8,0.4382414026422857,0.1186591721185906
124,26-14-8,3,0.26472720510691417,8x212,0.05793959999573417,26,0.025710341120555116,0.48388221259992914,14,0.2058841945143917,0.13113970056892546,8,0.41605167018662703,0.07732381861504152
125,26-14-8,3,0.25621309986867585,8x212,0.042756699986057356,26,0.028538532952625685,0.42174986517445956,14,0.20870113385852254,0.1328097093193574,8,0.3876742651984733,0.057772198519834984
126,26-14-8,3,0.20998852601104034,8x212,0.05052099999738857,26,0.030273416193516325,0.420924366934131,14,0.1718433919956108,0.1237993172888872,8,0.417889919234482,0.07112527804769933
127,26-14-8,3,0.21587564943741527,8x212,0.04939339999691583,26,0.02834918930278007,0.4160812038414476,14,0.17890236280595362,0.16765443957479187,8,0.30455866223489036,0.07868478814131034
128,26-14-8,3,0.25839242082209307,8x212,0.05088600001181476,26,0.026097471204525644,0.44971969359185365,14,0.1895686864030975,0.10759918961861722,8,0.42836652937999975,0.0622515022495345
129,26-14-8,3,0.28119108205201615,8x212,0.05885190001572482,26,0.028419800642521698,0.43764916517273345,14,0.18754171862469737,0.09563079073823888,8,0.42703997797422094,0.051039410005891406
130,26-14-8,3,0.24045754183312562,8x212,0.043952600011834875,26,0.02686405894742843,0.4336115032717465,14,0.1661138099588274,0.1752680000471265,8,0.37861347360951375,0.10404373134522259
131,26-14-8,3,0.2604342356610475,8x212,0.04532110001309775,26,0.029384491178644605,0.4386880447124634,14,0.20958280427372072,0.126919713844577,8,0.41955439600585703,0.08340846180147435
132,26-14-8,3,0.2513247684337002,8x212,0.05026479999651201,26,0.028668303415198385,0.4219143042177001,14,0.17770146566181788,0.13537948935211216,8,0.3784889591119139,0.05347637353597182
133,26-14-8,3,0.18827238341304786,8x212,0.05924070000764914,26,0.024584464150616343,0.44256416022961137,14,0.20916012746383983,0.11323595883295774,8,0.41656175583495464,0.04169121755747245
134,26-14-8,3,0.24970483478376873,8x212,0.05877269999473356,26,0.0284221740981483,0.3849849868677351,14,0.20555259492645836,0.11013302233212903,8,0.3770818276713443,0.049476182899032405
135,26-14-8,3,0.2595998747134527,8x212,0.043675499997334555,26,0.025124075985678715,0.41626387205163967,14,0.17395888176785418,0.07258347727810728,8,0.4499126057171861,0.03988780704454369
136,26-14-8,3,0.24700921975845436,8x212,0.05518500000471249,26,0.02574619485067167,0.4436106999057632,14,0.203317168627246,0.12352913811366138,8,0.3927768134115603,0.07065470910533592
137,26-14-8,3,0.2633188880089628,8x212,0.05952650000108406,26,0.030285272886827034,0.4180988768275937,14,0.19174574366702918,0.09549591248368007,8,0.3990420040744898,0.036294281164179355
138,26-14-8,3,0.3035128200844445,8x212,0.07276800001272932,26,0.02946652451375165,0.4226555968912946,14,0.20696270124155652,0.13565995201503092,8,0.4279404098374634,0.08903755625719183
139,26-14-8,3,0.2700167815874582,8x212,0.06051579999621026,26,0.03031076125328065,0.43003507691405624,14,0.17898544244458084,0.14571412488225666,8,0.31708862966888374,0.11415204439843928
140,26-14-8,3,0.25465263705141516,8x212,0.06510209999396466,26,0.02541082228897698,0.4217233139171923,14,0.2078890919298127,0.11554981354591948,8,0.42114833614041075,0.06021334443296235
141,26-14-8,3,0.2304385725174713,8x212,0.06794639999861829,26,0.029606174332684095,0.42833875001544786,14,0.20337511441933903,0.15058417122298878,8,0.3620472863006201,0.04482891819626384
142,26-14-8,3,0.21334860076329684,8x212,0.060387500008801,26,0.029844154580135476,0.4313491085854895,14,0.1851176680615654,0.13209822817105818,8,0.3688467453037952,0.04583094891735887
143,26-14-8,3,0.26620944117902057,8x212,0.055824799987021834,26,0.026455277375901497,0.3937016020249963,14,0.20772288826905047,0.11926413356402855,8,0.386294691538324,0.047760817714509955
144,26-14-8,3,0.26622583647052755,8x212,0.04965279999305494,26,0.028178424609081265,0.4258037267820398,14,0.18046511553302289,0.1277584471250506,8,0.3726343446608237,0.10155452792215905
145,26-14-8,3,0.22784315900693008,8x212,0.05719110000063665,26,0.026964196185784356,0.40451395122801187,14,0.16953776885714805,0.08185347710277718,8,0.452535369533213,0.040933199213485164
146,26-14-8,3,0.23744132598306303,8x212,0.054211300011957064,26,0.02820472884031209,0.40566403226333164,14,0.20481352441897033,0.14367108486326297,8,0.33508897209183924,0.07635926076115476
147,26-14-8,3,0.2512520991315498,8x212,0.04524090001359582,26,0.02654799581025026,0.4137285124380798,14,0.16894253431229403,0.12860627399904181,8,0.37576543506527865,0.09102821377389568
148,26-14-8,3,0.23994981890046627,8x212,0.04775369999697432,26,0.027667943112066298,0.4118059549129501,14,0.21085511833202406,0.10135084451008523,8,0.40806225681655733,0.06449574649218294
149,26-14-8,3,0.2517810038393602,8x212,0.04530460000387393,26,0.025068539171146896,0.4182952744469616,14,0.1955776190761429,0.0977381261761758,8,0.40789673162858886,0.06797952613879707
150,26-14-8,3,0.2686059447505123,8x212,0.057938899990404025,26,0.02740112936975788,0.4275363966169287,14,0.20979027910644582,0.12011213191357388,8,0.4251940041439144,0.0794012786575382
151,26-14-8,3,0.2818106289182458,8x212,0.04989110000315122,26,0.027107821342214462,0.41068522982408867,14,0.18069477738565293,0.0874061929554391,8,0.3995993357559928,0.04055855686389916
152,26-14-8,3,0.2772013594233804,8x212,0.048529299994697794,26,0.027907109140410575,0.43542584856538374,14,0.20672687298593334,0.15621722435637436,8,0.3584006393002337,0.10599420136840368
153,26-14-8,3,0.2562283103919194,8x212,0.05988309998065233,26,0.025589042109809886,0.4345827973252418,14,0.16882220695392727,0.13310353152871965,8,0.38707822015915366,0.09847383639918099
154,26-14-8,3,0.2170446762017583,8x212,0.05674390000058338,26,0.02764960784955844,0.41114477636376834,14,0.224298910360799,0.13586118811584394,8,0.39181417761644827,0.07526404650697789
155,26-14-8,3,0.23765238873212863,8x212,0.04941710000275634,26,0.02618614710035704,0.4129404994999363,14,0.19182664986844913,0.12515780078847302,8,0.3535435547052202,0.08114482339201959
156,26-14-8,3,0.2652249977157273,8x212,0.05872040000394918,26,0.027775729554779943,0.42597829592524267,14,0.2023980464709441,0.12275533397494587,8,0.39501477193299106,0.07299492753973515
157,26-14-8,3,0.27735230041870745,8x212,0.05617500000516884,26,0.03693471493357555,0.4256042626277258,14,0.29066270233771585,0.16386617325478756,8,0.46853602126136473,0.1159684398744127
158,26-14-8,3,0.23693985601696432,8x212,0.07999689999269322,26,0.03476947761619082,0.4372703027892033,14,0.2858565986656845,0.18542818873823877,8,0.4433546871350965,0.1487635888045736
159,26-14-8,3,0.22992473296079688,8x212,0.04795519998879172,26,0.03537099083273419,0.416172863247191,14,0.22542136483249173,0.1518796022281974,8,0.35785572343716077,0.08550504634878629
160,26-14-8,3,0.2618672613917102,8x212,0.04690180000034161,26,0.04061957525428945,0.3697370845289699,14,0.29672172177750156,0.16789138312654456,8,0.46489441701779505,0.1344223170116559
161,26-14-8,3,0.2590574150385157,8x212,0.07030540000414476,26,0.03927235128371794,0.4025374104358532,14,0.2242000048332249,0.17637852542634447,8,0.41358895743648255,0.17073474958165466
162,26-14-8,3,0.29344254972557493,8x212,0.05167939999955706,26,0.03427229563991443,0.42031211424736714,14,0.258880689599385,0.2011571310401545,8,0.4680975897108775,0.19610638386524823
163,26-14-8,3,0.30881174526241956,8x212,0.05668769998010248,26,0.03665289956471757,0.3974798926508832,14,0.30848975507336135,0.18383705248939666,8,0.478899002588177,0.1565849869545485
164,26-14-8,3,0.23898908270954416,8x212,0.0681431999837514,26,0.04145888129512008,0.4119949235491749,14,0.20922737544221717,0.15403457303303056,8,0.43665219356983426,0.09228628138276582
165,26-14-8,3,0.2852479488091783,8x212,0.059659200021997094,26,0.03748337628887391,0.38703050470711964,14,0.3027298984939659,0.15204289444492838,8,0.5008303605352663,0.1655710115531697
166,26-14-8,3,0.2403321254907133,8x212,0.0553485999989789,26,0.03812689930991447,0.35019475322209576,14,0.23611905803314356,0.14311195233060345,8,0.41910489478233,0.12495985272631646
167,26-14-8,3,0.2866392524002741,8x212,0.06534639999154024,26,0.03973246750877264,0.3973125409953319,14,0.20211346964565907,0.16209461369746817,8,0.32121709676054583,0.129385840741392
168,26-14-8,3,0.2644938570215223,8x212,0.047672799992142245,26,0.03567102419018733,0.3802425857352486,14,0.2691299601186859,0.16850071565237776,8,0.4549929979285793,0.17935444866125602
169,26-14-8,3,0.28673583387610657,8x212,0.04890059999888763,26,0.029546202057795987,0.3872403647516107,14,0.2722761718722915,0.18817201932831285,8,0.4101998552743986,0.19411753396090323
170,26-14-8,3,0.27438054730366274,8x212,0.052969600015785545,26,0.03723310763752005,0.38435652772371753,14,0.3110889593525671,0.12450114142697391,8,0.4904335247356622,0.11579118977234362
171,26-14-8,3,0.27777670009830163,8x212,0.05439810000825673,26,0.03608765489897991,0.38955938761207703,14,0.26586337103964436,0.1339430668586188,8,0.4887126236542467,0.10607737320889853
172,26-14-8,3,0.27008762223485033,8x212,0.055248399992706254,26,0.033294202195614526,0.4205368017886705,14,0.26140313589911746,0.17989760922161552,8,0.48293717878347653,0.18912804645625853
173,26-14-8,3,0.2360821790449571,8x212,0.0649171999830287,26,0.033166304075512465,0.37733569061235694,14,0.23966453378150818,0.15894098882635418,8,0.3810966313250195,0.1396472227816666
174,26-14-8,3,0.2589252914465585,8x212,0.04775080000399612,26,0.03406934778746794,0.40095349259263424,14,0.30624927032147425,0.1522234840205245,8,0.4701137362925663,0.09970431686777477
175,26-14-8,3,0.2611856360672291,8x212,0.05550969997420907,26,0.038015528513215394,0.38014038367919045,14,0.2849447680765444,0.17364987664208964,8,0.44204975532671326,0.13364955763495756
176,26-14-8,3,0.23674854321748143,8x212,0.05476030000136234,26,0.03628388762408788,0.39299806810967897,14,0.28679429234451054,0.15442649282158377,8,0.4398056519898095,0.12877498555625463
177,26-14-8,3,0.25372766958386617,8x212,0.04780870000831783,26,0.03597742009972804,0.3976852036654652,14,0.3029361097461866,0.15151403921830478,8,0.4541847412790159,0.141771427527736
178,26-14-8,3,0.3027935968672081,8x212,0.04888129999744706,26,0.04125632141878815,0.396957662331087,14,0.293725110329015,0.14129926174657992,8,0.4750011182033785,0.14009362056743058
179,26-14-8,3,0.263702271502279,8x212,0.05759280000347644,26,0.02951824454788425,0.4073030637823497,14,0.30608357046446716,0.18216678913045445,8,0.43109213164143084,0.16845042321244047
180,26-14-8,3,0.23320057060316132,8x212,0.06379640000523068,26,0.03661416268446598,0.42038564774839693,14,0.2995616035716601,0.20074509599041088,8,0.44305807277692294,0.13167898093705313
181,26-14-8,3,0.24212953785042776,8x212,0.060361200012266636,26,0.03903234482017477,0.4137457841770437,14,0.2677144203396732,0.17223423916785086,8,0.44855375228381955,0.1456602674686648
182,26-14-8,3,0.26757531351719716,8x212,0.04542760000913404,26,0.03128254933985862,0.3941373953200409,14,0.252954369103255,0.178643142532399,8,0.42653524901403717,0.17431038918467243
183,26-14-8,3,0.27625642144514634,8x212,0.05409890000009909,26,0.03826212690363894,0.3952088031917382,14,0.31118024128572647,0.1517293701892954,8,0.42807636843661695,0.12004375896552398
184,26-14-8,3,0.2616004228006799,8x212,0.05211409999174066,26,0.03963684943601017,0.4253295581308618,14,0.2761863714677273,0.15117621080819152,8,0.43854421584880604,0.12518093683367318
185,26-14-8,3,0.28052462544632073,8x212,0.06086890000733547,26,0.040281771823658725,0.38553256813283565,14,0.26742627470652525,0.16255082984780667,8,0.4714975947876553,0.14968295529155826
186,26-14-8,3,0.26812702536147776,8x212,0.06991209997795522,26,0.03612686254706461,0.4015734478452422,14,0.22480922338365522,0.14752291013285337,8,0.4447858393294233,0.12056131366645431
187,26-14-8,3,0.2652266426991656,8x212,0.0670207999937702,26,0.040408260927368836,0.3875451032323641,14,0.2584121102928064,0.18336124415852575,8,0.4554263577628815,0.19574560533262203
188,26-14-8,3,0.271648376959286,8x212,0.052206599997589365,26,0.03097353436014591,0.4030068277916607,14,0.25956103573836353,0.15788991959697227,8,0.4364255510649035,0.12828799325564663
189,26-14-8,3,0.23747688127343197,8x212,0.04309690001537092,26,0.04001021661316256,0.36488492718908466,14,0.24388946128091177,0.1402112190821461,8,0.4446073321415659,0.12464192944645136
190,26-14-8,3,0.2575636890380689,8x212,0.06286149998777546,26,0.039838070461860185,0.39551505918515556,14,0.2694008769607486,0.16358546559817017,8,0.43736655549975934,0.17945218351513123
191,26-14-8,3,0.26176952223850203,8x212,0.0495803999947384,26,0.04092761884274242,0.40222909226712045,14,0.27045656333808704,0.19317697082566077,8,0.4286101361526043,0.1472797720621555
192,26-14-8,3,0.26849115107304755,8x212,0.05499899998540059,26,0.040970036759261,0.396646286643696,14,0.25711918730958433,0.1747868427296591,8,0.38353717061370823,0.14462441555042663
193,26-14-8,3,0.318750035385224,8x212,0.05598549998831004,26,0.029509680773845526,0.3501538958513095,14,0.21419149754100453,0.09513701072947604,8,0.41662878917330065,0.050145880249027726
194,26-14-8,3,0.25954571112372876,8x212,0.04706620000069961,26,0.031099329791564947,0.3706349248766687,14,0.20512235169475404,0.11587853543268613,8,0.3545446890540747,0.08176280027956111
195,26-14-8,3,0.3637710014685912,8x212,0.059362700005294755,26,0.02832887467465224,0.3452690225950713,14,0.16671033988920958,0.055135026180947594,8,0.41627546914418995,0.03608643132153687
196,26-14-8,3,0.30531320992906874,8x212,0.06751960000838153,26,0.028170370060146156,0.3507567852808718,14,0.19427179868989097,0.09373989290055185,8,0.4012036417875021,0.06086588224020436
197,26-14-8,3,0.33775212672692284,8x212,0.04823240000405349,26,0.03144139803811322,0.307648589130249,14,0.22609645484231303,0.07554695018344793,8,0.49134236020938993,0.06442417658485464
198,26-14-8,3,0.3632182279284606,8x212,0.04656519999844022,26,0.02844667423952653,0.3494668940065969,14,0.15871840765804535,0.07495649060695764,8,0.4558841779575721,0.05317929610453298
199,26-14-8,3,0.311830377089581,8x212,0.05821419999119826,26,0.03058444571357684,0.33589370133198776,14,0.16933547100588991,0.09317483110325353,8,0.44121861794807055,0.05961507507242668
200,26-14-8,3,0.29873285985893194,8x212,0.057360899983905256,26,0.05959660547873757,0.3061761741559205,14,0.2954899503984632,0.17760521207343768,8,0.4246758620142511,0.16969183701687035
201,26-14-8,3,0.31307762033846975,8x212,0.04432529999758117,26,0.0629558415824879,0.31686700408149515,14,0.3003002981024499,0.16717201048542563,8,0.4503059678754402,0.14462342474308382
202,26-14-8,3,0.2766152334302439,8x212,0.046529000013833866,26,0.05667064548717336,0.2955174125866598,14,0.2938096467627934,0.19935301572290293,8,0.39175220649079784,0.180842347872801
203,26-14-8,3,0.3015129038324138,8x212,0.05818970000836998,26,0.06462424218773352,0.33692284781430587,14,0.2689179314219653,0.16838935194207044,8,0.396456356184608,0.16251142901757729
204,26-14-8,3,0.30926280240170734,8x212,0.05181869998341426,26,0.05838782283966742,0.3159076183331574,14,0.3131027552349437,0.1656532283864671,8,0.4360315562103719,0.1567044741877857
205,26-14-8,3,0.28714175382549156,8x212,0.040547900018282235,26,0.054462655291884765,0.29492574204148403,14,0.3018377277180823,0.18876768251106957,8,0.43047607186647163,0.17304933656147864
206,26-14-8,3,0.29325666434076275,8x212,0.0493138000019826,26,0.06152675590216758,0.29553245720728366,14,0.3227794519779709,0.17471206430365618,8,0.4148225308998785,0.1480359402234719
207,26-14-8,3,0.3075945752406066,8x212,0.04754440000397153,26,0.053589293683159664,0.3169854021790579,14,0.34690705196086696,0.1705585211164572,8,0.47380712560439914,0.1792799999989509
208,26-14-8,3,0.30086686657910633,8x212,0.05357200000435114,26,0.05646568623606259,0.2947651678984437,14,0.3487042374572522,0.18204201468190406,8,0.3835431394686008,0.15101914033001065
209,26-14-8,3,0.27084671295384577,8x212,0.052156299992930144,26,0.051288238420605245,0.3180239077691905,14,0.3362804802866378,0.1922086648697255,8,0.47725976973449014,0.18292261896431555
210,26-14-8,3,0.2938389859275663,8x212,0.06385440001031384,26,0.05233144317073863,0.29103735235320494,14,0.32503816300884314,0.16108590383609342,8,0.4818942999689621,0.14661879808200512
211,26-14-8,3,0.28762156320629406,8x212,0.05038060000515543,26,0.05539530712542541,0.30982752597034385,14,0.31480408209487026,0.1709991524307643,8,0.4156097669559194,0.14405527782637534
212,26-14-8,3,0.2800372638835102,8x212,0.06848389998776838,26,0.05357136013081541,0.3108887417002808,14,0.31451810024331456,0.16543602117374429,8,0.405275701636643,0.14382577520287992
