indice_interno,base,clase,archivo,distribucion,representacion,numero_capas,inicializacion_onmf,error_final,forma_h_final,segundos_extraccion_deep,capa_1_rango,capa_1_error,capa_1_ortogonalidad_h,capa_1_segundos,capa_2_rango,capa_2_error,capa_2_ortogonalidad_h,capa_2_segundos,capa_3_rango,capa_3_error,capa_3_ortogonalidad_h,capa_3_segundos,capa_4_rango,capa_4_error,capa_4_ortogonalidad_h,capa_4_segundos
0,SNR_0db,N,New_N_001.wav,30-12-5-2,DeepONMF_H4,4,nndsvd,0.4547346893174363,2x212,0.036694100010208786,30,0.2319391270407645,0.27479313687492435,0.025878799962811172,12,0.24206003079458385,0.2866575127889347,0.005113099934533238,5,0.20565112217449763,0.3075113591277823,0.0026389999547973275,2,0.1908372363689116,0.15093021819877614,0.0019820999586954713
1,SNR_0db,N,New_N_002.wav,30-12-5-2,DeepONMF_H4,4,nndsvd,0.4546677055899358,2x212,0.03590120002627373,30,0.23152941650886613,0.29144132881619245,0.025457500014454126,12,0.22813520849876778,0.30938491050468675,0.004593700054101646,5,0.1941290862940651,0.29891582516389426,0.002792299957945943,2,0.193051274632119,0.1369643334688277,0.0019953000592067838
2,SNR_0db,N,New_N_003.wav,30-12-5-2,DeepONMF_H4,4,nndsvd,0.44695085412904456,2x212,0.03855280007701367,30,0.23549841389487558,0.2894098577297626,0.02755759994033724,12,0.23347381240624623,0.2952198612072204,0.0044883000664412975,5,0.19696901928328284,0.2925160650298973,0.0035376999294385314,2,0.19856367249780926,0.15887760943748197,0.0021119999000802636
3,SNR_0db,N,New_N_004.wav,30-12-5-2,DeepONMF_H4,4,nndsvd,0.4564456149676891,2x212,0.03595829999540001,30,0.2344103083636721,0.29183817477909635,0.0247024999698624,12,0.23934663966406533,0.31424971363129106,0.00535429990850389,5,0.20177516995762476,0.2994258890745467,0.002930999966338277,2,0.19624927911650594,0.13927152737467863,0.0020561000565066934
4,SNR_0db,N,New_N_005.wav,30-12-5-2,DeepONMF_H4,4,nndsvd,0.46034370544446446,2x212,0.036694100010208786,30,0.2327521074389345,0.2859699094334182,0.025636300095357,12,0.23171389028170736,0.3012891323201853,0.005244700005277991,5,0.19637081017113728,0.3110191363475998,0.0027658999897539616,2,0.20196096906884634,0.12986726695820483,0.0020394999301061034
5,SNR_0db,N,New_N_006.wav,30-12-5-2,DeepONMF_H4,4,nndsvd,0.4577044249867118,2x212,0.03779309999663383,30,0.23319042920242825,0.28471562301623987,0.02673839998897165,12,0.24229802041402734,0.29232815473716395,0.005204099928960204,5,0.20023191643152966,0.30309351036057164,0.002659799996763468,2,0.20249817272294818,0.14216827413828947,0.0019699999829754233
6,SNR_0db,N,New_N_007.wav,30-12-5-2,DeepONMF_H4,4,nndsvd,0.4559952386846273,2x212,0.036157900001853704,30,0.23371779133173268,0.2882299267841913,0.025327600073069334,12,0.23401610866327482,0.29748252903958095,0.005063400021754205,5,0.20547855995609485,0.2870650704896643,0.0026852000737562776,2,0.20367300110969158,0.1400514509093711,0.002046499983407557
7,SNR_0db,N,New_N_008.wav,30-12-5-2,DeepONMF_H4,4,nndsvd,0.45611680342856614,2x212,0.036291400087065995,30,0.2301582945973828,0.28435883039146836,0.025404699961654842,12,0.2371187985508931,0.2996343189857734,0.004779699956998229,5,0.20121606923416346,0.291198734971183,0.003106400021351874,2,0.20806998900883703,0.1348414612877224,0.002141400007531047
8,SNR_0db,N,New_N_009.wav,30-12-5-2,DeepONMF_H4,4,nndsvd,0.45384571863786977,2x212,0.035283799981698394,30,0.2327187851168507,0.2819765414458806,0.024549099965952337,12,0.23658511887609382,0.304770442684327,0.004722999990917742,5,0.2030698716648236,0.2874526474016748,0.0030049000633880496,2,0.20373028938206206,0.14109484982752252,0.0020895000780001283
9,SNR_0db,N,New_N_010.wav,30-12-5-2,DeepONMF_H4,4,nndsvd,0.46184146724324693,2x212,0.035475100041367114,30,0.23320124322163133,0.2861631660864303,0.024665299919433892,12,0.2362706651871243,0.30338744213444585,0.005041200085543096,5,0.20291988653165868,0.3157282500613233,0.0027744999388232827,2,0.20790616417350252,0.1308036802680797,0.0020416000625118613
10,SNR_0db,N,New_N_011.wav,30-12-5-2,DeepONMF_H4,4,nndsvd,0.45681327515859405,2x212,0.035938499961048365,30,0.23253582179414278,0.2904429364873377,0.024799900013022125,12,0.2358039759871104,0.2970203625977199,0.005250299931503832,5,0.20201798213809366,0.2955035463433124,0.002843499998562038,2,0.20495986033429744,0.13478549790133723,0.0020895999623462558
11,SNR_0db,N,New_N_012.wav,30-12-5-2,DeepONMF_H4,4,nndsvd,0.4536862958836323,2x212,0.03728169994428754,30,0.23617669049680765,0.2825130903521518,0.02651920006610453,12,0.2373435970723065,0.27835680391084183,0.004843099974095821,5,0.2032432786280126,0.30426704320118186,0.002814500010572374,2,0.19815537584626808,0.12965372103498493,0.002048900001682341
12,SNR_0db,N,New_N_013.wav,30-12-5-2,DeepONMF_H4,4,nndsvd,0.4585389800662065,2x212,0.03807990008499473,30,0.23067642271548874,0.2912447331479252,0.026809000060893595,12,0.2348165131406304,0.2967457311314524,0.004716400057077408,5,0.20363947467352286,0.2908313565535103,0.002976600080728531,2,0.21264966977327437,0.13655739958566543,0.0026892999885603786
13,SNR_0db,N,New_N_014.wav,30-12-5-2,DeepONMF_H4,4,nndsvd,0.4594580884526879,2x212,0.03735130000859499,30,0.22895746094960864,0.28562002666188374,0.025874099927023053,12,0.23924098452537534,0.2883987168926121,0.00525540008675307,5,0.20026771368128646,0.2995242724540949,0.0031051000114530325,2,0.20378932888335202,0.14505847211521528,0.0021998999873176217
14,SNR_0db,N,New_N_015.wav,30-12-5-2,DeepONMF_H4,4,nndsvd,0.4607752757016972,2x212,0.034932699985802174,30,0.2385357806476213,0.2830068873947526,0.02420370001345873,12,0.2442962348252108,0.2991963060417152,0.004955800017341971,5,0.20037683530750086,0.307623303858742,0.0027178999735042453,2,0.18517244944669192,0.13014671704679381,0.0020297999726608396
15,SNR_0db,N,New_N_016.wav,30-12-5-2,DeepONMF_H4,4,nndsvd,0.46019497925693753,2x212,0.03433049994055182,30,0.2371749296719076,0.28204084439954075,0.023746000020764768,12,0.23687608875734228,0.29415009128964387,0.004878600011579692,5,0.20151368958911134,0.29932205860167305,0.002719400101341307,2,0.20766153625225411,0.16317898831908956,0.0020068000303581357
16,SNR_0db,N,New_N_017.wav,30-12-5-2,DeepONMF_H4,4,nndsvd,0.4312109469493129,2x212,0.03520040004514158,30,0.23825399511012896,0.27989742251300176,0.02399310003966093,12,0.2473206240725945,0.2870509555521697,0.005323100020177662,5,0.2142710434403895,0.25236803266093133,0.0027879999252036214,2,0.22357900673899042,0.20706288275537504,0.0020395999308675528
17,SNR_0db,N,New_N_018.wav,30-12-5-2,DeepONMF_H4,4,nndsvd,0.45593664694226305,2x212,0.03705679997801781,30,0.2361254045438745,0.2807970334710325,0.026544000022113323,12,0.23620662095276904,0.2812869351710471,0.004671699949540198,5,0.20281718592001174,0.29811429773935466,0.0026672999374568462,2,0.19564951656772336,0.14339095900863746,0.0019972999580204487
18,SNR_0db,N,New_N_019.wav,30-12-5-2,DeepONMF_H4,4,nndsvd,0.46139097571799015,2x212,0.03562560002319515,30,0.2336488848817172,0.2875607748445586,0.02511769998818636,12,0.23601816536020645,0.2884451077816518,0.004573900019749999,5,0.20295666145691663,0.27180360093402645,0.002664599916897714,2,0.19801083262900282,0.1163156822278939,0.0020800000056624413
19,SNR_0db,N,New_N_020.wav,30-12-5-2,DeepONMF_H4,4,nndsvd,0.4599320940246059,2x212,0.035124899935908616,30,0.23585200392153585,0.2855010868768841,0.024538800003938377,12,0.23142987894989062,0.2938297272493518,0.004572100006043911,5,0.20012483914906234,0.29227779226591755,0.002814000006765127,2,0.2053354465191374,0.125289152533258,0.0023116000229492784
20,SNR_0db,N,New_N_021.wav,30-12-5-2,DeepONMF_H4,4,nndsvd,0.45879139265839747,2x212,0.03597379999700934,30,0.23099003005537425,0.2877196517867691,0.02496050007175654,12,0.23630689988313558,0.3059337620734986,0.004596299957484007,5,0.19580447977272042,0.2970534853396851,0.0033430999610573053,2,0.1888185343838509,0.13391983502834143,0.002245799987576902
21,SNR_0db,N,New_N_022.wav,30-12-5-2,DeepONMF_H4,4,nndsvd,0.4553333742270704,2x212,0.04091569990850985,30,0.2361709077897491,0.28841499874445115,0.02961989992763847,12,0.23756947397049774,0.2976274985912165,0.005124999908730388,5,0.19789669447508115,0.3168589530344385,0.002988099935464561,2,0.20549435771228505,0.15698675713957533,0.002367999986745417
22,SNR_0db,N,New_N_023.wav,30-12-5-2,DeepONMF_H4,4,nndsvd,0.4558324021635816,2x212,0.04044659994542599,30,0.23024480899830596,0.28761722394222616,0.028775300015695393,12,0.229081128258083,0.2926530456753863,0.005146599956788123,5,0.20097876755214428,0.30649606012290415,0.002937300014309585,2,0.21257749225695358,0.14742105051336601,0.002760100062005222
23,SNR_0db,N,New_N_024.wav,30-12-5-2,DeepONMF_H4,4,nndsvd,0.46399800702732025,2x212,0.040471000014804304,30,0.23657492698796567,0.29124477169970325,0.028010500012896955,12,0.23271044417218836,0.2952736220031642,0.005940400063991547,5,0.19858852363888455,0.293552537947506,0.0032798999454826117,2,0.18847842477620963,0.12851337662863543,0.002383299986831844
24,SNR_0db,N,New_N_025.wav,30-12-5-2,DeepONMF_H4,4,nndsvd,0.45943011453560273,2x212,0.04255220002960414,30,0.23455514549447995,0.2885163395366335,0.030163299990817904,12,0.2470214416854556,0.272557329353939,0.0053804999915882945,5,0.205695012282355,0.29868905958320513,0.0031208000145852566,2,0.18940941828873617,0.1265183554452262,0.0029313000850379467
25,SNR_0db,N,New_N_026.wav,30-12-5-2,DeepONMF_H4,4,nndsvd,0.4642197898892366,2x212,0.039253200055100024,30,0.23374488667374224,0.2946582100766978,0.02728400006890297,12,0.24227381508498017,0.2941419692142249,0.005682699964381754,5,0.19998217221807932,0.3034681865635296,0.0030866999877616763,2,0.20720238480258144,0.14163414095585236,0.002291699987836182
26,SNR_0db,N,New_N_027.wav,30-12-5-2,DeepONMF_H4,4,nndsvd,0.4523324766007379,2x212,0.039417400024831295,30,0.2336711905967788,0.28224691911089717,0.028302500024437904,12,0.22834979214019036,0.297557865302297,0.0050632000202313066,5,0.2018273129532761,0.30011359906955304,0.0029362000059336424,2,0.20283647060237556,0.14440624834239812,0.002229899982921779
27,SNR_0db,N,New_N_028.wav,30-12-5-2,DeepONMF_H4,4,nndsvd,0.4587604846685658,2x212,0.03651889995671809,30,0.23402373072156082,0.29293041171339534,0.025561399990692735,12,0.23446745494023086,0.3046976933263262,0.0047287000343203545,5,0.1963502228804749,0.2665975232507948,0.0027301000664010644,2,0.20006724154154074,0.1440872982435275,0.002257399959489703
28,SNR_0db,N,New_N_029.wav,30-12-5-2,DeepONMF_H4,4,nndsvd,0.45925858300135297,2x212,0.03530949994456023,30,0.23810400971230494,0.2788393697974312,0.024681299924850464,12,0.24831424030353957,0.30095461453474265,0.004445500089786947,5,0.1997645805920155,0.30415100354642166,0.002827799995429814,2,0.2054709134915528,0.14719202602504897,0.0023900000378489494
29,SNR_0db,N,New_N_030.wav,30-12-5-2,DeepONMF_H4,4,nndsvd,0.4525450472184452,2x212,0.03738880006130785,30,0.23208655425901353,0.2825240752953932,0.025439799996092916,12,0.2387012241262923,0.30228641590961564,0.006108699948526919,5,0.19496669906911765,0.312712066000368,0.00285349995829165,2,0.1977226100686284,0.14757660484745133,0.002070399932563305
30,SNR_0db,N,New_N_031.wav,30-12-5-2,DeepONMF_H4,4,nndsvd,0.4582107905152447,2x212,0.03606369998306036,30,0.23454483039096982,0.2824146700098569,0.024634999921545386,12,0.2377461428650661,0.3004587648281001,0.005395699990913272,5,0.20263914004185415,0.2947349297918949,0.0027827000012621284,2,0.2017444748949652,0.13123095913685945,0.002116000046953559
31,SNR_0db,N,New_N_032.wav,30-12-5-2,DeepONMF_H4,4,nndsvd,0.4356893812803918,2x212,0.03567809995729476,30,0.2331144436294521,0.2879661843023384,0.02483739994931966,12,0.24365638090996586,0.2740037790247641,0.0047324999468401074,5,0.20496554815513274,0.2379160403482805,0.0027484999736770988,2,0.2047023347992928,0.1551485334535836,0.002039699931629002
32,SNR_0db,N,New_N_033.wav,30-12-5-2,DeepONMF_H4,4,nndsvd,0.45583950073720325,2x212,0.03682370006572455,30,0.23162878790930855,0.28723340346148457,0.026225299923680723,12,0.2420031556091017,0.30207100013253435,0.004713999922387302,5,0.20362834322495516,0.3094219050711261,0.002739100018516183,2,0.20128243305507554,0.14775239224751074,0.0020216000266373158
33,SNR_0db,N,New_N_034.wav,30-12-5-2,DeepONMF_H4,4,nndsvd,0.45561286831981057,2x212,0.03653289994690567,30,0.23245932860520788,0.28592888666932736,0.02557709999382496,12,0.2392324059876568,0.30077956445293874,0.004655799944885075,5,0.19806385836999021,0.30124544943323306,0.0028327000327408314,2,0.2167404146741933,0.1584090211564694,0.0026381000643596053
34,SNR_0db,N,New_N_035.wav,30-12-5-2,DeepONMF_H4,4,nndsvd,0.45210247934156705,2x212,0.03390939999371767,30,0.23280718360774477,0.28291615135513,0.023114799987524748,12,0.23412288101664053,0.296553803544818,0.004642700077965856,5,0.20467736481112456,0.2997214281822003,0.002796799992211163,2,0.20414220652625273,0.15778968267393312,0.0025514999870210886
35,SNR_0db,N,New_N_036.wav,30-12-5-2,DeepONMF_H4,4,nndsvd,0.4631718167166451,2x212,0.03494369995314628,30,0.23342407560998465,0.2805012666104585,0.024447500007227063,12,0.23738302941253783,0.3089052771881097,0.004605600028298795,5,0.19687055926444866,0.30376726800389453,0.002998200012370944,2,0.21130121511076067,0.1261562147181608,0.0020841999212279916
36,SNR_0db,N,New_N_037.wav,30-12-5-2,DeepONMF_H4,4,nndsvd,0.386639276837933,2x212,0.03402970009483397,30,0.1730197052878139,0.2867209215908501,0.023523799958638847,12,0.1656813164880745,0.28166481514910185,0.00459889997728169,5,0.14650289778754022,0.2844147920297021,0.0030348000582307577,2,0.17255143018485522,0.1168889185984479,0.0020631999941542745
37,SNR_0db,N,New_N_038.wav,30-12-5-2,DeepONMF_H4,4,nndsvd,0.4686702096834074,2x212,0.0349166999803856,30,0.2316052789569839,0.28487719291777913,0.024229099974036217,12,0.23381809050911154,0.2811927169204746,0.005067800055257976,5,0.20462956374170257,0.26622331069451854,0.0028101999778300524,2,0.21599164772135354,0.12265645672420902,0.0020462999818846583
38,SNR_0db,N,New_N_039.wav,30-12-5-2,DeepONMF_H4,4,nndsvd,0.4578626538525567,2x212,0.035808100015856326,30,0.23465562022883082,0.28446188716347376,0.02490409999154508,12,0.24615655112322174,0.29940714497110427,0.004987900028936565,5,0.2111549911197221,0.2736927140499951,0.0027080000145360827,2,0.21629425423310222,0.14850153710463673,0.0022013999987393618
39,SNR_0db,N,New_N_040.wav,30-12-5-2,DeepONMF_H4,4,nndsvd,0.4647894375053805,2x212,0.03531750000547618,30,0.23363019983181857,0.2818716222548691,0.02506580005865544,12,0.2408730800208211,0.2856929288329521,0.004570199991576374,5,0.19534079641342597,0.2580725763079859,0.0026462000096216798,2,0.21955311320100476,0.12466190103537811,0.001966099953278899
40,SNR_0db,N,New_N_041.wav,30-12-5-2,DeepONMF_H4,4,nndsvd,0.46036894466865336,2x212,0.03478220000397414,30,0.2316154926905653,0.2894128762615733,0.024034200003370643,12,0.22925383101599742,0.303846207606742,0.004559400025755167,5,0.1898534956914355,0.301907800463724,0.002661900012753904,2,0.16492563653889258,0.12039499556477053,0.0019787000492215157
41,SNR_0db,N,New_N_042.wav,30-12-5-2,DeepONMF_H4,4,nndsvd,0.45765488921536307,2x212,0.03538810007739812,30,0.23496197797594137,0.2840376155088026,0.025306900031864643,12,0.2356214995387751,0.29408765014965116,0.0045547999907284975,5,0.197481464113687,0.3041964197348231,0.002668099943548441,2,0.1695849342559052,0.12240369585364341,0.0019681999692693353
42,SNR_0db,N,New_N_043.wav,30-12-5-2,DeepONMF_H4,4,nndsvd,0.45102307527518387,2x212,0.03635529999155551,30,0.22681489882250755,0.28213847431997713,0.025892999954521656,12,0.22880428772363032,0.30746865021375974,0.004488100064918399,5,0.1894448848768445,0.3112783533207365,0.0026298000011593103,2,0.1599336020775703,0.11930433276623248,0.0024974000407382846
43,SNR_0db,N,New_N_044.wav,30-12-5-2,DeepONMF_H4,4,nndsvd,0.44756809580666757,2x212,0.037314699962735176,30,0.2322989205688067,0.2961116725598212,0.02497860009316355,12,0.2292957782844922,0.30233784564011307,0.004732300061732531,5,0.1843691684301828,0.31808411686079846,0.003083999967202544,2,0.15927742190925379,0.13098624946437132,0.0036217999877408147
44,SNR_0db,N,New_N_045.wav,30-12-5-2,DeepONMF_H4,4,nndsvd,0.44933898312808773,2x212,0.03601889999117702,30,0.22848031158750248,0.29393202556570186,0.02454429992940277,12,0.2334967524614557,0.314145628100759,0.005500599974766374,5,0.18610624634553102,0.307810073813252,0.0029198999982327223,2,0.15901186112661844,0.122678200697828,0.0021134999115020037
45,SNR_0db,N,New_N_046.wav,30-12-5-2,DeepONMF_H4,4,nndsvd,0.4413058124313649,2x212,0.036369799985550344,30,0.22553989545347303,0.284838901447866,0.02555350004695356,12,0.22516805702659895,0.30811719367676205,0.0047472999431192875,5,0.19089435722140993,0.3324644481536007,0.002734699985012412,2,0.17177948577840643,0.13329050152254635,0.002024599933065474
46,SNR_0db,N,New_N_047.wav,30-12-5-2,DeepONMF_H4,4,nndsvd,0.4433283716976638,2x212,0.03606359998229891,30,0.22840121614654202,0.29158098625267287,0.025382200023159385,12,0.22578963288944628,0.3081932022775492,0.004626399953849614,5,0.19225582767694857,0.32225012098833544,0.002697100047953427,2,0.17042095911443603,0.13631867712844997,0.0020008001010864973
47,SNR_0db,N,New_N_048.wav,30-12-5-2,DeepONMF_H4,4,nndsvd,0.4415230969147065,2x212,0.03695570002309978,30,0.22820366746316223,0.288444302447876,0.0263177000451833,12,0.22436722631453782,0.3103578898890178,0.004592600045725703,5,0.19104616839131192,0.3269153947401948,0.0026433999883010983,2,0.16285815029185413,0.12318920346120633,0.0019851999823004007
48,SNR_0db,N,New_N_049.wav,30-12-5-2,DeepONMF_H4,4,nndsvd,0.4514168495038056,2x212,0.03799760004039854,30,0.23077059837068803,0.284041594784073,0.026110899983905256,12,0.2306613523159279,0.3194171726030913,0.005077600013464689,5,0.19295406777528043,0.30876816314449884,0.003684900002554059,2,0.16596345736210058,0.12047259628498373,0.002162699936889112
49,SNR_0db,N,New_N_050.wav,30-12-5-2,DeepONMF_H4,4,nndsvd,0.4544714896314812,2x212,0.03621499997097999,30,0.22987335175305545,0.2824646752140384,0.025031500030308962,12,0.22888364489405938,0.2965516495228757,0.005292700021527708,5,0.19692207532867648,0.3088884672706196,0.0028147000120952725,2,0.1667697678707759,0.12339688170718618,0.0020448999712243676
50,SNR_0db,N,New_N_051.wav,30-12-5-2,DeepONMF_H4,4,nndsvd,0.4471844533282291,2x212,0.036800700007006526,30,0.22804466692783285,0.2822520814433144,0.025431400048546493,12,0.22312795422147091,0.30268329415744677,0.005328300059773028,5,0.19172219534879278,0.32241687568460214,0.002750999992713332,2,0.16494167557901473,0.12492585575752851,0.002024599933065474
51,SNR_0db,N,New_N_052.wav,30-12-5-2,DeepONMF_H4,4,nndsvd,0.44538010275541734,2x212,0.036530899931676686,30,0.22998300160368834,0.2946835095388805,0.025589399971067905,12,0.23190255275568072,0.30907107056964656,0.004534300067462027,5,0.19206742848458072,0.3183050697828952,0.0026569999754428864,2,0.16729430276998444,0.1275181718985594,0.0019778000423684716
52,SNR_0db,N,New_N_053.wav,30-12-5-2,DeepONMF_H4,4,nndsvd,0.44826713325485606,2x212,0.03850729996338487,30,0.2327579911806928,0.28250639000696004,0.02647670009173453,12,0.23574495086009453,0.3028852115951225,0.004902899963781238,5,0.18900422528509497,0.31281769615633415,0.00306410004850477,2,0.1586069089049058,0.11492246416874047,0.0031991000287234783
53,SNR_0db,N,New_N_054.wav,30-12-5-2,DeepONMF_H4,4,nndsvd,0.44923498035417725,2x212,0.04028820001985878,30,0.23060667394198014,0.28680241244554455,0.02834329998586327,12,0.2267415130427797,0.3007607212061158,0.005757200066000223,5,0.1928990812347794,0.32636516134118654,0.003065599943511188,2,0.1637148779803485,0.12203831657216464,0.0022483000066131353
54,SNR_0db,N,New_N_055.wav,30-12-5-2,DeepONMF_H4,4,nndsvd,0.45086093312950404,2x212,0.03856640006415546,30,0.23276613693366,0.2831153676894266,0.028023499995470047,12,0.22806979644337713,0.3061406361095072,0.0047929000575095415,5,0.18886519200528973,0.3357868052440154,0.002836200059391558,2,0.15949794275531315,0.10878185968982965,0.0020497998921200633
55,SNR_0db,N,New_N_056.wav,30-12-5-2,DeepONMF_H4,4,nndsvd,0.4471182361396961,2x212,0.03705020004417747,30,0.22928160366176306,0.2873010582575206,0.026169799966737628,12,0.2240755574912835,0.29364899687672813,0.004646799992769957,5,0.19951654044764,0.3142228855681158,0.0026871999725699425,2,0.1693645414157675,0.13028290440915247,0.0023461999371647835
56,SNR_0db,N,New_N_057.wav,30-12-5-2,DeepONMF_H4,4,nndsvd,0.43670765493681324,2x212,0.03544859995599836,30,0.22709099198627403,0.2856990146632027,0.02448510006070137,12,0.22409291357812405,0.3032182477848119,0.004581599961966276,5,0.1831098113038169,0.3225790731986343,0.0031419999431818724,2,0.16066934143429482,0.11115943749820156,0.0022864999482408166
57,SNR_0db,N,New_N_058.wav,30-12-5-2,DeepONMF_H4,4,nndsvd,0.4430890396967662,2x212,0.035131199983879924,30,0.23088582859759238,0.2825143730664414,0.024310900014825165,12,0.22615209089853597,0.29745345862049977,0.00511620007455349,5,0.19133819451293388,0.3352602079520822,0.0028330000350251794,2,0.1670767492317077,0.13525852532015084,0.0020671000238507986
58,SNR_0db,N,New_N_059.wav,30-12-5-2,DeepONMF_H4,4,nndsvd,0.44506656726395855,2x212,0.03553269989788532,30,0.2282086077360678,0.2826510961472247,0.024211999960243702,12,0.23195382950872853,0.3104995741122225,0.005492200027219951,5,0.19803711877188382,0.3343168450658888,0.002746600075624883,2,0.1714723900629155,0.11870356836501528,0.0020210000220686197
59,SNR_0db,N,New_N_060.wav,30-12-5-2,DeepONMF_H4,4,nndsvd,0.4517419270278011,2x212,0.0375247000483796,30,0.2288394665456693,0.2848715535196929,0.026983999996446073,12,0.22940435556185945,0.3009146483060581,0.004594199941493571,5,0.19271797432337387,0.32550666949476814,0.0026533000636845827,2,0.17797707236956622,0.1305649811141294,0.001986499992199242
60,SNR_0db,N,New_N_061.wav,30-12-5-2,DeepONMF_H4,4,nndsvd,0.4474713216066534,2x212,0.03839120001066476,30,0.22889429236395348,0.28397991309169945,0.027756900060921907,12,0.22965052135784772,0.29321453219228844,0.004549399949610233,5,0.1952160064325293,0.3311293638364089,0.0026491000317037106,2,0.16742613809407192,0.1229761023785848,0.0025264000287279487
61,SNR_0db,N,New_N_062.wav,30-12-5-2,DeepONMF_H4,4,nndsvd,0.4517382592114748,2x212,0.03594899992458522,30,0.22992305106967542,0.2881432791630136,0.024928999948315322,12,0.2277765693723892,0.3028986714540687,0.0044787999941036105,5,0.1975045606940418,0.3319898497597487,0.003091600025072694,2,0.16560606425445482,0.12259109485940517,0.002469100058078766
62,SNR_0db,N,New_N_063.wav,30-12-5-2,DeepONMF_H4,4,nndsvd,0.43940251495974175,2x212,0.035300099989399314,30,0.22790578300656228,0.29028200663032805,0.024325599893927574,12,0.2257451232072382,0.2959430343533881,0.004980899975635111,5,0.19169405227859695,0.3075604967672474,0.00300759996753186,2,0.16935342878876503,0.12423325469402523,0.0021386999869719148
63,SNR_0db,N,New_N_064.wav,30-12-5-2,DeepONMF_H4,4,nndsvd,0.4475761205286905,2x212,0.036136999959126115,30,0.2282029155746993,0.28318783910285933,0.025402499944902956,12,0.22553833776130924,0.29772261631464153,0.00526389991864562,5,0.19506128071164255,0.3111835030966701,0.0027353999903425574,2,0.17288759591400066,0.11649683678523069,0.0020074000349268317
64,SNR_0db,N,New_N_065.wav,30-12-5-2,DeepONMF_H4,4,nndsvd,0.4464838328273143,2x212,0.03531230008229613,30,0.2255091922233208,0.287666152465227,0.024399999994784594,12,0.22827100222779537,0.30309182609437885,0.004867399926297367,5,0.18168381433176398,0.31048384694409564,0.002750599989667535,2,0.15498461975416303,0.11572236401242877,0.002026899950578809
65,SNR_0db,N,New_N_066.wav,30-12-5-2,DeepONMF_H4,4,nndsvd,0.44721326971914876,2x212,0.03720909997355193,30,0.2273522448901565,0.2885261586583788,0.026697999914176762,12,0.23005184604215495,0.3071749041989212,0.004567099967971444,5,0.19052258351421447,0.3098336100083288,0.0026310000102967024,2,0.16743256088722494,0.11414602889315734,0.0019745000172406435
66,SNR_0db,N,New_N_067.wav,30-12-5-2,DeepONMF_H4,4,nndsvd,0.43491413529857603,2x212,0.03714080003555864,30,0.22794921902255705,0.29091162736421006,0.026253500021994114,12,0.22724204431219083,0.31032508418786714,0.004667000030167401,5,0.19184180770786116,0.318483418143144,0.0030686999671161175,2,0.16427494313293964,0.13034049491961114,0.002313300035893917
67,SNR_0db,N,New_N_068.wav,30-12-5-2,DeepONMF_H4,4,nndsvd,0.4520846664179123,2x212,0.03484610002487898,30,0.23216890710591717,0.28991236845085977,0.02403060009237379,12,0.23472675065948245,0.30267371292606104,0.0046983000356704,5,0.19340038480222885,0.327100142994729,0.002906500012613833,2,0.16458869787822983,0.12512136021431505,0.0021627999376505613
68,SNR_0db,N,New_N_069.wav,30-12-5-2,DeepONMF_H4,4,nndsvd,0.45763593930179636,2x212,0.03574640001170337,30,0.23057013810165777,0.28731571350994817,0.025303800008259714,12,0.22867300705986132,0.2950799371792925,0.0047197999665513635,5,0.19636403578117614,0.3180054802912419,0.0027667999966070056,2,0.1728910906024029,0.14444514946040488,0.0020315999863669276
69,SNR_0db,N,New_N_070.wav,30-12-5-2,DeepONMF_H4,4,nndsvd,0.4581047541169215,2x212,0.03463000000920147,30,0.23136058555444367,0.3038632872688379,0.0238538000266999,12,0.23515718371094727,0.3259081118912638,0.005000000004656613,5,0.196982363477696,0.3232190330355749,0.0027927999617531896,2,0.1936677068402418,0.15161910718434057,0.0020516999065876007
70,SNR_0db,N,New_N_071.wav,30-12-5-2,DeepONMF_H4,4,nndsvd,0.44282997528617396,2x212,0.035172399948351085,30,0.2301280272151262,0.2888593127555971,0.0241113998927176,12,0.23076312214370212,0.31187652496868773,0.005203299922868609,5,0.1930517618221514,0.3380584574625427,0.0028172999154776335,2,0.16994325221201106,0.13878335049442247,0.0020683000329881907
71,SNR_0db,N,New_N_072.wav,30-12-5-2,DeepONMF_H4,4,nndsvd,0.43994899558318895,2x212,0.03648280003108084,30,0.2330619343036588,0.2833596633038578,0.02541570004541427,12,0.23516749173394377,0.3100924769499088,0.004821599926799536,5,0.19924059308387368,0.3509243274364326,0.002798600005917251,2,0.17817755797504334,0.16851479844702555,0.002046199981123209
72,SNR_0db,N,New_N_073.wav,30-12-5-2,DeepONMF_H4,4,nndsvd,0.45587315680913526,2x212,0.03540479997172952,30,0.23119333458282423,0.2912591463570309,0.025018899934366345,12,0.2341718668654162,0.3058499623775508,0.004669500049203634,5,0.19272206121772992,0.33793748791410483,0.0027247000252828,2,0.16757558416185167,0.12896452298236905,0.002015199977904558
73,SNR_0db,N,New_N_074.wav,30-12-5-2,DeepONMF_H4,4,nndsvd,0.45040742702150777,2x212,0.03666250000242144,30,0.23301901816930287,0.2885389270736056,0.025718900025822222,12,0.22935313678306887,0.3021734064302069,0.004555199993774295,5,0.19425341949035835,0.3170669575111701,0.002670799964107573,2,0.16527219537402538,0.1383035893362392,0.0022224999265745282
74,SNR_0db,N,New_N_075.wav,30-12-5-2,DeepONMF_H4,4,nndsvd,0.4565955757887558,2x212,0.03603990003466606,30,0.23030980260814934,0.2812610921276822,0.025244000018574297,12,0.23609623452551887,0.29872702565650344,0.004696600022725761,5,0.19871538695805746,0.31221733861591966,0.0030901000136509538,2,0.1846369305471189,0.1452105933178755,0.0021781999384984374
75,SNR_0db,N,New_N_076.wav,30-12-5-2,DeepONMF_H4,4,nndsvd,0.4520958701066028,2x212,0.033757400000467896,30,0.2313231421188602,0.2772416273539062,0.023219000082463026,12,0.22989888811909856,0.30311935057866407,0.004608699935488403,5,0.19569362591676248,0.31049470086461767,0.002948799985460937,2,0.18609801326836123,0.15295126778339985,0.002097700024023652
76,SNR_0db,N,New_N_077.wav,30-12-5-2,DeepONMF_H4,4,nndsvd,0.4462104687149979,2x212,0.035360599984414876,30,0.23242781639690852,0.28921445416564673,0.024387499899603426,12,0.23328649857936812,0.3037391621726161,0.004857499967329204,5,0.1971210078073389,0.3208065569202526,0.003213500021956861,2,0.1692861450139908,0.1385583940165982,0.0020876999478787184
77,SNR_0db,N,New_N_078.wav,30-12-5-2,DeepONMF_H4,4,nndsvd,0.445738153857259,2x212,0.0357736999867484,30,0.23513345474861122,0.28289455211653086,0.024587799911387265,12,0.23975782908177895,0.2723085764742412,0.005384799907915294,5,0.1953244677832644,0.3047349011434049,0.002876100013963878,2,0.1790764457781489,0.15083094154748888,0.002104699960909784
78,SNR_0db,N,New_N_079.wav,30-12-5-2,DeepONMF_H4,4,nndsvd,0.4423326415109365,2x212,0.03535300004296005,30,0.2286299000457052,0.2887123945416452,0.02458290010690689,12,0.23141102630839508,0.29492779934687025,0.004770600004121661,5,0.20145892568183804,0.3055922181477018,0.0027486999751999974,2,0.1735350543108887,0.13884150511720927,0.0020385999232530594
79,SNR_0db,N,New_N_080.wav,30-12-5-2,DeepONMF_H4,4,nndsvd,0.4484818341065502,2x212,0.035629200050607324,30,0.23231194007857783,0.2820327076607384,0.025196500006131828,12,0.23271721621975497,0.28890811184290466,0.004517099936492741,5,0.19940692135212462,0.33254705395682876,0.00264920003246516,2,0.17813173723819117,0.15108436977465262,0.002234900020994246
80,SNR_0db,N,New_N_081.wav,30-12-5-2,DeepONMF_H4,4,nndsvd,0.45059814756223493,2x212,0.036390300025232136,30,0.2301130922974489,0.2887395374123111,0.025904800044372678,12,0.23487849467069094,0.3136303872164121,0.004594400059431791,5,0.1981696050161946,0.3148577776230882,0.0026710000820457935,2,0.1840518064252936,0.15632953277848058,0.00198529998306185
81,SNR_0db,N,New_N_082.wav,30-12-5-2,DeepONMF_H4,4,nndsvd,0.456289704495352,2x212,0.03497719997540116,30,0.22898413003289322,0.2926163417074538,0.024374900036491454,12,0.23275155307063472,0.3032712497780503,0.0045418000081554055,5,0.1930214796492294,0.32660306695992886,0.0026498999213799834,2,0.17687293940368848,0.14212635130755394,0.0023161000572144985
82,SNR_0db,N,New_N_083.wav,30-12-5-2,DeepONMF_H4,4,nndsvd,0.4541340157534267,2x212,0.04001050000078976,30,0.22994982818974685,0.2841130424949334,0.028059500036761165,12,0.23610372648115238,0.30323566297748156,0.005712900077924132,5,0.1946798428670996,0.30630066956140595,0.0031033999985083938,2,0.19214905235336055,0.16374445584919628,0.002271300065331161
83,SNR_0db,N,New_N_084.wav,30-12-5-2,DeepONMF_H4,4,nndsvd,0.4512151086245845,2x212,0.0393304000608623,30,0.23268780762177668,0.29656820334722384,0.028589299996383488,12,0.23345490064245494,0.3066445453435985,0.004904000088572502,5,0.19402110374257886,0.3257119333505301,0.0027721000369638205,2,0.17409239816921002,0.14186782500963008,0.002065700013190508
84,SNR_0db,N,New_N_085.wav,30-12-5-2,DeepONMF_H4,4,nndsvd,0.44935600386052577,2x212,0.03839549992699176,30,0.22992265190174438,0.281601778270564,0.02773410000372678,12,0.23176116693974058,0.30490725560345733,0.004587699891999364,5,0.19195710991034146,0.33007109567967746,0.0026430999860167503,2,0.17042586949489796,0.1294514403651922,0.0024085999466478825
85,SNR_0db,N,New_N_086.wav,30-12-5-2,DeepONMF_H4,4,nndsvd,0.4527112103377384,2x212,0.03696289996150881,30,0.22979810736874778,0.2945366749214363,0.02534900000318885,12,0.2309460983106578,0.30078066687082916,0.004983299993909895,5,0.19615626489271515,0.30443522947323115,0.0036499000852927566,2,0.1861035024799356,0.14762097879724106,0.002063699997961521
86,SNR_0db,N,New_N_087.wav,30-12-5-2,DeepONMF_H4,4,nndsvd,0.45317250035552414,2x212,0.03598209994379431,30,0.2329131016974041,0.28956565768944537,0.024160999921150506,12,0.2307428977255798,0.2845930129411996,0.005896700080484152,5,0.1940687168876123,0.32149300761576133,0.0027522000018507242,2,0.17585468709963212,0.1522405776033863,0.0020317999878898263
87,SNR_0db,N,New_N_088.wav,30-12-5-2,DeepONMF_H4,4,nndsvd,0.4522070932524902,2x212,0.03575290006119758,30,0.23273499236257028,0.2840373933807372,0.025217499933205545,12,0.2289951953324432,0.29711646150251897,0.004649299895390868,5,0.20037532258290291,0.2913600778384883,0.0026810000417754054,2,0.1811649133887101,0.14269558605289576,0.001981200068257749
88,SNR_0db,N,New_N_089.wav,30-12-5-2,DeepONMF_H4,4,nndsvd,0.4529218123980629,2x212,0.03507580002769828,30,0.2299541589806462,0.28923880167448385,0.02464930003043264,12,0.22970956906668724,0.29659613689862324,0.004593299934640527,5,0.19599805817474555,0.3015571541513281,0.00264770002104342,2,0.17982716209786695,0.14124252215291877,0.0019768000347539783
89,SNR_0db,N,New_N_090.wav,30-12-5-2,DeepONMF_H4,4,nndsvd,0.4414136696220693,2x212,0.03510690003167838,30,0.23232387094308576,0.2866504663152907,0.02495330001693219,12,0.2311232565813813,0.2963295313090031,0.004543500021100044,5,0.19944527217224448,0.3484928797595409,0.002660099999047816,2,0.1842481730905181,0.15946782783957647,0.0019633000483736396
90,SNR_0db,N,New_N_091.wav,30-12-5-2,DeepONMF_H4,4,nndsvd,0.44917772296076613,2x212,0.03678339999169111,30,0.22801796179314868,0.28195906738357435,0.02609870000742376,12,0.23642379624137821,0.2956341866218875,0.004546999931335449,5,0.1933250031286059,0.3332192788689311,0.002739100018516183,2,0.17162135703619652,0.14745549757029996,0.002232200000435114
91,SNR_0db,N,New_N_092.wav,30-12-5-2,DeepONMF_H4,4,nndsvd,0.456995690368307,2x212,0.03560880001168698,30,0.2328740296756168,0.2858990963638153,0.02475040010176599,12,0.23344306781195118,0.30624282620337284,0.004760099924169481,5,0.1936940523714257,0.31416818280235426,0.003071799990721047,2,0.1728465020921216,0.14391429152149404,0.0021844999864697456
92,SNR_0db,N,New_N_093.wav,30-12-5-2,DeepONMF_H4,4,nndsvd,0.44424764623148955,2x212,0.0354069999884814,30,0.2285933960362261,0.2884910452258409,0.02477679995354265,12,0.23021386529201202,0.3054510246796338,0.004741900018416345,5,0.19708059683189144,0.34286817371270545,0.0029733999399468303,2,0.17589305635600874,0.14555161857724092,0.0020933999912813306
93,SNR_0db,N,New_N_094.wav,30-12-5-2,DeepONMF_H4,4,nndsvd,0.45480803120176805,2x212,0.034694200032390654,30,0.23249350045872808,0.28290910769351296,0.023854399914853275,12,0.23625190102663673,0.30585326877718744,0.0050382999470457435,5,0.19996277502381937,0.333180158075579,0.0028427999932318926,2,0.1803490471044632,0.14770271135481705,0.0020710000535473228
94,SNR_0db,N,New_N_095.wav,30-12-5-2,DeepONMF_H4,4,nndsvd,0.4492396830067754,2x212,0.03647900000214577,30,0.23329568174642426,0.2806048209383179,0.02506290003657341,12,0.23346628648181741,0.2992045116330169,0.005400900030508637,5,0.19477846241359809,0.3294128346782741,0.002747099963016808,2,0.17046281156820048,0.14118962339574073,0.0020027999999001622
95,SNR_0db,N,New_N_096.wav,30-12-5-2,DeepONMF_H4,4,nndsvd,0.4523549665923767,2x212,0.03490659990347922,30,0.23038712163926434,0.28882144021335654,0.02426410000771284,12,0.23314779811761266,0.3039068240921426,0.0047206999734044075,5,0.19663128204282407,0.3116500184398569,0.0026960999239236116,2,0.1807410404880563,0.14828251847223078,0.0020700000459328294
96,SNR_0db,N,New_N_097.wav,30-12-5-2,DeepONMF_H4,4,nndsvd,0.44422664544961854,2x212,0.03528340009506792,30,0.22852343866994135,0.2919191715678517,0.024607499944977462,12,0.22704060464679354,0.3158919489778845,0.004761200048960745,5,0.19032490538200467,0.3260470372621813,0.002732900087721646,2,0.17143863930105174,0.13588746718491637,0.0020318999886512756
97,SNR_0db,N,New_N_098.wav,30-12-5-2,DeepONMF_H4,4,nndsvd,0.45188770144189233,2x212,0.03472110000438988,30,0.23331319137576506,0.2925907281614583,0.02436919999308884,12,0.23513542785999555,0.3119619904598508,0.0045168999349698424,5,0.2005086576710057,0.3226725169281611,0.0026421999791637063,2,0.18313804230102973,0.13111589586837571,0.0019638999365270138
98,SNR_0db,N,New_N_099.wav,30-12-5-2,DeepONMF_H4,4,nndsvd,0.4503237338487543,2x212,0.035903200041502714,30,0.22767253946171598,0.2865339810571028,0.02549239993095398,12,0.22718101191549803,0.3103123805822099,0.004502400057390332,5,0.19512524440885592,0.3228487481974757,0.002639999962411821,2,0.1703848427518219,0.11524083322061168,0.0023074999917298555
99,SNR_0db,N,New_N_100.wav,30-12-5-2,DeepONMF_H4,4,nndsvd,0.4573138051245274,2x212,0.03483120002783835,30,0.23460115239700624,0.28349534092273077,0.024520899984054267,12,0.23360235913265842,0.288850768584615,0.004520599963143468,5,0.19414408673917766,0.3068782831792765,0.002790899947285652,2,0.17017380104884916,0.12357092815482133,0.0022556999465450644
100,SNR_0db,N,New_N_101.wav,30-12-5-2,DeepONMF_H4,4,nndsvd,0.4420025050653543,2x212,0.03502069995738566,30,0.22780694537059304,0.28735245941664345,0.024276599986478686,12,0.22499113076087318,0.3077782337660853,0.0045785000547766685,5,0.19264562436020988,0.3365839352737804,0.0032137000234797597,2,0.16749350154691342,0.1311921557558896,0.002155099995434284
101,SNR_0db,N,New_N_102.wav,30-12-5-2,DeepONMF_H4,4,nndsvd,0.4487613230260747,2x212,0.034665900049731135,30,0.22992954755412143,0.2842278346286581,0.02387599996291101,12,0.23038351300484589,0.30960779360333296,0.005228699999861419,5,0.19356885994461154,0.3312192346232333,0.002755100023932755,2,0.1666424533416511,0.14123826890043373,0.0020038000075146556
102,SNR_0db,N,New_N_103.wav,30-12-5-2,DeepONMF_H4,4,nndsvd,0.45107057651207655,2x212,0.0356175999622792,30,0.22482693218999136,0.28323877330677455,0.024797099991701543,12,0.22826054752680391,0.2996523488324578,0.005054800072684884,5,0.19273507468702727,0.31020257614835645,0.0027392000192776322,2,0.1726469611676892,0.13333657685529093,0.001993799931369722
103,SNR_0db,N,New_N_104.wav,30-12-5-2,DeepONMF_H4,4,nndsvd,0.4455660759880309,2x212,0.035689900047145784,30,0.22907180595890544,0.2857627371362649,0.024752800003625453,12,0.2279643237930516,0.3044115654971131,0.0049501999747008085,5,0.19545000391847522,0.3364573563861605,0.002699799952097237,2,0.16209908485057561,0.11682651892805956,0.002002199995331466
104,SNR_0db,N,New_N_105.wav,30-12-5-2,DeepONMF_H4,4,nndsvd,0.45532297942078925,2x212,0.03652169997803867,30,0.23147799765983781,0.28409004166269197,0.026102200034074485,12,0.23063349338254388,0.29417698482391375,0.004531800048425794,5,0.1964569092574484,0.32073807836104123,0.0026393000734969974,2,0.17326003603933393,0.13283585694497277,0.0019687999738380313
105,SNR_0db,N,New_N_106.wav,30-12-5-2,DeepONMF_H4,4,nndsvd,0.45133743773568924,2x212,0.03837469988502562,30,0.22944286685983784,0.2798987550453966,0.02764059999026358,12,0.23174740489802273,0.29922065406996246,0.0045044999569654465,5,0.19240550867577583,0.3100266283178406,0.002601199899800122,2,0.15959764762209436,0.11792066791729035,0.0027154000708833337
106,SNR_0db,N,New_N_107.wav,30-12-5-2,DeepONMF_H4,4,nndsvd,0.44982180774430663,2x212,0.03531870001461357,30,0.23113619468270585,0.2876201334226294,0.024277400108985603,12,0.2354687775560812,0.29329335015267544,0.004598399973474443,5,0.19805531708397717,0.3154225518464172,0.0032292999094352126,2,0.16430153735752143,0.12726661577370235,0.00230959989130497
107,SNR_0db,N,New_N_108.wav,30-12-5-2,DeepONMF_H4,4,nndsvd,0.4574354789707378,2x212,0.03517279995139688,30,0.23352379101559928,0.2868141643244596,0.024064500001259148,12,0.23403647708036998,0.29701133954383185,0.004825999960303307,5,0.19331062075784036,0.3114538588474465,0.0031451000832021236,2,0.16767741788522503,0.13338929415702933,0.002110100002028048
108,SNR_0db,N,New_N_109.wav,30-12-5-2,DeepONMF_H4,4,nndsvd,0.4437796094966977,2x212,0.03530099999625236,30,0.2250234892191395,0.2853814883263727,0.02435599989257753,12,0.22501901400758378,0.29990667900118617,0.005139400018379092,5,0.186808343888069,0.30479674169163845,0.0027791999746114016,2,0.15503773472121646,0.12257644843150309,0.0020314999856054783
109,SNR_0db,N,New_N_110.wav,30-12-5-2,DeepONMF_H4,4,nndsvd,0.44267989413845316,2x212,0.03427529998589307,30,0.23275975729409387,0.2940268792649026,0.023540099966339767,12,0.2285567653608712,0.30895686688082724,0.005000700009986758,5,0.1922243999808232,0.31125340875488927,0.0027166999643668532,2,0.16352755191972604,0.12630428541013972,0.0020183000015094876
110,SNR_0db,N,New_N_111.wav,30-12-5-2,DeepONMF_H4,4,nndsvd,0.45457777977578984,2x212,0.03490199998486787,30,0.2302246305761925,0.28713842545359447,0.02358259994070977,12,0.22436738133242703,0.2889060787880004,0.005233200034126639,5,0.18756025322536393,0.30743465715445134,0.002704600105062127,2,0.16655159193570798,0.11669549239170607,0.0019846000941470265
