clase,etiqueta_binaria,archivo,ruta,fold,pred_multiclase
N,normal,New_N_002.wav,C:\Users\armga\OneDrive\Escritorio\TFG\Ultima implementacio Juan\ULTIMA\datasets_ruidosos\SNR_0db\N_New_3주기\New_N_002.wav,1,N
N,normal,New_N_003.wav,C:\Users\armga\OneDrive\Escritorio\TFG\Ultima implementacio Juan\ULTIMA\datasets_ruidosos\SNR_0db\N_New_3주기\New_N_003.wav,1,N
N,normal,New_N_022.wav,C:\Users\armga\OneDrive\Escritorio\TFG\Ultima implementacio Juan\ULTIMA\datasets_ruidosos\SNR_0db\N_New_3주기\New_N_022.wav,1,N
N,normal,New_N_031.wav,C:\Users\armga\OneDrive\Escritorio\TFG\Ultima implementacio Juan\ULTIMA\datasets_ruidosos\SNR_0db\N_New_3주기\New_N_031.wav,1,N
N,normal,New_N_032.wav,C:\Users\armga\OneDrive\Escritorio\TFG\Ultima implementacio Juan\ULTIMA\datasets_ruidosos\SNR_0db\N_New_3주기\New_N_032.wav,1,N
N,normal,New_N_043.wav,C:\Users\armga\OneDrive\Escritorio\TFG\Ultima implementacio Juan\ULTIMA\datasets_ruidosos\SNR_0db\N_New_3주기\New_N_043.wav,1,MVP
N,normal,New_N_044.wav,C:\Users\armga\OneDrive\Escritorio\TFG\Ultima implementacio Juan\ULTIMA\datasets_ruidosos\SNR_0db\N_New_3주기\New_N_044.wav,1,N
N,normal,New_N_047.wav,C:\Users\armga\OneDrive\Escritorio\TFG\Ultima implementacio Juan\ULTIMA\datasets_ruidosos\SNR_0db\N_New_3주기\New_N_047.wav,1,N
N,normal,New_N_048.wav,C:\Users\armga\OneDrive\Escritorio\TFG\Ultima implementacio Juan\ULTIMA\datasets_ruidosos\SNR_0db\N_New_3주기\New_N_048.wav,1,N
N,normal,New_N_053.wav,C:\Users\armga\OneDrive\Escritorio\TFG\Ultima implementacio Juan\ULTIMA\datasets_ruidosos\SNR_0db\N_New_3주기\New_N_053.wav,1,N
N,normal,New_N_063.wav,C:\Users\armga\OneDrive\Escritorio\TFG\Ultima implementacio Juan\ULTIMA\datasets_ruidosos\SNR_0db\N_New_3주기\New_N_063.wav,1,N
N,normal,New_N_064.wav,C:\Users\armga\OneDrive\Escritorio\TFG\Ultima implementacio Juan\ULTIMA\datasets_ruidosos\SNR_0db\N_New_3주기\New_N_064.wav,1,N
N,normal,New_N_065.wav,C:\Users\armga\OneDrive\Escritorio\TFG\Ultima implementacio Juan\ULTIMA\datasets_ruidosos\SNR_0db\N_New_3주기\New_N_065.wav,1,N
N,normal,New_N_077.wav,C:\Users\armga\OneDrive\Escritorio\TFG\Ultima implementacio Juan\ULTIMA\datasets_ruidosos\SNR_0db\N_New_3주기\New_N_077.wav,1,N
N,normal,New_N_081.wav,C:\Users\armga\OneDrive\Escritorio\TFG\Ultima implementacio Juan\ULTIMA\datasets_ruidosos\SNR_0db\N_New_3주기\New_N_081.wav,1,N
N,normal,New_N_088.wav,C:\Users\armga\OneDrive\Escritorio\TFG\Ultima implementacio Juan\ULTIMA\datasets_ruidosos\SNR_0db\N_New_3주기\New_N_088.wav,1,N
N,normal,New_N_091.wav,C:\Users\armga\OneDrive\Escritorio\TFG\Ultima implementacio Juan\ULTIMA\datasets_ruidosos\SNR_0db\N_New_3주기\New_N_091.wav,1,MVP
N,normal,New_N_094.wav,C:\Users\armga\OneDrive\Escritorio\TFG\Ultima implementacio Juan\ULTIMA\datasets_ruidosos\SNR_0db\N_New_3주기\New_N_094.wav,1,N
N,normal,New_N_095.wav,C:\Users\armga\OneDrive\Escritorio\TFG\Ultima implementacio Juan\ULTIMA\datasets_ruidosos\SNR_0db\N_New_3주기\New_N_095.wav,1,MVP
N,normal,New_N_098.wav,C:\Users\armga\OneDrive\Escritorio\TFG\Ultima implementacio Juan\ULTIMA\datasets_ruidosos\SNR_0db\N_New_3주기\New_N_098.wav,1,N
N,normal,New_N_099.wav,C:\Users\armga\OneDrive\Escritorio\TFG\Ultima implementacio Juan\ULTIMA\datasets_ruidosos\SNR_0db\N_New_3주기\New_N_099.wav,1,N
N,normal,New_N_101.wav,C:\Users\armga\OneDrive\Escritorio\TFG\Ultima implementacio Juan\ULTIMA\datasets_ruidosos\SNR_0db\N_New_3주기\New_N_101.wav,1,N
N,normal,New_N_102.wav,C:\Users\armga\OneDrive\Escritorio\TFG\Ultima implementacio Juan\ULTIMA\datasets_ruidosos\SNR_0db\N_New_3주기\New_N_102.wav,1,N
N,normal,New_N_107.wav,C:\Users\armga\OneDrive\Escritorio\TFG\Ultima implementacio Juan\ULTIMA\datasets_ruidosos\SNR_0db\N_New_3주기\New_N_107.wav,1,N
N,normal,New_N_112.wav,C:\Users\armga\OneDrive\Escritorio\TFG\Ultima implementacio Juan\ULTIMA\datasets_ruidosos\SNR_0db\N_New_3주기\New_N_112.wav,1,MVP
N,normal,New_N_120.wav,C:\Users\armga\OneDrive\Escritorio\TFG\Ultima implementacio Juan\ULTIMA\datasets_ruidosos\SNR_0db\N_New_3주기\New_N_120.wav,1,N
N,normal,New_N_125.wav,C:\Users\armga\OneDrive\Escritorio\TFG\Ultima implementacio Juan\ULTIMA\datasets_ruidosos\SNR_0db\N_New_3주기\New_N_125.wav,1,N
N,normal,New_N_126.wav,C:\Users\armga\OneDrive\Escritorio\TFG\Ultima implementacio Juan\ULTIMA\datasets_ruidosos\SNR_0db\N_New_3주기\New_N_126.wav,1,N
N,normal,New_N_130.wav,C:\Users\armga\OneDrive\Escritorio\TFG\Ultima implementacio Juan\ULTIMA\datasets_ruidosos\SNR_0db\N_New_3주기\New_N_130.wav,1,N
N,normal,New_N_137.wav,C:\Users\armga\OneDrive\Escritorio\TFG\Ultima implementacio Juan\ULTIMA\datasets_ruidosos\SNR_0db\N_New_3주기\New_N_137.wav,1,N
N,normal,New_N_146.wav,C:\Users\armga\OneDrive\Escritorio\TFG\Ultima implementacio Juan\ULTIMA\datasets_ruidosos\SNR_0db\N_New_3주기\New_N_146.wav,1,N
N,normal,New_N_147.wav,C:\Users\armga\OneDrive\Escritorio\TFG\Ultima implementacio Juan\ULTIMA\datasets_ruidosos\SNR_0db\N_New_3주기\New_N_147.wav,1,N
N,normal,New_N_154.wav,C:\Users\armga\OneDrive\Escritorio\TFG\Ultima implementacio Juan\ULTIMA\datasets_ruidosos\SNR_0db\N_New_3주기\New_N_154.wav,1,N
N,normal,New_N_155.wav,C:\Users\armga\OneDrive\Escritorio\TFG\Ultima implementacio Juan\ULTIMA\datasets_ruidosos\SNR_0db\N_New_3주기\New_N_155.wav,1,N
N,normal,New_N_159.wav,C:\Users\armga\OneDrive\Escritorio\TFG\Ultima implementacio Juan\ULTIMA\datasets_ruidosos\SNR_0db\N_New_3주기\New_N_159.wav,1,N
N,normal,New_N_173.wav,C:\Users\armga\OneDrive\Escritorio\TFG\Ultima implementacio Juan\ULTIMA\datasets_ruidosos\SNR_0db\N_New_3주기\New_N_173.wav,1,N
N,normal,New_N_178.wav,C:\Users\armga\OneDrive\Escritorio\TFG\Ultima implementacio Juan\ULTIMA\datasets_ruidosos\SNR_0db\N_New_3주기\New_N_178.wav,1,N
N,normal,New_N_181.wav,C:\Users\armga\OneDrive\Escritorio\TFG\Ultima implementacio Juan\ULTIMA\datasets_ruidosos\SNR_0db\N_New_3주기\New_N_181.wav,1,N
N,normal,New_N_193.wav,C:\Users\armga\OneDrive\Escritorio\TFG\Ultima implementacio Juan\ULTIMA\datasets_ruidosos\SNR_0db\N_New_3주기\New_N_193.wav,1,N
N,normal,New_N_197.wav,C:\Users\armga\OneDrive\Escritorio\TFG\Ultima implementacio Juan\ULTIMA\datasets_ruidosos\SNR_0db\N_New_3주기\New_N_197.wav,1,N
AS,anomalo,New_AS_002.wav,C:\Users\armga\OneDrive\Escritorio\TFG\Ultima implementacio Juan\ULTIMA\datasets_ruidosos\SNR_0db\AS_New_3주기\New_AS_002.wav,1,AS
AS,anomalo,New_AS_013.wav,C:\Users\armga\OneDrive\Escritorio\TFG\Ultima implementacio Juan\ULTIMA\datasets_ruidosos\SNR_0db\AS_New_3주기\New_AS_013.wav,1,AS
AS,anomalo,New_AS_019.wav,C:\Users\armga\OneDrive\Escritorio\TFG\Ultima implementacio Juan\ULTIMA\datasets_ruidosos\SNR_0db\AS_New_3주기\New_AS_019.wav,1,AS
AS,anomalo,New_AS_026.wav,C:\Users\armga\OneDrive\Escritorio\TFG\Ultima implementacio Juan\ULTIMA\datasets_ruidosos\SNR_0db\AS_New_3주기\New_AS_026.wav,1,AS
AS,anomalo,New_AS_030.wav,C:\Users\armga\OneDrive\Escritorio\TFG\Ultima implementacio Juan\ULTIMA\datasets_ruidosos\SNR_0db\AS_New_3주기\New_AS_030.wav,1,AS
AS,anomalo,New_AS_033.wav,C:\Users\armga\OneDrive\Escritorio\TFG\Ultima implementacio Juan\ULTIMA\datasets_ruidosos\SNR_0db\AS_New_3주기\New_AS_033.wav,1,AS
AS,anomalo,New_AS_035.wav,C:\Users\armga\OneDrive\Escritorio\TFG\Ultima implementacio Juan\ULTIMA\datasets_ruidosos\SNR_0db\AS_New_3주기\New_AS_035.wav,1,AS
AS,anomalo,New_AS_037.wav,C:\Users\armga\OneDrive\Escritorio\TFG\Ultima implementacio Juan\ULTIMA\datasets_ruidosos\SNR_0db\AS_New_3주기\New_AS_037.wav,1,AS
AS,anomalo,New_AS_039.wav,C:\Users\armga\OneDrive\Escritorio\TFG\Ultima implementacio Juan\ULTIMA\datasets_ruidosos\SNR_0db\AS_New_3주기\New_AS_039.wav,1,AS
AS,anomalo,New_AS_041.wav,C:\Users\armga\OneDrive\Escritorio\TFG\Ultima implementacio Juan\ULTIMA\datasets_ruidosos\SNR_0db\AS_New_3주기\New_AS_041.wav,1,AS
AS,anomalo,New_AS_047.wav,C:\Users\armga\OneDrive\Escritorio\TFG\Ultima implementacio Juan\ULTIMA\datasets_ruidosos\SNR_0db\AS_New_3주기\New_AS_047.wav,1,AS
AS,anomalo,New_AS_053.wav,C:\Users\armga\OneDrive\Escritorio\TFG\Ultima implementacio Juan\ULTIMA\datasets_ruidosos\SNR_0db\AS_New_3주기\New_AS_053.wav,1,AS
AS,anomalo,New_AS_055.wav,C:\Users\armga\OneDrive\Escritorio\TFG\Ultima implementacio Juan\ULTIMA\datasets_ruidosos\SNR_0db\AS_New_3주기\New_AS_055.wav,1,AS
AS,anomalo,New_AS_060.wav,C:\Users\armga\OneDrive\Escritorio\TFG\Ultima implementacio Juan\ULTIMA\datasets_ruidosos\SNR_0db\AS_New_3주기\New_AS_060.wav,1,AS
AS,anomalo,New_AS_070.wav,C:\Users\armga\OneDrive\Escritorio\TFG\Ultima implementacio Juan\ULTIMA\datasets_ruidosos\SNR_0db\AS_New_3주기\New_AS_070.wav,1,AS
AS,anomalo,New_AS_071.wav,C:\Users\armga\OneDrive\Escritorio\TFG\Ultima implementacio Juan\ULTIMA\datasets_ruidosos\SNR_0db\AS_New_3주기\New_AS_071.wav,1,AS
AS,anomalo,New_AS_074.wav,C:\Users\armga\OneDrive\Escritorio\TFG\Ultima implementacio Juan\ULTIMA\datasets_ruidosos\SNR_0db\AS_New_3주기\New_AS_074.wav,1,AS
AS,anomalo,New_AS_081.wav,C:\Users\armga\OneDrive\Escritorio\TFG\Ultima implementacio Juan\ULTIMA\datasets_ruidosos\SNR_0db\AS_New_3주기\New_AS_081.wav,1,AS
AS,anomalo,New_AS_089.wav,C:\Users\armga\OneDrive\Escritorio\TFG\Ultima implementacio Juan\ULTIMA\datasets_ruidosos\SNR_0db\AS_New_3주기\New_AS_089.wav,1,AS
AS,anomalo,New_AS_090.wav,C:\Users\armga\OneDrive\Escritorio\TFG\Ultima implementacio Juan\ULTIMA\datasets_ruidosos\SNR_0db\AS_New_3주기\New_AS_090.wav,1,AS
AS,anomalo,New_AS_095.wav,C:\Users\armga\OneDrive\Escritorio\TFG\Ultima implementacio Juan\ULTIMA\datasets_ruidosos\SNR_0db\AS_New_3주기\New_AS_095.wav,1,AS
AS,anomalo,New_AS_100.wav,C:\Users\armga\OneDrive\Escritorio\TFG\Ultima implementacio Juan\ULTIMA\datasets_ruidosos\SNR_0db\AS_New_3주기\New_AS_100.wav,1,AS
AS,anomalo,New_AS_106.wav,C:\Users\armga\OneDrive\Escritorio\TFG\Ultima implementacio Juan\ULTIMA\datasets_ruidosos\SNR_0db\AS_New_3주기\New_AS_106.wav,1,AS
AS,anomalo,New_AS_107.wav,C:\Users\armga\OneDrive\Escritorio\TFG\Ultima implementacio Juan\ULTIMA\datasets_ruidosos\SNR_0db\AS_New_3주기\New_AS_107.wav,1,AS
AS,anomalo,New_AS_113.wav,C:\Users\armga\OneDrive\Escritorio\TFG\Ultima implementacio Juan\ULTIMA\datasets_ruidosos\SNR_0db\AS_New_3주기\New_AS_113.wav,1,AS
AS,anomalo,New_AS_116.wav,C:\Users\armga\OneDrive\Escritorio\TFG\Ultima implementacio Juan\ULTIMA\datasets_ruidosos\SNR_0db\AS_New_3주기\New_AS_116.wav,1,AS
AS,anomalo,New_AS_117.wav,C:\Users\armga\OneDrive\Escritorio\TFG\Ultima implementacio Juan\ULTIMA\datasets_ruidosos\SNR_0db\AS_New_3주기\New_AS_117.wav,1,AS
AS,anomalo,New_AS_119.wav,C:\Users\armga\OneDrive\Escritorio\TFG\Ultima implementacio Juan\ULTIMA\datasets_ruidosos\SNR_0db\AS_New_3주기\New_AS_119.wav,1,AS
AS,anomalo,New_AS_120.wav,C:\Users\armga\OneDrive\Escritorio\TFG\Ultima implementacio Juan\ULTIMA\datasets_ruidosos\SNR_0db\AS_New_3주기\New_AS_120.wav,1,AS
AS,anomalo,New_AS_123.wav,C:\Users\armga\OneDrive\Escritorio\TFG\Ultima implementacio Juan\ULTIMA\datasets_ruidosos\SNR_0db\AS_New_3주기\New_AS_123.wav,1,AS
AS,anomalo,New_AS_128.wav,C:\Users\armga\OneDrive\Escritorio\TFG\Ultima implementacio Juan\ULTIMA\datasets_ruidosos\SNR_0db\AS_New_3주기\New_AS_128.wav,1,AS
AS,anomalo,New_AS_146.wav,C:\Users\armga\OneDrive\Escritorio\TFG\Ultima implementacio Juan\ULTIMA\datasets_ruidosos\SNR_0db\AS_New_3주기\New_AS_146.wav,1,AS
AS,anomalo,New_AS_147.wav,C:\Users\armga\OneDrive\Escritorio\TFG\Ultima implementacio Juan\ULTIMA\datasets_ruidosos\SNR_0db\AS_New_3주기\New_AS_147.wav,1,AS
AS,anomalo,New_AS_151.wav,C:\Users\armga\OneDrive\Escritorio\TFG\Ultima implementacio Juan\ULTIMA\datasets_ruidosos\SNR_0db\AS_New_3주기\New_AS_151.wav,1,AS
AS,anomalo,New_AS_157.wav,C:\Users\armga\OneDrive\Escritorio\TFG\Ultima implementacio Juan\ULTIMA\datasets_ruidosos\SNR_0db\AS_New_3주기\New_AS_157.wav,1,AS
AS,anomalo,New_AS_162.wav,C:\Users\armga\OneDrive\Escritorio\TFG\Ultima implementacio Juan\ULTIMA\datasets_ruidosos\SNR_0db\AS_New_3주기\New_AS_162.wav,1,AS
AS,anomalo,New_AS_166.wav,C:\Users\armga\OneDrive\Escritorio\TFG\Ultima implementacio Juan\ULTIMA\datasets_ruidosos\SNR_0db\AS_New_3주기\New_AS_166.wav,1,AS
AS,anomalo,New_AS_177.wav,C:\Users\armga\OneDrive\Escritorio\TFG\Ultima implementacio Juan\ULTIMA\datasets_ruidosos\SNR_0db\AS_New_3주기\New_AS_177.wav,1,AS
AS,anomalo,New_AS_187.wav,C:\Users\armga\OneDrive\Escritorio\TFG\Ultima implementacio Juan\ULTIMA\datasets_ruidosos\SNR_0db\AS_New_3주기\New_AS_187.wav,1,AS
AS,anomalo,New_AS_188.wav,C:\Users\armga\OneDrive\Escritorio\TFG\Ultima implementacio Juan\ULTIMA\datasets_ruidosos\SNR_0db\AS_New_3주기\New_AS_188.wav,1,AS
MR,anomalo,New_MR_002.wav,C:\Users\armga\OneDrive\Escritorio\TFG\Ultima implementacio Juan\ULTIMA\datasets_ruidosos\SNR_0db\MR_New_3주기\New_MR_002.wav,1,MR
MR,anomalo,New_MR_004.wav,C:\Users\armga\OneDrive\Escritorio\TFG\Ultima implementacio Juan\ULTIMA\datasets_ruidosos\SNR_0db\MR_New_3주기\New_MR_004.wav,1,MR
MR,anomalo,New_MR_008.wav,C:\Users\armga\OneDrive\Escritorio\TFG\Ultima implementacio Juan\ULTIMA\datasets_ruidosos\SNR_0db\MR_New_3주기\New_MR_008.wav,1,MS
MR,anomalo,New_MR_009.wav,C:\Users\armga\OneDrive\Escritorio\TFG\Ultima implementacio Juan\ULTIMA\datasets_ruidosos\SNR_0db\MR_New_3주기\New_MR_009.wav,1,MS
MR,anomalo,New_MR_016.wav,C:\Users\armga\OneDrive\Escritorio\TFG\Ultima implementacio Juan\ULTIMA\datasets_ruidosos\SNR_0db\MR_New_3주기\New_MR_016.wav,1,MR
MR,anomalo,New_MR_023.wav,C:\Users\armga\OneDrive\Escritorio\TFG\Ultima implementacio Juan\ULTIMA\datasets_ruidosos\SNR_0db\MR_New_3주기\New_MR_023.wav,1,MS
MR,anomalo,New_MR_028.wav,C:\Users\armga\OneDrive\Escritorio\TFG\Ultima implementacio Juan\ULTIMA\datasets_ruidosos\SNR_0db\MR_New_3주기\New_MR_028.wav,1,MR
MR,anomalo,New_MR_035.wav,C:\Users\armga\OneDrive\Escritorio\TFG\Ultima implementacio Juan\ULTIMA\datasets_ruidosos\SNR_0db\MR_New_3주기\New_MR_035.wav,1,MR
MR,anomalo,New_MR_036.wav,C:\Users\armga\OneDrive\Escritorio\TFG\Ultima implementacio Juan\ULTIMA\datasets_ruidosos\SNR_0db\MR_New_3주기\New_MR_036.wav,1,MR
MR,anomalo,New_MR_050.wav,C:\Users\armga\OneDrive\Escritorio\TFG\Ultima implementacio Juan\ULTIMA\datasets_ruidosos\SNR_0db\MR_New_3주기\New_MR_050.wav,1,MR
MR,anomalo,New_MR_053.wav,C:\Users\armga\OneDrive\Escritorio\TFG\Ultima implementacio Juan\ULTIMA\datasets_ruidosos\SNR_0db\MR_New_3주기\New_MR_053.wav,1,MR
MR,anomalo,New_MR_059.wav,C:\Users\armga\OneDrive\Escritorio\TFG\Ultima implementacio Juan\ULTIMA\datasets_ruidosos\SNR_0db\MR_New_3주기\New_MR_059.wav,1,MR
MR,anomalo,New_MR_060.wav,C:\Users\armga\OneDrive\Escritorio\TFG\Ultima implementacio Juan\ULTIMA\datasets_ruidosos\SNR_0db\MR_New_3주기\New_MR_060.wav,1,MR
MR,anomalo,New_MR_061.wav,C:\Users\armga\OneDrive\Escritorio\TFG\Ultima implementacio Juan\ULTIMA\datasets_ruidosos\SNR_0db\MR_New_3주기\New_MR_061.wav,1,MR
MR,anomalo,New_MR_063.wav,C:\Users\armga\OneDrive\Escritorio\TFG\Ultima implementacio Juan\ULTIMA\datasets_ruidosos\SNR_0db\MR_New_3주기\New_MR_063.wav,1,MR
MR,anomalo,New_MR_073.wav,C:\Users\armga\OneDrive\Escritorio\TFG\Ultima implementacio Juan\ULTIMA\datasets_ruidosos\SNR_0db\MR_New_3주기\New_MR_073.wav,1,MR
MR,anomalo,New_MR_074.wav,C:\Users\armga\OneDrive\Escritorio\TFG\Ultima implementacio Juan\ULTIMA\datasets_ruidosos\SNR_0db\MR_New_3주기\New_MR_074.wav,1,MR
MR,anomalo,New_MR_079.wav,C:\Users\armga\OneDrive\Escritorio\TFG\Ultima implementacio Juan\ULTIMA\datasets_ruidosos\SNR_0db\MR_New_3주기\New_MR_079.wav,1,MR
MR,anomalo,New_MR_091.wav,C:\Users\armga\OneDrive\Escritorio\TFG\Ultima implementacio Juan\ULTIMA\datasets_ruidosos\SNR_0db\MR_New_3주기\New_MR_091.wav,1,MR
MR,anomalo,New_MR_093.wav,C:\Users\armga\OneDrive\Escritorio\TFG\Ultima implementacio Juan\ULTIMA\datasets_ruidosos\SNR_0db\MR_New_3주기\New_MR_093.wav,1,MR
MR,anomalo,New_MR_098.wav,C:\Users\armga\OneDrive\Escritorio\TFG\Ultima implementacio Juan\ULTIMA\datasets_ruidosos\SNR_0db\MR_New_3주기\New_MR_098.wav,1,MR
MR,anomalo,New_MR_102.wav,C:\Users\armga\OneDrive\Escritorio\TFG\Ultima implementacio Juan\ULTIMA\datasets_ruidosos\SNR_0db\MR_New_3주기\New_MR_102.wav,1,MR
MR,anomalo,New_MR_104.wav,C:\Users\armga\OneDrive\Escritorio\TFG\Ultima implementacio Juan\ULTIMA\datasets_ruidosos\SNR_0db\MR_New_3주기\New_MR_104.wav,1,MR
MR,anomalo,New_MR_108.wav,C:\Users\armga\OneDrive\Escritorio\TFG\Ultima implementacio Juan\ULTIMA\datasets_ruidosos\SNR_0db\MR_New_3주기\New_MR_108.wav,1,MR
MR,anomalo,New_MR_118.wav,C:\Users\armga\OneDrive\Escritorio\TFG\Ultima implementacio Juan\ULTIMA\datasets_ruidosos\SNR_0db\MR_New_3주기\New_MR_118.wav,1,MR
MR,anomalo,New_MR_122.wav,C:\Users\armga\OneDrive\Escritorio\TFG\Ultima implementacio Juan\ULTIMA\datasets_ruidosos\SNR_0db\MR_New_3주기\New_MR_122.wav,1,MR
MR,anomalo,New_MR_132.wav,C:\Users\armga\OneDrive\Escritorio\TFG\Ultima implementacio Juan\ULTIMA\datasets_ruidosos\SNR_0db\MR_New_3주기\New_MR_132.wav,1,MR
MR,anomalo,New_MR_134.wav,C:\Users\armga\OneDrive\Escritorio\TFG\Ultima implementacio Juan\ULTIMA\datasets_ruidosos\SNR_0db\MR_New_3주기\New_MR_134.wav,1,MR
MR,anomalo,New_MR_136.wav,C:\Users\armga\OneDrive\Escritorio\TFG\Ultima implementacio Juan\ULTIMA\datasets_ruidosos\SNR_0db\MR_New_3주기\New_MR_136.wav,1,MR
MR,anomalo,New_MR_144.wav,C:\Users\armga\OneDrive\Escritorio\TFG\Ultima implementacio Juan\ULTIMA\datasets_ruidosos\SNR_0db\MR_New_3주기\New_MR_144.wav,1,MR
MR,anomalo,New_MR_147.wav,C:\Users\armga\OneDrive\Escritorio\TFG\Ultima implementacio Juan\ULTIMA\datasets_ruidosos\SNR_0db\MR_New_3주기\New_MR_147.wav,1,MR
MR,anomalo,New_MR_149.wav,C:\Users\armga\OneDrive\Escritorio\TFG\Ultima implementacio Juan\ULTIMA\datasets_ruidosos\SNR_0db\MR_New_3주기\New_MR_149.wav,1,MR
MR,anomalo,New_MR_155.wav,C:\Users\armga\OneDrive\Escritorio\TFG\Ultima implementacio Juan\ULTIMA\datasets_ruidosos\SNR_0db\MR_New_3주기\New_MR_155.wav,1,MR
MR,anomalo,New_MR_161.wav,C:\Users\armga\OneDrive\Escritorio\TFG\Ultima implementacio Juan\ULTIMA\datasets_ruidosos\SNR_0db\MR_New_3주기\New_MR_161.wav,1,MR
MR,anomalo,New_MR_163.wav,C:\Users\armga\OneDrive\Escritorio\TFG\Ultima implementacio Juan\ULTIMA\datasets_ruidosos\SNR_0db\MR_New_3주기\New_MR_163.wav,1,MR
MR,anomalo,New_MR_171.wav,C:\Users\armga\OneDrive\Escritorio\TFG\Ultima implementacio Juan\ULTIMA\datasets_ruidosos\SNR_0db\MR_New_3주기\New_MR_171.wav,1,MR
MR,anomalo,New_MR_172.wav,C:\Users\armga\OneDrive\Escritorio\TFG\Ultima implementacio Juan\ULTIMA\datasets_ruidosos\SNR_0db\MR_New_3주기\New_MR_172.wav,1,MR
MR,anomalo,New_MR_179.wav,C:\Users\armga\OneDrive\Escritorio\TFG\Ultima implementacio Juan\ULTIMA\datasets_ruidosos\SNR_0db\MR_New_3주기\New_MR_179.wav,1,MR
MR,anomalo,New_MR_186.wav,C:\Users\armga\OneDrive\Escritorio\TFG\Ultima implementacio Juan\ULTIMA\datasets_ruidosos\SNR_0db\MR_New_3주기\New_MR_186.wav,1,AS
MR,anomalo,New_MR_195.wav,C:\Users\armga\OneDrive\Escritorio\TFG\Ultima implementacio Juan\ULTIMA\datasets_ruidosos\SNR_0db\MR_New_3주기\New_MR_195.wav,1,MR
MS,anomalo,New_MS_012.wav,C:\Users\armga\OneDrive\Escritorio\TFG\Ultima implementacio Juan\ULTIMA\datasets_ruidosos\SNR_0db\MS_New_3주기\New_MS_012.wav,1,MS
MS,anomalo,New_MS_013.wav,C:\Users\armga\OneDrive\Escritorio\TFG\Ultima implementacio Juan\ULTIMA\datasets_ruidosos\SNR_0db\MS_New_3주기\New_MS_013.wav,1,MS
MS,anomalo,New_MS_015.wav,C:\Users\armga\OneDrive\Escritorio\TFG\Ultima implementacio Juan\ULTIMA\datasets_ruidosos\SNR_0db\MS_New_3주기\New_MS_015.wav,1,MS
MS,anomalo,New_MS_019.wav,C:\Users\armga\OneDrive\Escritorio\TFG\Ultima implementacio Juan\ULTIMA\datasets_ruidosos\SNR_0db\MS_New_3주기\New_MS_019.wav,1,MS
MS,anomalo,New_MS_020.wav,C:\Users\armga\OneDrive\Escritorio\TFG\Ultima implementacio Juan\ULTIMA\datasets_ruidosos\SNR_0db\MS_New_3주기\New_MS_020.wav,1,MS
MS,anomalo,New_MS_026.wav,C:\Users\armga\OneDrive\Escritorio\TFG\Ultima implementacio Juan\ULTIMA\datasets_ruidosos\SNR_0db\MS_New_3주기\New_MS_026.wav,1,MS
MS,anomalo,New_MS_028.wav,C:\Users\armga\OneDrive\Escritorio\TFG\Ultima implementacio Juan\ULTIMA\datasets_ruidosos\SNR_0db\MS_New_3주기\New_MS_028.wav,1,MS
MS,anomalo,New_MS_031.wav,C:\Users\armga\OneDrive\Escritorio\TFG\Ultima implementacio Juan\ULTIMA\datasets_ruidosos\SNR_0db\MS_New_3주기\New_MS_031.wav,1,MS
MS,anomalo,New_MS_035.wav,C:\Users\armga\OneDrive\Escritorio\TFG\Ultima implementacio Juan\ULTIMA\datasets_ruidosos\SNR_0db\MS_New_3주기\New_MS_035.wav,1,MS
MS,anomalo,New_MS_036.wav,C:\Users\armga\OneDrive\Escritorio\TFG\Ultima implementacio Juan\ULTIMA\datasets_ruidosos\SNR_0db\MS_New_3주기\New_MS_036.wav,1,MS
MS,anomalo,New_MS_046.wav,C:\Users\armga\OneDrive\Escritorio\TFG\Ultima implementacio Juan\ULTIMA\datasets_ruidosos\SNR_0db\MS_New_3주기\New_MS_046.wav,1,MS
MS,anomalo,New_MS_049.wav,C:\Users\armga\OneDrive\Escritorio\TFG\Ultima implementacio Juan\ULTIMA\datasets_ruidosos\SNR_0db\MS_New_3주기\New_MS_049.wav,1,MS
MS,anomalo,New_MS_053.wav,C:\Users\armga\OneDrive\Escritorio\TFG\Ultima implementacio Juan\ULTIMA\datasets_ruidosos\SNR_0db\MS_New_3주기\New_MS_053.wav,1,MS
MS,anomalo,New_MS_074.wav,C:\Users\armga\OneDrive\Escritorio\TFG\Ultima implementacio Juan\ULTIMA\datasets_ruidosos\SNR_0db\MS_New_3주기\New_MS_074.wav,1,MS
MS,anomalo,New_MS_075.wav,C:\Users\armga\OneDrive\Escritorio\TFG\Ultima implementacio Juan\ULTIMA\datasets_ruidosos\SNR_0db\MS_New_3주기\New_MS_075.wav,1,MS
MS,anomalo,New_MS_078.wav,C:\Users\armga\OneDrive\Escritorio\TFG\Ultima implementacio Juan\ULTIMA\datasets_ruidosos\SNR_0db\MS_New_3주기\New_MS_078.wav,1,MS
MS,anomalo,New_MS_085.wav,C:\Users\armga\OneDrive\Escritorio\TFG\Ultima implementacio Juan\ULTIMA\datasets_ruidosos\SNR_0db\MS_New_3주기\New_MS_085.wav,1,MS
MS,anomalo,New_MS_089.wav,C:\Users\armga\OneDrive\Escritorio\TFG\Ultima implementacio Juan\ULTIMA\datasets_ruidosos\SNR_0db\MS_New_3주기\New_MS_089.wav,1,MS
MS,anomalo,New_MS_091.wav,C:\Users\armga\OneDrive\Escritorio\TFG\Ultima implementacio Juan\ULTIMA\datasets_ruidosos\SNR_0db\MS_New_3주기\New_MS_091.wav,1,MS
MS,anomalo,New_MS_098.wav,C:\Users\armga\OneDrive\Escritorio\TFG\Ultima implementacio Juan\ULTIMA\datasets_ruidosos\SNR_0db\MS_New_3주기\New_MS_098.wav,1,MS
MS,anomalo,New_MS_100.wav,C:\Users\armga\OneDrive\Escritorio\TFG\Ultima implementacio Juan\ULTIMA\datasets_ruidosos\SNR_0db\MS_New_3주기\New_MS_100.wav,1,MS
MS,anomalo,New_MS_107.wav,C:\Users\armga\OneDrive\Escritorio\TFG\Ultima implementacio Juan\ULTIMA\datasets_ruidosos\SNR_0db\MS_New_3주기\New_MS_107.wav,1,MS
MS,anomalo,New_MS_112.wav,C:\Users\armga\OneDrive\Escritorio\TFG\Ultima implementacio Juan\ULTIMA\datasets_ruidosos\SNR_0db\MS_New_3주기\New_MS_112.wav,1,MS
MS,anomalo,New_MS_114.wav,C:\Users\armga\OneDrive\Escritorio\TFG\Ultima implementacio Juan\ULTIMA\datasets_ruidosos\SNR_0db\MS_New_3주기\New_MS_114.wav,1,MS
MS,anomalo,New_MS_118.wav,C:\Users\armga\OneDrive\Escritorio\TFG\Ultima implementacio Juan\ULTIMA\datasets_ruidosos\SNR_0db\MS_New_3주기\New_MS_118.wav,1,MS
MS,anomalo,New_MS_121.wav,C:\Users\armga\OneDrive\Escritorio\TFG\Ultima implementacio Juan\ULTIMA\datasets_ruidosos\SNR_0db\MS_New_3주기\New_MS_121.wav,1,MS
MS,anomalo,New_MS_124.wav,C:\Users\armga\OneDrive\Escritorio\TFG\Ultima implementacio Juan\ULTIMA\datasets_ruidosos\SNR_0db\MS_New_3주기\New_MS_124.wav,1,MS
MS,anomalo,New_MS_128.wav,C:\Users\armga\OneDrive\Escritorio\TFG\Ultima implementacio Juan\ULTIMA\datasets_ruidosos\SNR_0db\MS_New_3주기\New_MS_128.wav,1,MS
MS,anomalo,New_MS_130.wav,C:\Users\armga\OneDrive\Escritorio\TFG\Ultima implementacio Juan\ULTIMA\datasets_ruidosos\SNR_0db\MS_New_3주기\New_MS_130.wav,1,MS
MS,anomalo,New_MS_135.wav,C:\Users\armga\OneDrive\Escritorio\TFG\Ultima implementacio Juan\ULTIMA\datasets_ruidosos\SNR_0db\MS_New_3주기\New_MS_135.wav,1,MS
MS,anomalo,New_MS_139.wav,C:\Users\armga\OneDrive\Escritorio\TFG\Ultima implementacio Juan\ULTIMA\datasets_ruidosos\SNR_0db\MS_New_3주기\New_MS_139.wav,1,MS
MS,anomalo,New_MS_145.wav,C:\Users\armga\OneDrive\Escritorio\TFG\Ultima implementacio Juan\ULTIMA\datasets_ruidosos\SNR_0db\MS_New_3주기\New_MS_145.wav,1,MS
MS,anomalo,New_MS_148.wav,C:\Users\armga\OneDrive\Escritorio\TFG\Ultima implementacio Juan\ULTIMA\datasets_ruidosos\SNR_0db\MS_New_3주기\New_MS_148.wav,1,MS
MS,anomalo,New_MS_150.wav,C:\Users\armga\OneDrive\Escritorio\TFG\Ultima implementacio Juan\ULTIMA\datasets_ruidosos\SNR_0db\MS_New_3주기\New_MS_150.wav,1,MS
MS,anomalo,New_MS_152.wav,C:\Users\armga\OneDrive\Escritorio\TFG\Ultima implementacio Juan\ULTIMA\datasets_ruidosos\SNR_0db\MS_New_3주기\New_MS_152.wav,1,MS
MS,anomalo,New_MS_158.wav,C:\Users\armga\OneDrive\Escritorio\TFG\Ultima implementacio Juan\ULTIMA\datasets_ruidosos\SNR_0db\MS_New_3주기\New_MS_158.wav,1,MS
MS,anomalo,New_MS_162.wav,C:\Users\armga\OneDrive\Escritorio\TFG\Ultima implementacio Juan\ULTIMA\datasets_ruidosos\SNR_0db\MS_New_3주기\New_MS_162.wav,1,MS
MS,anomalo,New_MS_182.wav,C:\Users\armga\OneDrive\Escritorio\TFG\Ultima implementacio Juan\ULTIMA\datasets_ruidosos\SNR_0db\MS_New_3주기\New_MS_182.wav,1,MS
MS,anomalo,New_MS_193.wav,C:\Users\armga\OneDrive\Escritorio\TFG\Ultima implementacio Juan\ULTIMA\datasets_ruidosos\SNR_0db\MS_New_3주기\New_MS_193.wav,1,MS
MS,anomalo,New_MS_194.wav,C:\Users\armga\OneDrive\Escritorio\TFG\Ultima implementacio Juan\ULTIMA\datasets_ruidosos\SNR_0db\MS_New_3주기\New_MS_194.wav,1,MS
MVP,anomalo,New_MVP_004.wav,C:\Users\armga\OneDrive\Escritorio\TFG\Ultima implementacio Juan\ULTIMA\datasets_ruidosos\SNR_0db\MVP_New_3주기\New_MVP_004.wav,1,MVP
MVP,anomalo,New_MVP_008.wav,C:\Users\armga\OneDrive\Escritorio\TFG\Ultima implementacio Juan\ULTIMA\datasets_ruidosos\SNR_0db\MVP_New_3주기\New_MVP_008.wav,1,MVP
MVP,anomalo,New_MVP_009.wav,C:\Users\armga\OneDrive\Escritorio\TFG\Ultima implementacio Juan\ULTIMA\datasets_ruidosos\SNR_0db\MVP_New_3주기\New_MVP_009.wav,1,MVP
MVP,anomalo,New_MVP_010.wav,C:\Users\armga\OneDrive\Escritorio\TFG\Ultima implementacio Juan\ULTIMA\datasets_ruidosos\SNR_0db\MVP_New_3주기\New_MVP_010.wav,1,MVP
MVP,anomalo,New_MVP_018.wav,C:\Users\armga\OneDrive\Escritorio\TFG\Ultima implementacio Juan\ULTIMA\datasets_ruidosos\SNR_0db\MVP_New_3주기\New_MVP_018.wav,1,MVP
MVP,anomalo,New_MVP_021.wav,C:\Users\armga\OneDrive\Escritorio\TFG\Ultima implementacio Juan\ULTIMA\datasets_ruidosos\SNR_0db\MVP_New_3주기\New_MVP_021.wav,1,MVP
MVP,anomalo,New_MVP_044.wav,C:\Users\armga\OneDrive\Escritorio\TFG\Ultima implementacio Juan\ULTIMA\datasets_ruidosos\SNR_0db\MVP_New_3주기\New_MVP_044.wav,1,MVP
MVP,anomalo,New_MVP_047.wav,C:\Users\armga\OneDrive\Escritorio\TFG\Ultima implementacio Juan\ULTIMA\datasets_ruidosos\SNR_0db\MVP_New_3주기\New_MVP_047.wav,1,MVP
MVP,anomalo,New_MVP_056.wav,C:\Users\armga\OneDrive\Escritorio\TFG\Ultima implementacio Juan\ULTIMA\datasets_ruidosos\SNR_0db\MVP_New_3주기\New_MVP_056.wav,1,MVP
MVP,anomalo,New_MVP_057.wav,C:\Users\armga\OneDrive\Escritorio\TFG\Ultima implementacio Juan\ULTIMA\datasets_ruidosos\SNR_0db\MVP_New_3주기\New_MVP_057.wav,1,MVP
MVP,anomalo,New_MVP_065.wav,C:\Users\armga\OneDrive\Escritorio\TFG\Ultima implementacio Juan\ULTIMA\datasets_ruidosos\SNR_0db\MVP_New_3주기\New_MVP_065.wav,1,MVP
MVP,anomalo,New_MVP_066.wav,C:\Users\armga\OneDrive\Escritorio\TFG\Ultima implementacio Juan\ULTIMA\datasets_ruidosos\SNR_0db\MVP_New_3주기\New_MVP_066.wav,1,MVP
MVP,anomalo,New_MVP_086.wav,C:\Users\armga\OneDrive\Escritorio\TFG\Ultima implementacio Juan\ULTIMA\datasets_ruidosos\SNR_0db\MVP_New_3주기\New_MVP_086.wav,1,MVP
MVP,anomalo,New_MVP_088.wav,C:\Users\armga\OneDrive\Escritorio\TFG\Ultima implementacio Juan\ULTIMA\datasets_ruidosos\SNR_0db\MVP_New_3주기\New_MVP_088.wav,1,MVP
MVP,anomalo,New_MVP_090.wav,C:\Users\armga\OneDrive\Escritorio\TFG\Ultima implementacio Juan\ULTIMA\datasets_ruidosos\SNR_0db\MVP_New_3주기\New_MVP_090.wav,1,MVP
MVP,anomalo,New_MVP_094.wav,C:\Users\armga\OneDrive\Escritorio\TFG\Ultima implementacio Juan\ULTIMA\datasets_ruidosos\SNR_0db\MVP_New_3주기\New_MVP_094.wav,1,MVP
MVP,anomalo,New_MVP_100.wav,C:\Users\armga\OneDrive\Escritorio\TFG\Ultima implementacio Juan\ULTIMA\datasets_ruidosos\SNR_0db\MVP_New_3주기\New_MVP_100.wav,1,MVP
MVP,anomalo,New_MVP_109.wav,C:\Users\armga\OneDrive\Escritorio\TFG\Ultima implementacio Juan\ULTIMA\datasets_ruidosos\SNR_0db\MVP_New_3주기\New_MVP_109.wav,1,MS
MVP,anomalo,New_MVP_116.wav,C:\Users\armga\OneDrive\Escritorio\TFG\Ultima implementacio Juan\ULTIMA\datasets_ruidosos\SNR_0db\MVP_New_3주기\New_MVP_116.wav,1,MVP
MVP,anomalo,New_MVP_128.wav,C:\Users\armga\OneDrive\Escritorio\TFG\Ultima implementacio Juan\ULTIMA\datasets_ruidosos\SNR_0db\MVP_New_3주기\New_MVP_128.wav,1,MVP
MVP,anomalo,New_MVP_131.wav,C:\Users\armga\OneDrive\Escritorio\TFG\Ultima implementacio Juan\ULTIMA\datasets_ruidosos\SNR_0db\MVP_New_3주기\New_MVP_131.wav,1,MVP
MVP,anomalo,New_MVP_132.wav,C:\Users\armga\OneDrive\Escritorio\TFG\Ultima implementacio Juan\ULTIMA\datasets_ruidosos\SNR_0db\MVP_New_3주기\New_MVP_132.wav,1,MVP
MVP,anomalo,New_MVP_136.wav,C:\Users\armga\OneDrive\Escritorio\TFG\Ultima implementacio Juan\ULTIMA\datasets_ruidosos\SNR_0db\MVP_New_3주기\New_MVP_136.wav,1,MVP
MVP,anomalo,New_MVP_137.wav,C:\Users\armga\OneDrive\Escritorio\TFG\Ultima implementacio Juan\ULTIMA\datasets_ruidosos\SNR_0db\MVP_New_3주기\New_MVP_137.wav,1,MVP
MVP,anomalo,New_MVP_140.wav,C:\Users\armga\OneDrive\Escritorio\TFG\Ultima implementacio Juan\ULTIMA\datasets_ruidosos\SNR_0db\MVP_New_3주기\New_MVP_140.wav,1,MVP
MVP,anomalo,New_MVP_142.wav,C:\Users\armga\OneDrive\Escritorio\TFG\Ultima implementacio Juan\ULTIMA\datasets_ruidosos\SNR_0db\MVP_New_3주기\New_MVP_142.wav,1,MVP
MVP,anomalo,New_MVP_143.wav,C:\Users\armga\OneDrive\Escritorio\TFG\Ultima implementacio Juan\ULTIMA\datasets_ruidosos\SNR_0db\MVP_New_3주기\New_MVP_143.wav,1,MVP
MVP,anomalo,New_MVP_146.wav,C:\Users\armga\OneDrive\Escritorio\TFG\Ultima implementacio Juan\ULTIMA\datasets_ruidosos\SNR_0db\MVP_New_3주기\New_MVP_146.wav,1,MVP
MVP,anomalo,New_MVP_147.wav,C:\Users\armga\OneDrive\Escritorio\TFG\Ultima implementacio Juan\ULTIMA\datasets_ruidosos\SNR_0db\MVP_New_3주기\New_MVP_147.wav,1,MVP
MVP,anomalo,New_MVP_154.wav,C:\Users\armga\OneDrive\Escritorio\TFG\Ultima implementacio Juan\ULTIMA\datasets_ruidosos\SNR_0db\MVP_New_3주기\New_MVP_154.wav,1,MVP
MVP,anomalo,New_MVP_155.wav,C:\Users\armga\OneDrive\Escritorio\TFG\Ultima implementacio Juan\ULTIMA\datasets_ruidosos\SNR_0db\MVP_New_3주기\New_MVP_155.wav,1,MVP
MVP,anomalo,New_MVP_161.wav,C:\Users\armga\OneDrive\Escritorio\TFG\Ultima implementacio Juan\ULTIMA\datasets_ruidosos\SNR_0db\MVP_New_3주기\New_MVP_161.wav,1,MVP
MVP,anomalo,New_MVP_163.wav,C:\Users\armga\OneDrive\Escritorio\TFG\Ultima implementacio Juan\ULTIMA\datasets_ruidosos\SNR_0db\MVP_New_3주기\New_MVP_163.wav,1,MVP
MVP,anomalo,New_MVP_174.wav,C:\Users\armga\OneDrive\Escritorio\TFG\Ultima implementacio Juan\ULTIMA\datasets_ruidosos\SNR_0db\MVP_New_3주기\New_MVP_174.wav,1,MVP
MVP,anomalo,New_MVP_180.wav,C:\Users\armga\OneDrive\Escritorio\TFG\Ultima implementacio Juan\ULTIMA\datasets_ruidosos\SNR_0db\MVP_New_3주기\New_MVP_180.wav,1,MVP
MVP,anomalo,New_MVP_183.wav,C:\Users\armga\OneDrive\Escritorio\TFG\Ultima implementacio Juan\ULTIMA\datasets_ruidosos\SNR_0db\MVP_New_3주기\New_MVP_183.wav,1,MR
MVP,anomalo,New_MVP_185.wav,C:\Users\armga\OneDrive\Escritorio\TFG\Ultima implementacio Juan\ULTIMA\datasets_ruidosos\SNR_0db\MVP_New_3주기\New_MVP_185.wav,1,MVP
MVP,anomalo,New_MVP_188.wav,C:\Users\armga\OneDrive\Escritorio\TFG\Ultima implementacio Juan\ULTIMA\datasets_ruidosos\SNR_0db\MVP_New_3주기\New_MVP_188.wav,1,MVP
MVP,anomalo,New_MVP_192.wav,C:\Users\armga\OneDrive\Escritorio\TFG\Ultima implementacio Juan\ULTIMA\datasets_ruidosos\SNR_0db\MVP_New_3주기\New_MVP_192.wav,1,N
MVP,anomalo,New_MVP_193.wav,C:\Users\armga\OneDrive\Escritorio\TFG\Ultima implementacio Juan\ULTIMA\datasets_ruidosos\SNR_0db\MVP_New_3주기\New_MVP_193.wav,1,MVP
N,normal,New_N_007.wav,C:\Users\armga\OneDrive\Escritorio\TFG\Ultima implementacio Juan\ULTIMA\datasets_ruidosos\SNR_0db\N_New_3주기\New_N_007.wav,2,N
N,normal,New_N_010.wav,C:\Users\armga\OneDrive\Escritorio\TFG\Ultima implementacio Juan\ULTIMA\datasets_ruidosos\SNR_0db\N_New_3주기\New_N_010.wav,2,N
N,normal,New_N_011.wav,C:\Users\armga\OneDrive\Escritorio\TFG\Ultima implementacio Juan\ULTIMA\datasets_ruidosos\SNR_0db\N_New_3주기\New_N_011.wav,2,N
N,normal,New_N_014.wav,C:\Users\armga\OneDrive\Escritorio\TFG\Ultima implementacio Juan\ULTIMA\datasets_ruidosos\SNR_0db\N_New_3주기\New_N_014.wav,2,N
N,normal,New_N_017.wav,C:\Users\armga\OneDrive\Escritorio\TFG\Ultima implementacio Juan\ULTIMA\datasets_ruidosos\SNR_0db\N_New_3주기\New_N_017.wav,2,MVP
N,normal,New_N_020.wav,C:\Users\armga\OneDrive\Escritorio\TFG\Ultima implementacio Juan\ULTIMA\datasets_ruidosos\SNR_0db\N_New_3주기\New_N_020.wav,2,N
N,normal,New_N_025.wav,C:\Users\armga\OneDrive\Escritorio\TFG\Ultima implementacio Juan\ULTIMA\datasets_ruidosos\SNR_0db\N_New_3주기\New_N_025.wav,2,N
N,normal,New_N_026.wav,C:\Users\armga\OneDrive\Escritorio\TFG\Ultima implementacio Juan\ULTIMA\datasets_ruidosos\SNR_0db\N_New_3주기\New_N_026.wav,2,N
N,normal,New_N_028.wav,C:\Users\armga\OneDrive\Escritorio\TFG\Ultima implementacio Juan\ULTIMA\datasets_ruidosos\SNR_0db\N_New_3주기\New_N_028.wav,2,N
N,normal,New_N_033.wav,C:\Users\armga\OneDrive\Escritorio\TFG\Ultima implementacio Juan\ULTIMA\datasets_ruidosos\SNR_0db\N_New_3주기\New_N_033.wav,2,N
N,normal,New_N_034.wav,C:\Users\armga\OneDrive\Escritorio\TFG\Ultima implementacio Juan\ULTIMA\datasets_ruidosos\SNR_0db\N_New_3주기\New_N_034.wav,2,N
N,normal,New_N_040.wav,C:\Users\armga\OneDrive\Escritorio\TFG\Ultima implementacio Juan\ULTIMA\datasets_ruidosos\SNR_0db\N_New_3주기\New_N_040.wav,2,N
N,normal,New_N_041.wav,C:\Users\armga\OneDrive\Escritorio\TFG\Ultima implementacio Juan\ULTIMA\datasets_ruidosos\SNR_0db\N_New_3주기\New_N_041.wav,2,N
N,normal,New_N_056.wav,C:\Users\armga\OneDrive\Escritorio\TFG\Ultima implementacio Juan\ULTIMA\datasets_ruidosos\SNR_0db\N_New_3주기\New_N_056.wav,2,N
N,normal,New_N_067.wav,C:\Users\armga\OneDrive\Escritorio\TFG\Ultima implementacio Juan\ULTIMA\datasets_ruidosos\SNR_0db\N_New_3주기\New_N_067.wav,2,N
N,normal,New_N_071.wav,C:\Users\armga\OneDrive\Escritorio\TFG\Ultima implementacio Juan\ULTIMA\datasets_ruidosos\SNR_0db\N_New_3주기\New_N_071.wav,2,N
N,normal,New_N_074.wav,C:\Users\armga\OneDrive\Escritorio\TFG\Ultima implementacio Juan\ULTIMA\datasets_ruidosos\SNR_0db\N_New_3주기\New_N_074.wav,2,N
N,normal,New_N_082.wav,C:\Users\armga\OneDrive\Escritorio\TFG\Ultima implementacio Juan\ULTIMA\datasets_ruidosos\SNR_0db\N_New_3주기\New_N_082.wav,2,N
N,normal,New_N_083.wav,C:\Users\armga\OneDrive\Escritorio\TFG\Ultima implementacio Juan\ULTIMA\datasets_ruidosos\SNR_0db\N_New_3주기\New_N_083.wav,2,N
N,normal,New_N_090.wav,C:\Users\armga\OneDrive\Escritorio\TFG\Ultima implementacio Juan\ULTIMA\datasets_ruidosos\SNR_0db\N_New_3주기\New_N_090.wav,2,N
N,normal,New_N_108.wav,C:\Users\armga\OneDrive\Escritorio\TFG\Ultima implementacio Juan\ULTIMA\datasets_ruidosos\SNR_0db\N_New_3주기\New_N_108.wav,2,N
N,normal,New_N_115.wav,C:\Users\armga\OneDrive\Escritorio\TFG\Ultima implementacio Juan\ULTIMA\datasets_ruidosos\SNR_0db\N_New_3주기\New_N_115.wav,2,N
N,normal,New_N_117.wav,C:\Users\armga\OneDrive\Escritorio\TFG\Ultima implementacio Juan\ULTIMA\datasets_ruidosos\SNR_0db\N_New_3주기\New_N_117.wav,2,N
N,normal,New_N_118.wav,C:\Users\armga\OneDrive\Escritorio\TFG\Ultima implementacio Juan\ULTIMA\datasets_ruidosos\SNR_0db\N_New_3주기\New_N_118.wav,2,N
N,normal,New_N_121.wav,C:\Users\armga\OneDrive\Escritorio\TFG\Ultima implementacio Juan\ULTIMA\datasets_ruidosos\SNR_0db\N_New_3주기\New_N_121.wav,2,N
N,normal,New_N_132.wav,C:\Users\armga\OneDrive\Escritorio\TFG\Ultima implementacio Juan\ULTIMA\datasets_ruidosos\SNR_0db\N_New_3주기\New_N_132.wav,2,N
N,normal,New_N_135.wav,C:\Users\armga\OneDrive\Escritorio\TFG\Ultima implementacio Juan\ULTIMA\datasets_ruidosos\SNR_0db\N_New_3주기\New_N_135.wav,2,N
N,normal,New_N_139.wav,C:\Users\armga\OneDrive\Escritorio\TFG\Ultima implementacio Juan\ULTIMA\datasets_ruidosos\SNR_0db\N_New_3주기\New_N_139.wav,2,N
N,normal,New_N_144.wav,C:\Users\armga\OneDrive\Escritorio\TFG\Ultima implementacio Juan\ULTIMA\datasets_ruidosos\SNR_0db\N_New_3주기\New_N_144.wav,2,N
N,normal,New_N_156.wav,C:\Users\armga\OneDrive\Escritorio\TFG\Ultima implementacio Juan\ULTIMA\datasets_ruidosos\SNR_0db\N_New_3주기\New_N_156.wav,2,N
N,normal,New_N_160.wav,C:\Users\armga\OneDrive\Escritorio\TFG\Ultima implementacio Juan\ULTIMA\datasets_ruidosos\SNR_0db\N_New_3주기\New_N_160.wav,2,N
N,normal,New_N_165.wav,C:\Users\armga\OneDrive\Escritorio\TFG\Ultima implementacio Juan\ULTIMA\datasets_ruidosos\SNR_0db\N_New_3주기\New_N_165.wav,2,N
N,normal,New_N_166.wav,C:\Users\armga\OneDrive\Escritorio\TFG\Ultima implementacio Juan\ULTIMA\datasets_ruidosos\SNR_0db\N_New_3주기\New_N_166.wav,2,N
N,normal,New_N_168.wav,C:\Users\armga\OneDrive\Escritorio\TFG\Ultima implementacio Juan\ULTIMA\datasets_ruidosos\SNR_0db\N_New_3주기\New_N_168.wav,2,N
N,normal,New_N_170.wav,C:\Users\armga\OneDrive\Escritorio\TFG\Ultima implementacio Juan\ULTIMA\datasets_ruidosos\SNR_0db\N_New_3주기\New_N_170.wav,2,N
N,normal,New_N_171.wav,C:\Users\armga\OneDrive\Escritorio\TFG\Ultima implementacio Juan\ULTIMA\datasets_ruidosos\SNR_0db\N_New_3주기\New_N_171.wav,2,N
N,normal,New_N_174.wav,C:\Users\armga\OneDrive\Escritorio\TFG\Ultima implementacio Juan\ULTIMA\datasets_ruidosos\SNR_0db\N_New_3주기\New_N_174.wav,2,N
N,normal,New_N_182.wav,C:\Users\armga\OneDrive\Escritorio\TFG\Ultima implementacio Juan\ULTIMA\datasets_ruidosos\SNR_0db\N_New_3주기\New_N_182.wav,2,N
N,normal,New_N_190.wav,C:\Users\armga\OneDrive\Escritorio\TFG\Ultima implementacio Juan\ULTIMA\datasets_ruidosos\SNR_0db\N_New_3주기\New_N_190.wav,2,N
N,normal,New_N_195.wav,C:\Users\armga\OneDrive\Escritorio\TFG\Ultima implementacio Juan\ULTIMA\datasets_ruidosos\SNR_0db\N_New_3주기\New_N_195.wav,2,N
AS,anomalo,New_AS_008.wav,C:\Users\armga\OneDrive\Escritorio\TFG\Ultima implementacio Juan\ULTIMA\datasets_ruidosos\SNR_0db\AS_New_3주기\New_AS_008.wav,2,AS
AS,anomalo,New_AS_009.wav,C:\Users\armga\OneDrive\Escritorio\TFG\Ultima implementacio Juan\ULTIMA\datasets_ruidosos\SNR_0db\AS_New_3주기\New_AS_009.wav,2,AS
AS,anomalo,New_AS_016.wav,C:\Users\armga\OneDrive\Escritorio\TFG\Ultima implementacio Juan\ULTIMA\datasets_ruidosos\SNR_0db\AS_New_3주기\New_AS_016.wav,2,AS
AS,anomalo,New_AS_022.wav,C:\Users\armga\OneDrive\Escritorio\TFG\Ultima implementacio Juan\ULTIMA\datasets_ruidosos\SNR_0db\AS_New_3주기\New_AS_022.wav,2,AS
AS,anomalo,New_AS_027.wav,C:\Users\armga\OneDrive\Escritorio\TFG\Ultima implementacio Juan\ULTIMA\datasets_ruidosos\SNR_0db\AS_New_3주기\New_AS_027.wav,2,AS
AS,anomalo,New_AS_028.wav,C:\Users\armga\OneDrive\Escritorio\TFG\Ultima implementacio Juan\ULTIMA\datasets_ruidosos\SNR_0db\AS_New_3주기\New_AS_028.wav,2,AS
AS,anomalo,New_AS_042.wav,C:\Users\armga\OneDrive\Escritorio\TFG\Ultima implementacio Juan\ULTIMA\datasets_ruidosos\SNR_0db\AS_New_3주기\New_AS_042.wav,2,AS
AS,anomalo,New_AS_045.wav,C:\Users\armga\OneDrive\Escritorio\TFG\Ultima implementacio Juan\ULTIMA\datasets_ruidosos\SNR_0db\AS_New_3주기\New_AS_045.wav,2,AS
AS,anomalo,New_AS_046.wav,C:\Users\armga\OneDrive\Escritorio\TFG\Ultima implementacio Juan\ULTIMA\datasets_ruidosos\SNR_0db\AS_New_3주기\New_AS_046.wav,2,AS
AS,anomalo,New_AS_050.wav,C:\Users\armga\OneDrive\Escritorio\TFG\Ultima implementacio Juan\ULTIMA\datasets_ruidosos\SNR_0db\AS_New_3주기\New_AS_050.wav,2,AS
AS,anomalo,New_AS_052.wav,C:\Users\armga\OneDrive\Escritorio\TFG\Ultima implementacio Juan\ULTIMA\datasets_ruidosos\SNR_0db\AS_New_3주기\New_AS_052.wav,2,AS
AS,anomalo,New_AS_062.wav,C:\Users\armga\OneDrive\Escritorio\TFG\Ultima implementacio Juan\ULTIMA\datasets_ruidosos\SNR_0db\AS_New_3주기\New_AS_062.wav,2,AS
AS,anomalo,New_AS_063.wav,C:\Users\armga\OneDrive\Escritorio\TFG\Ultima implementacio Juan\ULTIMA\datasets_ruidosos\SNR_0db\AS_New_3주기\New_AS_063.wav,2,AS
AS,anomalo,New_AS_064.wav,C:\Users\armga\OneDrive\Escritorio\TFG\Ultima implementacio Juan\ULTIMA\datasets_ruidosos\SNR_0db\AS_New_3주기\New_AS_064.wav,2,AS
AS,anomalo,New_AS_065.wav,C:\Users\armga\OneDrive\Escritorio\TFG\Ultima implementacio Juan\ULTIMA\datasets_ruidosos\SNR_0db\AS_New_3주기\New_AS_065.wav,2,AS
AS,anomalo,New_AS_066.wav,C:\Users\armga\OneDrive\Escritorio\TFG\Ultima implementacio Juan\ULTIMA\datasets_ruidosos\SNR_0db\AS_New_3주기\New_AS_066.wav,2,AS
AS,anomalo,New_AS_067.wav,C:\Users\armga\OneDrive\Escritorio\TFG\Ultima implementacio Juan\ULTIMA\datasets_ruidosos\SNR_0db\AS_New_3주기\New_AS_067.wav,2,AS
AS,anomalo,New_AS_068.wav,C:\Users\armga\OneDrive\Escritorio\TFG\Ultima implementacio Juan\ULTIMA\datasets_ruidosos\SNR_0db\AS_New_3주기\New_AS_068.wav,2,AS
AS,anomalo,New_AS_075.wav,C:\Users\armga\OneDrive\Escritorio\TFG\Ultima implementacio Juan\ULTIMA\datasets_ruidosos\SNR_0db\AS_New_3주기\New_AS_075.wav,2,AS
AS,anomalo,New_AS_082.wav,C:\Users\armga\OneDrive\Escritorio\TFG\Ultima implementacio Juan\ULTIMA\datasets_ruidosos\SNR_0db\AS_New_3주기\New_AS_082.wav,2,AS
AS,anomalo,New_AS_084.wav,C:\Users\armga\OneDrive\Escritorio\TFG\Ultima implementacio Juan\ULTIMA\datasets_ruidosos\SNR_0db\AS_New_3주기\New_AS_084.wav,2,AS
AS,anomalo,New_AS_086.wav,C:\Users\armga\OneDrive\Escritorio\TFG\Ultima implementacio Juan\ULTIMA\datasets_ruidosos\SNR_0db\AS_New_3주기\New_AS_086.wav,2,AS
AS,anomalo,New_AS_094.wav,C:\Users\armga\OneDrive\Escritorio\TFG\Ultima implementacio Juan\ULTIMA\datasets_ruidosos\SNR_0db\AS_New_3주기\New_AS_094.wav,2,AS
AS,anomalo,New_AS_103.wav,C:\Users\armga\OneDrive\Escritorio\TFG\Ultima implementacio Juan\ULTIMA\datasets_ruidosos\SNR_0db\AS_New_3주기\New_AS_103.wav,2,AS
AS,anomalo,New_AS_109.wav,C:\Users\armga\OneDrive\Escritorio\TFG\Ultima implementacio Juan\ULTIMA\datasets_ruidosos\SNR_0db\AS_New_3주기\New_AS_109.wav,2,AS
AS,anomalo,New_AS_110.wav,C:\Users\armga\OneDrive\Escritorio\TFG\Ultima implementacio Juan\ULTIMA\datasets_ruidosos\SNR_0db\AS_New_3주기\New_AS_110.wav,2,AS
AS,anomalo,New_AS_114.wav,C:\Users\armga\OneDrive\Escritorio\TFG\Ultima implementacio Juan\ULTIMA\datasets_ruidosos\SNR_0db\AS_New_3주기\New_AS_114.wav,2,AS
AS,anomalo,New_AS_125.wav,C:\Users\armga\OneDrive\Escritorio\TFG\Ultima implementacio Juan\ULTIMA\datasets_ruidosos\SNR_0db\AS_New_3주기\New_AS_125.wav,2,AS
AS,anomalo,New_AS_126.wav,C:\Users\armga\OneDrive\Escritorio\TFG\Ultima implementacio Juan\ULTIMA\datasets_ruidosos\SNR_0db\AS_New_3주기\New_AS_126.wav,2,AS
AS,anomalo,New_AS_127.wav,C:\Users\armga\OneDrive\Escritorio\TFG\Ultima implementacio Juan\ULTIMA\datasets_ruidosos\SNR_0db\AS_New_3주기\New_AS_127.wav,2,AS
AS,anomalo,New_AS_139.wav,C:\Users\armga\OneDrive\Escritorio\TFG\Ultima implementacio Juan\ULTIMA\datasets_ruidosos\SNR_0db\AS_New_3주기\New_AS_139.wav,2,AS
AS,anomalo,New_AS_142.wav,C:\Users\armga\OneDrive\Escritorio\TFG\Ultima implementacio Juan\ULTIMA\datasets_ruidosos\SNR_0db\AS_New_3주기\New_AS_142.wav,2,AS
AS,anomalo,New_AS_149.wav,C:\Users\armga\OneDrive\Escritorio\TFG\Ultima implementacio Juan\ULTIMA\datasets_ruidosos\SNR_0db\AS_New_3주기\New_AS_149.wav,2,AS
AS,anomalo,New_AS_153.wav,C:\Users\armga\OneDrive\Escritorio\TFG\Ultima implementacio Juan\ULTIMA\datasets_ruidosos\SNR_0db\AS_New_3주기\New_AS_153.wav,2,AS
AS,anomalo,New_AS_159.wav,C:\Users\armga\OneDrive\Escritorio\TFG\Ultima implementacio Juan\ULTIMA\datasets_ruidosos\SNR_0db\AS_New_3주기\New_AS_159.wav,2,AS
AS,anomalo,New_AS_169.wav,C:\Users\armga\OneDrive\Escritorio\TFG\Ultima implementacio Juan\ULTIMA\datasets_ruidosos\SNR_0db\AS_New_3주기\New_AS_169.wav,2,AS
AS,anomalo,New_AS_179.wav,C:\Users\armga\OneDrive\Escritorio\TFG\Ultima implementacio Juan\ULTIMA\datasets_ruidosos\SNR_0db\AS_New_3주기\New_AS_179.wav,2,AS
AS,anomalo,New_AS_186.wav,C:\Users\armga\OneDrive\Escritorio\TFG\Ultima implementacio Juan\ULTIMA\datasets_ruidosos\SNR_0db\AS_New_3주기\New_AS_186.wav,2,AS
AS,anomalo,New_AS_193.wav,C:\Users\armga\OneDrive\Escritorio\TFG\Ultima implementacio Juan\ULTIMA\datasets_ruidosos\SNR_0db\AS_New_3주기\New_AS_193.wav,2,AS
AS,anomalo,New_AS_197.wav,C:\Users\armga\OneDrive\Escritorio\TFG\Ultima implementacio Juan\ULTIMA\datasets_ruidosos\SNR_0db\AS_New_3주기\New_AS_197.wav,2,AS
MR,anomalo,New_MR_010.wav,C:\Users\armga\OneDrive\Escritorio\TFG\Ultima implementacio Juan\ULTIMA\datasets_ruidosos\SNR_0db\MR_New_3주기\New_MR_010.wav,2,MR
MR,anomalo,New_MR_012.wav,C:\Users\armga\OneDrive\Escritorio\TFG\Ultima implementacio Juan\ULTIMA\datasets_ruidosos\SNR_0db\MR_New_3주기\New_MR_012.wav,2,MR
MR,anomalo,New_MR_014.wav,C:\Users\armga\OneDrive\Escritorio\TFG\Ultima implementacio Juan\ULTIMA\datasets_ruidosos\SNR_0db\MR_New_3주기\New_MR_014.wav,2,AS
MR,anomalo,New_MR_017.wav,C:\Users\armga\OneDrive\Escritorio\TFG\Ultima implementacio Juan\ULTIMA\datasets_ruidosos\SNR_0db\MR_New_3주기\New_MR_017.wav,2,MR
MR,anomalo,New_MR_018.wav,C:\Users\armga\OneDrive\Escritorio\TFG\Ultima implementacio Juan\ULTIMA\datasets_ruidosos\SNR_0db\MR_New_3주기\New_MR_018.wav,2,MR
MR,anomalo,New_MR_025.wav,C:\Users\armga\OneDrive\Escritorio\TFG\Ultima implementacio Juan\ULTIMA\datasets_ruidosos\SNR_0db\MR_New_3주기\New_MR_025.wav,2,MS
MR,anomalo,New_MR_027.wav,C:\Users\armga\OneDrive\Escritorio\TFG\Ultima implementacio Juan\ULTIMA\datasets_ruidosos\SNR_0db\MR_New_3주기\New_MR_027.wav,2,MR
MR,anomalo,New_MR_038.wav,C:\Users\armga\OneDrive\Escritorio\TFG\Ultima implementacio Juan\ULTIMA\datasets_ruidosos\SNR_0db\MR_New_3주기\New_MR_038.wav,2,MR
MR,anomalo,New_MR_040.wav,C:\Users\armga\OneDrive\Escritorio\TFG\Ultima implementacio Juan\ULTIMA\datasets_ruidosos\SNR_0db\MR_New_3주기\New_MR_040.wav,2,AS
MR,anomalo,New_MR_041.wav,C:\Users\armga\OneDrive\Escritorio\TFG\Ultima implementacio Juan\ULTIMA\datasets_ruidosos\SNR_0db\MR_New_3주기\New_MR_041.wav,2,MR
MR,anomalo,New_MR_042.wav,C:\Users\armga\OneDrive\Escritorio\TFG\Ultima implementacio Juan\ULTIMA\datasets_ruidosos\SNR_0db\MR_New_3주기\New_MR_042.wav,2,AS
MR,anomalo,New_MR_043.wav,C:\Users\armga\OneDrive\Escritorio\TFG\Ultima implementacio Juan\ULTIMA\datasets_ruidosos\SNR_0db\MR_New_3주기\New_MR_043.wav,2,MR
MR,anomalo,New_MR_044.wav,C:\Users\armga\OneDrive\Escritorio\TFG\Ultima implementacio Juan\ULTIMA\datasets_ruidosos\SNR_0db\MR_New_3주기\New_MR_044.wav,2,MR
MR,anomalo,New_MR_046.wav,C:\Users\armga\OneDrive\Escritorio\TFG\Ultima implementacio Juan\ULTIMA\datasets_ruidosos\SNR_0db\MR_New_3주기\New_MR_046.wav,2,MR
MR,anomalo,New_MR_054.wav,C:\Users\armga\OneDrive\Escritorio\TFG\Ultima implementacio Juan\ULTIMA\datasets_ruidosos\SNR_0db\MR_New_3주기\New_MR_054.wav,2,MR
MR,anomalo,New_MR_067.wav,C:\Users\armga\OneDrive\Escritorio\TFG\Ultima implementacio Juan\ULTIMA\datasets_ruidosos\SNR_0db\MR_New_3주기\New_MR_067.wav,2,MR
MR,anomalo,New_MR_070.wav,C:\Users\armga\OneDrive\Escritorio\TFG\Ultima implementacio Juan\ULTIMA\datasets_ruidosos\SNR_0db\MR_New_3주기\New_MR_070.wav,2,MR
MR,anomalo,New_MR_085.wav,C:\Users\armga\OneDrive\Escritorio\TFG\Ultima implementacio Juan\ULTIMA\datasets_ruidosos\SNR_0db\MR_New_3주기\New_MR_085.wav,2,MR
MR,anomalo,New_MR_086.wav,C:\Users\armga\OneDrive\Escritorio\TFG\Ultima implementacio Juan\ULTIMA\datasets_ruidosos\SNR_0db\MR_New_3주기\New_MR_086.wav,2,MR
MR,anomalo,New_MR_088.wav,C:\Users\armga\OneDrive\Escritorio\TFG\Ultima implementacio Juan\ULTIMA\datasets_ruidosos\SNR_0db\MR_New_3주기\New_MR_088.wav,2,AS
MR,anomalo,New_MR_095.wav,C:\Users\armga\OneDrive\Escritorio\TFG\Ultima implementacio Juan\ULTIMA\datasets_ruidosos\SNR_0db\MR_New_3주기\New_MR_095.wav,2,MR
MR,anomalo,New_MR_097.wav,C:\Users\armga\OneDrive\Escritorio\TFG\Ultima implementacio Juan\ULTIMA\datasets_ruidosos\SNR_0db\MR_New_3주기\New_MR_097.wav,2,MR
MR,anomalo,New_MR_110.wav,C:\Users\armga\OneDrive\Escritorio\TFG\Ultima implementacio Juan\ULTIMA\datasets_ruidosos\SNR_0db\MR_New_3주기\New_MR_110.wav,2,MR
MR,anomalo,New_MR_115.wav,C:\Users\armga\OneDrive\Escritorio\TFG\Ultima implementacio Juan\ULTIMA\datasets_ruidosos\SNR_0db\MR_New_3주기\New_MR_115.wav,2,MR
MR,anomalo,New_MR_117.wav,C:\Users\armga\OneDrive\Escritorio\TFG\Ultima implementacio Juan\ULTIMA\datasets_ruidosos\SNR_0db\MR_New_3주기\New_MR_117.wav,2,MR
MR,anomalo,New_MR_120.wav,C:\Users\armga\OneDrive\Escritorio\TFG\Ultima implementacio Juan\ULTIMA\datasets_ruidosos\SNR_0db\MR_New_3주기\New_MR_120.wav,2,MR
MR,anomalo,New_MR_121.wav,C:\Users\armga\OneDrive\Escritorio\TFG\Ultima implementacio Juan\ULTIMA\datasets_ruidosos\SNR_0db\MR_New_3주기\New_MR_121.wav,2,MR
MR,anomalo,New_MR_124.wav,C:\Users\armga\OneDrive\Escritorio\TFG\Ultima implementacio Juan\ULTIMA\datasets_ruidosos\SNR_0db\MR_New_3주기\New_MR_124.wav,2,MR
MR,anomalo,New_MR_125.wav,C:\Users\armga\OneDrive\Escritorio\TFG\Ultima implementacio Juan\ULTIMA\datasets_ruidosos\SNR_0db\MR_New_3주기\New_MR_125.wav,2,MR
MR,anomalo,New_MR_126.wav,C:\Users\armga\OneDrive\Escritorio\TFG\Ultima implementacio Juan\ULTIMA\datasets_ruidosos\SNR_0db\MR_New_3주기\New_MR_126.wav,2,MR
MR,anomalo,New_MR_133.wav,C:\Users\armga\OneDrive\Escritorio\TFG\Ultima implementacio Juan\ULTIMA\datasets_ruidosos\SNR_0db\MR_New_3주기\New_MR_133.wav,2,MR
MR,anomalo,New_MR_153.wav,C:\Users\armga\OneDrive\Escritorio\TFG\Ultima implementacio Juan\ULTIMA\datasets_ruidosos\SNR_0db\MR_New_3주기\New_MR_153.wav,2,MR
MR,anomalo,New_MR_159.wav,C:\Users\armga\OneDrive\Escritorio\TFG\Ultima implementacio Juan\ULTIMA\datasets_ruidosos\SNR_0db\MR_New_3주기\New_MR_159.wav,2,MR
MR,anomalo,New_MR_162.wav,C:\Users\armga\OneDrive\Escritorio\TFG\Ultima implementacio Juan\ULTIMA\datasets_ruidosos\SNR_0db\MR_New_3주기\New_MR_162.wav,2,MR
MR,anomalo,New_MR_167.wav,C:\Users\armga\OneDrive\Escritorio\TFG\Ultima implementacio Juan\ULTIMA\datasets_ruidosos\SNR_0db\MR_New_3주기\New_MR_167.wav,2,MR
MR,anomalo,New_MR_180.wav,C:\Users\armga\OneDrive\Escritorio\TFG\Ultima implementacio Juan\ULTIMA\datasets_ruidosos\SNR_0db\MR_New_3주기\New_MR_180.wav,2,MR
MR,anomalo,New_MR_184.wav,C:\Users\armga\OneDrive\Escritorio\TFG\Ultima implementacio Juan\ULTIMA\datasets_ruidosos\SNR_0db\MR_New_3주기\New_MR_184.wav,2,MR
MR,anomalo,New_MR_187.wav,C:\Users\armga\OneDrive\Escritorio\TFG\Ultima implementacio Juan\ULTIMA\datasets_ruidosos\SNR_0db\MR_New_3주기\New_MR_187.wav,2,AS
MR,anomalo,New_MR_197.wav,C:\Users\armga\OneDrive\Escritorio\TFG\Ultima implementacio Juan\ULTIMA\datasets_ruidosos\SNR_0db\MR_New_3주기\New_MR_197.wav,2,MR
MR,anomalo,New_MR_199.wav,C:\Users\armga\OneDrive\Escritorio\TFG\Ultima implementacio Juan\ULTIMA\datasets_ruidosos\SNR_0db\MR_New_3주기\New_MR_199.wav,2,MR
MS,anomalo,New_MS_002.wav,C:\Users\armga\OneDrive\Escritorio\TFG\Ultima implementacio Juan\ULTIMA\datasets_ruidosos\SNR_0db\MS_New_3주기\New_MS_002.wav,2,MVP
MS,anomalo,New_MS_003.wav,C:\Users\armga\OneDrive\Escritorio\TFG\Ultima implementacio Juan\ULTIMA\datasets_ruidosos\SNR_0db\MS_New_3주기\New_MS_003.wav,2,MVP
MS,anomalo,New_MS_005.wav,C:\Users\armga\OneDrive\Escritorio\TFG\Ultima implementacio Juan\ULTIMA\datasets_ruidosos\SNR_0db\MS_New_3주기\New_MS_005.wav,2,MS
MS,anomalo,New_MS_011.wav,C:\Users\armga\OneDrive\Escritorio\TFG\Ultima implementacio Juan\ULTIMA\datasets_ruidosos\SNR_0db\MS_New_3주기\New_MS_011.wav,2,MS
MS,anomalo,New_MS_014.wav,C:\Users\armga\OneDrive\Escritorio\TFG\Ultima implementacio Juan\ULTIMA\datasets_ruidosos\SNR_0db\MS_New_3주기\New_MS_014.wav,2,MS
MS,anomalo,New_MS_017.wav,C:\Users\armga\OneDrive\Escritorio\TFG\Ultima implementacio Juan\ULTIMA\datasets_ruidosos\SNR_0db\MS_New_3주기\New_MS_017.wav,2,MS
MS,anomalo,New_MS_023.wav,C:\Users\armga\OneDrive\Escritorio\TFG\Ultima implementacio Juan\ULTIMA\datasets_ruidosos\SNR_0db\MS_New_3주기\New_MS_023.wav,2,MS
MS,anomalo,New_MS_027.wav,C:\Users\armga\OneDrive\Escritorio\TFG\Ultima implementacio Juan\ULTIMA\datasets_ruidosos\SNR_0db\MS_New_3주기\New_MS_027.wav,2,MS
MS,anomalo,New_MS_032.wav,C:\Users\armga\OneDrive\Escritorio\TFG\Ultima implementacio Juan\ULTIMA\datasets_ruidosos\SNR_0db\MS_New_3주기\New_MS_032.wav,2,MS
MS,anomalo,New_MS_038.wav,C:\Users\armga\OneDrive\Escritorio\TFG\Ultima implementacio Juan\ULTIMA\datasets_ruidosos\SNR_0db\MS_New_3주기\New_MS_038.wav,2,MS
MS,anomalo,New_MS_045.wav,C:\Users\armga\OneDrive\Escritorio\TFG\Ultima implementacio Juan\ULTIMA\datasets_ruidosos\SNR_0db\MS_New_3주기\New_MS_045.wav,2,MS
MS,anomalo,New_MS_056.wav,C:\Users\armga\OneDrive\Escritorio\TFG\Ultima implementacio Juan\ULTIMA\datasets_ruidosos\SNR_0db\MS_New_3주기\New_MS_056.wav,2,MS
MS,anomalo,New_MS_058.wav,C:\Users\armga\OneDrive\Escritorio\TFG\Ultima implementacio Juan\ULTIMA\datasets_ruidosos\SNR_0db\MS_New_3주기\New_MS_058.wav,2,MS
MS,anomalo,New_MS_065.wav,C:\Users\armga\OneDrive\Escritorio\TFG\Ultima implementacio Juan\ULTIMA\datasets_ruidosos\SNR_0db\MS_New_3주기\New_MS_065.wav,2,MS
MS,anomalo,New_MS_067.wav,C:\Users\armga\OneDrive\Escritorio\TFG\Ultima implementacio Juan\ULTIMA\datasets_ruidosos\SNR_0db\MS_New_3주기\New_MS_067.wav,2,MS
MS,anomalo,New_MS_073.wav,C:\Users\armga\OneDrive\Escritorio\TFG\Ultima implementacio Juan\ULTIMA\datasets_ruidosos\SNR_0db\MS_New_3주기\New_MS_073.wav,2,MS
MS,anomalo,New_MS_077.wav,C:\Users\armga\OneDrive\Escritorio\TFG\Ultima implementacio Juan\ULTIMA\datasets_ruidosos\SNR_0db\MS_New_3주기\New_MS_077.wav,2,MS
MS,anomalo,New_MS_080.wav,C:\Users\armga\OneDrive\Escritorio\TFG\Ultima implementacio Juan\ULTIMA\datasets_ruidosos\SNR_0db\MS_New_3주기\New_MS_080.wav,2,MS
MS,anomalo,New_MS_081.wav,C:\Users\armga\OneDrive\Escritorio\TFG\Ultima implementacio Juan\ULTIMA\datasets_ruidosos\SNR_0db\MS_New_3주기\New_MS_081.wav,2,MS
MS,anomalo,New_MS_083.wav,C:\Users\armga\OneDrive\Escritorio\TFG\Ultima implementacio Juan\ULTIMA\datasets_ruidosos\SNR_0db\MS_New_3주기\New_MS_083.wav,2,MS
MS,anomalo,New_MS_084.wav,C:\Users\armga\OneDrive\Escritorio\TFG\Ultima implementacio Juan\ULTIMA\datasets_ruidosos\SNR_0db\MS_New_3주기\New_MS_084.wav,2,MS
MS,anomalo,New_MS_092.wav,C:\Users\armga\OneDrive\Escritorio\TFG\Ultima implementacio Juan\ULTIMA\datasets_ruidosos\SNR_0db\MS_New_3주기\New_MS_092.wav,2,MS
MS,anomalo,New_MS_095.wav,C:\Users\armga\OneDrive\Escritorio\TFG\Ultima implementacio Juan\ULTIMA\datasets_ruidosos\SNR_0db\MS_New_3주기\New_MS_095.wav,2,MS
MS,anomalo,New_MS_099.wav,C:\Users\armga\OneDrive\Escritorio\TFG\Ultima implementacio Juan\ULTIMA\datasets_ruidosos\SNR_0db\MS_New_3주기\New_MS_099.wav,2,MS
MS,anomalo,New_MS_105.wav,C:\Users\armga\OneDrive\Escritorio\TFG\Ultima implementacio Juan\ULTIMA\datasets_ruidosos\SNR_0db\MS_New_3주기\New_MS_105.wav,2,MS
MS,anomalo,New_MS_108.wav,C:\Users\armga\OneDrive\Escritorio\TFG\Ultima implementacio Juan\ULTIMA\datasets_ruidosos\SNR_0db\MS_New_3주기\New_MS_108.wav,2,MS
MS,anomalo,New_MS_111.wav,C:\Users\armga\OneDrive\Escritorio\TFG\Ultima implementacio Juan\ULTIMA\datasets_ruidosos\SNR_0db\MS_New_3주기\New_MS_111.wav,2,MS
MS,anomalo,New_MS_119.wav,C:\Users\armga\OneDrive\Escritorio\TFG\Ultima implementacio Juan\ULTIMA\datasets_ruidosos\SNR_0db\MS_New_3주기\New_MS_119.wav,2,MR
MS,anomalo,New_MS_136.wav,C:\Users\armga\OneDrive\Escritorio\TFG\Ultima implementacio Juan\ULTIMA\datasets_ruidosos\SNR_0db\MS_New_3주기\New_MS_136.wav,2,MS
MS,anomalo,New_MS_137.wav,C:\Users\armga\OneDrive\Escritorio\TFG\Ultima implementacio Juan\ULTIMA\datasets_ruidosos\SNR_0db\MS_New_3주기\New_MS_137.wav,2,N
MS,anomalo,New_MS_140.wav,C:\Users\armga\OneDrive\Escritorio\TFG\Ultima implementacio Juan\ULTIMA\datasets_ruidosos\SNR_0db\MS_New_3주기\New_MS_140.wav,2,MS
MS,anomalo,New_MS_149.wav,C:\Users\armga\OneDrive\Escritorio\TFG\Ultima implementacio Juan\ULTIMA\datasets_ruidosos\SNR_0db\MS_New_3주기\New_MS_149.wav,2,MS
MS,anomalo,New_MS_154.wav,C:\Users\armga\OneDrive\Escritorio\TFG\Ultima implementacio Juan\ULTIMA\datasets_ruidosos\SNR_0db\MS_New_3주기\New_MS_154.wav,2,MS
MS,anomalo,New_MS_159.wav,C:\Users\armga\OneDrive\Escritorio\TFG\Ultima implementacio Juan\ULTIMA\datasets_ruidosos\SNR_0db\MS_New_3주기\New_MS_159.wav,2,MS
MS,anomalo,New_MS_166.wav,C:\Users\armga\OneDrive\Escritorio\TFG\Ultima implementacio Juan\ULTIMA\datasets_ruidosos\SNR_0db\MS_New_3주기\New_MS_166.wav,2,MS
MS,anomalo,New_MS_168.wav,C:\Users\armga\OneDrive\Escritorio\TFG\Ultima implementacio Juan\ULTIMA\datasets_ruidosos\SNR_0db\MS_New_3주기\New_MS_168.wav,2,MS
MS,anomalo,New_MS_171.wav,C:\Users\armga\OneDrive\Escritorio\TFG\Ultima implementacio Juan\ULTIMA\datasets_ruidosos\SNR_0db\MS_New_3주기\New_MS_171.wav,2,MS
MS,anomalo,New_MS_177.wav,C:\Users\armga\OneDrive\Escritorio\TFG\Ultima implementacio Juan\ULTIMA\datasets_ruidosos\SNR_0db\MS_New_3주기\New_MS_177.wav,2,MS
MS,anomalo,New_MS_186.wav,C:\Users\armga\OneDrive\Escritorio\TFG\Ultima implementacio Juan\ULTIMA\datasets_ruidosos\SNR_0db\MS_New_3주기\New_MS_186.wav,2,MS
MS,anomalo,New_MS_188.wav,C:\Users\armga\OneDrive\Escritorio\TFG\Ultima implementacio Juan\ULTIMA\datasets_ruidosos\SNR_0db\MS_New_3주기\New_MS_188.wav,2,MS
MVP,anomalo,New_MVP_007.wav,C:\Users\armga\OneDrive\Escritorio\TFG\Ultima implementacio Juan\ULTIMA\datasets_ruidosos\SNR_0db\MVP_New_3주기\New_MVP_007.wav,2,MVP
MVP,anomalo,New_MVP_012.wav,C:\Users\armga\OneDrive\Escritorio\TFG\Ultima implementacio Juan\ULTIMA\datasets_ruidosos\SNR_0db\MVP_New_3주기\New_MVP_012.wav,2,MVP
MVP,anomalo,New_MVP_013.wav,C:\Users\armga\OneDrive\Escritorio\TFG\Ultima implementacio Juan\ULTIMA\datasets_ruidosos\SNR_0db\MVP_New_3주기\New_MVP_013.wav,2,MVP
MVP,anomalo,New_MVP_019.wav,C:\Users\armga\OneDrive\Escritorio\TFG\Ultima implementacio Juan\ULTIMA\datasets_ruidosos\SNR_0db\MVP_New_3주기\New_MVP_019.wav,2,MVP
MVP,anomalo,New_MVP_030.wav,C:\Users\armga\OneDrive\Escritorio\TFG\Ultima implementacio Juan\ULTIMA\datasets_ruidosos\SNR_0db\MVP_New_3주기\New_MVP_030.wav,2,MVP
MVP,anomalo,New_MVP_031.wav,C:\Users\armga\OneDrive\Escritorio\TFG\Ultima implementacio Juan\ULTIMA\datasets_ruidosos\SNR_0db\MVP_New_3주기\New_MVP_031.wav,2,MVP
MVP,anomalo,New_MVP_035.wav,C:\Users\armga\OneDrive\Escritorio\TFG\Ultima implementacio Juan\ULTIMA\datasets_ruidosos\SNR_0db\MVP_New_3주기\New_MVP_035.wav,2,MVP
MVP,anomalo,New_MVP_038.wav,C:\Users\armga\OneDrive\Escritorio\TFG\Ultima implementacio Juan\ULTIMA\datasets_ruidosos\SNR_0db\MVP_New_3주기\New_MVP_038.wav,2,MVP
MVP,anomalo,New_MVP_040.wav,C:\Users\armga\OneDrive\Escritorio\TFG\Ultima implementacio Juan\ULTIMA\datasets_ruidosos\SNR_0db\MVP_New_3주기\New_MVP_040.wav,2,MVP
MVP,anomalo,New_MVP_043.wav,C:\Users\armga\OneDrive\Escritorio\TFG\Ultima implementacio Juan\ULTIMA\datasets_ruidosos\SNR_0db\MVP_New_3주기\New_MVP_043.wav,2,MVP
MVP,anomalo,New_MVP_045.wav,C:\Users\armga\OneDrive\Escritorio\TFG\Ultima implementacio Juan\ULTIMA\datasets_ruidosos\SNR_0db\MVP_New_3주기\New_MVP_045.wav,2,MVP
MVP,anomalo,New_MVP_053.wav,C:\Users\armga\OneDrive\Escritorio\TFG\Ultima implementacio Juan\ULTIMA\datasets_ruidosos\SNR_0db\MVP_New_3주기\New_MVP_053.wav,2,MVP
MVP,anomalo,New_MVP_064.wav,C:\Users\armga\OneDrive\Escritorio\TFG\Ultima implementacio Juan\ULTIMA\datasets_ruidosos\SNR_0db\MVP_New_3주기\New_MVP_064.wav,2,MVP
MVP,anomalo,New_MVP_067.wav,C:\Users\armga\OneDrive\Escritorio\TFG\Ultima implementacio Juan\ULTIMA\datasets_ruidosos\SNR_0db\MVP_New_3주기\New_MVP_067.wav,2,MVP
MVP,anomalo,New_MVP_071.wav,C:\Users\armga\OneDrive\Escritorio\TFG\Ultima implementacio Juan\ULTIMA\datasets_ruidosos\SNR_0db\MVP_New_3주기\New_MVP_071.wav,2,MVP
MVP,anomalo,New_MVP_075.wav,C:\Users\armga\OneDrive\Escritorio\TFG\Ultima implementacio Juan\ULTIMA\datasets_ruidosos\SNR_0db\MVP_New_3주기\New_MVP_075.wav,2,MVP
MVP,anomalo,New_MVP_081.wav,C:\Users\armga\OneDrive\Escritorio\TFG\Ultima implementacio Juan\ULTIMA\datasets_ruidosos\SNR_0db\MVP_New_3주기\New_MVP_081.wav,2,MVP
MVP,anomalo,New_MVP_089.wav,C:\Users\armga\OneDrive\Escritorio\TFG\Ultima implementacio Juan\ULTIMA\datasets_ruidosos\SNR_0db\MVP_New_3주기\New_MVP_089.wav,2,MVP
MVP,anomalo,New_MVP_092.wav,C:\Users\armga\OneDrive\Escritorio\TFG\Ultima implementacio Juan\ULTIMA\datasets_ruidosos\SNR_0db\MVP_New_3주기\New_MVP_092.wav,2,MVP
MVP,anomalo,New_MVP_093.wav,C:\Users\armga\OneDrive\Escritorio\TFG\Ultima implementacio Juan\ULTIMA\datasets_ruidosos\SNR_0db\MVP_New_3주기\New_MVP_093.wav,2,MVP
MVP,anomalo,New_MVP_099.wav,C:\Users\armga\OneDrive\Escritorio\TFG\Ultima implementacio Juan\ULTIMA\datasets_ruidosos\SNR_0db\MVP_New_3주기\New_MVP_099.wav,2,MVP
MVP,anomalo,New_MVP_104.wav,C:\Users\armga\OneDrive\Escritorio\TFG\Ultima implementacio Juan\ULTIMA\datasets_ruidosos\SNR_0db\MVP_New_3주기\New_MVP_104.wav,2,MR
MVP,anomalo,New_MVP_106.wav,C:\Users\armga\OneDrive\Escritorio\TFG\Ultima implementacio Juan\ULTIMA\datasets_ruidosos\SNR_0db\MVP_New_3주기\New_MVP_106.wav,2,N
MVP,anomalo,New_MVP_108.wav,C:\Users\armga\OneDrive\Escritorio\TFG\Ultima implementacio Juan\ULTIMA\datasets_ruidosos\SNR_0db\MVP_New_3주기\New_MVP_108.wav,2,MS
MVP,anomalo,New_MVP_111.wav,C:\Users\armga\OneDrive\Escritorio\TFG\Ultima implementacio Juan\ULTIMA\datasets_ruidosos\SNR_0db\MVP_New_3주기\New_MVP_111.wav,2,MVP
MVP,anomalo,New_MVP_112.wav,C:\Users\armga\OneDrive\Escritorio\TFG\Ultima implementacio Juan\ULTIMA\datasets_ruidosos\SNR_0db\MVP_New_3주기\New_MVP_112.wav,2,MVP
MVP,anomalo,New_MVP_127.wav,C:\Users\armga\OneDrive\Escritorio\TFG\Ultima implementacio Juan\ULTIMA\datasets_ruidosos\SNR_0db\MVP_New_3주기\New_MVP_127.wav,2,MVP
MVP,anomalo,New_MVP_129.wav,C:\Users\armga\OneDrive\Escritorio\TFG\Ultima implementacio Juan\ULTIMA\datasets_ruidosos\SNR_0db\MVP_New_3주기\New_MVP_129.wav,2,N
MVP,anomalo,New_MVP_133.wav,C:\Users\armga\OneDrive\Escritorio\TFG\Ultima implementacio Juan\ULTIMA\datasets_ruidosos\SNR_0db\MVP_New_3주기\New_MVP_133.wav,2,MVP
MVP,anomalo,New_MVP_167.wav,C:\Users\armga\OneDrive\Escritorio\TFG\Ultima implementacio Juan\ULTIMA\datasets_ruidosos\SNR_0db\MVP_New_3주기\New_MVP_167.wav,2,MVP
MVP,anomalo,New_MVP_168.wav,C:\Users\armga\OneDrive\Escritorio\TFG\Ultima implementacio Juan\ULTIMA\datasets_ruidosos\SNR_0db\MVP_New_3주기\New_MVP_168.wav,2,MVP
MVP,anomalo,New_MVP_171.wav,C:\Users\armga\OneDrive\Escritorio\TFG\Ultima implementacio Juan\ULTIMA\datasets_ruidosos\SNR_0db\MVP_New_3주기\New_MVP_171.wav,2,MVP
MVP,anomalo,New_MVP_173.wav,C:\Users\armga\OneDrive\Escritorio\TFG\Ultima implementacio Juan\ULTIMA\datasets_ruidosos\SNR_0db\MVP_New_3주기\New_MVP_173.wav,2,MVP
MVP,anomalo,New_MVP_175.wav,C:\Users\armga\OneDrive\Escritorio\TFG\Ultima implementacio Juan\ULTIMA\datasets_ruidosos\SNR_0db\MVP_New_3주기\New_MVP_175.wav,2,MVP
MVP,anomalo,New_MVP_177.wav,C:\Users\armga\OneDrive\Escritorio\TFG\Ultima implementacio Juan\ULTIMA\datasets_ruidosos\SNR_0db\MVP_New_3주기\New_MVP_177.wav,2,MVP
MVP,anomalo,New_MVP_178.wav,C:\Users\armga\OneDrive\Escritorio\TFG\Ultima implementacio Juan\ULTIMA\datasets_ruidosos\SNR_0db\MVP_New_3주기\New_MVP_178.wav,2,MVP
MVP,anomalo,New_MVP_181.wav,C:\Users\armga\OneDrive\Escritorio\TFG\Ultima implementacio Juan\ULTIMA\datasets_ruidosos\SNR_0db\MVP_New_3주기\New_MVP_181.wav,2,MVP
MVP,anomalo,New_MVP_186.wav,C:\Users\armga\OneDrive\Escritorio\TFG\Ultima implementacio Juan\ULTIMA\datasets_ruidosos\SNR_0db\MVP_New_3주기\New_MVP_186.wav,2,MVP
MVP,anomalo,New_MVP_195.wav,C:\Users\armga\OneDrive\Escritorio\TFG\Ultima implementacio Juan\ULTIMA\datasets_ruidosos\SNR_0db\MVP_New_3주기\New_MVP_195.wav,2,MVP
MVP,anomalo,New_MVP_197.wav,C:\Users\armga\OneDrive\Escritorio\TFG\Ultima implementacio Juan\ULTIMA\datasets_ruidosos\SNR_0db\MVP_New_3주기\New_MVP_197.wav,2,MVP
N,normal,New_N_001.wav,C:\Users\armga\OneDrive\Escritorio\TFG\Ultima implementacio Juan\ULTIMA\datasets_ruidosos\SNR_0db\N_New_3주기\New_N_001.wav,3,N
N,normal,New_N_006.wav,C:\Users\armga\OneDrive\Escritorio\TFG\Ultima implementacio Juan\ULTIMA\datasets_ruidosos\SNR_0db\N_New_3주기\New_N_006.wav,3,N
N,normal,New_N_019.wav,C:\Users\armga\OneDrive\Escritorio\TFG\Ultima implementacio Juan\ULTIMA\datasets_ruidosos\SNR_0db\N_New_3주기\New_N_019.wav,3,N
N,normal,New_N_024.wav,C:\Users\armga\OneDrive\Escritorio\TFG\Ultima implementacio Juan\ULTIMA\datasets_ruidosos\SNR_0db\N_New_3주기\New_N_024.wav,3,N
N,normal,New_N_027.wav,C:\Users\armga\OneDrive\Escritorio\TFG\Ultima implementacio Juan\ULTIMA\datasets_ruidosos\SNR_0db\N_New_3주기\New_N_027.wav,3,N
N,normal,New_N_036.wav,C:\Users\armga\OneDrive\Escritorio\TFG\Ultima implementacio Juan\ULTIMA\datasets_ruidosos\SNR_0db\N_New_3주기\New_N_036.wav,3,N
N,normal,New_N_050.wav,C:\Users\armga\OneDrive\Escritorio\TFG\Ultima implementacio Juan\ULTIMA\datasets_ruidosos\SNR_0db\N_New_3주기\New_N_050.wav,3,N
N,normal,New_N_051.wav,C:\Users\armga\OneDrive\Escritorio\TFG\Ultima implementacio Juan\ULTIMA\datasets_ruidosos\SNR_0db\N_New_3주기\New_N_051.wav,3,N
N,normal,New_N_055.wav,C:\Users\armga\OneDrive\Escritorio\TFG\Ultima implementacio Juan\ULTIMA\datasets_ruidosos\SNR_0db\N_New_3주기\New_N_055.wav,3,N
N,normal,New_N_058.wav,C:\Users\armga\OneDrive\Escritorio\TFG\Ultima implementacio Juan\ULTIMA\datasets_ruidosos\SNR_0db\N_New_3주기\New_N_058.wav,3,N
N,normal,New_N_060.wav,C:\Users\armga\OneDrive\Escritorio\TFG\Ultima implementacio Juan\ULTIMA\datasets_ruidosos\SNR_0db\N_New_3주기\New_N_060.wav,3,N
N,normal,New_N_062.wav,C:\Users\armga\OneDrive\Escritorio\TFG\Ultima implementacio Juan\ULTIMA\datasets_ruidosos\SNR_0db\N_New_3주기\New_N_062.wav,3,N
N,normal,New_N_066.wav,C:\Users\armga\OneDrive\Escritorio\TFG\Ultima implementacio Juan\ULTIMA\datasets_ruidosos\SNR_0db\N_New_3주기\New_N_066.wav,3,N
N,normal,New_N_069.wav,C:\Users\armga\OneDrive\Escritorio\TFG\Ultima implementacio Juan\ULTIMA\datasets_ruidosos\SNR_0db\N_New_3주기\New_N_069.wav,3,N
N,normal,New_N_075.wav,C:\Users\armga\OneDrive\Escritorio\TFG\Ultima implementacio Juan\ULTIMA\datasets_ruidosos\SNR_0db\N_New_3주기\New_N_075.wav,3,N
N,normal,New_N_076.wav,C:\Users\armga\OneDrive\Escritorio\TFG\Ultima implementacio Juan\ULTIMA\datasets_ruidosos\SNR_0db\N_New_3주기\New_N_076.wav,3,N
N,normal,New_N_079.wav,C:\Users\armga\OneDrive\Escritorio\TFG\Ultima implementacio Juan\ULTIMA\datasets_ruidosos\SNR_0db\N_New_3주기\New_N_079.wav,3,N
N,normal,New_N_080.wav,C:\Users\armga\OneDrive\Escritorio\TFG\Ultima implementacio Juan\ULTIMA\datasets_ruidosos\SNR_0db\N_New_3주기\New_N_080.wav,3,N
N,normal,New_N_086.wav,C:\Users\armga\OneDrive\Escritorio\TFG\Ultima implementacio Juan\ULTIMA\datasets_ruidosos\SNR_0db\N_New_3주기\New_N_086.wav,3,N
N,normal,New_N_093.wav,C:\Users\armga\OneDrive\Escritorio\TFG\Ultima implementacio Juan\ULTIMA\datasets_ruidosos\SNR_0db\N_New_3주기\New_N_093.wav,3,N
N,normal,New_N_105.wav,C:\Users\armga\OneDrive\Escritorio\TFG\Ultima implementacio Juan\ULTIMA\datasets_ruidosos\SNR_0db\N_New_3주기\New_N_105.wav,3,N
N,normal,New_N_109.wav,C:\Users\armga\OneDrive\Escritorio\TFG\Ultima implementacio Juan\ULTIMA\datasets_ruidosos\SNR_0db\N_New_3주기\New_N_109.wav,3,N
N,normal,New_N_122.wav,C:\Users\armga\OneDrive\Escritorio\TFG\Ultima implementacio Juan\ULTIMA\datasets_ruidosos\SNR_0db\N_New_3주기\New_N_122.wav,3,N
N,normal,New_N_129.wav,C:\Users\armga\OneDrive\Escritorio\TFG\Ultima implementacio Juan\ULTIMA\datasets_ruidosos\SNR_0db\N_New_3주기\New_N_129.wav,3,N
N,normal,New_N_133.wav,C:\Users\armga\OneDrive\Escritorio\TFG\Ultima implementacio Juan\ULTIMA\datasets_ruidosos\SNR_0db\N_New_3주기\New_N_133.wav,3,N
N,normal,New_N_138.wav,C:\Users\armga\OneDrive\Escritorio\TFG\Ultima implementacio Juan\ULTIMA\datasets_ruidosos\SNR_0db\N_New_3주기\New_N_138.wav,3,N
N,normal,New_N_145.wav,C:\Users\armga\OneDrive\Escritorio\TFG\Ultima implementacio Juan\ULTIMA\datasets_ruidosos\SNR_0db\N_New_3주기\New_N_145.wav,3,N
N,normal,New_N_148.wav,C:\Users\armga\OneDrive\Escritorio\TFG\Ultima implementacio Juan\ULTIMA\datasets_ruidosos\SNR_0db\N_New_3주기\New_N_148.wav,3,N
N,normal,New_N_149.wav,C:\Users\armga\OneDrive\Escritorio\TFG\Ultima implementacio Juan\ULTIMA\datasets_ruidosos\SNR_0db\N_New_3주기\New_N_149.wav,3,N
N,normal,New_N_150.wav,C:\Users\armga\OneDrive\Escritorio\TFG\Ultima implementacio Juan\ULTIMA\datasets_ruidosos\SNR_0db\N_New_3주기\New_N_150.wav,3,N
N,normal,New_N_153.wav,C:\Users\armga\OneDrive\Escritorio\TFG\Ultima implementacio Juan\ULTIMA\datasets_ruidosos\SNR_0db\N_New_3주기\New_N_153.wav,3,N
N,normal,New_N_167.wav,C:\Users\armga\OneDrive\Escritorio\TFG\Ultima implementacio Juan\ULTIMA\datasets_ruidosos\SNR_0db\N_New_3주기\New_N_167.wav,3,N
N,normal,New_N_172.wav,C:\Users\armga\OneDrive\Escritorio\TFG\Ultima implementacio Juan\ULTIMA\datasets_ruidosos\SNR_0db\N_New_3주기\New_N_172.wav,3,N
N,normal,New_N_186.wav,C:\Users\armga\OneDrive\Escritorio\TFG\Ultima implementacio Juan\ULTIMA\datasets_ruidosos\SNR_0db\N_New_3주기\New_N_186.wav,3,N
N,normal,New_N_187.wav,C:\Users\armga\OneDrive\Escritorio\TFG\Ultima implementacio Juan\ULTIMA\datasets_ruidosos\SNR_0db\N_New_3주기\New_N_187.wav,3,N
N,normal,New_N_188.wav,C:\Users\armga\OneDrive\Escritorio\TFG\Ultima implementacio Juan\ULTIMA\datasets_ruidosos\SNR_0db\N_New_3주기\New_N_188.wav,3,N
N,normal,New_N_189.wav,C:\Users\armga\OneDrive\Escritorio\TFG\Ultima implementacio Juan\ULTIMA\datasets_ruidosos\SNR_0db\N_New_3주기\New_N_189.wav,3,N
N,normal,New_N_196.wav,C:\Users\armga\OneDrive\Escritorio\TFG\Ultima implementacio Juan\ULTIMA\datasets_ruidosos\SNR_0db\N_New_3주기\New_N_196.wav,3,N
N,normal,New_N_198.wav,C:\Users\armga\OneDrive\Escritorio\TFG\Ultima implementacio Juan\ULTIMA\datasets_ruidosos\SNR_0db\N_New_3주기\New_N_198.wav,3,N
N,normal,New_N_200.wav,C:\Users\armga\OneDrive\Escritorio\TFG\Ultima implementacio Juan\ULTIMA\datasets_ruidosos\SNR_0db\N_New_3주기\New_N_200.wav,3,MR
AS,anomalo,New_AS_005.wav,C:\Users\armga\OneDrive\Escritorio\TFG\Ultima implementacio Juan\ULTIMA\datasets_ruidosos\SNR_0db\AS_New_3주기\New_AS_005.wav,3,AS
AS,anomalo,New_AS_007.wav,C:\Users\armga\OneDrive\Escritorio\TFG\Ultima implementacio Juan\ULTIMA\datasets_ruidosos\SNR_0db\AS_New_3주기\New_AS_007.wav,3,AS
AS,anomalo,New_AS_011.wav,C:\Users\armga\OneDrive\Escritorio\TFG\Ultima implementacio Juan\ULTIMA\datasets_ruidosos\SNR_0db\AS_New_3주기\New_AS_011.wav,3,AS
AS,anomalo,New_AS_017.wav,C:\Users\armga\OneDrive\Escritorio\TFG\Ultima implementacio Juan\ULTIMA\datasets_ruidosos\SNR_0db\AS_New_3주기\New_AS_017.wav,3,AS
AS,anomalo,New_AS_018.wav,C:\Users\armga\OneDrive\Escritorio\TFG\Ultima implementacio Juan\ULTIMA\datasets_ruidosos\SNR_0db\AS_New_3주기\New_AS_018.wav,3,AS
AS,anomalo,New_AS_020.wav,C:\Users\armga\OneDrive\Escritorio\TFG\Ultima implementacio Juan\ULTIMA\datasets_ruidosos\SNR_0db\AS_New_3주기\New_AS_020.wav,3,AS
AS,anomalo,New_AS_023.wav,C:\Users\armga\OneDrive\Escritorio\TFG\Ultima implementacio Juan\ULTIMA\datasets_ruidosos\SNR_0db\AS_New_3주기\New_AS_023.wav,3,AS
AS,anomalo,New_AS_025.wav,C:\Users\armga\OneDrive\Escritorio\TFG\Ultima implementacio Juan\ULTIMA\datasets_ruidosos\SNR_0db\AS_New_3주기\New_AS_025.wav,3,AS
AS,anomalo,New_AS_029.wav,C:\Users\armga\OneDrive\Escritorio\TFG\Ultima implementacio Juan\ULTIMA\datasets_ruidosos\SNR_0db\AS_New_3주기\New_AS_029.wav,3,AS
AS,anomalo,New_AS_036.wav,C:\Users\armga\OneDrive\Escritorio\TFG\Ultima implementacio Juan\ULTIMA\datasets_ruidosos\SNR_0db\AS_New_3주기\New_AS_036.wav,3,AS
AS,anomalo,New_AS_038.wav,C:\Users\armga\OneDrive\Escritorio\TFG\Ultima implementacio Juan\ULTIMA\datasets_ruidosos\SNR_0db\AS_New_3주기\New_AS_038.wav,3,AS
AS,anomalo,New_AS_040.wav,C:\Users\armga\OneDrive\Escritorio\TFG\Ultima implementacio Juan\ULTIMA\datasets_ruidosos\SNR_0db\AS_New_3주기\New_AS_040.wav,3,AS
AS,anomalo,New_AS_044.wav,C:\Users\armga\OneDrive\Escritorio\TFG\Ultima implementacio Juan\ULTIMA\datasets_ruidosos\SNR_0db\AS_New_3주기\New_AS_044.wav,3,AS
AS,anomalo,New_AS_049.wav,C:\Users\armga\OneDrive\Escritorio\TFG\Ultima implementacio Juan\ULTIMA\datasets_ruidosos\SNR_0db\AS_New_3주기\New_AS_049.wav,3,AS
AS,anomalo,New_AS_054.wav,C:\Users\armga\OneDrive\Escritorio\TFG\Ultima implementacio Juan\ULTIMA\datasets_ruidosos\SNR_0db\AS_New_3주기\New_AS_054.wav,3,AS
AS,anomalo,New_AS_056.wav,C:\Users\armga\OneDrive\Escritorio\TFG\Ultima implementacio Juan\ULTIMA\datasets_ruidosos\SNR_0db\AS_New_3주기\New_AS_056.wav,3,AS
AS,anomalo,New_AS_061.wav,C:\Users\armga\OneDrive\Escritorio\TFG\Ultima implementacio Juan\ULTIMA\datasets_ruidosos\SNR_0db\AS_New_3주기\New_AS_061.wav,3,AS
AS,anomalo,New_AS_072.wav,C:\Users\armga\OneDrive\Escritorio\TFG\Ultima implementacio Juan\ULTIMA\datasets_ruidosos\SNR_0db\AS_New_3주기\New_AS_072.wav,3,AS
AS,anomalo,New_AS_087.wav,C:\Users\armga\OneDrive\Escritorio\TFG\Ultima implementacio Juan\ULTIMA\datasets_ruidosos\SNR_0db\AS_New_3주기\New_AS_087.wav,3,AS
AS,anomalo,New_AS_091.wav,C:\Users\armga\OneDrive\Escritorio\TFG\Ultima implementacio Juan\ULTIMA\datasets_ruidosos\SNR_0db\AS_New_3주기\New_AS_091.wav,3,AS
AS,anomalo,New_AS_096.wav,C:\Users\armga\OneDrive\Escritorio\TFG\Ultima implementacio Juan\ULTIMA\datasets_ruidosos\SNR_0db\AS_New_3주기\New_AS_096.wav,3,AS
AS,anomalo,New_AS_097.wav,C:\Users\armga\OneDrive\Escritorio\TFG\Ultima implementacio Juan\ULTIMA\datasets_ruidosos\SNR_0db\AS_New_3주기\New_AS_097.wav,3,AS
AS,anomalo,New_AS_104.wav,C:\Users\armga\OneDrive\Escritorio\TFG\Ultima implementacio Juan\ULTIMA\datasets_ruidosos\SNR_0db\AS_New_3주기\New_AS_104.wav,3,AS
AS,anomalo,New_AS_108.wav,C:\Users\armga\OneDrive\Escritorio\TFG\Ultima implementacio Juan\ULTIMA\datasets_ruidosos\SNR_0db\AS_New_3주기\New_AS_108.wav,3,AS
AS,anomalo,New_AS_111.wav,C:\Users\armga\OneDrive\Escritorio\TFG\Ultima implementacio Juan\ULTIMA\datasets_ruidosos\SNR_0db\AS_New_3주기\New_AS_111.wav,3,AS
AS,anomalo,New_AS_124.wav,C:\Users\armga\OneDrive\Escritorio\TFG\Ultima implementacio Juan\ULTIMA\datasets_ruidosos\SNR_0db\AS_New_3주기\New_AS_124.wav,3,AS
AS,anomalo,New_AS_131.wav,C:\Users\armga\OneDrive\Escritorio\TFG\Ultima implementacio Juan\ULTIMA\datasets_ruidosos\SNR_0db\AS_New_3주기\New_AS_131.wav,3,MR
AS,anomalo,New_AS_136.wav,C:\Users\armga\OneDrive\Escritorio\TFG\Ultima implementacio Juan\ULTIMA\datasets_ruidosos\SNR_0db\AS_New_3주기\New_AS_136.wav,3,AS
AS,anomalo,New_AS_141.wav,C:\Users\armga\OneDrive\Escritorio\TFG\Ultima implementacio Juan\ULTIMA\datasets_ruidosos\SNR_0db\AS_New_3주기\New_AS_141.wav,3,AS
AS,anomalo,New_AS_152.wav,C:\Users\armga\OneDrive\Escritorio\TFG\Ultima implementacio Juan\ULTIMA\datasets_ruidosos\SNR_0db\AS_New_3주기\New_AS_152.wav,3,AS
AS,anomalo,New_AS_154.wav,C:\Users\armga\OneDrive\Escritorio\TFG\Ultima implementacio Juan\ULTIMA\datasets_ruidosos\SNR_0db\AS_New_3주기\New_AS_154.wav,3,AS
AS,anomalo,New_AS_158.wav,C:\Users\armga\OneDrive\Escritorio\TFG\Ultima implementacio Juan\ULTIMA\datasets_ruidosos\SNR_0db\AS_New_3주기\New_AS_158.wav,3,AS
AS,anomalo,New_AS_164.wav,C:\Users\armga\OneDrive\Escritorio\TFG\Ultima implementacio Juan\ULTIMA\datasets_ruidosos\SNR_0db\AS_New_3주기\New_AS_164.wav,3,AS
AS,anomalo,New_AS_165.wav,C:\Users\armga\OneDrive\Escritorio\TFG\Ultima implementacio Juan\ULTIMA\datasets_ruidosos\SNR_0db\AS_New_3주기\New_AS_165.wav,3,AS
AS,anomalo,New_AS_170.wav,C:\Users\armga\OneDrive\Escritorio\TFG\Ultima implementacio Juan\ULTIMA\datasets_ruidosos\SNR_0db\AS_New_3주기\New_AS_170.wav,3,AS
AS,anomalo,New_AS_173.wav,C:\Users\armga\OneDrive\Escritorio\TFG\Ultima implementacio Juan\ULTIMA\datasets_ruidosos\SNR_0db\AS_New_3주기\New_AS_173.wav,3,AS
AS,anomalo,New_AS_178.wav,C:\Users\armga\OneDrive\Escritorio\TFG\Ultima implementacio Juan\ULTIMA\datasets_ruidosos\SNR_0db\AS_New_3주기\New_AS_178.wav,3,AS
AS,anomalo,New_AS_181.wav,C:\Users\armga\OneDrive\Escritorio\TFG\Ultima implementacio Juan\ULTIMA\datasets_ruidosos\SNR_0db\AS_New_3주기\New_AS_181.wav,3,MR
AS,anomalo,New_AS_184.wav,C:\Users\armga\OneDrive\Escritorio\TFG\Ultima implementacio Juan\ULTIMA\datasets_ruidosos\SNR_0db\AS_New_3주기\New_AS_184.wav,3,AS
AS,anomalo,New_AS_185.wav,C:\Users\armga\OneDrive\Escritorio\TFG\Ultima implementacio Juan\ULTIMA\datasets_ruidosos\SNR_0db\AS_New_3주기\New_AS_185.wav,3,AS
MR,anomalo,New_MR_003.wav,C:\Users\armga\OneDrive\Escritorio\TFG\Ultima implementacio Juan\ULTIMA\datasets_ruidosos\SNR_0db\MR_New_3주기\New_MR_003.wav,3,MR
MR,anomalo,New_MR_007.wav,C:\Users\armga\OneDrive\Escritorio\TFG\Ultima implementacio Juan\ULTIMA\datasets_ruidosos\SNR_0db\MR_New_3주기\New_MR_007.wav,3,MR
MR,anomalo,New_MR_015.wav,C:\Users\armga\OneDrive\Escritorio\TFG\Ultima implementacio Juan\ULTIMA\datasets_ruidosos\SNR_0db\MR_New_3주기\New_MR_015.wav,3,MR
MR,anomalo,New_MR_020.wav,C:\Users\armga\OneDrive\Escritorio\TFG\Ultima implementacio Juan\ULTIMA\datasets_ruidosos\SNR_0db\MR_New_3주기\New_MR_020.wav,3,MR
MR,anomalo,New_MR_021.wav,C:\Users\armga\OneDrive\Escritorio\TFG\Ultima implementacio Juan\ULTIMA\datasets_ruidosos\SNR_0db\MR_New_3주기\New_MR_021.wav,3,MVP
MR,anomalo,New_MR_022.wav,C:\Users\armga\OneDrive\Escritorio\TFG\Ultima implementacio Juan\ULTIMA\datasets_ruidosos\SNR_0db\MR_New_3주기\New_MR_022.wav,3,N
MR,anomalo,New_MR_024.wav,C:\Users\armga\OneDrive\Escritorio\TFG\Ultima implementacio Juan\ULTIMA\datasets_ruidosos\SNR_0db\MR_New_3주기\New_MR_024.wav,3,MS
MR,anomalo,New_MR_026.wav,C:\Users\armga\OneDrive\Escritorio\TFG\Ultima implementacio Juan\ULTIMA\datasets_ruidosos\SNR_0db\MR_New_3주기\New_MR_026.wav,3,MR
MR,anomalo,New_MR_029.wav,C:\Users\armga\OneDrive\Escritorio\TFG\Ultima implementacio Juan\ULTIMA\datasets_ruidosos\SNR_0db\MR_New_3주기\New_MR_029.wav,3,MR
MR,anomalo,New_MR_031.wav,C:\Users\armga\OneDrive\Escritorio\TFG\Ultima implementacio Juan\ULTIMA\datasets_ruidosos\SNR_0db\MR_New_3주기\New_MR_031.wav,3,MR
MR,anomalo,New_MR_047.wav,C:\Users\armga\OneDrive\Escritorio\TFG\Ultima implementacio Juan\ULTIMA\datasets_ruidosos\SNR_0db\MR_New_3주기\New_MR_047.wav,3,MR
MR,anomalo,New_MR_049.wav,C:\Users\armga\OneDrive\Escritorio\TFG\Ultima implementacio Juan\ULTIMA\datasets_ruidosos\SNR_0db\MR_New_3주기\New_MR_049.wav,3,N
MR,anomalo,New_MR_052.wav,C:\Users\armga\OneDrive\Escritorio\TFG\Ultima implementacio Juan\ULTIMA\datasets_ruidosos\SNR_0db\MR_New_3주기\New_MR_052.wav,3,MR
MR,anomalo,New_MR_062.wav,C:\Users\armga\OneDrive\Escritorio\TFG\Ultima implementacio Juan\ULTIMA\datasets_ruidosos\SNR_0db\MR_New_3주기\New_MR_062.wav,3,MR
MR,anomalo,New_MR_076.wav,C:\Users\armga\OneDrive\Escritorio\TFG\Ultima implementacio Juan\ULTIMA\datasets_ruidosos\SNR_0db\MR_New_3주기\New_MR_076.wav,3,MR
MR,anomalo,New_MR_078.wav,C:\Users\armga\OneDrive\Escritorio\TFG\Ultima implementacio Juan\ULTIMA\datasets_ruidosos\SNR_0db\MR_New_3주기\New_MR_078.wav,3,MR
MR,anomalo,New_MR_082.wav,C:\Users\armga\OneDrive\Escritorio\TFG\Ultima implementacio Juan\ULTIMA\datasets_ruidosos\SNR_0db\MR_New_3주기\New_MR_082.wav,3,MR
MR,anomalo,New_MR_083.wav,C:\Users\armga\OneDrive\Escritorio\TFG\Ultima implementacio Juan\ULTIMA\datasets_ruidosos\SNR_0db\MR_New_3주기\New_MR_083.wav,3,MR
MR,anomalo,New_MR_090.wav,C:\Users\armga\OneDrive\Escritorio\TFG\Ultima implementacio Juan\ULTIMA\datasets_ruidosos\SNR_0db\MR_New_3주기\New_MR_090.wav,3,MR
MR,anomalo,New_MR_100.wav,C:\Users\armga\OneDrive\Escritorio\TFG\Ultima implementacio Juan\ULTIMA\datasets_ruidosos\SNR_0db\MR_New_3주기\New_MR_100.wav,3,MR
MR,anomalo,New_MR_106.wav,C:\Users\armga\OneDrive\Escritorio\TFG\Ultima implementacio Juan\ULTIMA\datasets_ruidosos\SNR_0db\MR_New_3주기\New_MR_106.wav,3,MR
MR,anomalo,New_MR_107.wav,C:\Users\armga\OneDrive\Escritorio\TFG\Ultima implementacio Juan\ULTIMA\datasets_ruidosos\SNR_0db\MR_New_3주기\New_MR_107.wav,3,MR
MR,anomalo,New_MR_111.wav,C:\Users\armga\OneDrive\Escritorio\TFG\Ultima implementacio Juan\ULTIMA\datasets_ruidosos\SNR_0db\MR_New_3주기\New_MR_111.wav,3,MR
MR,anomalo,New_MR_130.wav,C:\Users\armga\OneDrive\Escritorio\TFG\Ultima implementacio Juan\ULTIMA\datasets_ruidosos\SNR_0db\MR_New_3주기\New_MR_130.wav,3,MR
MR,anomalo,New_MR_146.wav,C:\Users\armga\OneDrive\Escritorio\TFG\Ultima implementacio Juan\ULTIMA\datasets_ruidosos\SNR_0db\MR_New_3주기\New_MR_146.wav,3,MR
MR,anomalo,New_MR_148.wav,C:\Users\armga\OneDrive\Escritorio\TFG\Ultima implementacio Juan\ULTIMA\datasets_ruidosos\SNR_0db\MR_New_3주기\New_MR_148.wav,3,MR
MR,anomalo,New_MR_150.wav,C:\Users\armga\OneDrive\Escritorio\TFG\Ultima implementacio Juan\ULTIMA\datasets_ruidosos\SNR_0db\MR_New_3주기\New_MR_150.wav,3,MR
MR,anomalo,New_MR_152.wav,C:\Users\armga\OneDrive\Escritorio\TFG\Ultima implementacio Juan\ULTIMA\datasets_ruidosos\SNR_0db\MR_New_3주기\New_MR_152.wav,3,MR
MR,anomalo,New_MR_156.wav,C:\Users\armga\OneDrive\Escritorio\TFG\Ultima implementacio Juan\ULTIMA\datasets_ruidosos\SNR_0db\MR_New_3주기\New_MR_156.wav,3,MR
MR,anomalo,New_MR_160.wav,C:\Users\armga\OneDrive\Escritorio\TFG\Ultima implementacio Juan\ULTIMA\datasets_ruidosos\SNR_0db\MR_New_3주기\New_MR_160.wav,3,MR
MR,anomalo,New_MR_166.wav,C:\Users\armga\OneDrive\Escritorio\TFG\Ultima implementacio Juan\ULTIMA\datasets_ruidosos\SNR_0db\MR_New_3주기\New_MR_166.wav,3,MR
MR,anomalo,New_MR_168.wav,C:\Users\armga\OneDrive\Escritorio\TFG\Ultima implementacio Juan\ULTIMA\datasets_ruidosos\SNR_0db\MR_New_3주기\New_MR_168.wav,3,MR
MR,anomalo,New_MR_170.wav,C:\Users\armga\OneDrive\Escritorio\TFG\Ultima implementacio Juan\ULTIMA\datasets_ruidosos\SNR_0db\MR_New_3주기\New_MR_170.wav,3,MR
MR,anomalo,New_MR_181.wav,C:\Users\armga\OneDrive\Escritorio\TFG\Ultima implementacio Juan\ULTIMA\datasets_ruidosos\SNR_0db\MR_New_3주기\New_MR_181.wav,3,MR
MR,anomalo,New_MR_182.wav,C:\Users\armga\OneDrive\Escritorio\TFG\Ultima implementacio Juan\ULTIMA\datasets_ruidosos\SNR_0db\MR_New_3주기\New_MR_182.wav,3,MR
MR,anomalo,New_MR_185.wav,C:\Users\armga\OneDrive\Escritorio\TFG\Ultima implementacio Juan\ULTIMA\datasets_ruidosos\SNR_0db\MR_New_3주기\New_MR_185.wav,3,MR
MR,anomalo,New_MR_188.wav,C:\Users\armga\OneDrive\Escritorio\TFG\Ultima implementacio Juan\ULTIMA\datasets_ruidosos\SNR_0db\MR_New_3주기\New_MR_188.wav,3,MR
MR,anomalo,New_MR_192.wav,C:\Users\armga\OneDrive\Escritorio\TFG\Ultima implementacio Juan\ULTIMA\datasets_ruidosos\SNR_0db\MR_New_3주기\New_MR_192.wav,3,AS
MR,anomalo,New_MR_194.wav,C:\Users\armga\OneDrive\Escritorio\TFG\Ultima implementacio Juan\ULTIMA\datasets_ruidosos\SNR_0db\MR_New_3주기\New_MR_194.wav,3,MR
MR,anomalo,New_MR_200.wav,C:\Users\armga\OneDrive\Escritorio\TFG\Ultima implementacio Juan\ULTIMA\datasets_ruidosos\SNR_0db\MR_New_3주기\New_MR_200.wav,3,MR
MS,anomalo,New_MS_008.wav,C:\Users\armga\OneDrive\Escritorio\TFG\Ultima implementacio Juan\ULTIMA\datasets_ruidosos\SNR_0db\MS_New_3주기\New_MS_008.wav,3,MS
MS,anomalo,New_MS_021.wav,C:\Users\armga\OneDrive\Escritorio\TFG\Ultima implementacio Juan\ULTIMA\datasets_ruidosos\SNR_0db\MS_New_3주기\New_MS_021.wav,3,MS
MS,anomalo,New_MS_022.wav,C:\Users\armga\OneDrive\Escritorio\TFG\Ultima implementacio Juan\ULTIMA\datasets_ruidosos\SNR_0db\MS_New_3주기\New_MS_022.wav,3,MS
MS,anomalo,New_MS_030.wav,C:\Users\armga\OneDrive\Escritorio\TFG\Ultima implementacio Juan\ULTIMA\datasets_ruidosos\SNR_0db\MS_New_3주기\New_MS_030.wav,3,MS
MS,anomalo,New_MS_037.wav,C:\Users\armga\OneDrive\Escritorio\TFG\Ultima implementacio Juan\ULTIMA\datasets_ruidosos\SNR_0db\MS_New_3주기\New_MS_037.wav,3,MS
MS,anomalo,New_MS_039.wav,C:\Users\armga\OneDrive\Escritorio\TFG\Ultima implementacio Juan\ULTIMA\datasets_ruidosos\SNR_0db\MS_New_3주기\New_MS_039.wav,3,MS
MS,anomalo,New_MS_051.wav,C:\Users\armga\OneDrive\Escritorio\TFG\Ultima implementacio Juan\ULTIMA\datasets_ruidosos\SNR_0db\MS_New_3주기\New_MS_051.wav,3,MS
MS,anomalo,New_MS_052.wav,C:\Users\armga\OneDrive\Escritorio\TFG\Ultima implementacio Juan\ULTIMA\datasets_ruidosos\SNR_0db\MS_New_3주기\New_MS_052.wav,3,MS
MS,anomalo,New_MS_062.wav,C:\Users\armga\OneDrive\Escritorio\TFG\Ultima implementacio Juan\ULTIMA\datasets_ruidosos\SNR_0db\MS_New_3주기\New_MS_062.wav,3,MS
MS,anomalo,New_MS_064.wav,C:\Users\armga\OneDrive\Escritorio\TFG\Ultima implementacio Juan\ULTIMA\datasets_ruidosos\SNR_0db\MS_New_3주기\New_MS_064.wav,3,MS
MS,anomalo,New_MS_068.wav,C:\Users\armga\OneDrive\Escritorio\TFG\Ultima implementacio Juan\ULTIMA\datasets_ruidosos\SNR_0db\MS_New_3주기\New_MS_068.wav,3,MS
MS,anomalo,New_MS_070.wav,C:\Users\armga\OneDrive\Escritorio\TFG\Ultima implementacio Juan\ULTIMA\datasets_ruidosos\SNR_0db\MS_New_3주기\New_MS_070.wav,3,MS
MS,anomalo,New_MS_071.wav,C:\Users\armga\OneDrive\Escritorio\TFG\Ultima implementacio Juan\ULTIMA\datasets_ruidosos\SNR_0db\MS_New_3주기\New_MS_071.wav,3,MS
MS,anomalo,New_MS_086.wav,C:\Users\armga\OneDrive\Escritorio\TFG\Ultima implementacio Juan\ULTIMA\datasets_ruidosos\SNR_0db\MS_New_3주기\New_MS_086.wav,3,MS
MS,anomalo,New_MS_087.wav,C:\Users\armga\OneDrive\Escritorio\TFG\Ultima implementacio Juan\ULTIMA\datasets_ruidosos\SNR_0db\MS_New_3주기\New_MS_087.wav,3,AS
MS,anomalo,New_MS_090.wav,C:\Users\armga\OneDrive\Escritorio\TFG\Ultima implementacio Juan\ULTIMA\datasets_ruidosos\SNR_0db\MS_New_3주기\New_MS_090.wav,3,MS
MS,anomalo,New_MS_096.wav,C:\Users\armga\OneDrive\Escritorio\TFG\Ultima implementacio Juan\ULTIMA\datasets_ruidosos\SNR_0db\MS_New_3주기\New_MS_096.wav,3,MS
MS,anomalo,New_MS_102.wav,C:\Users\armga\OneDrive\Escritorio\TFG\Ultima implementacio Juan\ULTIMA\datasets_ruidosos\SNR_0db\MS_New_3주기\New_MS_102.wav,3,MS
MS,anomalo,New_MS_103.wav,C:\Users\armga\OneDrive\Escritorio\TFG\Ultima implementacio Juan\ULTIMA\datasets_ruidosos\SNR_0db\MS_New_3주기\New_MS_103.wav,3,MS
MS,anomalo,New_MS_109.wav,C:\Users\armga\OneDrive\Escritorio\TFG\Ultima implementacio Juan\ULTIMA\datasets_ruidosos\SNR_0db\MS_New_3주기\New_MS_109.wav,3,MS
MS,anomalo,New_MS_110.wav,C:\Users\armga\OneDrive\Escritorio\TFG\Ultima implementacio Juan\ULTIMA\datasets_ruidosos\SNR_0db\MS_New_3주기\New_MS_110.wav,3,MS
MS,anomalo,New_MS_113.wav,C:\Users\armga\OneDrive\Escritorio\TFG\Ultima implementacio Juan\ULTIMA\datasets_ruidosos\SNR_0db\MS_New_3주기\New_MS_113.wav,3,MS
MS,anomalo,New_MS_116.wav,C:\Users\armga\OneDrive\Escritorio\TFG\Ultima implementacio Juan\ULTIMA\datasets_ruidosos\SNR_0db\MS_New_3주기\New_MS_116.wav,3,MS
MS,anomalo,New_MS_117.wav,C:\Users\armga\OneDrive\Escritorio\TFG\Ultima implementacio Juan\ULTIMA\datasets_ruidosos\SNR_0db\MS_New_3주기\New_MS_117.wav,3,MS
MS,anomalo,New_MS_122.wav,C:\Users\armga\OneDrive\Escritorio\TFG\Ultima implementacio Juan\ULTIMA\datasets_ruidosos\SNR_0db\MS_New_3주기\New_MS_122.wav,3,MVP
MS,anomalo,New_MS_123.wav,C:\Users\armga\OneDrive\Escritorio\TFG\Ultima implementacio Juan\ULTIMA\datasets_ruidosos\SNR_0db\MS_New_3주기\New_MS_123.wav,3,MS
MS,anomalo,New_MS_125.wav,C:\Users\armga\OneDrive\Escritorio\TFG\Ultima implementacio Juan\ULTIMA\datasets_ruidosos\SNR_0db\MS_New_3주기\New_MS_125.wav,3,MS
MS,anomalo,New_MS_127.wav,C:\Users\armga\OneDrive\Escritorio\TFG\Ultima implementacio Juan\ULTIMA\datasets_ruidosos\SNR_0db\MS_New_3주기\New_MS_127.wav,3,MS
MS,anomalo,New_MS_132.wav,C:\Users\armga\OneDrive\Escritorio\TFG\Ultima implementacio Juan\ULTIMA\datasets_ruidosos\SNR_0db\MS_New_3주기\New_MS_132.wav,3,MS
MS,anomalo,New_MS_133.wav,C:\Users\armga\OneDrive\Escritorio\TFG\Ultima implementacio Juan\ULTIMA\datasets_ruidosos\SNR_0db\MS_New_3주기\New_MS_133.wav,3,MS
MS,anomalo,New_MS_138.wav,C:\Users\armga\OneDrive\Escritorio\TFG\Ultima implementacio Juan\ULTIMA\datasets_ruidosos\SNR_0db\MS_New_3주기\New_MS_138.wav,3,MS
MS,anomalo,New_MS_147.wav,C:\Users\armga\OneDrive\Escritorio\TFG\Ultima implementacio Juan\ULTIMA\datasets_ruidosos\SNR_0db\MS_New_3주기\New_MS_147.wav,3,MS
MS,anomalo,New_MS_165.wav,C:\Users\armga\OneDrive\Escritorio\TFG\Ultima implementacio Juan\ULTIMA\datasets_ruidosos\SNR_0db\MS_New_3주기\New_MS_165.wav,3,MS
MS,anomalo,New_MS_174.wav,C:\Users\armga\OneDrive\Escritorio\TFG\Ultima implementacio Juan\ULTIMA\datasets_ruidosos\SNR_0db\MS_New_3주기\New_MS_174.wav,3,MS
MS,anomalo,New_MS_179.wav,C:\Users\armga\OneDrive\Escritorio\TFG\Ultima implementacio Juan\ULTIMA\datasets_ruidosos\SNR_0db\MS_New_3주기\New_MS_179.wav,3,MS
MS,anomalo,New_MS_180.wav,C:\Users\armga\OneDrive\Escritorio\TFG\Ultima implementacio Juan\ULTIMA\datasets_ruidosos\SNR_0db\MS_New_3주기\New_MS_180.wav,3,MS
MS,anomalo,New_MS_184.wav,C:\Users\armga\OneDrive\Escritorio\TFG\Ultima implementacio Juan\ULTIMA\datasets_ruidosos\SNR_0db\MS_New_3주기\New_MS_184.wav,3,MS
MS,anomalo,New_MS_195.wav,C:\Users\armga\OneDrive\Escritorio\TFG\Ultima implementacio Juan\ULTIMA\datasets_ruidosos\SNR_0db\MS_New_3주기\New_MS_195.wav,3,MS
MS,anomalo,New_MS_196.wav,C:\Users\armga\OneDrive\Escritorio\TFG\Ultima implementacio Juan\ULTIMA\datasets_ruidosos\SNR_0db\MS_New_3주기\New_MS_196.wav,3,MS
MS,anomalo,New_MS_199.wav,C:\Users\armga\OneDrive\Escritorio\TFG\Ultima implementacio Juan\ULTIMA\datasets_ruidosos\SNR_0db\MS_New_3주기\New_MS_199.wav,3,MS
MVP,anomalo,New_MVP_001.wav,C:\Users\armga\OneDrive\Escritorio\TFG\Ultima implementacio Juan\ULTIMA\datasets_ruidosos\SNR_0db\MVP_New_3주기\New_MVP_001.wav,3,AS
MVP,anomalo,New_MVP_014.wav,C:\Users\armga\OneDrive\Escritorio\TFG\Ultima implementacio Juan\ULTIMA\datasets_ruidosos\SNR_0db\MVP_New_3주기\New_MVP_014.wav,3,N
MVP,anomalo,New_MVP_020.wav,C:\Users\armga\OneDrive\Escritorio\TFG\Ultima implementacio Juan\ULTIMA\datasets_ruidosos\SNR_0db\MVP_New_3주기\New_MVP_020.wav,3,N
MVP,anomalo,New_MVP_023.wav,C:\Users\armga\OneDrive\Escritorio\TFG\Ultima implementacio Juan\ULTIMA\datasets_ruidosos\SNR_0db\MVP_New_3주기\New_MVP_023.wav,3,MVP
MVP,anomalo,New_MVP_024.wav,C:\Users\armga\OneDrive\Escritorio\TFG\Ultima implementacio Juan\ULTIMA\datasets_ruidosos\SNR_0db\MVP_New_3주기\New_MVP_024.wav,3,MVP
MVP,anomalo,New_MVP_028.wav,C:\Users\armga\OneDrive\Escritorio\TFG\Ultima implementacio Juan\ULTIMA\datasets_ruidosos\SNR_0db\MVP_New_3주기\New_MVP_028.wav,3,MVP
MVP,anomalo,New_MVP_029.wav,C:\Users\armga\OneDrive\Escritorio\TFG\Ultima implementacio Juan\ULTIMA\datasets_ruidosos\SNR_0db\MVP_New_3주기\New_MVP_029.wav,3,MVP
MVP,anomalo,New_MVP_034.wav,C:\Users\armga\OneDrive\Escritorio\TFG\Ultima implementacio Juan\ULTIMA\datasets_ruidosos\SNR_0db\MVP_New_3주기\New_MVP_034.wav,3,MVP
MVP,anomalo,New_MVP_037.wav,C:\Users\armga\OneDrive\Escritorio\TFG\Ultima implementacio Juan\ULTIMA\datasets_ruidosos\SNR_0db\MVP_New_3주기\New_MVP_037.wav,3,MVP
MVP,anomalo,New_MVP_041.wav,C:\Users\armga\OneDrive\Escritorio\TFG\Ultima implementacio Juan\ULTIMA\datasets_ruidosos\SNR_0db\MVP_New_3주기\New_MVP_041.wav,3,MVP
MVP,anomalo,New_MVP_042.wav,C:\Users\armga\OneDrive\Escritorio\TFG\Ultima implementacio Juan\ULTIMA\datasets_ruidosos\SNR_0db\MVP_New_3주기\New_MVP_042.wav,3,MVP
MVP,anomalo,New_MVP_046.wav,C:\Users\armga\OneDrive\Escritorio\TFG\Ultima implementacio Juan\ULTIMA\datasets_ruidosos\SNR_0db\MVP_New_3주기\New_MVP_046.wav,3,AS
MVP,anomalo,New_MVP_052.wav,C:\Users\armga\OneDrive\Escritorio\TFG\Ultima implementacio Juan\ULTIMA\datasets_ruidosos\SNR_0db\MVP_New_3주기\New_MVP_052.wav,3,MVP
MVP,anomalo,New_MVP_055.wav,C:\Users\armga\OneDrive\Escritorio\TFG\Ultima implementacio Juan\ULTIMA\datasets_ruidosos\SNR_0db\MVP_New_3주기\New_MVP_055.wav,3,MVP
MVP,anomalo,New_MVP_073.wav,C:\Users\armga\OneDrive\Escritorio\TFG\Ultima implementacio Juan\ULTIMA\datasets_ruidosos\SNR_0db\MVP_New_3주기\New_MVP_073.wav,3,MVP
MVP,anomalo,New_MVP_076.wav,C:\Users\armga\OneDrive\Escritorio\TFG\Ultima implementacio Juan\ULTIMA\datasets_ruidosos\SNR_0db\MVP_New_3주기\New_MVP_076.wav,3,MVP
MVP,anomalo,New_MVP_078.wav,C:\Users\armga\OneDrive\Escritorio\TFG\Ultima implementacio Juan\ULTIMA\datasets_ruidosos\SNR_0db\MVP_New_3주기\New_MVP_078.wav,3,MVP
MVP,anomalo,New_MVP_085.wav,C:\Users\armga\OneDrive\Escritorio\TFG\Ultima implementacio Juan\ULTIMA\datasets_ruidosos\SNR_0db\MVP_New_3주기\New_MVP_085.wav,3,MVP
MVP,anomalo,New_MVP_095.wav,C:\Users\armga\OneDrive\Escritorio\TFG\Ultima implementacio Juan\ULTIMA\datasets_ruidosos\SNR_0db\MVP_New_3주기\New_MVP_095.wav,3,MVP
MVP,anomalo,New_MVP_096.wav,C:\Users\armga\OneDrive\Escritorio\TFG\Ultima implementacio Juan\ULTIMA\datasets_ruidosos\SNR_0db\MVP_New_3주기\New_MVP_096.wav,3,MVP
MVP,anomalo,New_MVP_102.wav,C:\Users\armga\OneDrive\Escritorio\TFG\Ultima implementacio Juan\ULTIMA\datasets_ruidosos\SNR_0db\MVP_New_3주기\New_MVP_102.wav,3,MVP
MVP,anomalo,New_MVP_105.wav,C:\Users\armga\OneDrive\Escritorio\TFG\Ultima implementacio Juan\ULTIMA\datasets_ruidosos\SNR_0db\MVP_New_3주기\New_MVP_105.wav,3,MVP
MVP,anomalo,New_MVP_110.wav,C:\Users\armga\OneDrive\Escritorio\TFG\Ultima implementacio Juan\ULTIMA\datasets_ruidosos\SNR_0db\MVP_New_3주기\New_MVP_110.wav,3,MVP
MVP,anomalo,New_MVP_113.wav,C:\Users\armga\OneDrive\Escritorio\TFG\Ultima implementacio Juan\ULTIMA\datasets_ruidosos\SNR_0db\MVP_New_3주기\New_MVP_113.wav,3,MVP
MVP,anomalo,New_MVP_114.wav,C:\Users\armga\OneDrive\Escritorio\TFG\Ultima implementacio Juan\ULTIMA\datasets_ruidosos\SNR_0db\MVP_New_3주기\New_MVP_114.wav,3,MVP
MVP,anomalo,New_MVP_122.wav,C:\Users\armga\OneDrive\Escritorio\TFG\Ultima implementacio Juan\ULTIMA\datasets_ruidosos\SNR_0db\MVP_New_3주기\New_MVP_122.wav,3,MVP
MVP,anomalo,New_MVP_126.wav,C:\Users\armga\OneDrive\Escritorio\TFG\Ultima implementacio Juan\ULTIMA\datasets_ruidosos\SNR_0db\MVP_New_3주기\New_MVP_126.wav,3,MVP
MVP,anomalo,New_MVP_135.wav,C:\Users\armga\OneDrive\Escritorio\TFG\Ultima implementacio Juan\ULTIMA\datasets_ruidosos\SNR_0db\MVP_New_3주기\New_MVP_135.wav,3,MVP
MVP,anomalo,New_MVP_139.wav,C:\Users\armga\OneDrive\Escritorio\TFG\Ultima implementacio Juan\ULTIMA\datasets_ruidosos\SNR_0db\MVP_New_3주기\New_MVP_139.wav,3,MVP
MVP,anomalo,New_MVP_145.wav,C:\Users\armga\OneDrive\Escritorio\TFG\Ultima implementacio Juan\ULTIMA\datasets_ruidosos\SNR_0db\MVP_New_3주기\New_MVP_145.wav,3,MS
MVP,anomalo,New_MVP_148.wav,C:\Users\armga\OneDrive\Escritorio\TFG\Ultima implementacio Juan\ULTIMA\datasets_ruidosos\SNR_0db\MVP_New_3주기\New_MVP_148.wav,3,MVP
MVP,anomalo,New_MVP_151.wav,C:\Users\armga\OneDrive\Escritorio\TFG\Ultima implementacio Juan\ULTIMA\datasets_ruidosos\SNR_0db\MVP_New_3주기\New_MVP_151.wav,3,MVP
MVP,anomalo,New_MVP_159.wav,C:\Users\armga\OneDrive\Escritorio\TFG\Ultima implementacio Juan\ULTIMA\datasets_ruidosos\SNR_0db\MVP_New_3주기\New_MVP_159.wav,3,MVP
MVP,anomalo,New_MVP_160.wav,C:\Users\armga\OneDrive\Escritorio\TFG\Ultima implementacio Juan\ULTIMA\datasets_ruidosos\SNR_0db\MVP_New_3주기\New_MVP_160.wav,3,MVP
MVP,anomalo,New_MVP_165.wav,C:\Users\armga\OneDrive\Escritorio\TFG\Ultima implementacio Juan\ULTIMA\datasets_ruidosos\SNR_0db\MVP_New_3주기\New_MVP_165.wav,3,MVP
MVP,anomalo,New_MVP_169.wav,C:\Users\armga\OneDrive\Escritorio\TFG\Ultima implementacio Juan\ULTIMA\datasets_ruidosos\SNR_0db\MVP_New_3주기\New_MVP_169.wav,3,MVP
MVP,anomalo,New_MVP_170.wav,C:\Users\armga\OneDrive\Escritorio\TFG\Ultima implementacio Juan\ULTIMA\datasets_ruidosos\SNR_0db\MVP_New_3주기\New_MVP_170.wav,3,MVP
MVP,anomalo,New_MVP_182.wav,C:\Users\armga\OneDrive\Escritorio\TFG\Ultima implementacio Juan\ULTIMA\datasets_ruidosos\SNR_0db\MVP_New_3주기\New_MVP_182.wav,3,MVP
MVP,anomalo,New_MVP_191.wav,C:\Users\armga\OneDrive\Escritorio\TFG\Ultima implementacio Juan\ULTIMA\datasets_ruidosos\SNR_0db\MVP_New_3주기\New_MVP_191.wav,3,MVP
MVP,anomalo,New_MVP_200.wav,C:\Users\armga\OneDrive\Escritorio\TFG\Ultima implementacio Juan\ULTIMA\datasets_ruidosos\SNR_0db\MVP_New_3주기\New_MVP_200.wav,3,MVP
N,normal,New_N_004.wav,C:\Users\armga\OneDrive\Escritorio\TFG\Ultima implementacio Juan\ULTIMA\datasets_ruidosos\SNR_0db\N_New_3주기\New_N_004.wav,4,N
N,normal,New_N_005.wav,C:\Users\armga\OneDrive\Escritorio\TFG\Ultima implementacio Juan\ULTIMA\datasets_ruidosos\SNR_0db\N_New_3주기\New_N_005.wav,4,N
N,normal,New_N_018.wav,C:\Users\armga\OneDrive\Escritorio\TFG\Ultima implementacio Juan\ULTIMA\datasets_ruidosos\SNR_0db\N_New_3주기\New_N_018.wav,4,N
N,normal,New_N_021.wav,C:\Users\armga\OneDrive\Escritorio\TFG\Ultima implementacio Juan\ULTIMA\datasets_ruidosos\SNR_0db\N_New_3주기\New_N_021.wav,4,N
N,normal,New_N_023.wav,C:\Users\armga\OneDrive\Escritorio\TFG\Ultima implementacio Juan\ULTIMA\datasets_ruidosos\SNR_0db\N_New_3주기\New_N_023.wav,4,N
N,normal,New_N_029.wav,C:\Users\armga\OneDrive\Escritorio\TFG\Ultima implementacio Juan\ULTIMA\datasets_ruidosos\SNR_0db\N_New_3주기\New_N_029.wav,4,N
N,normal,New_N_030.wav,C:\Users\armga\OneDrive\Escritorio\TFG\Ultima implementacio Juan\ULTIMA\datasets_ruidosos\SNR_0db\N_New_3주기\New_N_030.wav,4,N
N,normal,New_N_035.wav,C:\Users\armga\OneDrive\Escritorio\TFG\Ultima implementacio Juan\ULTIMA\datasets_ruidosos\SNR_0db\N_New_3주기\New_N_035.wav,4,N
N,normal,New_N_037.wav,C:\Users\armga\OneDrive\Escritorio\TFG\Ultima implementacio Juan\ULTIMA\datasets_ruidosos\SNR_0db\N_New_3주기\New_N_037.wav,4,N
N,normal,New_N_038.wav,C:\Users\armga\OneDrive\Escritorio\TFG\Ultima implementacio Juan\ULTIMA\datasets_ruidosos\SNR_0db\N_New_3주기\New_N_038.wav,4,N
N,normal,New_N_045.wav,C:\Users\armga\OneDrive\Escritorio\TFG\Ultima implementacio Juan\ULTIMA\datasets_ruidosos\SNR_0db\N_New_3주기\New_N_045.wav,4,N
N,normal,New_N_049.wav,C:\Users\armga\OneDrive\Escritorio\TFG\Ultima implementacio Juan\ULTIMA\datasets_ruidosos\SNR_0db\N_New_3주기\New_N_049.wav,4,N
N,normal,New_N_054.wav,C:\Users\armga\OneDrive\Escritorio\TFG\Ultima implementacio Juan\ULTIMA\datasets_ruidosos\SNR_0db\N_New_3주기\New_N_054.wav,4,N
N,normal,New_N_057.wav,C:\Users\armga\OneDrive\Escritorio\TFG\Ultima implementacio Juan\ULTIMA\datasets_ruidosos\SNR_0db\N_New_3주기\New_N_057.wav,4,N
N,normal,New_N_070.wav,C:\Users\armga\OneDrive\Escritorio\TFG\Ultima implementacio Juan\ULTIMA\datasets_ruidosos\SNR_0db\N_New_3주기\New_N_070.wav,4,N
N,normal,New_N_072.wav,C:\Users\armga\OneDrive\Escritorio\TFG\Ultima implementacio Juan\ULTIMA\datasets_ruidosos\SNR_0db\N_New_3주기\New_N_072.wav,4,N
N,normal,New_N_078.wav,C:\Users\armga\OneDrive\Escritorio\TFG\Ultima implementacio Juan\ULTIMA\datasets_ruidosos\SNR_0db\N_New_3주기\New_N_078.wav,4,N
N,normal,New_N_092.wav,C:\Users\armga\OneDrive\Escritorio\TFG\Ultima implementacio Juan\ULTIMA\datasets_ruidosos\SNR_0db\N_New_3주기\New_N_092.wav,4,N
N,normal,New_N_097.wav,C:\Users\armga\OneDrive\Escritorio\TFG\Ultima implementacio Juan\ULTIMA\datasets_ruidosos\SNR_0db\N_New_3주기\New_N_097.wav,4,N
N,normal,New_N_100.wav,C:\Users\armga\OneDrive\Escritorio\TFG\Ultima implementacio Juan\ULTIMA\datasets_ruidosos\SNR_0db\N_New_3주기\New_N_100.wav,4,N
N,normal,New_N_103.wav,C:\Users\armga\OneDrive\Escritorio\TFG\Ultima implementacio Juan\ULTIMA\datasets_ruidosos\SNR_0db\N_New_3주기\New_N_103.wav,4,N
N,normal,New_N_104.wav,C:\Users\armga\OneDrive\Escritorio\TFG\Ultima implementacio Juan\ULTIMA\datasets_ruidosos\SNR_0db\N_New_3주기\New_N_104.wav,4,N
N,normal,New_N_106.wav,C:\Users\armga\OneDrive\Escritorio\TFG\Ultima implementacio Juan\ULTIMA\datasets_ruidosos\SNR_0db\N_New_3주기\New_N_106.wav,4,N
N,normal,New_N_110.wav,C:\Users\armga\OneDrive\Escritorio\TFG\Ultima implementacio Juan\ULTIMA\datasets_ruidosos\SNR_0db\N_New_3주기\New_N_110.wav,4,N
N,normal,New_N_114.wav,C:\Users\armga\OneDrive\Escritorio\TFG\Ultima implementacio Juan\ULTIMA\datasets_ruidosos\SNR_0db\N_New_3주기\New_N_114.wav,4,N
N,normal,New_N_116.wav,C:\Users\armga\OneDrive\Escritorio\TFG\Ultima implementacio Juan\ULTIMA\datasets_ruidosos\SNR_0db\N_New_3주기\New_N_116.wav,4,N
N,normal,New_N_123.wav,C:\Users\armga\OneDrive\Escritorio\TFG\Ultima implementacio Juan\ULTIMA\datasets_ruidosos\SNR_0db\N_New_3주기\New_N_123.wav,4,N
N,normal,New_N_124.wav,C:\Users\armga\OneDrive\Escritorio\TFG\Ultima implementacio Juan\ULTIMA\datasets_ruidosos\SNR_0db\N_New_3주기\New_N_124.wav,4,N
N,normal,New_N_128.wav,C:\Users\armga\OneDrive\Escritorio\TFG\Ultima implementacio Juan\ULTIMA\datasets_ruidosos\SNR_0db\N_New_3주기\New_N_128.wav,4,N
N,normal,New_N_134.wav,C:\Users\armga\OneDrive\Escritorio\TFG\Ultima implementacio Juan\ULTIMA\datasets_ruidosos\SNR_0db\N_New_3주기\New_N_134.wav,4,N
N,normal,New_N_136.wav,C:\Users\armga\OneDrive\Escritorio\TFG\Ultima implementacio Juan\ULTIMA\datasets_ruidosos\SNR_0db\N_New_3주기\New_N_136.wav,4,N
N,normal,New_N_140.wav,C:\Users\armga\OneDrive\Escritorio\TFG\Ultima implementacio Juan\ULTIMA\datasets_ruidosos\SNR_0db\N_New_3주기\New_N_140.wav,4,N
N,normal,New_N_158.wav,C:\Users\armga\OneDrive\Escritorio\TFG\Ultima implementacio Juan\ULTIMA\datasets_ruidosos\SNR_0db\N_New_3주기\New_N_158.wav,4,N
N,normal,New_N_162.wav,C:\Users\armga\OneDrive\Escritorio\TFG\Ultima implementacio Juan\ULTIMA\datasets_ruidosos\SNR_0db\N_New_3주기\New_N_162.wav,4,N
N,normal,New_N_177.wav,C:\Users\armga\OneDrive\Escritorio\TFG\Ultima implementacio Juan\ULTIMA\datasets_ruidosos\SNR_0db\N_New_3주기\New_N_177.wav,4,N
N,normal,New_N_179.wav,C:\Users\armga\OneDrive\Escritorio\TFG\Ultima implementacio Juan\ULTIMA\datasets_ruidosos\SNR_0db\N_New_3주기\New_N_179.wav,4,N
N,normal,New_N_183.wav,C:\Users\armga\OneDrive\Escritorio\TFG\Ultima implementacio Juan\ULTIMA\datasets_ruidosos\SNR_0db\N_New_3주기\New_N_183.wav,4,N
N,normal,New_N_184.wav,C:\Users\armga\OneDrive\Escritorio\TFG\Ultima implementacio Juan\ULTIMA\datasets_ruidosos\SNR_0db\N_New_3주기\New_N_184.wav,4,N
N,normal,New_N_185.wav,C:\Users\armga\OneDrive\Escritorio\TFG\Ultima implementacio Juan\ULTIMA\datasets_ruidosos\SNR_0db\N_New_3주기\New_N_185.wav,4,N
N,normal,New_N_191.wav,C:\Users\armga\OneDrive\Escritorio\TFG\Ultima implementacio Juan\ULTIMA\datasets_ruidosos\SNR_0db\N_New_3주기\New_N_191.wav,4,N
AS,anomalo,New_AS_003.wav,C:\Users\armga\OneDrive\Escritorio\TFG\Ultima implementacio Juan\ULTIMA\datasets_ruidosos\SNR_0db\AS_New_3주기\New_AS_003.wav,4,AS
AS,anomalo,New_AS_006.wav,C:\Users\armga\OneDrive\Escritorio\TFG\Ultima implementacio Juan\ULTIMA\datasets_ruidosos\SNR_0db\AS_New_3주기\New_AS_006.wav,4,AS
AS,anomalo,New_AS_010.wav,C:\Users\armga\OneDrive\Escritorio\TFG\Ultima implementacio Juan\ULTIMA\datasets_ruidosos\SNR_0db\AS_New_3주기\New_AS_010.wav,4,AS
AS,anomalo,New_AS_012.wav,C:\Users\armga\OneDrive\Escritorio\TFG\Ultima implementacio Juan\ULTIMA\datasets_ruidosos\SNR_0db\AS_New_3주기\New_AS_012.wav,4,AS
AS,anomalo,New_AS_021.wav,C:\Users\armga\OneDrive\Escritorio\TFG\Ultima implementacio Juan\ULTIMA\datasets_ruidosos\SNR_0db\AS_New_3주기\New_AS_021.wav,4,AS
AS,anomalo,New_AS_031.wav,C:\Users\armga\OneDrive\Escritorio\TFG\Ultima implementacio Juan\ULTIMA\datasets_ruidosos\SNR_0db\AS_New_3주기\New_AS_031.wav,4,AS
AS,anomalo,New_AS_032.wav,C:\Users\armga\OneDrive\Escritorio\TFG\Ultima implementacio Juan\ULTIMA\datasets_ruidosos\SNR_0db\AS_New_3주기\New_AS_032.wav,4,AS
AS,anomalo,New_AS_034.wav,C:\Users\armga\OneDrive\Escritorio\TFG\Ultima implementacio Juan\ULTIMA\datasets_ruidosos\SNR_0db\AS_New_3주기\New_AS_034.wav,4,AS
AS,anomalo,New_AS_051.wav,C:\Users\armga\OneDrive\Escritorio\TFG\Ultima implementacio Juan\ULTIMA\datasets_ruidosos\SNR_0db\AS_New_3주기\New_AS_051.wav,4,AS
AS,anomalo,New_AS_058.wav,C:\Users\armga\OneDrive\Escritorio\TFG\Ultima implementacio Juan\ULTIMA\datasets_ruidosos\SNR_0db\AS_New_3주기\New_AS_058.wav,4,AS
AS,anomalo,New_AS_069.wav,C:\Users\armga\OneDrive\Escritorio\TFG\Ultima implementacio Juan\ULTIMA\datasets_ruidosos\SNR_0db\AS_New_3주기\New_AS_069.wav,4,AS
AS,anomalo,New_AS_073.wav,C:\Users\armga\OneDrive\Escritorio\TFG\Ultima implementacio Juan\ULTIMA\datasets_ruidosos\SNR_0db\AS_New_3주기\New_AS_073.wav,4,AS
AS,anomalo,New_AS_076.wav,C:\Users\armga\OneDrive\Escritorio\TFG\Ultima implementacio Juan\ULTIMA\datasets_ruidosos\SNR_0db\AS_New_3주기\New_AS_076.wav,4,AS
AS,anomalo,New_AS_085.wav,C:\Users\armga\OneDrive\Escritorio\TFG\Ultima implementacio Juan\ULTIMA\datasets_ruidosos\SNR_0db\AS_New_3주기\New_AS_085.wav,4,AS
AS,anomalo,New_AS_088.wav,C:\Users\armga\OneDrive\Escritorio\TFG\Ultima implementacio Juan\ULTIMA\datasets_ruidosos\SNR_0db\AS_New_3주기\New_AS_088.wav,4,AS
AS,anomalo,New_AS_102.wav,C:\Users\armga\OneDrive\Escritorio\TFG\Ultima implementacio Juan\ULTIMA\datasets_ruidosos\SNR_0db\AS_New_3주기\New_AS_102.wav,4,AS
AS,anomalo,New_AS_112.wav,C:\Users\armga\OneDrive\Escritorio\TFG\Ultima implementacio Juan\ULTIMA\datasets_ruidosos\SNR_0db\AS_New_3주기\New_AS_112.wav,4,AS
AS,anomalo,New_AS_115.wav,C:\Users\armga\OneDrive\Escritorio\TFG\Ultima implementacio Juan\ULTIMA\datasets_ruidosos\SNR_0db\AS_New_3주기\New_AS_115.wav,4,AS
AS,anomalo,New_AS_118.wav,C:\Users\armga\OneDrive\Escritorio\TFG\Ultima implementacio Juan\ULTIMA\datasets_ruidosos\SNR_0db\AS_New_3주기\New_AS_118.wav,4,AS
AS,anomalo,New_AS_129.wav,C:\Users\armga\OneDrive\Escritorio\TFG\Ultima implementacio Juan\ULTIMA\datasets_ruidosos\SNR_0db\AS_New_3주기\New_AS_129.wav,4,AS
AS,anomalo,New_AS_135.wav,C:\Users\armga\OneDrive\Escritorio\TFG\Ultima implementacio Juan\ULTIMA\datasets_ruidosos\SNR_0db\AS_New_3주기\New_AS_135.wav,4,AS
AS,anomalo,New_AS_138.wav,C:\Users\armga\OneDrive\Escritorio\TFG\Ultima implementacio Juan\ULTIMA\datasets_ruidosos\SNR_0db\AS_New_3주기\New_AS_138.wav,4,AS
AS,anomalo,New_AS_143.wav,C:\Users\armga\OneDrive\Escritorio\TFG\Ultima implementacio Juan\ULTIMA\datasets_ruidosos\SNR_0db\AS_New_3주기\New_AS_143.wav,4,AS
AS,anomalo,New_AS_144.wav,C:\Users\armga\OneDrive\Escritorio\TFG\Ultima implementacio Juan\ULTIMA\datasets_ruidosos\SNR_0db\AS_New_3주기\New_AS_144.wav,4,AS
AS,anomalo,New_AS_145.wav,C:\Users\armga\OneDrive\Escritorio\TFG\Ultima implementacio Juan\ULTIMA\datasets_ruidosos\SNR_0db\AS_New_3주기\New_AS_145.wav,4,AS
AS,anomalo,New_AS_148.wav,C:\Users\armga\OneDrive\Escritorio\TFG\Ultima implementacio Juan\ULTIMA\datasets_ruidosos\SNR_0db\AS_New_3주기\New_AS_148.wav,4,AS
AS,anomalo,New_AS_160.wav,C:\Users\armga\OneDrive\Escritorio\TFG\Ultima implementacio Juan\ULTIMA\datasets_ruidosos\SNR_0db\AS_New_3주기\New_AS_160.wav,4,AS
AS,anomalo,New_AS_161.wav,C:\Users\armga\OneDrive\Escritorio\TFG\Ultima implementacio Juan\ULTIMA\datasets_ruidosos\SNR_0db\AS_New_3주기\New_AS_161.wav,4,AS
AS,anomalo,New_AS_163.wav,C:\Users\armga\OneDrive\Escritorio\TFG\Ultima implementacio Juan\ULTIMA\datasets_ruidosos\SNR_0db\AS_New_3주기\New_AS_163.wav,4,AS
AS,anomalo,New_AS_167.wav,C:\Users\armga\OneDrive\Escritorio\TFG\Ultima implementacio Juan\ULTIMA\datasets_ruidosos\SNR_0db\AS_New_3주기\New_AS_167.wav,4,AS
AS,anomalo,New_AS_176.wav,C:\Users\armga\OneDrive\Escritorio\TFG\Ultima implementacio Juan\ULTIMA\datasets_ruidosos\SNR_0db\AS_New_3주기\New_AS_176.wav,4,AS
AS,anomalo,New_AS_180.wav,C:\Users\armga\OneDrive\Escritorio\TFG\Ultima implementacio Juan\ULTIMA\datasets_ruidosos\SNR_0db\AS_New_3주기\New_AS_180.wav,4,MR
AS,anomalo,New_AS_182.wav,C:\Users\armga\OneDrive\Escritorio\TFG\Ultima implementacio Juan\ULTIMA\datasets_ruidosos\SNR_0db\AS_New_3주기\New_AS_182.wav,4,MR
AS,anomalo,New_AS_183.wav,C:\Users\armga\OneDrive\Escritorio\TFG\Ultima implementacio Juan\ULTIMA\datasets_ruidosos\SNR_0db\AS_New_3주기\New_AS_183.wav,4,MR
AS,anomalo,New_AS_189.wav,C:\Users\armga\OneDrive\Escritorio\TFG\Ultima implementacio Juan\ULTIMA\datasets_ruidosos\SNR_0db\AS_New_3주기\New_AS_189.wav,4,AS
AS,anomalo,New_AS_190.wav,C:\Users\armga\OneDrive\Escritorio\TFG\Ultima implementacio Juan\ULTIMA\datasets_ruidosos\SNR_0db\AS_New_3주기\New_AS_190.wav,4,AS
AS,anomalo,New_AS_195.wav,C:\Users\armga\OneDrive\Escritorio\TFG\Ultima implementacio Juan\ULTIMA\datasets_ruidosos\SNR_0db\AS_New_3주기\New_AS_195.wav,4,AS
AS,anomalo,New_AS_198.wav,C:\Users\armga\OneDrive\Escritorio\TFG\Ultima implementacio Juan\ULTIMA\datasets_ruidosos\SNR_0db\AS_New_3주기\New_AS_198.wav,4,AS
AS,anomalo,New_AS_199.wav,C:\Users\armga\OneDrive\Escritorio\TFG\Ultima implementacio Juan\ULTIMA\datasets_ruidosos\SNR_0db\AS_New_3주기\New_AS_199.wav,4,AS
AS,anomalo,New_AS_200.wav,C:\Users\armga\OneDrive\Escritorio\TFG\Ultima implementacio Juan\ULTIMA\datasets_ruidosos\SNR_0db\AS_New_3주기\New_AS_200.wav,4,AS
MR,anomalo,New_MR_005.wav,C:\Users\armga\OneDrive\Escritorio\TFG\Ultima implementacio Juan\ULTIMA\datasets_ruidosos\SNR_0db\MR_New_3주기\New_MR_005.wav,4,MR
MR,anomalo,New_MR_011.wav,C:\Users\armga\OneDrive\Escritorio\TFG\Ultima implementacio Juan\ULTIMA\datasets_ruidosos\SNR_0db\MR_New_3주기\New_MR_011.wav,4,MR
MR,anomalo,New_MR_034.wav,C:\Users\armga\OneDrive\Escritorio\TFG\Ultima implementacio Juan\ULTIMA\datasets_ruidosos\SNR_0db\MR_New_3주기\New_MR_034.wav,4,MR
MR,anomalo,New_MR_037.wav,C:\Users\armga\OneDrive\Escritorio\TFG\Ultima implementacio Juan\ULTIMA\datasets_ruidosos\SNR_0db\MR_New_3주기\New_MR_037.wav,4,MR
MR,anomalo,New_MR_039.wav,C:\Users\armga\OneDrive\Escritorio\TFG\Ultima implementacio Juan\ULTIMA\datasets_ruidosos\SNR_0db\MR_New_3주기\New_MR_039.wav,4,MR
MR,anomalo,New_MR_045.wav,C:\Users\armga\OneDrive\Escritorio\TFG\Ultima implementacio Juan\ULTIMA\datasets_ruidosos\SNR_0db\MR_New_3주기\New_MR_045.wav,4,MR
MR,anomalo,New_MR_048.wav,C:\Users\armga\OneDrive\Escritorio\TFG\Ultima implementacio Juan\ULTIMA\datasets_ruidosos\SNR_0db\MR_New_3주기\New_MR_048.wav,4,N
MR,anomalo,New_MR_051.wav,C:\Users\armga\OneDrive\Escritorio\TFG\Ultima implementacio Juan\ULTIMA\datasets_ruidosos\SNR_0db\MR_New_3주기\New_MR_051.wav,4,MR
MR,anomalo,New_MR_055.wav,C:\Users\armga\OneDrive\Escritorio\TFG\Ultima implementacio Juan\ULTIMA\datasets_ruidosos\SNR_0db\MR_New_3주기\New_MR_055.wav,4,MR
MR,anomalo,New_MR_056.wav,C:\Users\armga\OneDrive\Escritorio\TFG\Ultima implementacio Juan\ULTIMA\datasets_ruidosos\SNR_0db\MR_New_3주기\New_MR_056.wav,4,MR
MR,anomalo,New_MR_064.wav,C:\Users\armga\OneDrive\Escritorio\TFG\Ultima implementacio Juan\ULTIMA\datasets_ruidosos\SNR_0db\MR_New_3주기\New_MR_064.wav,4,MR
MR,anomalo,New_MR_068.wav,C:\Users\armga\OneDrive\Escritorio\TFG\Ultima implementacio Juan\ULTIMA\datasets_ruidosos\SNR_0db\MR_New_3주기\New_MR_068.wav,4,MR
MR,anomalo,New_MR_071.wav,C:\Users\armga\OneDrive\Escritorio\TFG\Ultima implementacio Juan\ULTIMA\datasets_ruidosos\SNR_0db\MR_New_3주기\New_MR_071.wav,4,MR
MR,anomalo,New_MR_072.wav,C:\Users\armga\OneDrive\Escritorio\TFG\Ultima implementacio Juan\ULTIMA\datasets_ruidosos\SNR_0db\MR_New_3주기\New_MR_072.wav,4,MR
MR,anomalo,New_MR_084.wav,C:\Users\armga\OneDrive\Escritorio\TFG\Ultima implementacio Juan\ULTIMA\datasets_ruidosos\SNR_0db\MR_New_3주기\New_MR_084.wav,4,MR
MR,anomalo,New_MR_087.wav,C:\Users\armga\OneDrive\Escritorio\TFG\Ultima implementacio Juan\ULTIMA\datasets_ruidosos\SNR_0db\MR_New_3주기\New_MR_087.wav,4,MR
MR,anomalo,New_MR_089.wav,C:\Users\armga\OneDrive\Escritorio\TFG\Ultima implementacio Juan\ULTIMA\datasets_ruidosos\SNR_0db\MR_New_3주기\New_MR_089.wav,4,MR
MR,anomalo,New_MR_099.wav,C:\Users\armga\OneDrive\Escritorio\TFG\Ultima implementacio Juan\ULTIMA\datasets_ruidosos\SNR_0db\MR_New_3주기\New_MR_099.wav,4,MR
MR,anomalo,New_MR_103.wav,C:\Users\armga\OneDrive\Escritorio\TFG\Ultima implementacio Juan\ULTIMA\datasets_ruidosos\SNR_0db\MR_New_3주기\New_MR_103.wav,4,MR
MR,anomalo,New_MR_109.wav,C:\Users\armga\OneDrive\Escritorio\TFG\Ultima implementacio Juan\ULTIMA\datasets_ruidosos\SNR_0db\MR_New_3주기\New_MR_109.wav,4,MR
MR,anomalo,New_MR_114.wav,C:\Users\armga\OneDrive\Escritorio\TFG\Ultima implementacio Juan\ULTIMA\datasets_ruidosos\SNR_0db\MR_New_3주기\New_MR_114.wav,4,MR
MR,anomalo,New_MR_123.wav,C:\Users\armga\OneDrive\Escritorio\TFG\Ultima implementacio Juan\ULTIMA\datasets_ruidosos\SNR_0db\MR_New_3주기\New_MR_123.wav,4,MR
MR,anomalo,New_MR_127.wav,C:\Users\armga\OneDrive\Escritorio\TFG\Ultima implementacio Juan\ULTIMA\datasets_ruidosos\SNR_0db\MR_New_3주기\New_MR_127.wav,4,MR
MR,anomalo,New_MR_131.wav,C:\Users\armga\OneDrive\Escritorio\TFG\Ultima implementacio Juan\ULTIMA\datasets_ruidosos\SNR_0db\MR_New_3주기\New_MR_131.wav,4,MR
MR,anomalo,New_MR_137.wav,C:\Users\armga\OneDrive\Escritorio\TFG\Ultima implementacio Juan\ULTIMA\datasets_ruidosos\SNR_0db\MR_New_3주기\New_MR_137.wav,4,MR
MR,anomalo,New_MR_140.wav,C:\Users\armga\OneDrive\Escritorio\TFG\Ultima implementacio Juan\ULTIMA\datasets_ruidosos\SNR_0db\MR_New_3주기\New_MR_140.wav,4,MR
MR,anomalo,New_MR_142.wav,C:\Users\armga\OneDrive\Escritorio\TFG\Ultima implementacio Juan\ULTIMA\datasets_ruidosos\SNR_0db\MR_New_3주기\New_MR_142.wav,4,MR
MR,anomalo,New_MR_151.wav,C:\Users\armga\OneDrive\Escritorio\TFG\Ultima implementacio Juan\ULTIMA\datasets_ruidosos\SNR_0db\MR_New_3주기\New_MR_151.wav,4,MR
MR,anomalo,New_MR_158.wav,C:\Users\armga\OneDrive\Escritorio\TFG\Ultima implementacio Juan\ULTIMA\datasets_ruidosos\SNR_0db\MR_New_3주기\New_MR_158.wav,4,MR
MR,anomalo,New_MR_169.wav,C:\Users\armga\OneDrive\Escritorio\TFG\Ultima implementacio Juan\ULTIMA\datasets_ruidosos\SNR_0db\MR_New_3주기\New_MR_169.wav,4,MR
MR,anomalo,New_MR_173.wav,C:\Users\armga\OneDrive\Escritorio\TFG\Ultima implementacio Juan\ULTIMA\datasets_ruidosos\SNR_0db\MR_New_3주기\New_MR_173.wav,4,MR
MR,anomalo,New_MR_175.wav,C:\Users\armga\OneDrive\Escritorio\TFG\Ultima implementacio Juan\ULTIMA\datasets_ruidosos\SNR_0db\MR_New_3주기\New_MR_175.wav,4,MR
MR,anomalo,New_MR_176.wav,C:\Users\armga\OneDrive\Escritorio\TFG\Ultima implementacio Juan\ULTIMA\datasets_ruidosos\SNR_0db\MR_New_3주기\New_MR_176.wav,4,MR
MR,anomalo,New_MR_177.wav,C:\Users\armga\OneDrive\Escritorio\TFG\Ultima implementacio Juan\ULTIMA\datasets_ruidosos\SNR_0db\MR_New_3주기\New_MR_177.wav,4,MR
MR,anomalo,New_MR_178.wav,C:\Users\armga\OneDrive\Escritorio\TFG\Ultima implementacio Juan\ULTIMA\datasets_ruidosos\SNR_0db\MR_New_3주기\New_MR_178.wav,4,MR
MR,anomalo,New_MR_189.wav,C:\Users\armga\OneDrive\Escritorio\TFG\Ultima implementacio Juan\ULTIMA\datasets_ruidosos\SNR_0db\MR_New_3주기\New_MR_189.wav,4,MR
MR,anomalo,New_MR_190.wav,C:\Users\armga\OneDrive\Escritorio\TFG\Ultima implementacio Juan\ULTIMA\datasets_ruidosos\SNR_0db\MR_New_3주기\New_MR_190.wav,4,AS
MR,anomalo,New_MR_191.wav,C:\Users\armga\OneDrive\Escritorio\TFG\Ultima implementacio Juan\ULTIMA\datasets_ruidosos\SNR_0db\MR_New_3주기\New_MR_191.wav,4,AS
MR,anomalo,New_MR_193.wav,C:\Users\armga\OneDrive\Escritorio\TFG\Ultima implementacio Juan\ULTIMA\datasets_ruidosos\SNR_0db\MR_New_3주기\New_MR_193.wav,4,MR
MR,anomalo,New_MR_196.wav,C:\Users\armga\OneDrive\Escritorio\TFG\Ultima implementacio Juan\ULTIMA\datasets_ruidosos\SNR_0db\MR_New_3주기\New_MR_196.wav,4,MR
MS,anomalo,New_MS_001.wav,C:\Users\armga\OneDrive\Escritorio\TFG\Ultima implementacio Juan\ULTIMA\datasets_ruidosos\SNR_0db\MS_New_3주기\New_MS_001.wav,4,MVP
MS,anomalo,New_MS_004.wav,C:\Users\armga\OneDrive\Escritorio\TFG\Ultima implementacio Juan\ULTIMA\datasets_ruidosos\SNR_0db\MS_New_3주기\New_MS_004.wav,4,AS
MS,anomalo,New_MS_006.wav,C:\Users\armga\OneDrive\Escritorio\TFG\Ultima implementacio Juan\ULTIMA\datasets_ruidosos\SNR_0db\MS_New_3주기\New_MS_006.wav,4,MS
MS,anomalo,New_MS_009.wav,C:\Users\armga\OneDrive\Escritorio\TFG\Ultima implementacio Juan\ULTIMA\datasets_ruidosos\SNR_0db\MS_New_3주기\New_MS_009.wav,4,MS
MS,anomalo,New_MS_018.wav,C:\Users\armga\OneDrive\Escritorio\TFG\Ultima implementacio Juan\ULTIMA\datasets_ruidosos\SNR_0db\MS_New_3주기\New_MS_018.wav,4,MS
MS,anomalo,New_MS_029.wav,C:\Users\armga\OneDrive\Escritorio\TFG\Ultima implementacio Juan\ULTIMA\datasets_ruidosos\SNR_0db\MS_New_3주기\New_MS_029.wav,4,MS
MS,anomalo,New_MS_034.wav,C:\Users\armga\OneDrive\Escritorio\TFG\Ultima implementacio Juan\ULTIMA\datasets_ruidosos\SNR_0db\MS_New_3주기\New_MS_034.wav,4,MS
MS,anomalo,New_MS_040.wav,C:\Users\armga\OneDrive\Escritorio\TFG\Ultima implementacio Juan\ULTIMA\datasets_ruidosos\SNR_0db\MS_New_3주기\New_MS_040.wav,4,MS
MS,anomalo,New_MS_041.wav,C:\Users\armga\OneDrive\Escritorio\TFG\Ultima implementacio Juan\ULTIMA\datasets_ruidosos\SNR_0db\MS_New_3주기\New_MS_041.wav,4,MS
MS,anomalo,New_MS_042.wav,C:\Users\armga\OneDrive\Escritorio\TFG\Ultima implementacio Juan\ULTIMA\datasets_ruidosos\SNR_0db\MS_New_3주기\New_MS_042.wav,4,MS
MS,anomalo,New_MS_047.wav,C:\Users\armga\OneDrive\Escritorio\TFG\Ultima implementacio Juan\ULTIMA\datasets_ruidosos\SNR_0db\MS_New_3주기\New_MS_047.wav,4,MS
MS,anomalo,New_MS_050.wav,C:\Users\armga\OneDrive\Escritorio\TFG\Ultima implementacio Juan\ULTIMA\datasets_ruidosos\SNR_0db\MS_New_3주기\New_MS_050.wav,4,MS
MS,anomalo,New_MS_061.wav,C:\Users\armga\OneDrive\Escritorio\TFG\Ultima implementacio Juan\ULTIMA\datasets_ruidosos\SNR_0db\MS_New_3주기\New_MS_061.wav,4,MS
MS,anomalo,New_MS_066.wav,C:\Users\armga\OneDrive\Escritorio\TFG\Ultima implementacio Juan\ULTIMA\datasets_ruidosos\SNR_0db\MS_New_3주기\New_MS_066.wav,4,MS
MS,anomalo,New_MS_069.wav,C:\Users\armga\OneDrive\Escritorio\TFG\Ultima implementacio Juan\ULTIMA\datasets_ruidosos\SNR_0db\MS_New_3주기\New_MS_069.wav,4,MS
MS,anomalo,New_MS_082.wav,C:\Users\armga\OneDrive\Escritorio\TFG\Ultima implementacio Juan\ULTIMA\datasets_ruidosos\SNR_0db\MS_New_3주기\New_MS_082.wav,4,MS
MS,anomalo,New_MS_093.wav,C:\Users\armga\OneDrive\Escritorio\TFG\Ultima implementacio Juan\ULTIMA\datasets_ruidosos\SNR_0db\MS_New_3주기\New_MS_093.wav,4,MS
MS,anomalo,New_MS_094.wav,C:\Users\armga\OneDrive\Escritorio\TFG\Ultima implementacio Juan\ULTIMA\datasets_ruidosos\SNR_0db\MS_New_3주기\New_MS_094.wav,4,MS
MS,anomalo,New_MS_097.wav,C:\Users\armga\OneDrive\Escritorio\TFG\Ultima implementacio Juan\ULTIMA\datasets_ruidosos\SNR_0db\MS_New_3주기\New_MS_097.wav,4,MS
MS,anomalo,New_MS_101.wav,C:\Users\armga\OneDrive\Escritorio\TFG\Ultima implementacio Juan\ULTIMA\datasets_ruidosos\SNR_0db\MS_New_3주기\New_MS_101.wav,4,MS
MS,anomalo,New_MS_104.wav,C:\Users\armga\OneDrive\Escritorio\TFG\Ultima implementacio Juan\ULTIMA\datasets_ruidosos\SNR_0db\MS_New_3주기\New_MS_104.wav,4,MS
MS,anomalo,New_MS_106.wav,C:\Users\armga\OneDrive\Escritorio\TFG\Ultima implementacio Juan\ULTIMA\datasets_ruidosos\SNR_0db\MS_New_3주기\New_MS_106.wav,4,MS
MS,anomalo,New_MS_115.wav,C:\Users\armga\OneDrive\Escritorio\TFG\Ultima implementacio Juan\ULTIMA\datasets_ruidosos\SNR_0db\MS_New_3주기\New_MS_115.wav,4,MS
MS,anomalo,New_MS_126.wav,C:\Users\armga\OneDrive\Escritorio\TFG\Ultima implementacio Juan\ULTIMA\datasets_ruidosos\SNR_0db\MS_New_3주기\New_MS_126.wav,4,MS
MS,anomalo,New_MS_141.wav,C:\Users\armga\OneDrive\Escritorio\TFG\Ultima implementacio Juan\ULTIMA\datasets_ruidosos\SNR_0db\MS_New_3주기\New_MS_141.wav,4,MS
MS,anomalo,New_MS_144.wav,C:\Users\armga\OneDrive\Escritorio\TFG\Ultima implementacio Juan\ULTIMA\datasets_ruidosos\SNR_0db\MS_New_3주기\New_MS_144.wav,4,MS
MS,anomalo,New_MS_146.wav,C:\Users\armga\OneDrive\Escritorio\TFG\Ultima implementacio Juan\ULTIMA\datasets_ruidosos\SNR_0db\MS_New_3주기\New_MS_146.wav,4,MS
MS,anomalo,New_MS_151.wav,C:\Users\armga\OneDrive\Escritorio\TFG\Ultima implementacio Juan\ULTIMA\datasets_ruidosos\SNR_0db\MS_New_3주기\New_MS_151.wav,4,MS
MS,anomalo,New_MS_157.wav,C:\Users\armga\OneDrive\Escritorio\TFG\Ultima implementacio Juan\ULTIMA\datasets_ruidosos\SNR_0db\MS_New_3주기\New_MS_157.wav,4,MS
MS,anomalo,New_MS_161.wav,C:\Users\armga\OneDrive\Escritorio\TFG\Ultima implementacio Juan\ULTIMA\datasets_ruidosos\SNR_0db\MS_New_3주기\New_MS_161.wav,4,MS
MS,anomalo,New_MS_163.wav,C:\Users\armga\OneDrive\Escritorio\TFG\Ultima implementacio Juan\ULTIMA\datasets_ruidosos\SNR_0db\MS_New_3주기\New_MS_163.wav,4,MS
MS,anomalo,New_MS_167.wav,C:\Users\armga\OneDrive\Escritorio\TFG\Ultima implementacio Juan\ULTIMA\datasets_ruidosos\SNR_0db\MS_New_3주기\New_MS_167.wav,4,MS
MS,anomalo,New_MS_170.wav,C:\Users\armga\OneDrive\Escritorio\TFG\Ultima implementacio Juan\ULTIMA\datasets_ruidosos\SNR_0db\MS_New_3주기\New_MS_170.wav,4,MVP
MS,anomalo,New_MS_173.wav,C:\Users\armga\OneDrive\Escritorio\TFG\Ultima implementacio Juan\ULTIMA\datasets_ruidosos\SNR_0db\MS_New_3주기\New_MS_173.wav,4,MS
MS,anomalo,New_MS_178.wav,C:\Users\armga\OneDrive\Escritorio\TFG\Ultima implementacio Juan\ULTIMA\datasets_ruidosos\SNR_0db\MS_New_3주기\New_MS_178.wav,4,MS
MS,anomalo,New_MS_181.wav,C:\Users\armga\OneDrive\Escritorio\TFG\Ultima implementacio Juan\ULTIMA\datasets_ruidosos\SNR_0db\MS_New_3주기\New_MS_181.wav,4,MS
MS,anomalo,New_MS_185.wav,C:\Users\armga\OneDrive\Escritorio\TFG\Ultima implementacio Juan\ULTIMA\datasets_ruidosos\SNR_0db\MS_New_3주기\New_MS_185.wav,4,MS
MS,anomalo,New_MS_187.wav,C:\Users\armga\OneDrive\Escritorio\TFG\Ultima implementacio Juan\ULTIMA\datasets_ruidosos\SNR_0db\MS_New_3주기\New_MS_187.wav,4,MS
MS,anomalo,New_MS_190.wav,C:\Users\armga\OneDrive\Escritorio\TFG\Ultima implementacio Juan\ULTIMA\datasets_ruidosos\SNR_0db\MS_New_3주기\New_MS_190.wav,4,MS
MS,anomalo,New_MS_192.wav,C:\Users\armga\OneDrive\Escritorio\TFG\Ultima implementacio Juan\ULTIMA\datasets_ruidosos\SNR_0db\MS_New_3주기\New_MS_192.wav,4,MS
MVP,anomalo,New_MVP_005.wav,C:\Users\armga\OneDrive\Escritorio\TFG\Ultima implementacio Juan\ULTIMA\datasets_ruidosos\SNR_0db\MVP_New_3주기\New_MVP_005.wav,4,MVP
MVP,anomalo,New_MVP_006.wav,C:\Users\armga\OneDrive\Escritorio\TFG\Ultima implementacio Juan\ULTIMA\datasets_ruidosos\SNR_0db\MVP_New_3주기\New_MVP_006.wav,4,MVP
MVP,anomalo,New_MVP_011.wav,C:\Users\armga\OneDrive\Escritorio\TFG\Ultima implementacio Juan\ULTIMA\datasets_ruidosos\SNR_0db\MVP_New_3주기\New_MVP_011.wav,4,MVP
MVP,anomalo,New_MVP_016.wav,C:\Users\armga\OneDrive\Escritorio\TFG\Ultima implementacio Juan\ULTIMA\datasets_ruidosos\SNR_0db\MVP_New_3주기\New_MVP_016.wav,4,MVP
MVP,anomalo,New_MVP_017.wav,C:\Users\armga\OneDrive\Escritorio\TFG\Ultima implementacio Juan\ULTIMA\datasets_ruidosos\SNR_0db\MVP_New_3주기\New_MVP_017.wav,4,MVP
MVP,anomalo,New_MVP_022.wav,C:\Users\armga\OneDrive\Escritorio\TFG\Ultima implementacio Juan\ULTIMA\datasets_ruidosos\SNR_0db\MVP_New_3주기\New_MVP_022.wav,4,MVP
MVP,anomalo,New_MVP_025.wav,C:\Users\armga\OneDrive\Escritorio\TFG\Ultima implementacio Juan\ULTIMA\datasets_ruidosos\SNR_0db\MVP_New_3주기\New_MVP_025.wav,4,MVP
MVP,anomalo,New_MVP_032.wav,C:\Users\armga\OneDrive\Escritorio\TFG\Ultima implementacio Juan\ULTIMA\datasets_ruidosos\SNR_0db\MVP_New_3주기\New_MVP_032.wav,4,MVP
MVP,anomalo,New_MVP_033.wav,C:\Users\armga\OneDrive\Escritorio\TFG\Ultima implementacio Juan\ULTIMA\datasets_ruidosos\SNR_0db\MVP_New_3주기\New_MVP_033.wav,4,MVP
MVP,anomalo,New_MVP_036.wav,C:\Users\armga\OneDrive\Escritorio\TFG\Ultima implementacio Juan\ULTIMA\datasets_ruidosos\SNR_0db\MVP_New_3주기\New_MVP_036.wav,4,MVP
MVP,anomalo,New_MVP_048.wav,C:\Users\armga\OneDrive\Escritorio\TFG\Ultima implementacio Juan\ULTIMA\datasets_ruidosos\SNR_0db\MVP_New_3주기\New_MVP_048.wav,4,MVP
MVP,anomalo,New_MVP_049.wav,C:\Users\armga\OneDrive\Escritorio\TFG\Ultima implementacio Juan\ULTIMA\datasets_ruidosos\SNR_0db\MVP_New_3주기\New_MVP_049.wav,4,MVP
MVP,anomalo,New_MVP_050.wav,C:\Users\armga\OneDrive\Escritorio\TFG\Ultima implementacio Juan\ULTIMA\datasets_ruidosos\SNR_0db\MVP_New_3주기\New_MVP_050.wav,4,MVP
MVP,anomalo,New_MVP_054.wav,C:\Users\armga\OneDrive\Escritorio\TFG\Ultima implementacio Juan\ULTIMA\datasets_ruidosos\SNR_0db\MVP_New_3주기\New_MVP_054.wav,4,MVP
MVP,anomalo,New_MVP_058.wav,C:\Users\armga\OneDrive\Escritorio\TFG\Ultima implementacio Juan\ULTIMA\datasets_ruidosos\SNR_0db\MVP_New_3주기\New_MVP_058.wav,4,MVP
MVP,anomalo,New_MVP_059.wav,C:\Users\armga\OneDrive\Escritorio\TFG\Ultima implementacio Juan\ULTIMA\datasets_ruidosos\SNR_0db\MVP_New_3주기\New_MVP_059.wav,4,MVP
MVP,anomalo,New_MVP_060.wav,C:\Users\armga\OneDrive\Escritorio\TFG\Ultima implementacio Juan\ULTIMA\datasets_ruidosos\SNR_0db\MVP_New_3주기\New_MVP_060.wav,4,MVP
MVP,anomalo,New_MVP_062.wav,C:\Users\armga\OneDrive\Escritorio\TFG\Ultima implementacio Juan\ULTIMA\datasets_ruidosos\SNR_0db\MVP_New_3주기\New_MVP_062.wav,4,MVP
MVP,anomalo,New_MVP_072.wav,C:\Users\armga\OneDrive\Escritorio\TFG\Ultima implementacio Juan\ULTIMA\datasets_ruidosos\SNR_0db\MVP_New_3주기\New_MVP_072.wav,4,MVP
MVP,anomalo,New_MVP_082.wav,C:\Users\armga\OneDrive\Escritorio\TFG\Ultima implementacio Juan\ULTIMA\datasets_ruidosos\SNR_0db\MVP_New_3주기\New_MVP_082.wav,4,MVP
MVP,anomalo,New_MVP_087.wav,C:\Users\armga\OneDrive\Escritorio\TFG\Ultima implementacio Juan\ULTIMA\datasets_ruidosos\SNR_0db\MVP_New_3주기\New_MVP_087.wav,4,MVP
MVP,anomalo,New_MVP_120.wav,C:\Users\armga\OneDrive\Escritorio\TFG\Ultima implementacio Juan\ULTIMA\datasets_ruidosos\SNR_0db\MVP_New_3주기\New_MVP_120.wav,4,MVP
MVP,anomalo,New_MVP_121.wav,C:\Users\armga\OneDrive\Escritorio\TFG\Ultima implementacio Juan\ULTIMA\datasets_ruidosos\SNR_0db\MVP_New_3주기\New_MVP_121.wav,4,MVP
MVP,anomalo,New_MVP_123.wav,C:\Users\armga\OneDrive\Escritorio\TFG\Ultima implementacio Juan\ULTIMA\datasets_ruidosos\SNR_0db\MVP_New_3주기\New_MVP_123.wav,4,MVP
MVP,anomalo,New_MVP_124.wav,C:\Users\armga\OneDrive\Escritorio\TFG\Ultima implementacio Juan\ULTIMA\datasets_ruidosos\SNR_0db\MVP_New_3주기\New_MVP_124.wav,4,MVP
MVP,anomalo,New_MVP_125.wav,C:\Users\armga\OneDrive\Escritorio\TFG\Ultima implementacio Juan\ULTIMA\datasets_ruidosos\SNR_0db\MVP_New_3주기\New_MVP_125.wav,4,MVP
MVP,anomalo,New_MVP_130.wav,C:\Users\armga\OneDrive\Escritorio\TFG\Ultima implementacio Juan\ULTIMA\datasets_ruidosos\SNR_0db\MVP_New_3주기\New_MVP_130.wav,4,MVP
MVP,anomalo,New_MVP_134.wav,C:\Users\armga\OneDrive\Escritorio\TFG\Ultima implementacio Juan\ULTIMA\datasets_ruidosos\SNR_0db\MVP_New_3주기\New_MVP_134.wav,4,MVP
MVP,anomalo,New_MVP_138.wav,C:\Users\armga\OneDrive\Escritorio\TFG\Ultima implementacio Juan\ULTIMA\datasets_ruidosos\SNR_0db\MVP_New_3주기\New_MVP_138.wav,4,AS
MVP,anomalo,New_MVP_141.wav,C:\Users\armga\OneDrive\Escritorio\TFG\Ultima implementacio Juan\ULTIMA\datasets_ruidosos\SNR_0db\MVP_New_3주기\New_MVP_141.wav,4,MVP
MVP,anomalo,New_MVP_149.wav,C:\Users\armga\OneDrive\Escritorio\TFG\Ultima implementacio Juan\ULTIMA\datasets_ruidosos\SNR_0db\MVP_New_3주기\New_MVP_149.wav,4,MVP
MVP,anomalo,New_MVP_152.wav,C:\Users\armga\OneDrive\Escritorio\TFG\Ultima implementacio Juan\ULTIMA\datasets_ruidosos\SNR_0db\MVP_New_3주기\New_MVP_152.wav,4,MVP
MVP,anomalo,New_MVP_157.wav,C:\Users\armga\OneDrive\Escritorio\TFG\Ultima implementacio Juan\ULTIMA\datasets_ruidosos\SNR_0db\MVP_New_3주기\New_MVP_157.wav,4,MVP
MVP,anomalo,New_MVP_172.wav,C:\Users\armga\OneDrive\Escritorio\TFG\Ultima implementacio Juan\ULTIMA\datasets_ruidosos\SNR_0db\MVP_New_3주기\New_MVP_172.wav,4,MVP
MVP,anomalo,New_MVP_176.wav,C:\Users\armga\OneDrive\Escritorio\TFG\Ultima implementacio Juan\ULTIMA\datasets_ruidosos\SNR_0db\MVP_New_3주기\New_MVP_176.wav,4,MVP
MVP,anomalo,New_MVP_184.wav,C:\Users\armga\OneDrive\Escritorio\TFG\Ultima implementacio Juan\ULTIMA\datasets_ruidosos\SNR_0db\MVP_New_3주기\New_MVP_184.wav,4,MVP
MVP,anomalo,New_MVP_187.wav,C:\Users\armga\OneDrive\Escritorio\TFG\Ultima implementacio Juan\ULTIMA\datasets_ruidosos\SNR_0db\MVP_New_3주기\New_MVP_187.wav,4,MVP
MVP,anomalo,New_MVP_194.wav,C:\Users\armga\OneDrive\Escritorio\TFG\Ultima implementacio Juan\ULTIMA\datasets_ruidosos\SNR_0db\MVP_New_3주기\New_MVP_194.wav,4,MVP
MVP,anomalo,New_MVP_196.wav,C:\Users\armga\OneDrive\Escritorio\TFG\Ultima implementacio Juan\ULTIMA\datasets_ruidosos\SNR_0db\MVP_New_3주기\New_MVP_196.wav,4,MS
MVP,anomalo,New_MVP_199.wav,C:\Users\armga\OneDrive\Escritorio\TFG\Ultima implementacio Juan\ULTIMA\datasets_ruidosos\SNR_0db\MVP_New_3주기\New_MVP_199.wav,4,MR
N,normal,New_N_008.wav,C:\Users\armga\OneDrive\Escritorio\TFG\Ultima implementacio Juan\ULTIMA\datasets_ruidosos\SNR_0db\N_New_3주기\New_N_008.wav,5,N
N,normal,New_N_009.wav,C:\Users\armga\OneDrive\Escritorio\TFG\Ultima implementacio Juan\ULTIMA\datasets_ruidosos\SNR_0db\N_New_3주기\New_N_009.wav,5,N
N,normal,New_N_012.wav,C:\Users\armga\OneDrive\Escritorio\TFG\Ultima implementacio Juan\ULTIMA\datasets_ruidosos\SNR_0db\N_New_3주기\New_N_012.wav,5,N
N,normal,New_N_013.wav,C:\Users\armga\OneDrive\Escritorio\TFG\Ultima implementacio Juan\ULTIMA\datasets_ruidosos\SNR_0db\N_New_3주기\New_N_013.wav,5,N
N,normal,New_N_015.wav,C:\Users\armga\OneDrive\Escritorio\TFG\Ultima implementacio Juan\ULTIMA\datasets_ruidosos\SNR_0db\N_New_3주기\New_N_015.wav,5,N
N,normal,New_N_016.wav,C:\Users\armga\OneDrive\Escritorio\TFG\Ultima implementacio Juan\ULTIMA\datasets_ruidosos\SNR_0db\N_New_3주기\New_N_016.wav,5,N
N,normal,New_N_039.wav,C:\Users\armga\OneDrive\Escritorio\TFG\Ultima implementacio Juan\ULTIMA\datasets_ruidosos\SNR_0db\N_New_3주기\New_N_039.wav,5,N
N,normal,New_N_042.wav,C:\Users\armga\OneDrive\Escritorio\TFG\Ultima implementacio Juan\ULTIMA\datasets_ruidosos\SNR_0db\N_New_3주기\New_N_042.wav,5,N
N,normal,New_N_046.wav,C:\Users\armga\OneDrive\Escritorio\TFG\Ultima implementacio Juan\ULTIMA\datasets_ruidosos\SNR_0db\N_New_3주기\New_N_046.wav,5,N
N,normal,New_N_052.wav,C:\Users\armga\OneDrive\Escritorio\TFG\Ultima implementacio Juan\ULTIMA\datasets_ruidosos\SNR_0db\N_New_3주기\New_N_052.wav,5,N
N,normal,New_N_059.wav,C:\Users\armga\OneDrive\Escritorio\TFG\Ultima implementacio Juan\ULTIMA\datasets_ruidosos\SNR_0db\N_New_3주기\New_N_059.wav,5,N
N,normal,New_N_061.wav,C:\Users\armga\OneDrive\Escritorio\TFG\Ultima implementacio Juan\ULTIMA\datasets_ruidosos\SNR_0db\N_New_3주기\New_N_061.wav,5,N
N,normal,New_N_068.wav,C:\Users\armga\OneDrive\Escritorio\TFG\Ultima implementacio Juan\ULTIMA\datasets_ruidosos\SNR_0db\N_New_3주기\New_N_068.wav,5,N
N,normal,New_N_073.wav,C:\Users\armga\OneDrive\Escritorio\TFG\Ultima implementacio Juan\ULTIMA\datasets_ruidosos\SNR_0db\N_New_3주기\New_N_073.wav,5,N
N,normal,New_N_084.wav,C:\Users\armga\OneDrive\Escritorio\TFG\Ultima implementacio Juan\ULTIMA\datasets_ruidosos\SNR_0db\N_New_3주기\New_N_084.wav,5,N
N,normal,New_N_085.wav,C:\Users\armga\OneDrive\Escritorio\TFG\Ultima implementacio Juan\ULTIMA\datasets_ruidosos\SNR_0db\N_New_3주기\New_N_085.wav,5,N
N,normal,New_N_087.wav,C:\Users\armga\OneDrive\Escritorio\TFG\Ultima implementacio Juan\ULTIMA\datasets_ruidosos\SNR_0db\N_New_3주기\New_N_087.wav,5,N
N,normal,New_N_089.wav,C:\Users\armga\OneDrive\Escritorio\TFG\Ultima implementacio Juan\ULTIMA\datasets_ruidosos\SNR_0db\N_New_3주기\New_N_089.wav,5,N
N,normal,New_N_096.wav,C:\Users\armga\OneDrive\Escritorio\TFG\Ultima implementacio Juan\ULTIMA\datasets_ruidosos\SNR_0db\N_New_3주기\New_N_096.wav,5,N
N,normal,New_N_111.wav,C:\Users\armga\OneDrive\Escritorio\TFG\Ultima implementacio Juan\ULTIMA\datasets_ruidosos\SNR_0db\N_New_3주기\New_N_111.wav,5,N
N,normal,New_N_113.wav,C:\Users\armga\OneDrive\Escritorio\TFG\Ultima implementacio Juan\ULTIMA\datasets_ruidosos\SNR_0db\N_New_3주기\New_N_113.wav,5,N
N,normal,New_N_119.wav,C:\Users\armga\OneDrive\Escritorio\TFG\Ultima implementacio Juan\ULTIMA\datasets_ruidosos\SNR_0db\N_New_3주기\New_N_119.wav,5,N
N,normal,New_N_127.wav,C:\Users\armga\OneDrive\Escritorio\TFG\Ultima implementacio Juan\ULTIMA\datasets_ruidosos\SNR_0db\N_New_3주기\New_N_127.wav,5,N
N,normal,New_N_131.wav,C:\Users\armga\OneDrive\Escritorio\TFG\Ultima implementacio Juan\ULTIMA\datasets_ruidosos\SNR_0db\N_New_3주기\New_N_131.wav,5,N
N,normal,New_N_141.wav,C:\Users\armga\OneDrive\Escritorio\TFG\Ultima implementacio Juan\ULTIMA\datasets_ruidosos\SNR_0db\N_New_3주기\New_N_141.wav,5,N
N,normal,New_N_142.wav,C:\Users\armga\OneDrive\Escritorio\TFG\Ultima implementacio Juan\ULTIMA\datasets_ruidosos\SNR_0db\N_New_3주기\New_N_142.wav,5,N
N,normal,New_N_143.wav,C:\Users\armga\OneDrive\Escritorio\TFG\Ultima implementacio Juan\ULTIMA\datasets_ruidosos\SNR_0db\N_New_3주기\New_N_143.wav,5,N
N,normal,New_N_151.wav,C:\Users\armga\OneDrive\Escritorio\TFG\Ultima implementacio Juan\ULTIMA\datasets_ruidosos\SNR_0db\N_New_3주기\New_N_151.wav,5,N
N,normal,New_N_152.wav,C:\Users\armga\OneDrive\Escritorio\TFG\Ultima implementacio Juan\ULTIMA\datasets_ruidosos\SNR_0db\N_New_3주기\New_N_152.wav,5,N
N,normal,New_N_157.wav,C:\Users\armga\OneDrive\Escritorio\TFG\Ultima implementacio Juan\ULTIMA\datasets_ruidosos\SNR_0db\N_New_3주기\New_N_157.wav,5,N
N,normal,New_N_161.wav,C:\Users\armga\OneDrive\Escritorio\TFG\Ultima implementacio Juan\ULTIMA\datasets_ruidosos\SNR_0db\N_New_3주기\New_N_161.wav,5,N
N,normal,New_N_163.wav,C:\Users\armga\OneDrive\Escritorio\TFG\Ultima implementacio Juan\ULTIMA\datasets_ruidosos\SNR_0db\N_New_3주기\New_N_163.wav,5,N
N,normal,New_N_164.wav,C:\Users\armga\OneDrive\Escritorio\TFG\Ultima implementacio Juan\ULTIMA\datasets_ruidosos\SNR_0db\N_New_3주기\New_N_164.wav,5,N
N,normal,New_N_169.wav,C:\Users\armga\OneDrive\Escritorio\TFG\Ultima implementacio Juan\ULTIMA\datasets_ruidosos\SNR_0db\N_New_3주기\New_N_169.wav,5,N
N,normal,New_N_175.wav,C:\Users\armga\OneDrive\Escritorio\TFG\Ultima implementacio Juan\ULTIMA\datasets_ruidosos\SNR_0db\N_New_3주기\New_N_175.wav,5,N
N,normal,New_N_176.wav,C:\Users\armga\OneDrive\Escritorio\TFG\Ultima implementacio Juan\ULTIMA\datasets_ruidosos\SNR_0db\N_New_3주기\New_N_176.wav,5,N
N,normal,New_N_180.wav,C:\Users\armga\OneDrive\Escritorio\TFG\Ultima implementacio Juan\ULTIMA\datasets_ruidosos\SNR_0db\N_New_3주기\New_N_180.wav,5,N
N,normal,New_N_192.wav,C:\Users\armga\OneDrive\Escritorio\TFG\Ultima implementacio Juan\ULTIMA\datasets_ruidosos\SNR_0db\N_New_3주기\New_N_192.wav,5,N
N,normal,New_N_194.wav,C:\Users\armga\OneDrive\Escritorio\TFG\Ultima implementacio Juan\ULTIMA\datasets_ruidosos\SNR_0db\N_New_3주기\New_N_194.wav,5,N
N,normal,New_N_199.wav,C:\Users\armga\OneDrive\Escritorio\TFG\Ultima implementacio Juan\ULTIMA\datasets_ruidosos\SNR_0db\N_New_3주기\New_N_199.wav,5,N
AS,anomalo,New_AS_001.wav,C:\Users\armga\OneDrive\Escritorio\TFG\Ultima implementacio Juan\ULTIMA\datasets_ruidosos\SNR_0db\AS_New_3주기\New_AS_001.wav,5,AS
AS,anomalo,New_AS_004.wav,C:\Users\armga\OneDrive\Escritorio\TFG\Ultima implementacio Juan\ULTIMA\datasets_ruidosos\SNR_0db\AS_New_3주기\New_AS_004.wav,5,AS
AS,anomalo,New_AS_014.wav,C:\Users\armga\OneDrive\Escritorio\TFG\Ultima implementacio Juan\ULTIMA\datasets_ruidosos\SNR_0db\AS_New_3주기\New_AS_014.wav,5,AS
AS,anomalo,New_AS_015.wav,C:\Users\armga\OneDrive\Escritorio\TFG\Ultima implementacio Juan\ULTIMA\datasets_ruidosos\SNR_0db\AS_New_3주기\New_AS_015.wav,5,AS
AS,anomalo,New_AS_024.wav,C:\Users\armga\OneDrive\Escritorio\TFG\Ultima implementacio Juan\ULTIMA\datasets_ruidosos\SNR_0db\AS_New_3주기\New_AS_024.wav,5,AS
AS,anomalo,New_AS_043.wav,C:\Users\armga\OneDrive\Escritorio\TFG\Ultima implementacio Juan\ULTIMA\datasets_ruidosos\SNR_0db\AS_New_3주기\New_AS_043.wav,5,AS
AS,anomalo,New_AS_048.wav,C:\Users\armga\OneDrive\Escritorio\TFG\Ultima implementacio Juan\ULTIMA\datasets_ruidosos\SNR_0db\AS_New_3주기\New_AS_048.wav,5,AS
AS,anomalo,New_AS_057.wav,C:\Users\armga\OneDrive\Escritorio\TFG\Ultima implementacio Juan\ULTIMA\datasets_ruidosos\SNR_0db\AS_New_3주기\New_AS_057.wav,5,AS
AS,anomalo,New_AS_059.wav,C:\Users\armga\OneDrive\Escritorio\TFG\Ultima implementacio Juan\ULTIMA\datasets_ruidosos\SNR_0db\AS_New_3주기\New_AS_059.wav,5,AS
AS,anomalo,New_AS_077.wav,C:\Users\armga\OneDrive\Escritorio\TFG\Ultima implementacio Juan\ULTIMA\datasets_ruidosos\SNR_0db\AS_New_3주기\New_AS_077.wav,5,AS
AS,anomalo,New_AS_078.wav,C:\Users\armga\OneDrive\Escritorio\TFG\Ultima implementacio Juan\ULTIMA\datasets_ruidosos\SNR_0db\AS_New_3주기\New_AS_078.wav,5,AS
AS,anomalo,New_AS_079.wav,C:\Users\armga\OneDrive\Escritorio\TFG\Ultima implementacio Juan\ULTIMA\datasets_ruidosos\SNR_0db\AS_New_3주기\New_AS_079.wav,5,AS
AS,anomalo,New_AS_080.wav,C:\Users\armga\OneDrive\Escritorio\TFG\Ultima implementacio Juan\ULTIMA\datasets_ruidosos\SNR_0db\AS_New_3주기\New_AS_080.wav,5,AS
AS,anomalo,New_AS_083.wav,C:\Users\armga\OneDrive\Escritorio\TFG\Ultima implementacio Juan\ULTIMA\datasets_ruidosos\SNR_0db\AS_New_3주기\New_AS_083.wav,5,AS
AS,anomalo,New_AS_092.wav,C:\Users\armga\OneDrive\Escritorio\TFG\Ultima implementacio Juan\ULTIMA\datasets_ruidosos\SNR_0db\AS_New_3주기\New_AS_092.wav,5,AS
AS,anomalo,New_AS_093.wav,C:\Users\armga\OneDrive\Escritorio\TFG\Ultima implementacio Juan\ULTIMA\datasets_ruidosos\SNR_0db\AS_New_3주기\New_AS_093.wav,5,AS
AS,anomalo,New_AS_098.wav,C:\Users\armga\OneDrive\Escritorio\TFG\Ultima implementacio Juan\ULTIMA\datasets_ruidosos\SNR_0db\AS_New_3주기\New_AS_098.wav,5,AS
AS,anomalo,New_AS_099.wav,C:\Users\armga\OneDrive\Escritorio\TFG\Ultima implementacio Juan\ULTIMA\datasets_ruidosos\SNR_0db\AS_New_3주기\New_AS_099.wav,5,AS
AS,anomalo,New_AS_101.wav,C:\Users\armga\OneDrive\Escritorio\TFG\Ultima implementacio Juan\ULTIMA\datasets_ruidosos\SNR_0db\AS_New_3주기\New_AS_101.wav,5,AS
AS,anomalo,New_AS_105.wav,C:\Users\armga\OneDrive\Escritorio\TFG\Ultima implementacio Juan\ULTIMA\datasets_ruidosos\SNR_0db\AS_New_3주기\New_AS_105.wav,5,AS
AS,anomalo,New_AS_121.wav,C:\Users\armga\OneDrive\Escritorio\TFG\Ultima implementacio Juan\ULTIMA\datasets_ruidosos\SNR_0db\AS_New_3주기\New_AS_121.wav,5,AS
AS,anomalo,New_AS_122.wav,C:\Users\armga\OneDrive\Escritorio\TFG\Ultima implementacio Juan\ULTIMA\datasets_ruidosos\SNR_0db\AS_New_3주기\New_AS_122.wav,5,AS
AS,anomalo,New_AS_130.wav,C:\Users\armga\OneDrive\Escritorio\TFG\Ultima implementacio Juan\ULTIMA\datasets_ruidosos\SNR_0db\AS_New_3주기\New_AS_130.wav,5,AS
AS,anomalo,New_AS_132.wav,C:\Users\armga\OneDrive\Escritorio\TFG\Ultima implementacio Juan\ULTIMA\datasets_ruidosos\SNR_0db\AS_New_3주기\New_AS_132.wav,5,MVP
AS,anomalo,New_AS_133.wav,C:\Users\armga\OneDrive\Escritorio\TFG\Ultima implementacio Juan\ULTIMA\datasets_ruidosos\SNR_0db\AS_New_3주기\New_AS_133.wav,5,AS
AS,anomalo,New_AS_134.wav,C:\Users\armga\OneDrive\Escritorio\TFG\Ultima implementacio Juan\ULTIMA\datasets_ruidosos\SNR_0db\AS_New_3주기\New_AS_134.wav,5,AS
AS,anomalo,New_AS_137.wav,C:\Users\armga\OneDrive\Escritorio\TFG\Ultima implementacio Juan\ULTIMA\datasets_ruidosos\SNR_0db\AS_New_3주기\New_AS_137.wav,5,AS
AS,anomalo,New_AS_140.wav,C:\Users\armga\OneDrive\Escritorio\TFG\Ultima implementacio Juan\ULTIMA\datasets_ruidosos\SNR_0db\AS_New_3주기\New_AS_140.wav,5,AS
AS,anomalo,New_AS_150.wav,C:\Users\armga\OneDrive\Escritorio\TFG\Ultima implementacio Juan\ULTIMA\datasets_ruidosos\SNR_0db\AS_New_3주기\New_AS_150.wav,5,MR
AS,anomalo,New_AS_155.wav,C:\Users\armga\OneDrive\Escritorio\TFG\Ultima implementacio Juan\ULTIMA\datasets_ruidosos\SNR_0db\AS_New_3주기\New_AS_155.wav,5,AS
AS,anomalo,New_AS_156.wav,C:\Users\armga\OneDrive\Escritorio\TFG\Ultima implementacio Juan\ULTIMA\datasets_ruidosos\SNR_0db\AS_New_3주기\New_AS_156.wav,5,AS
AS,anomalo,New_AS_168.wav,C:\Users\armga\OneDrive\Escritorio\TFG\Ultima implementacio Juan\ULTIMA\datasets_ruidosos\SNR_0db\AS_New_3주기\New_AS_168.wav,5,AS
AS,anomalo,New_AS_171.wav,C:\Users\armga\OneDrive\Escritorio\TFG\Ultima implementacio Juan\ULTIMA\datasets_ruidosos\SNR_0db\AS_New_3주기\New_AS_171.wav,5,AS
AS,anomalo,New_AS_172.wav,C:\Users\armga\OneDrive\Escritorio\TFG\Ultima implementacio Juan\ULTIMA\datasets_ruidosos\SNR_0db\AS_New_3주기\New_AS_172.wav,5,AS
AS,anomalo,New_AS_174.wav,C:\Users\armga\OneDrive\Escritorio\TFG\Ultima implementacio Juan\ULTIMA\datasets_ruidosos\SNR_0db\AS_New_3주기\New_AS_174.wav,5,AS
AS,anomalo,New_AS_175.wav,C:\Users\armga\OneDrive\Escritorio\TFG\Ultima implementacio Juan\ULTIMA\datasets_ruidosos\SNR_0db\AS_New_3주기\New_AS_175.wav,5,AS
AS,anomalo,New_AS_191.wav,C:\Users\armga\OneDrive\Escritorio\TFG\Ultima implementacio Juan\ULTIMA\datasets_ruidosos\SNR_0db\AS_New_3주기\New_AS_191.wav,5,AS
AS,anomalo,New_AS_192.wav,C:\Users\armga\OneDrive\Escritorio\TFG\Ultima implementacio Juan\ULTIMA\datasets_ruidosos\SNR_0db\AS_New_3주기\New_AS_192.wav,5,AS
AS,anomalo,New_AS_194.wav,C:\Users\armga\OneDrive\Escritorio\TFG\Ultima implementacio Juan\ULTIMA\datasets_ruidosos\SNR_0db\AS_New_3주기\New_AS_194.wav,5,MR
AS,anomalo,New_AS_196.wav,C:\Users\armga\OneDrive\Escritorio\TFG\Ultima implementacio Juan\ULTIMA\datasets_ruidosos\SNR_0db\AS_New_3주기\New_AS_196.wav,5,AS
MR,anomalo,New_MR_001.wav,C:\Users\armga\OneDrive\Escritorio\TFG\Ultima implementacio Juan\ULTIMA\datasets_ruidosos\SNR_0db\MR_New_3주기\New_MR_001.wav,5,MR
MR,anomalo,New_MR_006.wav,C:\Users\armga\OneDrive\Escritorio\TFG\Ultima implementacio Juan\ULTIMA\datasets_ruidosos\SNR_0db\MR_New_3주기\New_MR_006.wav,5,MR
MR,anomalo,New_MR_013.wav,C:\Users\armga\OneDrive\Escritorio\TFG\Ultima implementacio Juan\ULTIMA\datasets_ruidosos\SNR_0db\MR_New_3주기\New_MR_013.wav,5,MR
MR,anomalo,New_MR_019.wav,C:\Users\armga\OneDrive\Escritorio\TFG\Ultima implementacio Juan\ULTIMA\datasets_ruidosos\SNR_0db\MR_New_3주기\New_MR_019.wav,5,MR
MR,anomalo,New_MR_030.wav,C:\Users\armga\OneDrive\Escritorio\TFG\Ultima implementacio Juan\ULTIMA\datasets_ruidosos\SNR_0db\MR_New_3주기\New_MR_030.wav,5,MR
MR,anomalo,New_MR_032.wav,C:\Users\armga\OneDrive\Escritorio\TFG\Ultima implementacio Juan\ULTIMA\datasets_ruidosos\SNR_0db\MR_New_3주기\New_MR_032.wav,5,MR
MR,anomalo,New_MR_033.wav,C:\Users\armga\OneDrive\Escritorio\TFG\Ultima implementacio Juan\ULTIMA\datasets_ruidosos\SNR_0db\MR_New_3주기\New_MR_033.wav,5,MR
MR,anomalo,New_MR_057.wav,C:\Users\armga\OneDrive\Escritorio\TFG\Ultima implementacio Juan\ULTIMA\datasets_ruidosos\SNR_0db\MR_New_3주기\New_MR_057.wav,5,MR
MR,anomalo,New_MR_058.wav,C:\Users\armga\OneDrive\Escritorio\TFG\Ultima implementacio Juan\ULTIMA\datasets_ruidosos\SNR_0db\MR_New_3주기\New_MR_058.wav,5,MR
MR,anomalo,New_MR_065.wav,C:\Users\armga\OneDrive\Escritorio\TFG\Ultima implementacio Juan\ULTIMA\datasets_ruidosos\SNR_0db\MR_New_3주기\New_MR_065.wav,5,MR
MR,anomalo,New_MR_066.wav,C:\Users\armga\OneDrive\Escritorio\TFG\Ultima implementacio Juan\ULTIMA\datasets_ruidosos\SNR_0db\MR_New_3주기\New_MR_066.wav,5,MR
MR,anomalo,New_MR_069.wav,C:\Users\armga\OneDrive\Escritorio\TFG\Ultima implementacio Juan\ULTIMA\datasets_ruidosos\SNR_0db\MR_New_3주기\New_MR_069.wav,5,MR
MR,anomalo,New_MR_075.wav,C:\Users\armga\OneDrive\Escritorio\TFG\Ultima implementacio Juan\ULTIMA\datasets_ruidosos\SNR_0db\MR_New_3주기\New_MR_075.wav,5,MR
MR,anomalo,New_MR_077.wav,C:\Users\armga\OneDrive\Escritorio\TFG\Ultima implementacio Juan\ULTIMA\datasets_ruidosos\SNR_0db\MR_New_3주기\New_MR_077.wav,5,MR
MR,anomalo,New_MR_080.wav,C:\Users\armga\OneDrive\Escritorio\TFG\Ultima implementacio Juan\ULTIMA\datasets_ruidosos\SNR_0db\MR_New_3주기\New_MR_080.wav,5,MR
MR,anomalo,New_MR_081.wav,C:\Users\armga\OneDrive\Escritorio\TFG\Ultima implementacio Juan\ULTIMA\datasets_ruidosos\SNR_0db\MR_New_3주기\New_MR_081.wav,5,MR
MR,anomalo,New_MR_092.wav,C:\Users\armga\OneDrive\Escritorio\TFG\Ultima implementacio Juan\ULTIMA\datasets_ruidosos\SNR_0db\MR_New_3주기\New_MR_092.wav,5,MR
MR,anomalo,New_MR_094.wav,C:\Users\armga\OneDrive\Escritorio\TFG\Ultima implementacio Juan\ULTIMA\datasets_ruidosos\SNR_0db\MR_New_3주기\New_MR_094.wav,5,MR
MR,anomalo,New_MR_096.wav,C:\Users\armga\OneDrive\Escritorio\TFG\Ultima implementacio Juan\ULTIMA\datasets_ruidosos\SNR_0db\MR_New_3주기\New_MR_096.wav,5,MR
MR,anomalo,New_MR_101.wav,C:\Users\armga\OneDrive\Escritorio\TFG\Ultima implementacio Juan\ULTIMA\datasets_ruidosos\SNR_0db\MR_New_3주기\New_MR_101.wav,5,MR
MR,anomalo,New_MR_105.wav,C:\Users\armga\OneDrive\Escritorio\TFG\Ultima implementacio Juan\ULTIMA\datasets_ruidosos\SNR_0db\MR_New_3주기\New_MR_105.wav,5,MR
MR,anomalo,New_MR_112.wav,C:\Users\armga\OneDrive\Escritorio\TFG\Ultima implementacio Juan\ULTIMA\datasets_ruidosos\SNR_0db\MR_New_3주기\New_MR_112.wav,5,MR
MR,anomalo,New_MR_113.wav,C:\Users\armga\OneDrive\Escritorio\TFG\Ultima implementacio Juan\ULTIMA\datasets_ruidosos\SNR_0db\MR_New_3주기\New_MR_113.wav,5,MR
MR,anomalo,New_MR_116.wav,C:\Users\armga\OneDrive\Escritorio\TFG\Ultima implementacio Juan\ULTIMA\datasets_ruidosos\SNR_0db\MR_New_3주기\New_MR_116.wav,5,MR
MR,anomalo,New_MR_119.wav,C:\Users\armga\OneDrive\Escritorio\TFG\Ultima implementacio Juan\ULTIMA\datasets_ruidosos\SNR_0db\MR_New_3주기\New_MR_119.wav,5,MR
MR,anomalo,New_MR_128.wav,C:\Users\armga\OneDrive\Escritorio\TFG\Ultima implementacio Juan\ULTIMA\datasets_ruidosos\SNR_0db\MR_New_3주기\New_MR_128.wav,5,MR
MR,anomalo,New_MR_129.wav,C:\Users\armga\OneDrive\Escritorio\TFG\Ultima implementacio Juan\ULTIMA\datasets_ruidosos\SNR_0db\MR_New_3주기\New_MR_129.wav,5,MR
MR,anomalo,New_MR_135.wav,C:\Users\armga\OneDrive\Escritorio\TFG\Ultima implementacio Juan\ULTIMA\datasets_ruidosos\SNR_0db\MR_New_3주기\New_MR_135.wav,5,MR
MR,anomalo,New_MR_138.wav,C:\Users\armga\OneDrive\Escritorio\TFG\Ultima implementacio Juan\ULTIMA\datasets_ruidosos\SNR_0db\MR_New_3주기\New_MR_138.wav,5,MR
MR,anomalo,New_MR_139.wav,C:\Users\armga\OneDrive\Escritorio\TFG\Ultima implementacio Juan\ULTIMA\datasets_ruidosos\SNR_0db\MR_New_3주기\New_MR_139.wav,5,MR
MR,anomalo,New_MR_141.wav,C:\Users\armga\OneDrive\Escritorio\TFG\Ultima implementacio Juan\ULTIMA\datasets_ruidosos\SNR_0db\MR_New_3주기\New_MR_141.wav,5,MR
MR,anomalo,New_MR_143.wav,C:\Users\armga\OneDrive\Escritorio\TFG\Ultima implementacio Juan\ULTIMA\datasets_ruidosos\SNR_0db\MR_New_3주기\New_MR_143.wav,5,MR
MR,anomalo,New_MR_145.wav,C:\Users\armga\OneDrive\Escritorio\TFG\Ultima implementacio Juan\ULTIMA\datasets_ruidosos\SNR_0db\MR_New_3주기\New_MR_145.wav,5,MR
MR,anomalo,New_MR_154.wav,C:\Users\armga\OneDrive\Escritorio\TFG\Ultima implementacio Juan\ULTIMA\datasets_ruidosos\SNR_0db\MR_New_3주기\New_MR_154.wav,5,MR
MR,anomalo,New_MR_157.wav,C:\Users\armga\OneDrive\Escritorio\TFG\Ultima implementacio Juan\ULTIMA\datasets_ruidosos\SNR_0db\MR_New_3주기\New_MR_157.wav,5,MR
MR,anomalo,New_MR_164.wav,C:\Users\armga\OneDrive\Escritorio\TFG\Ultima implementacio Juan\ULTIMA\datasets_ruidosos\SNR_0db\MR_New_3주기\New_MR_164.wav,5,MR
MR,anomalo,New_MR_165.wav,C:\Users\armga\OneDrive\Escritorio\TFG\Ultima implementacio Juan\ULTIMA\datasets_ruidosos\SNR_0db\MR_New_3주기\New_MR_165.wav,5,MR
MR,anomalo,New_MR_174.wav,C:\Users\armga\OneDrive\Escritorio\TFG\Ultima implementacio Juan\ULTIMA\datasets_ruidosos\SNR_0db\MR_New_3주기\New_MR_174.wav,5,MR
MR,anomalo,New_MR_183.wav,C:\Users\armga\OneDrive\Escritorio\TFG\Ultima implementacio Juan\ULTIMA\datasets_ruidosos\SNR_0db\MR_New_3주기\New_MR_183.wav,5,MR
MR,anomalo,New_MR_198.wav,C:\Users\armga\OneDrive\Escritorio\TFG\Ultima implementacio Juan\ULTIMA\datasets_ruidosos\SNR_0db\MR_New_3주기\New_MR_198.wav,5,MR
MS,anomalo,New_MS_007.wav,C:\Users\armga\OneDrive\Escritorio\TFG\Ultima implementacio Juan\ULTIMA\datasets_ruidosos\SNR_0db\MS_New_3주기\New_MS_007.wav,5,AS
MS,anomalo,New_MS_010.wav,C:\Users\armga\OneDrive\Escritorio\TFG\Ultima implementacio Juan\ULTIMA\datasets_ruidosos\SNR_0db\MS_New_3주기\New_MS_010.wav,5,MS
MS,anomalo,New_MS_016.wav,C:\Users\armga\OneDrive\Escritorio\TFG\Ultima implementacio Juan\ULTIMA\datasets_ruidosos\SNR_0db\MS_New_3주기\New_MS_016.wav,5,MS
MS,anomalo,New_MS_024.wav,C:\Users\armga\OneDrive\Escritorio\TFG\Ultima implementacio Juan\ULTIMA\datasets_ruidosos\SNR_0db\MS_New_3주기\New_MS_024.wav,5,MS
MS,anomalo,New_MS_025.wav,C:\Users\armga\OneDrive\Escritorio\TFG\Ultima implementacio Juan\ULTIMA\datasets_ruidosos\SNR_0db\MS_New_3주기\New_MS_025.wav,5,MS
MS,anomalo,New_MS_033.wav,C:\Users\armga\OneDrive\Escritorio\TFG\Ultima implementacio Juan\ULTIMA\datasets_ruidosos\SNR_0db\MS_New_3주기\New_MS_033.wav,5,MS
MS,anomalo,New_MS_043.wav,C:\Users\armga\OneDrive\Escritorio\TFG\Ultima implementacio Juan\ULTIMA\datasets_ruidosos\SNR_0db\MS_New_3주기\New_MS_043.wav,5,MS
MS,anomalo,New_MS_044.wav,C:\Users\armga\OneDrive\Escritorio\TFG\Ultima implementacio Juan\ULTIMA\datasets_ruidosos\SNR_0db\MS_New_3주기\New_MS_044.wav,5,MS
MS,anomalo,New_MS_048.wav,C:\Users\armga\OneDrive\Escritorio\TFG\Ultima implementacio Juan\ULTIMA\datasets_ruidosos\SNR_0db\MS_New_3주기\New_MS_048.wav,5,MS
MS,anomalo,New_MS_054.wav,C:\Users\armga\OneDrive\Escritorio\TFG\Ultima implementacio Juan\ULTIMA\datasets_ruidosos\SNR_0db\MS_New_3주기\New_MS_054.wav,5,MS
MS,anomalo,New_MS_055.wav,C:\Users\armga\OneDrive\Escritorio\TFG\Ultima implementacio Juan\ULTIMA\datasets_ruidosos\SNR_0db\MS_New_3주기\New_MS_055.wav,5,MS
MS,anomalo,New_MS_057.wav,C:\Users\armga\OneDrive\Escritorio\TFG\Ultima implementacio Juan\ULTIMA\datasets_ruidosos\SNR_0db\MS_New_3주기\New_MS_057.wav,5,MS
MS,anomalo,New_MS_059.wav,C:\Users\armga\OneDrive\Escritorio\TFG\Ultima implementacio Juan\ULTIMA\datasets_ruidosos\SNR_0db\MS_New_3주기\New_MS_059.wav,5,MS
MS,anomalo,New_MS_060.wav,C:\Users\armga\OneDrive\Escritorio\TFG\Ultima implementacio Juan\ULTIMA\datasets_ruidosos\SNR_0db\MS_New_3주기\New_MS_060.wav,5,MS
MS,anomalo,New_MS_063.wav,C:\Users\armga\OneDrive\Escritorio\TFG\Ultima implementacio Juan\ULTIMA\datasets_ruidosos\SNR_0db\MS_New_3주기\New_MS_063.wav,5,MS
MS,anomalo,New_MS_072.wav,C:\Users\armga\OneDrive\Escritorio\TFG\Ultima implementacio Juan\ULTIMA\datasets_ruidosos\SNR_0db\MS_New_3주기\New_MS_072.wav,5,MS
MS,anomalo,New_MS_076.wav,C:\Users\armga\OneDrive\Escritorio\TFG\Ultima implementacio Juan\ULTIMA\datasets_ruidosos\SNR_0db\MS_New_3주기\New_MS_076.wav,5,MS
MS,anomalo,New_MS_079.wav,C:\Users\armga\OneDrive\Escritorio\TFG\Ultima implementacio Juan\ULTIMA\datasets_ruidosos\SNR_0db\MS_New_3주기\New_MS_079.wav,5,MS
MS,anomalo,New_MS_088.wav,C:\Users\armga\OneDrive\Escritorio\TFG\Ultima implementacio Juan\ULTIMA\datasets_ruidosos\SNR_0db\MS_New_3주기\New_MS_088.wav,5,MS
MS,anomalo,New_MS_120.wav,C:\Users\armga\OneDrive\Escritorio\TFG\Ultima implementacio Juan\ULTIMA\datasets_ruidosos\SNR_0db\MS_New_3주기\New_MS_120.wav,5,MS
MS,anomalo,New_MS_129.wav,C:\Users\armga\OneDrive\Escritorio\TFG\Ultima implementacio Juan\ULTIMA\datasets_ruidosos\SNR_0db\MS_New_3주기\New_MS_129.wav,5,MS
MS,anomalo,New_MS_131.wav,C:\Users\armga\OneDrive\Escritorio\TFG\Ultima implementacio Juan\ULTIMA\datasets_ruidosos\SNR_0db\MS_New_3주기\New_MS_131.wav,5,MS
MS,anomalo,New_MS_134.wav,C:\Users\armga\OneDrive\Escritorio\TFG\Ultima implementacio Juan\ULTIMA\datasets_ruidosos\SNR_0db\MS_New_3주기\New_MS_134.wav,5,MS
MS,anomalo,New_MS_142.wav,C:\Users\armga\OneDrive\Escritorio\TFG\Ultima implementacio Juan\ULTIMA\datasets_ruidosos\SNR_0db\MS_New_3주기\New_MS_142.wav,5,MS
MS,anomalo,New_MS_143.wav,C:\Users\armga\OneDrive\Escritorio\TFG\Ultima implementacio Juan\ULTIMA\datasets_ruidosos\SNR_0db\MS_New_3주기\New_MS_143.wav,5,MS
MS,anomalo,New_MS_153.wav,C:\Users\armga\OneDrive\Escritorio\TFG\Ultima implementacio Juan\ULTIMA\datasets_ruidosos\SNR_0db\MS_New_3주기\New_MS_153.wav,5,MS
MS,anomalo,New_MS_155.wav,C:\Users\armga\OneDrive\Escritorio\TFG\Ultima implementacio Juan\ULTIMA\datasets_ruidosos\SNR_0db\MS_New_3주기\New_MS_155.wav,5,MS
MS,anomalo,New_MS_156.wav,C:\Users\armga\OneDrive\Escritorio\TFG\Ultima implementacio Juan\ULTIMA\datasets_ruidosos\SNR_0db\MS_New_3주기\New_MS_156.wav,5,MS
MS,anomalo,New_MS_160.wav,C:\Users\armga\OneDrive\Escritorio\TFG\Ultima implementacio Juan\ULTIMA\datasets_ruidosos\SNR_0db\MS_New_3주기\New_MS_160.wav,5,MS
MS,anomalo,New_MS_164.wav,C:\Users\armga\OneDrive\Escritorio\TFG\Ultima implementacio Juan\ULTIMA\datasets_ruidosos\SNR_0db\MS_New_3주기\New_MS_164.wav,5,MS
MS,anomalo,New_MS_169.wav,C:\Users\armga\OneDrive\Escritorio\TFG\Ultima implementacio Juan\ULTIMA\datasets_ruidosos\SNR_0db\MS_New_3주기\New_MS_169.wav,5,N
MS,anomalo,New_MS_172.wav,C:\Users\armga\OneDrive\Escritorio\TFG\Ultima implementacio Juan\ULTIMA\datasets_ruidosos\SNR_0db\MS_New_3주기\New_MS_172.wav,5,MS
MS,anomalo,New_MS_175.wav,C:\Users\armga\OneDrive\Escritorio\TFG\Ultima implementacio Juan\ULTIMA\datasets_ruidosos\SNR_0db\MS_New_3주기\New_MS_175.wav,5,MS
MS,anomalo,New_MS_176.wav,C:\Users\armga\OneDrive\Escritorio\TFG\Ultima implementacio Juan\ULTIMA\datasets_ruidosos\SNR_0db\MS_New_3주기\New_MS_176.wav,5,MS
MS,anomalo,New_MS_183.wav,C:\Users\armga\OneDrive\Escritorio\TFG\Ultima implementacio Juan\ULTIMA\datasets_ruidosos\SNR_0db\MS_New_3주기\New_MS_183.wav,5,MS
MS,anomalo,New_MS_189.wav,C:\Users\armga\OneDrive\Escritorio\TFG\Ultima implementacio Juan\ULTIMA\datasets_ruidosos\SNR_0db\MS_New_3주기\New_MS_189.wav,5,MS
MS,anomalo,New_MS_191.wav,C:\Users\armga\OneDrive\Escritorio\TFG\Ultima implementacio Juan\ULTIMA\datasets_ruidosos\SNR_0db\MS_New_3주기\New_MS_191.wav,5,MS
MS,anomalo,New_MS_197.wav,C:\Users\armga\OneDrive\Escritorio\TFG\Ultima implementacio Juan\ULTIMA\datasets_ruidosos\SNR_0db\MS_New_3주기\New_MS_197.wav,5,MS
MS,anomalo,New_MS_198.wav,C:\Users\armga\OneDrive\Escritorio\TFG\Ultima implementacio Juan\ULTIMA\datasets_ruidosos\SNR_0db\MS_New_3주기\New_MS_198.wav,5,MS
MS,anomalo,New_MS_200.wav,C:\Users\armga\OneDrive\Escritorio\TFG\Ultima implementacio Juan\ULTIMA\datasets_ruidosos\SNR_0db\MS_New_3주기\New_MS_200.wav,5,MS
MVP,anomalo,New_MVP_002.wav,C:\Users\armga\OneDrive\Escritorio\TFG\Ultima implementacio Juan\ULTIMA\datasets_ruidosos\SNR_0db\MVP_New_3주기\New_MVP_002.wav,5,AS
MVP,anomalo,New_MVP_003.wav,C:\Users\armga\OneDrive\Escritorio\TFG\Ultima implementacio Juan\ULTIMA\datasets_ruidosos\SNR_0db\MVP_New_3주기\New_MVP_003.wav,5,AS
MVP,anomalo,New_MVP_015.wav,C:\Users\armga\OneDrive\Escritorio\TFG\Ultima implementacio Juan\ULTIMA\datasets_ruidosos\SNR_0db\MVP_New_3주기\New_MVP_015.wav,5,MVP
MVP,anomalo,New_MVP_026.wav,C:\Users\armga\OneDrive\Escritorio\TFG\Ultima implementacio Juan\ULTIMA\datasets_ruidosos\SNR_0db\MVP_New_3주기\New_MVP_026.wav,5,N
MVP,anomalo,New_MVP_027.wav,C:\Users\armga\OneDrive\Escritorio\TFG\Ultima implementacio Juan\ULTIMA\datasets_ruidosos\SNR_0db\MVP_New_3주기\New_MVP_027.wav,5,MVP
MVP,anomalo,New_MVP_039.wav,C:\Users\armga\OneDrive\Escritorio\TFG\Ultima implementacio Juan\ULTIMA\datasets_ruidosos\SNR_0db\MVP_New_3주기\New_MVP_039.wav,5,MVP
MVP,anomalo,New_MVP_051.wav,C:\Users\armga\OneDrive\Escritorio\TFG\Ultima implementacio Juan\ULTIMA\datasets_ruidosos\SNR_0db\MVP_New_3주기\New_MVP_051.wav,5,MVP
MVP,anomalo,New_MVP_061.wav,C:\Users\armga\OneDrive\Escritorio\TFG\Ultima implementacio Juan\ULTIMA\datasets_ruidosos\SNR_0db\MVP_New_3주기\New_MVP_061.wav,5,MVP
MVP,anomalo,New_MVP_063.wav,C:\Users\armga\OneDrive\Escritorio\TFG\Ultima implementacio Juan\ULTIMA\datasets_ruidosos\SNR_0db\MVP_New_3주기\New_MVP_063.wav,5,MVP
MVP,anomalo,New_MVP_068.wav,C:\Users\armga\OneDrive\Escritorio\TFG\Ultima implementacio Juan\ULTIMA\datasets_ruidosos\SNR_0db\MVP_New_3주기\New_MVP_068.wav,5,MVP
MVP,anomalo,New_MVP_069.wav,C:\Users\armga\OneDrive\Escritorio\TFG\Ultima implementacio Juan\ULTIMA\datasets_ruidosos\SNR_0db\MVP_New_3주기\New_MVP_069.wav,5,MVP
MVP,anomalo,New_MVP_070.wav,C:\Users\armga\OneDrive\Escritorio\TFG\Ultima implementacio Juan\ULTIMA\datasets_ruidosos\SNR_0db\MVP_New_3주기\New_MVP_070.wav,5,N
MVP,anomalo,New_MVP_074.wav,C:\Users\armga\OneDrive\Escritorio\TFG\Ultima implementacio Juan\ULTIMA\datasets_ruidosos\SNR_0db\MVP_New_3주기\New_MVP_074.wav,5,MVP
MVP,anomalo,New_MVP_077.wav,C:\Users\armga\OneDrive\Escritorio\TFG\Ultima implementacio Juan\ULTIMA\datasets_ruidosos\SNR_0db\MVP_New_3주기\New_MVP_077.wav,5,MVP
MVP,anomalo,New_MVP_079.wav,C:\Users\armga\OneDrive\Escritorio\TFG\Ultima implementacio Juan\ULTIMA\datasets_ruidosos\SNR_0db\MVP_New_3주기\New_MVP_079.wav,5,MVP
MVP,anomalo,New_MVP_080.wav,C:\Users\armga\OneDrive\Escritorio\TFG\Ultima implementacio Juan\ULTIMA\datasets_ruidosos\SNR_0db\MVP_New_3주기\New_MVP_080.wav,5,MVP
MVP,anomalo,New_MVP_083.wav,C:\Users\armga\OneDrive\Escritorio\TFG\Ultima implementacio Juan\ULTIMA\datasets_ruidosos\SNR_0db\MVP_New_3주기\New_MVP_083.wav,5,MVP
MVP,anomalo,New_MVP_084.wav,C:\Users\armga\OneDrive\Escritorio\TFG\Ultima implementacio Juan\ULTIMA\datasets_ruidosos\SNR_0db\MVP_New_3주기\New_MVP_084.wav,5,MVP
MVP,anomalo,New_MVP_091.wav,C:\Users\armga\OneDrive\Escritorio\TFG\Ultima implementacio Juan\ULTIMA\datasets_ruidosos\SNR_0db\MVP_New_3주기\New_MVP_091.wav,5,MVP
MVP,anomalo,New_MVP_097.wav,C:\Users\armga\OneDrive\Escritorio\TFG\Ultima implementacio Juan\ULTIMA\datasets_ruidosos\SNR_0db\MVP_New_3주기\New_MVP_097.wav,5,MVP
MVP,anomalo,New_MVP_098.wav,C:\Users\armga\OneDrive\Escritorio\TFG\Ultima implementacio Juan\ULTIMA\datasets_ruidosos\SNR_0db\MVP_New_3주기\New_MVP_098.wav,5,MVP
MVP,anomalo,New_MVP_101.wav,C:\Users\armga\OneDrive\Escritorio\TFG\Ultima implementacio Juan\ULTIMA\datasets_ruidosos\SNR_0db\MVP_New_3주기\New_MVP_101.wav,5,MVP
MVP,anomalo,New_MVP_103.wav,C:\Users\armga\OneDrive\Escritorio\TFG\Ultima implementacio Juan\ULTIMA\datasets_ruidosos\SNR_0db\MVP_New_3주기\New_MVP_103.wav,5,MVP
MVP,anomalo,New_MVP_107.wav,C:\Users\armga\OneDrive\Escritorio\TFG\Ultima implementacio Juan\ULTIMA\datasets_ruidosos\SNR_0db\MVP_New_3주기\New_MVP_107.wav,5,MVP
MVP,anomalo,New_MVP_115.wav,C:\Users\armga\OneDrive\Escritorio\TFG\Ultima implementacio Juan\ULTIMA\datasets_ruidosos\SNR_0db\MVP_New_3주기\New_MVP_115.wav,5,AS
MVP,anomalo,New_MVP_117.wav,C:\Users\armga\OneDrive\Escritorio\TFG\Ultima implementacio Juan\ULTIMA\datasets_ruidosos\SNR_0db\MVP_New_3주기\New_MVP_117.wav,5,MVP
MVP,anomalo,New_MVP_118.wav,C:\Users\armga\OneDrive\Escritorio\TFG\Ultima implementacio Juan\ULTIMA\datasets_ruidosos\SNR_0db\MVP_New_3주기\New_MVP_118.wav,5,MVP
MVP,anomalo,New_MVP_119.wav,C:\Users\armga\OneDrive\Escritorio\TFG\Ultima implementacio Juan\ULTIMA\datasets_ruidosos\SNR_0db\MVP_New_3주기\New_MVP_119.wav,5,MVP
MVP,anomalo,New_MVP_144.wav,C:\Users\armga\OneDrive\Escritorio\TFG\Ultima implementacio Juan\ULTIMA\datasets_ruidosos\SNR_0db\MVP_New_3주기\New_MVP_144.wav,5,MVP
MVP,anomalo,New_MVP_150.wav,C:\Users\armga\OneDrive\Escritorio\TFG\Ultima implementacio Juan\ULTIMA\datasets_ruidosos\SNR_0db\MVP_New_3주기\New_MVP_150.wav,5,MVP
MVP,anomalo,New_MVP_153.wav,C:\Users\armga\OneDrive\Escritorio\TFG\Ultima implementacio Juan\ULTIMA\datasets_ruidosos\SNR_0db\MVP_New_3주기\New_MVP_153.wav,5,MVP
MVP,anomalo,New_MVP_156.wav,C:\Users\armga\OneDrive\Escritorio\TFG\Ultima implementacio Juan\ULTIMA\datasets_ruidosos\SNR_0db\MVP_New_3주기\New_MVP_156.wav,5,MVP
MVP,anomalo,New_MVP_158.wav,C:\Users\armga\OneDrive\Escritorio\TFG\Ultima implementacio Juan\ULTIMA\datasets_ruidosos\SNR_0db\MVP_New_3주기\New_MVP_158.wav,5,MVP
MVP,anomalo,New_MVP_162.wav,C:\Users\armga\OneDrive\Escritorio\TFG\Ultima implementacio Juan\ULTIMA\datasets_ruidosos\SNR_0db\MVP_New_3주기\New_MVP_162.wav,5,MVP
MVP,anomalo,New_MVP_164.wav,C:\Users\armga\OneDrive\Escritorio\TFG\Ultima implementacio Juan\ULTIMA\datasets_ruidosos\SNR_0db\MVP_New_3주기\New_MVP_164.wav,5,MVP
MVP,anomalo,New_MVP_166.wav,C:\Users\armga\OneDrive\Escritorio\TFG\Ultima implementacio Juan\ULTIMA\datasets_ruidosos\SNR_0db\MVP_New_3주기\New_MVP_166.wav,5,MVP
MVP,anomalo,New_MVP_179.wav,C:\Users\armga\OneDrive\Escritorio\TFG\Ultima implementacio Juan\ULTIMA\datasets_ruidosos\SNR_0db\MVP_New_3주기\New_MVP_179.wav,5,MVP
MVP,anomalo,New_MVP_189.wav,C:\Users\armga\OneDrive\Escritorio\TFG\Ultima implementacio Juan\ULTIMA\datasets_ruidosos\SNR_0db\MVP_New_3주기\New_MVP_189.wav,5,MVP
MVP,anomalo,New_MVP_190.wav,C:\Users\armga\OneDrive\Escritorio\TFG\Ultima implementacio Juan\ULTIMA\datasets_ruidosos\SNR_0db\MVP_New_3주기\New_MVP_190.wav,5,MVP
MVP,anomalo,New_MVP_198.wav,C:\Users\armga\OneDrive\Escritorio\TFG\Ultima implementacio Juan\ULTIMA\datasets_ruidosos\SNR_0db\MVP_New_3주기\New_MVP_198.wav,5,MVP
