indice_interno,base,clase,archivo,distribucion,representacion,numero_capas,inicializacion_onmf,error_final,forma_h_final,segundos_extraccion_deep,capa_1_rango,capa_1_error,capa_1_ortogonalidad_h,capa_1_segundos,capa_2_rango,capa_2_error,capa_2_ortogonalidad_h,capa_2_segundos,capa_3_rango,capa_3_error,capa_3_ortogonalidad_h,capa_3_segundos,capa_4_rango,capa_4_error,capa_4_ortogonalidad_h,capa_4_segundos
0,SNR_0db,N,New_N_001.wav,18-15-12-10,DeepONMF_H4,4,nndsvd,0.3785141909818861,10x212,0.032674500020220876,18,0.2647023838318038,0.2979125995586145,0.018802300095558167,15,0.11704767933434174,0.2964153517521937,0.005253200070001185,12,0.1287286205135147,0.3035741108613846,0.0038086000131443143,10,0.10904074350632426,0.29820909748458546,0.0038775999564677477
1,SNR_0db,N,New_N_002.wav,18-15-12-10,DeepONMF_H4,4,nndsvd,0.3731361545081187,10x212,0.030373899964615703,18,0.2620956332074962,0.32140622889420584,0.016923699993640184,15,0.11298832866667537,0.32684657165227987,0.004924500011838973,12,0.11378530628639674,0.3206069218139637,0.0038263999158516526,10,0.10184168722583352,0.3205322329642188,0.003571000066585839
2,SNR_0db,N,New_N_003.wav,18-15-12-10,DeepONMF_H4,4,nndsvd,0.37700769737717055,10x212,0.02999950002413243,18,0.26762554798875493,0.3166605375831365,0.016159499995410442,15,0.11343822238930446,0.3195341363884937,0.00549990008585155,12,0.11244952318443897,0.3151521055939081,0.003871800028719008,10,0.10568683947010114,0.31216451513965887,0.003335400018841028
3,SNR_0db,N,New_N_004.wav,18-15-12-10,DeepONMF_H4,4,nndsvd,0.37882133046736566,10x212,0.0313546999823302,18,0.2678204393968295,0.31691992331055363,0.01721349998842925,15,0.11675615725590013,0.3191144950739569,0.005562899983488023,12,0.11872333624035572,0.3295448154051587,0.0039061999414116144,10,0.10818453371602664,0.32037986551091546,0.003461599932052195
4,SNR_0db,N,New_N_005.wav,18-15-12-10,DeepONMF_H4,4,nndsvd,0.37272093587496596,10x212,0.03817750001326203,18,0.26478600855246914,0.31304731098223954,0.019382999977096915,15,0.11854426025506723,0.31410312723563366,0.007778500090353191,12,0.1135052426113039,0.312340735484496,0.005652099964208901,10,0.10495196161367845,0.3081474183465392,0.004241100046783686
5,SNR_0db,N,New_N_006.wav,18-15-12-10,DeepONMF_H4,4,nndsvd,0.3779534612180954,10x212,0.0404720000224188,18,0.26679546312199953,0.3126545079308331,0.023214499931782484,15,0.11611800603769852,0.31723198918678075,0.006154300062917173,12,0.12103471247069682,0.322736163625744,0.005390700069256127,10,0.11262139450410345,0.32391333647738113,0.004630899988114834
6,SNR_0db,N,New_N_007.wav,18-15-12-10,DeepONMF_H4,4,nndsvd,0.3791405919771796,10x212,0.034228699980303645,18,0.2665353124614772,0.31118754596797615,0.019425799953751266,15,0.11694244763352112,0.31143757957363777,0.005703600007109344,12,0.1159711263572301,0.3080718580194867,0.004461399978026748,10,0.10823361611971598,0.305274573627752,0.003678399953059852
7,SNR_0db,N,New_N_008.wav,18-15-12-10,DeepONMF_H4,4,nndsvd,0.37697282374416075,10x212,0.032858300022780895,18,0.2615378674506961,0.31188223957372485,0.018306899932213128,15,0.12276975087384434,0.3064477185653754,0.004932999960146844,12,0.12046325947524418,0.3070791137643002,0.0048519999254494905,10,0.11068518955554434,0.2929196878553326,0.003773100092075765
8,SNR_0db,N,New_N_009.wav,18-15-12-10,DeepONMF_H4,4,nndsvd,0.375214876293237,10x212,0.032511600060388446,18,0.26367160446313154,0.31542407813340434,0.01772859995253384,15,0.11658744175992265,0.3197014425892085,0.005184400011785328,12,0.11720093596720356,0.31703234285984916,0.004894800018519163,10,0.10626218446763691,0.32261404465114957,0.003808499895967543
9,SNR_0db,N,New_N_010.wav,18-15-12-10,DeepONMF_H4,4,nndsvd,0.37493090470308965,10x212,0.03100969991646707,18,0.26470449819528713,0.3136192425534522,0.017181499977596104,15,0.11674626653993021,0.3154988565008037,0.005051700049079955,12,0.1167700402485983,0.3159850476262104,0.0038793999701738358,10,0.110891292256518,0.31969060605527705,0.003952000057324767
10,SNR_0db,N,New_N_011.wav,18-15-12-10,DeepONMF_H4,4,nndsvd,0.37768075776693416,10x212,0.03195199999026954,18,0.26504166609235924,0.3160090164668364,0.01722629996947944,15,0.12355167171353522,0.3127273538893581,0.005084199947305024,12,0.12076941737749788,0.31291589470527875,0.004240800044499338,10,0.10536470874484745,0.31779676949750024,0.004318999941460788
11,SNR_0db,N,New_N_012.wav,18-15-12-10,DeepONMF_H4,4,nndsvd,0.37752234963632914,10x212,0.035485200001858175,18,0.26704432848834436,0.30267483366462733,0.02005080005619675,15,0.11933261557065573,0.30606311006813,0.006309799966402352,12,0.11621055539778889,0.30662903866687385,0.004288000054657459,10,0.11344301696680843,0.30619790348007603,0.0039518000558018684
12,SNR_0db,N,New_N_013.wav,18-15-12-10,DeepONMF_H4,4,nndsvd,0.37662069815657784,10x212,0.03339440003037453,18,0.26351372619360736,0.3195371836372999,0.018057100009173155,15,0.11839461071908752,0.3207907498658289,0.005763799999840558,12,0.1200213921015565,0.3165404944261647,0.004328600014559925,10,0.10638550664504574,0.31850673973521854,0.004328500013798475
13,SNR_0db,N,New_N_014.wav,18-15-12-10,DeepONMF_H4,4,nndsvd,0.37513038979237917,10x212,0.033722099964506924,18,0.26216790662604555,0.31750819109227857,0.01825770002324134,15,0.11644679453033195,0.3158203503459271,0.005878599942661822,12,0.11578858757880604,0.3115091147956678,0.004308799980208278,10,0.1059482890302107,0.3059954437758949,0.004215799970552325
14,SNR_0db,N,New_N_015.wav,18-15-12-10,DeepONMF_H4,4,nndsvd,0.3834290696205576,10x212,0.03361200005747378,18,0.27186536213833146,0.30615674975792395,0.01835869997739792,15,0.11545372278656116,0.30865363587254036,0.005314500071108341,12,0.12444030944886865,0.31527757439663967,0.004574100021272898,10,0.10948662157407257,0.31409045526449536,0.004485300043597817
15,SNR_0db,N,New_N_016.wav,18-15-12-10,DeepONMF_H4,4,nndsvd,0.3798095705389247,10x212,0.035572299966588616,18,0.26942535182471933,0.3077298315346199,0.019437600043602288,15,0.11823709432318899,0.30145057898283995,0.005739000043831766,12,0.12128836136148122,0.3007130079347009,0.00526699994225055,10,0.11137613391105634,0.2963355657688577,0.004174400004558265
16,SNR_0db,N,New_N_017.wav,18-15-12-10,DeepONMF_H4,4,nndsvd,0.38200741213445955,10x212,0.035697199986316264,18,0.2710550272758283,0.31779958320396096,0.019729599938727915,15,0.12124446410161752,0.326044708414697,0.006354900076985359,12,0.1214339602197894,0.32254711718685447,0.004663900006562471,10,0.10818337314890257,0.3161879035569403,0.003982999944128096
17,SNR_0db,N,New_N_018.wav,18-15-12-10,DeepONMF_H4,4,nndsvd,0.37928319383312403,10x212,0.03429939993657172,18,0.2680969461634612,0.3091888762734411,0.019139999989420176,15,0.11722910873814557,0.3105736812451546,0.006130399997346103,12,0.12097809263755681,0.2997033118358123,0.004250400001183152,10,0.10736778435128104,0.29865281167406343,0.0037576000904664397
18,SNR_0db,N,New_N_019.wav,18-15-12-10,DeepONMF_H4,4,nndsvd,0.37730096451185163,10x212,0.032445100019685924,18,0.2662780149058422,0.309898409642187,0.01786819996777922,15,0.11768432661388413,0.3117137785106916,0.005557500058785081,12,0.11461787529748169,0.31166045756730504,0.004406600026413798,10,0.10677547779520709,0.30721423820723665,0.003646500059403479
19,SNR_0db,N,New_N_020.wav,18-15-12-10,DeepONMF_H4,4,nndsvd,0.37760953881806497,10x212,0.03347799996845424,18,0.2669308210179279,0.31683363688772836,0.018630700069479644,15,0.11396345120176761,0.3152339321766208,0.005918400012888014,12,0.11585554343173553,0.3116533788062034,0.004123999970033765,10,0.11104882027512528,0.3098129604092558,0.00361799995880574
20,SNR_0db,N,New_N_021.wav,18-15-12-10,DeepONMF_H4,4,nndsvd,0.3758807230944162,10x212,0.033574000000953674,18,0.26308230624643597,0.3191840091772191,0.01840480009559542,15,0.11573936850822915,0.3161678070476329,0.006118700024671853,12,0.11939374485798321,0.31192584454128947,0.004016099963337183,10,0.1073579200743749,0.3127191772398834,0.0034570000134408474
21,SNR_0db,N,New_N_022.wav,18-15-12-10,DeepONMF_H4,4,nndsvd,0.3829487499410501,10x212,0.032274600001983345,18,0.26761082257752916,0.3171166166248723,0.018132199998944998,15,0.11742308562810407,0.31299742650038426,0.005280900048092008,12,0.1197705385356143,0.3114617949695518,0.004134700051508844,10,0.10966877394951458,0.3098442255364772,0.003596500027924776
22,SNR_0db,N,New_N_023.wav,18-15-12-10,DeepONMF_H4,4,nndsvd,0.3726107074384203,10x212,0.031103900051675737,18,0.26103591184403047,0.3165173537894718,0.016519100056029856,15,0.11247430658870526,0.3160656412126527,0.004976999945938587,12,0.12092639212828261,0.3163365072723542,0.004905799985863268,10,0.10676434328858272,0.3109264607573955,0.003691400052048266
23,SNR_0db,N,New_N_024.wav,18-15-12-10,DeepONMF_H4,4,nndsvd,0.37945623758235897,10x212,0.03074909991119057,18,0.2678380935153827,0.31504713588655026,0.016861599986441433,15,0.11408873202856636,0.3127633508436712,0.005266600055620074,12,0.12089527533774445,0.31780532395210115,0.0038311000680550933,10,0.10735886857055281,0.3124911588775168,0.003801099956035614
24,SNR_0db,N,New_N_025.wav,18-15-12-10,DeepONMF_H4,4,nndsvd,0.385704041076013,10x212,0.0301329999929294,18,0.26762315098861933,0.31476276987701124,0.016743000014685094,15,0.13100997660546376,0.3013346722964433,0.004691399983130395,12,0.1169784674676002,0.3089606138654523,0.0036816999781876802,10,0.10966340586997696,0.3140203645800883,0.003780099912546575
25,SNR_0db,N,New_N_026.wav,18-15-12-10,DeepONMF_H4,4,nndsvd,0.3774583316756515,10x212,0.03025579999666661,18,0.26638532551923444,0.3273869660828436,0.01631269999779761,15,0.11689483685239273,0.323913988222945,0.005821499973535538,12,0.11807929225575035,0.3207268380497444,0.00377660000231117,10,0.11045976633028459,0.31661336936255546,0.0032825000816956162
26,SNR_0db,N,New_N_027.wav,18-15-12-10,DeepONMF_H4,4,nndsvd,0.37693616910427263,10x212,0.031021500006318092,18,0.26479361781044053,0.31387141003507096,0.016823899932205677,15,0.11691533920491526,0.3064443139479538,0.005773100070655346,12,0.11793254250277521,0.3073564650972669,0.003941299975849688,10,0.10500628871226345,0.3055855442429984,0.0034178999485448003
27,SNR_0db,N,New_N_028.wav,18-15-12-10,DeepONMF_H4,4,nndsvd,0.37988249831390963,10x212,0.03084090002812445,18,0.26589845350092817,0.3198284268780723,0.01719829998910427,15,0.11510443672987508,0.3163923766189655,0.005274299997836351,12,0.12453916377079327,0.3185789480657053,0.0038258000276982784,10,0.10786738758010186,0.3278259860306741,0.0033544000471010804
28,SNR_0db,N,New_N_029.wav,18-15-12-10,DeepONMF_H4,4,nndsvd,0.38127197572663984,10x212,0.032084799953736365,18,0.27126542536885234,0.3042962252070134,0.017254200065508485,15,0.12030576373434146,0.3063282300991915,0.006199799943715334,12,0.1282589536213011,0.3089112924322732,0.004007600015029311,10,0.10838015288436378,0.32185848469824024,0.0033830999163910747
29,SNR_0db,N,New_N_030.wav,18-15-12-10,DeepONMF_H4,4,nndsvd,0.3763349415537485,10x212,0.0303935999982059,18,0.2642545132660256,0.3128998568650633,0.0165669999551028,15,0.11411878319464079,0.31196806591428555,0.005176799953915179,12,0.12198145271824402,0.316719462216871,0.004051099997013807,10,0.10663459324594979,0.31825660922572807,0.0034559000050649047
30,SNR_0db,N,New_N_031.wav,18-15-12-10,DeepONMF_H4,4,nndsvd,0.3776482376676546,10x212,0.030864300089888275,18,0.2668688007883309,0.31550110857079905,0.016880900016985834,15,0.11572032603013596,0.31479553205675437,0.004889800096862018,12,0.12032999697323431,0.30086083255442797,0.003887500031851232,10,0.1053383604231626,0.30476476188832924,0.004324899986386299
31,SNR_0db,N,New_N_032.wav,18-15-12-10,DeepONMF_H4,4,nndsvd,0.37779287079502977,10x212,0.029774599941447377,18,0.2651399789366002,0.31679967057691627,0.016443700063973665,15,0.11881836272272712,0.31506824685228185,0.004847400006838143,12,0.1252327165349977,0.32353736702150665,0.0038356001023203135,10,0.10417842735538484,0.31027996888729736,0.0034883000189438462
32,SNR_0db,N,New_N_033.wav,18-15-12-10,DeepONMF_H4,4,nndsvd,0.37757263367988037,10x212,0.029866499942727387,18,0.26538594506071445,0.3129612527520638,0.0165745000122115,15,0.12049243523469594,0.30782924173866544,0.0050252999644726515,12,0.12053560320329258,0.30561278769062794,0.0038470999570563436,10,0.10911868824340834,0.31189790214395374,0.0033656000159680843
33,SNR_0db,N,New_N_034.wav,18-15-12-10,DeepONMF_H4,4,nndsvd,0.37733644076636613,10x212,0.03127909998875111,18,0.2653678520512203,0.31483391011218437,0.01752730004955083,15,0.11818704715658467,0.31093505751371653,0.0055117999436333776,12,0.12141806805817663,0.312151669531532,0.003849000087939203,10,0.10783351412048754,0.32109260204822365,0.0032929000444710255
34,SNR_0db,N,New_N_035.wav,18-15-12-10,DeepONMF_H4,4,nndsvd,0.3797282588922966,10x212,0.031826799968257546,18,0.2663771095461269,0.3007775356379885,0.01737919996958226,15,0.11961783799285639,0.2947764593027795,0.006156100076623261,12,0.11863949054527159,0.29848067529596894,0.003823900013230741,10,0.10356412014523718,0.2960602946595168,0.0033602999756112695
35,SNR_0db,N,New_N_036.wav,18-15-12-10,DeepONMF_H4,4,nndsvd,0.3780722860713395,10x212,0.033006299985572696,18,0.2645361273118095,0.3147634552893175,0.018203899962827563,15,0.1176026235968438,0.3117075950225701,0.006276499945670366,12,0.12128582219216694,0.31550208604611774,0.0039947000332176685,10,0.10851158394947101,0.31932723595245704,0.003464599954895675
36,SNR_0db,N,New_N_037.wav,18-15-12-10,DeepONMF_H4,4,nndsvd,0.3202435138362631,10x212,0.031686199945397675,18,0.1959468012879291,0.3016199891160974,0.01751549995969981,15,0.08783178357727625,0.2979359368771239,0.005525600048713386,12,0.08821288062317634,0.2837804836211749,0.0041467000264674425,10,0.0826966852976058,0.2855366481634478,0.0034175000619143248
37,SNR_0db,N,New_N_038.wav,18-15-12-10,DeepONMF_H4,4,nndsvd,0.37684754579120366,10x212,0.03029280004557222,18,0.26318825038357324,0.30663622412764185,0.016898599918931723,15,0.11450532606221257,0.31122324014475755,0.0049075999995693564,12,0.12116504317446532,0.3042567751963501,0.004013899946585298,10,0.1051624395780336,0.29823295847849474,0.003515999997034669
38,SNR_0db,N,New_N_039.wav,18-15-12-10,DeepONMF_H4,4,nndsvd,0.3825829857997493,10x212,0.030112499953247607,18,0.2686826674734532,0.3060521144976354,0.016858699964359403,15,0.11677836764417654,0.30382658301064575,0.00475139997433871,12,0.12953311658922229,0.30611285373330194,0.0040071000112220645,10,0.10664598599662568,0.30300440941128576,0.0037027999060228467
39,SNR_0db,N,New_N_040.wav,18-15-12-10,DeepONMF_H4,4,nndsvd,0.37630990157819355,10x212,0.02922469994518906,18,0.2662009918112212,0.30795732631731615,0.016184399952180684,15,0.11702950375775194,0.308110002982493,0.00482580007519573,12,0.11850194099304873,0.3133769824738264,0.003781900042667985,10,0.10793517702308013,0.3100014734248591,0.003576400107704103
40,SNR_0db,N,New_N_041.wav,18-15-12-10,DeepONMF_H4,4,nndsvd,0.37533253254487164,10x212,0.03117920004297048,18,0.2631167945865196,0.323440164915526,0.01707529998384416,15,0.11797764940504592,0.32681450061717415,0.0057972000213339925,12,0.11365279289982105,0.320304558427615,0.0038625000743195415,10,0.10270300622348762,0.3203629471125421,0.003386199939996004
41,SNR_0db,N,New_N_042.wav,18-15-12-10,DeepONMF_H4,4,nndsvd,0.37888652175242504,10x212,0.03205279994290322,18,0.2682679807061684,0.3031956029647657,0.017319499980658293,15,0.11586603349122,0.2955818367524819,0.005679700057953596,12,0.12009357090069288,0.29997955512467395,0.004321199958212674,10,0.1042238395216484,0.29022967218548035,0.0038524999981746078
42,SNR_0db,N,New_N_043.wav,18-15-12-10,DeepONMF_H4,4,nndsvd,0.3755195924523007,10x212,0.0358428000472486,18,0.25912218901972944,0.31611318381879255,0.01954839995596558,15,0.11224380802949546,0.3121024928377459,0.0068144999677315354,12,0.11936930926784321,0.31439070817357456,0.004530299920588732,10,0.10436919116837473,0.3266485552312349,0.004083599895238876
43,SNR_0db,N,New_N_044.wav,18-15-12-10,DeepONMF_H4,4,nndsvd,0.37303999770586393,10x212,0.0384740000590682,18,0.2636589749641819,0.3249099762641416,0.020297500072047114,15,0.11539761937771814,0.33354854920381005,0.006262899958528578,12,0.11260704444069092,0.3318107328207749,0.005274800001643598,10,0.10309459322184114,0.3317382150481085,0.005413400009274483
44,SNR_0db,N,New_N_045.wav,18-15-12-10,DeepONMF_H4,4,nndsvd,0.37830998261245735,10x212,0.0414178998908028,18,0.2614854100475768,0.32083123240799705,0.024018600000999868,15,0.11272086593654046,0.322121652688292,0.006076199933886528,12,0.11789507911687147,0.3296010995750209,0.006009600008837879,10,0.10301914290637793,0.32485177847539154,0.004309799987822771
45,SNR_0db,N,New_N_046.wav,18-15-12-10,DeepONMF_H4,4,nndsvd,0.37112449503724726,10x212,0.039152100100182,18,0.25715023798697456,0.31493843176541525,0.019369799993000925,15,0.11145570160822826,0.31646985767788194,0.005874200025573373,12,0.11694031356637195,0.3151932468609728,0.006014700047671795,10,0.10393362303547325,0.32465768782813875,0.006867100019007921
46,SNR_0db,N,New_N_047.wav,18-15-12-10,DeepONMF_H4,4,nndsvd,0.3720153033269185,10x212,0.037132599973119795,18,0.2596226352811707,0.3180754878522216,0.020575499976985157,15,0.11063392660156028,0.31926278055135443,0.005763900000602007,12,0.11530120396909935,0.32534057274630235,0.004643399966880679,10,0.10670392291920888,0.31916948820783164,0.0050005000084638596
47,SNR_0db,N,New_N_048.wav,18-15-12-10,DeepONMF_H4,4,nndsvd,0.3716789817877955,10x212,0.03809100005310029,18,0.25953221508663105,0.31751129611884854,0.020462100044824183,15,0.10933936375166124,0.3174069093282242,0.005960999988019466,12,0.1169224735468134,0.316829165943643,0.0060659999726340175,10,0.09883586553469678,0.3199107102686493,0.0045204999623820186
48,SNR_0db,N,New_N_049.wav,18-15-12-10,DeepONMF_H4,4,nndsvd,0.37599593652030827,10x212,0.03894379991106689,18,0.26270280540079144,0.3192795910260834,0.021506700082682073,15,0.11644595418927764,0.32153279304686666,0.007217800011858344,12,0.12101230841257349,0.324754322134767,0.004868299933150411,10,0.10330041432712758,0.3318326442903786,0.004343100008554757
49,SNR_0db,N,New_N_050.wav,18-15-12-10,DeepONMF_H4,4,nndsvd,0.37863359406167385,10x212,0.03486490005161613,18,0.26249307346168993,0.30970144769846547,0.01938960002735257,15,0.11790979607358665,0.3146739534901444,0.0060879000229761004,12,0.11502218390580596,0.3118046168689638,0.004468900035135448,10,0.10597072106506747,0.3134122337822673,0.004011500044725835
50,SNR_0db,N,New_N_051.wav,18-15-12-10,DeepONMF_H4,4,nndsvd,0.370426295144099,10x212,0.03509690007194877,18,0.25908325349874395,0.3080012106223395,0.019702899968251586,15,0.11004028569151364,0.3073601689711074,0.005640799994580448,12,0.1142887574113635,0.3131249388177251,0.004406100022606552,10,0.10023798302115076,0.3154454863244084,0.0037588999839499593
51,SNR_0db,N,New_N_052.wav,18-15-12-10,DeepONMF_H4,4,nndsvd,0.3773534732688235,10x212,0.03425510006491095,18,0.26308120599101215,0.31745809849058715,0.01927549997344613,15,0.11496956250093571,0.3152458980595353,0.005399500019848347,12,0.11850065400060385,0.32285683689195216,0.004376400029286742,10,0.1004650274641448,0.3269981198508352,0.004022100009024143
52,SNR_0db,N,New_N_053.wav,18-15-12-10,DeepONMF_H4,4,nndsvd,0.37791448079565426,10x212,0.034072899958118796,18,0.26554612577590975,0.3027945982021515,0.018904799944721162,15,0.11230681389271437,0.30710813967976136,0.005337300011888146,12,0.11975107642196828,0.312405064259543,0.004228800069540739,10,0.10427698650761356,0.31637401684391764,0.004454300040379167
53,SNR_0db,N,New_N_054.wav,18-15-12-10,DeepONMF_H4,4,nndsvd,0.377054763622291,10x212,0.03360000008251518,18,0.26293181380114455,0.31268275674954243,0.019024299923330545,15,0.11169443211728843,0.31199595616202924,0.005374000058509409,12,0.11657335136777666,0.3178204343169041,0.004141999990679324,10,0.1064733250046178,0.3152489692156331,0.004108499968424439
54,SNR_0db,N,New_N_055.wav,18-15-12-10,DeepONMF_H4,4,nndsvd,0.37795416589358166,10x212,0.031016499968245625,18,0.2652402217747767,0.3072447307167438,0.01732610003091395,15,0.11750257230972583,0.3102866623967718,0.0051238000160083175,12,0.11453085210730891,0.3083463263792966,0.00397660001181066,10,0.10063841647074093,0.30855881281392394,0.0035427999682724476
55,SNR_0db,N,New_N_056.wav,18-15-12-10,DeepONMF_H4,4,nndsvd,0.37289916704333986,10x212,0.035042200004681945,18,0.2598929974857241,0.3142486994606722,0.019438100047409534,15,0.10764467364327755,0.3108156323197455,0.005729699973016977,12,0.11913243646019388,0.31392790235806695,0.004378599929623306,10,0.10456801407747876,0.30997152118799104,0.004368099966086447
56,SNR_0db,N,New_N_057.wav,18-15-12-10,DeepONMF_H4,4,nndsvd,0.36992482612587885,10x212,0.03692610003054142,18,0.25919428833541835,0.31366257264496294,0.02088729990646243,15,0.1063393645310373,0.31606657351516565,0.00597830000333488,12,0.11307035794234692,0.3293310054729575,0.0045180999441072345,10,0.10121020890314067,0.32500569426036585,0.00463030009996146
57,SNR_0db,N,New_N_058.wav,18-15-12-10,DeepONMF_H4,4,nndsvd,0.3735175239478716,10x212,0.036389100016094744,18,0.2625761958191444,0.3115062439322,0.019778800080530345,15,0.1091306960119902,0.31492633551722465,0.006071800016798079,12,0.11306004261423823,0.3175563120653127,0.00537059991620481,10,0.10142258289038776,0.31594661279917824,0.004162199911661446
58,SNR_0db,N,New_N_059.wav,18-15-12-10,DeepONMF_H4,4,nndsvd,0.3740784331880629,10x212,0.03748289996292442,18,0.2614948728205617,0.31027773903472483,0.02001629990991205,15,0.11353757673492518,0.3121951518800231,0.006907999981194735,12,0.11558530388754056,0.31503811249616337,0.00496500008739531,10,0.10679756092814353,0.3102799892135617,0.004583299974910915
59,SNR_0db,N,New_N_060.wav,18-15-12-10,DeepONMF_H4,4,nndsvd,0.37408680752757484,10x212,0.04231360007543117,18,0.26138904261495804,0.3105303808806559,0.02467610000167042,15,0.11678369180533671,0.30843204910494804,0.006495799985714257,12,0.11453357260618215,0.3086361536739199,0.004895000020042062,10,0.10054681557606053,0.3048957272249697,0.005307300016283989
60,SNR_0db,N,New_N_061.wav,18-15-12-10,DeepONMF_H4,4,nndsvd,0.3758945845087648,10x212,0.03652900003362447,18,0.2616132865246298,0.30797771962760334,0.01964780001435429,15,0.12227495201844457,0.3059262071539938,0.005645300028845668,12,0.11579749220005926,0.31585267615707924,0.005917300004512072,10,0.09979534475389779,0.306605720569527,0.004236799897626042
61,SNR_0db,N,New_N_062.wav,18-15-12-10,DeepONMF_H4,4,nndsvd,0.3764139813898767,10x212,0.037477800040505826,18,0.26163122182818505,0.3069788423600908,0.02097970002796501,15,0.1136329800024609,0.3027603848578955,0.006397000048309565,12,0.1229233480734153,0.3167669565672352,0.004817100008949637,10,0.10728606406410333,0.3121887790671082,0.004210400045849383
62,SNR_0db,N,New_N_063.wav,18-15-12-10,DeepONMF_H4,4,nndsvd,0.373578232506912,10x212,0.034641999984160066,18,0.26036788665609467,0.313948246210869,0.01900009997189045,15,0.1123287260293563,0.3095611836432816,0.006312799989245832,12,0.11391358510110038,0.31089879746257343,0.004419200005941093,10,0.1039961923491111,0.30948535323618237,0.0038329000817611814
63,SNR_0db,N,New_N_064.wav,18-15-12-10,DeepONMF_H4,4,nndsvd,0.37384113636891286,10x212,0.03406019997783005,18,0.2592724186250642,0.31392582493616644,0.01867109991144389,15,0.1139109603831526,0.3163946099950072,0.005932000000029802,12,0.11727299128079764,0.31947164834338726,0.00430239993147552,10,0.10322904236719105,0.31993525328798367,0.00410689995624125
64,SNR_0db,N,New_N_065.wav,18-15-12-10,DeepONMF_H4,4,nndsvd,0.37017029864619677,10x212,0.03400590003002435,18,0.2578029157058102,0.3121857395215037,0.019161200034432113,15,0.11355912641356943,0.31425211508934553,0.005641700001433492,12,0.11143442717234801,0.3176506095135266,0.004363900050520897,10,0.10363405117247523,0.32052935234435476,0.0037672000471502542
65,SNR_0db,N,New_N_066.wav,18-15-12-10,DeepONMF_H4,4,nndsvd,0.37308709795807743,10x212,0.03445889998693019,18,0.2599793298711775,0.3208910777510472,0.019141199998557568,15,0.1136542177964018,0.3197968673579331,0.0058256000047549605,12,0.11632022445924993,0.3121284128748235,0.004396999953314662,10,0.10321911893275089,0.31102194947535966,0.0039963999297469854
66,SNR_0db,N,New_N_067.wav,18-15-12-10,DeepONMF_H4,4,nndsvd,0.3729837682208403,10x212,0.035043800016865134,18,0.26091683442738556,0.311376423796696,0.019867700058966875,15,0.11121023160862392,0.3075125410401852,0.005449299933388829,12,0.1151793306484739,0.3124120845720079,0.004305199952796102,10,0.10178569075433896,0.31233997384255086,0.00400479999370873
67,SNR_0db,N,New_N_068.wav,18-15-12-10,DeepONMF_H4,4,nndsvd,0.3770663146050062,10x212,0.035556099959649146,18,0.2657085164653681,0.31969975185712607,0.0206772000528872,15,0.11561135909271444,0.32614657344362935,0.0053035999881103635,12,0.11705309503216174,0.3372181765876797,0.0040438000578433275,10,0.10360237525458378,0.3367932885119994,0.0046694999327883124
68,SNR_0db,N,New_N_069.wav,18-15-12-10,DeepONMF_H4,4,nndsvd,0.37369921836164954,10x212,0.032448000041767955,18,0.2637847011977704,0.31196842795945867,0.018118699896149337,15,0.11231285270695841,0.31484739407763307,0.005172499921172857,12,0.11716284954226029,0.3178585436864012,0.004039500025101006,10,0.10429614102829805,0.30932786855302874,0.004292600089684129
69,SNR_0db,N,New_N_070.wav,18-15-12-10,DeepONMF_H4,4,nndsvd,0.37845186547552484,10x212,0.03339400002732873,18,0.2632861548175859,0.32814255800577835,0.018018799950368702,15,0.11616315570686592,0.3298618961881596,0.005628900020383298,12,0.12310063889724948,0.3298177127779486,0.004039400024339557,10,0.10771187123883941,0.328399905829617,0.004809599951840937
70,SNR_0db,N,New_N_071.wav,18-15-12-10,DeepONMF_H4,4,nndsvd,0.3764858630360879,10x212,0.03196689998731017,18,0.26224457490153047,0.32573560990768685,0.01781490002758801,15,0.11708506028230098,0.32184399883376974,0.005197899998165667,12,0.11404644267261627,0.3258251430794738,0.004034400102682412,10,0.10076861136218994,0.3183657523164204,0.004042200045660138
71,SNR_0db,N,New_N_072.wav,18-15-12-10,DeepONMF_H4,4,nndsvd,0.37747268161050707,10x212,0.033348900033161044,18,0.26466700106380125,0.3119277720955058,0.01844900008291006,15,0.11416742606066799,0.31489794284484585,0.005779300001449883,12,0.1256078745140301,0.3173607790512599,0.004206800018437207,10,0.10782901404762343,0.3315090791129486,0.003894199966453016
72,SNR_0db,N,New_N_073.wav,18-15-12-10,DeepONMF_H4,4,nndsvd,0.3783167468969516,10x212,0.032619800069369376,18,0.26414511165563603,0.3202542565541025,0.018243500031530857,15,0.12113998058218835,0.32332276815453237,0.005219399929046631,12,0.11667865073906984,0.31749905483441127,0.004282200010493398,10,0.10645193065011617,0.3303222453191813,0.0036614000564441085
73,SNR_0db,N,New_N_074.wav,18-15-12-10,DeepONMF_H4,4,nndsvd,0.37382840211955143,10x212,0.03241320000961423,18,0.26553745996040173,0.3177156926448349,0.01777520007453859,15,0.11000372240705204,0.3154088908763597,0.005413700011558831,12,0.11424881980096693,0.32076021183476083,0.004073199932463467,10,0.10571648067839098,0.31543313440049,0.0035743999760597944
74,SNR_0db,N,New_N_075.wav,18-15-12-10,DeepONMF_H4,4,nndsvd,0.37550493452989997,10x212,0.03413799998816103,18,0.26290724591101966,0.31375382119710066,0.019441400072537363,15,0.11337539790340921,0.3110092723250084,0.005359099945053458,12,0.12077898422450926,0.31397363469859507,0.004229399957694113,10,0.10675034179204594,0.3159241090151696,0.0037490000249817967
75,SNR_0db,N,New_N_076.wav,18-15-12-10,DeepONMF_H4,4,nndsvd,0.3756000809647085,10x212,0.03328770003281534,18,0.26334826825909197,0.3060387688795423,0.018307400052435696,15,0.1160225798895937,0.31781092416155965,0.005521100014448166,12,0.11633988692279258,0.3166294010347111,0.004382199957035482,10,0.10206102037949959,0.3061279705463556,0.003904900047928095
76,SNR_0db,N,New_N_077.wav,18-15-12-10,DeepONMF_H4,4,nndsvd,0.37811573601239634,10x212,0.03263660008087754,18,0.264257981170544,0.3156850378098827,0.018447499955073,15,0.11991877960484604,0.3159784130629128,0.005281000048853457,12,0.11776027246755034,0.31318644715129323,0.0040784000884741545,10,0.10502159339932063,0.30404266814124625,0.0036668000975623727
77,SNR_0db,N,New_N_078.wav,18-15-12-10,DeepONMF_H4,4,nndsvd,0.38037206185345485,10x212,0.03586409997660667,18,0.26666190884811525,0.3125117962513896,0.01918399997521192,15,0.11507656774062745,0.30347467071197926,0.006732400041073561,12,0.11308069267981384,0.3091308985618717,0.004263899987563491,10,0.10330064372853076,0.3089620251090566,0.004419500008225441
78,SNR_0db,N,New_N_079.wav,18-15-12-10,DeepONMF_H4,4,nndsvd,0.3760962027895366,10x212,0.04129259998444468,18,0.26129901363345276,0.3149727262858925,0.020828900043852627,15,0.11993794942188611,0.3199430061137755,0.005959499976597726,12,0.11275755953497536,0.3141179537510934,0.009205400012433529,10,0.10291756214279994,0.3160608094925497,0.004146899911575019
79,SNR_0db,N,New_N_080.wav,18-15-12-10,DeepONMF_H4,4,nndsvd,0.3783169517979189,10x212,0.03379150002729148,18,0.2653496385965008,0.30018151135405946,0.018974600010551512,15,0.11444010906509883,0.30571024752571485,0.005957799963653088,12,0.1181808183155555,0.3037105500264531,0.00427460006903857,10,0.10960677452758004,0.3126334102705035,0.0036304000532254577
80,SNR_0db,N,New_N_081.wav,18-15-12-10,DeepONMF_H4,4,nndsvd,0.37354275724163893,10x212,0.03205570008140057,18,0.26370619778427623,0.32488692355095933,0.01741009997203946,15,0.11207515502489347,0.32780635077693104,0.005711500067263842,12,0.11790892861445244,0.3267662938087995,0.0043002000311389565,10,0.10600432133332043,0.3280067976642687,0.0036198999732732773
81,SNR_0db,N,New_N_082.wav,18-15-12-10,DeepONMF_H4,4,nndsvd,0.3758312757432369,10x212,0.035554800066165626,18,0.26162328695605847,0.3210145738924862,0.017701699980534613,15,0.11198667504142548,0.31914183416780534,0.008782800054177642,12,0.12246523364526246,0.3284752691300044,0.004291799967177212,10,0.10314732412598097,0.33414816719452867,0.0036107999039813876
82,SNR_0db,N,New_N_083.wav,18-15-12-10,DeepONMF_H4,4,nndsvd,0.3759566288961806,10x212,0.0328814999666065,18,0.26288745939333596,0.31451131624854384,0.01790969993453473,15,0.11341503358079527,0.3177053774266683,0.006011500023305416,12,0.11771061400678492,0.31656250783658707,0.004099100013263524,10,0.10894701897011518,0.3211590636128819,0.0036026000743731856
83,SNR_0db,N,New_N_084.wav,18-15-12-10,DeepONMF_H4,4,nndsvd,0.37930316903387656,10x212,0.03442899999208748,18,0.26643449755294185,0.3228110322962739,0.01863089995458722,15,0.1177900860200009,0.3228954827559833,0.006773800007067621,12,0.11437684810919375,0.3128122304969831,0.0041603000136092305,10,0.10312592115350941,0.3141013813479452,0.003628400037996471
84,SNR_0db,N,New_N_085.wav,18-15-12-10,DeepONMF_H4,4,nndsvd,0.37654233993409775,10x212,0.033890699967741966,18,0.2614124325531238,0.3042222268547881,0.017722300020977855,15,0.11695898555827523,0.30152330785524906,0.007228699978441,12,0.11902644928528358,0.3034625140800036,0.004175800015218556,10,0.10457096228133475,0.30804493580968106,0.003655900014564395
85,SNR_0db,N,New_N_086.wav,18-15-12-10,DeepONMF_H4,4,nndsvd,0.3748776315919289,10x212,0.03215989994350821,18,0.26216263223848346,0.31491164851941056,0.017249700031243265,15,0.11266116010558436,0.31150824275386135,0.006135200033895671,12,0.11586830939557712,0.31071164609799684,0.0041840000776574016,10,0.10628333667068632,0.3087306813129987,0.003629300044849515
86,SNR_0db,N,New_N_087.wav,18-15-12-10,DeepONMF_H4,4,nndsvd,0.3778805186229459,10x212,0.03246520005632192,18,0.2654695680901449,0.3170364526137321,0.018024499993771315,15,0.11606586530075493,0.3158665062646631,0.00589240004774183,12,0.11767455394136,0.31679241871264135,0.004098900011740625,10,0.10125699502067549,0.3140964190924343,0.003583699930459261
87,SNR_0db,N,New_N_088.wav,18-15-12-10,DeepONMF_H4,4,nndsvd,0.37454902027993886,10x212,0.0331614000024274,18,0.26462305171144834,0.3077069243411661,0.01821200002450496,15,0.11528337505139002,0.3057139610111876,0.005832599941641092,12,0.11392530682268821,0.3139049040604349,0.0041877999901771545,10,0.1065369374845682,0.3138433300189841,0.003671300015412271
88,SNR_0db,N,New_N_089.wav,18-15-12-10,DeepONMF_H4,4,nndsvd,0.3735557974257834,10x212,0.033043700037524104,18,0.2624171957338645,0.31204242501058305,0.018182899919338524,15,0.10892273299996044,0.31222461566590554,0.005921000032685697,12,0.12009650693542334,0.31329169622315006,0.004188799997791648,10,0.10380071172523503,0.3227766177577254,0.0037200000369921327
89,SNR_0db,N,New_N_090.wav,18-15-12-10,DeepONMF_H4,4,nndsvd,0.37617869709184054,10x212,0.03236529999412596,18,0.26314479653520084,0.31812547046445744,0.017287899972870946,15,0.11479469180275834,0.31632446794797153,0.006383500061929226,12,0.12015523880143882,0.31371074766054924,0.004161600023508072,10,0.10366948050690672,0.31696516950653336,0.0035783000057563186
90,SNR_0db,N,New_N_091.wav,18-15-12-10,DeepONMF_H4,4,nndsvd,0.37915746966211233,10x212,0.03415240009780973,18,0.2604405826266981,0.30802557300662037,0.019549999968148768,15,0.12022869466559527,0.30305661419278573,0.005555399926379323,12,0.11941415540600442,0.30186712134807503,0.0043778999242931604,10,0.10260038515830582,0.29975803805834017,0.003739299951121211
91,SNR_0db,N,New_N_092.wav,18-15-12-10,DeepONMF_H4,4,nndsvd,0.3745074919803982,10x212,0.032763600000180304,18,0.26473173901935576,0.31136856036254884,0.017626199987716973,15,0.11226605082142602,0.3116555617341805,0.00561959994956851,12,0.11818361749786356,0.3152115508420472,0.004540099995210767,10,0.10423723519348085,0.3229791446466515,0.0037672999314963818
92,SNR_0db,N,New_N_093.wav,18-15-12-10,DeepONMF_H4,4,nndsvd,0.3733565749759238,10x212,0.03317589999642223,18,0.26119925177129955,0.3120111048488132,0.01783839997369796,15,0.11718628917593545,0.3195891933176804,0.0056730000069364905,12,0.11470722770796715,0.3083971197535131,0.0049075999995693564,10,0.10570210407432122,0.3154831261518759,0.0037459000013768673
93,SNR_0db,N,New_N_094.wav,18-15-12-10,DeepONMF_H4,4,nndsvd,0.37510915674785417,10x212,0.033704299945384264,18,0.26451721851159526,0.3194340791997432,0.01847130001988262,15,0.11554645099724176,0.3217883059342186,0.005911299958825111,12,0.12049503200195635,0.32156306173840943,0.004712200025096536,10,0.10826252097548716,0.32127467836108625,0.003751200041733682
94,SNR_0db,N,New_N_095.wav,18-15-12-10,DeepONMF_H4,4,nndsvd,0.3796237296912327,10x212,0.03249570005573332,18,0.26557691975140685,0.30941036809466793,0.01789309992454946,15,0.11766186175360861,0.3086166020031277,0.005447200033813715,12,0.12167053412800487,0.3076847050609501,0.00448950007557869,10,0.10111650616940919,0.31351009247354794,0.0037811000365763903
95,SNR_0db,N,New_N_096.wav,18-15-12-10,DeepONMF_H4,4,nndsvd,0.3741533919573607,10x212,0.03231949999462813,18,0.2632005809341702,0.31772443329246886,0.017957999953068793,15,0.11630144806297071,0.3206235844983215,0.00504329998511821,12,0.11577302551308559,0.32681621317406634,0.004537099972367287,10,0.10190742245977662,0.31811625508275765,0.0037668999284505844
96,SNR_0db,N,New_N_097.wav,18-15-12-10,DeepONMF_H4,4,nndsvd,0.3734326965124261,10x212,0.034929699962958694,18,0.2609039785486734,0.3170559338361179,0.019006800022907555,15,0.11213776314358777,0.3223859177377306,0.005408199969679117,12,0.11273535027952288,0.3153113809323047,0.005640300107188523,10,0.10144403577338375,0.3200791228934608,0.003940899972803891
97,SNR_0db,N,New_N_098.wav,18-15-12-10,DeepONMF_H4,4,nndsvd,0.37822256998884113,10x212,0.03792259993497282,18,0.2660334273892555,0.32134473926047785,0.02135579998139292,15,0.11617173060820636,0.32110171100397367,0.0071579000214114785,12,0.11915046619155355,0.32357745873607546,0.004532700055278838,10,0.10481679936073846,0.32638366547273695,0.0039820000529289246
98,SNR_0db,N,New_N_099.wav,18-15-12-10,DeepONMF_H4,4,nndsvd,0.3721050921254173,10x212,0.03474650008138269,18,0.2603182027830588,0.3124675680861856,0.019748799968510866,15,0.10924018952186042,0.31468811335295505,0.005734100006520748,12,0.1176966367325725,0.3237783526890363,0.004350000061094761,10,0.10268288176137698,0.3230377322247665,0.00391440000385046
99,SNR_0db,N,New_N_100.wav,18-15-12-10,DeepONMF_H4,4,nndsvd,0.37917676382820714,10x212,0.032710099942050874,18,0.26768487877192026,0.30617898828396606,0.018322299933061004,15,0.11608403732444537,0.3091635891782156,0.005387299926951528,12,0.11728902293036629,0.3148603390242005,0.004119999939575791,10,0.10568992336830105,0.30780556605419856,0.0037048999220132828
100,SNR_0db,N,New_N_101.wav,18-15-12-10,DeepONMF_H4,4,nndsvd,0.37080757557429705,10x212,0.03320689999964088,18,0.2592124164594051,0.3094506788137132,0.018698900006711483,15,0.1093904020418291,0.3124510148708305,0.005542500060983002,12,0.11791774224899178,0.3210490604623511,0.004138599964790046,10,0.10128536426033012,0.3125669191975158,0.0036050999769940972
101,SNR_0db,N,New_N_102.wav,18-15-12-10,DeepONMF_H4,4,nndsvd,0.3738908509888671,10x212,0.03343700000550598,18,0.26090741637213305,0.3169592331292203,0.01889780000783503,15,0.11114949393485894,0.31411591679933354,0.005556399933993816,12,0.1190719484387051,0.3156617666678624,0.004136799951083958,10,0.1043871370566495,0.3115357217519616,0.0038508999859914184
102,SNR_0db,N,New_N_103.wav,18-15-12-10,DeepONMF_H4,4,nndsvd,0.3728532821143029,10x212,0.03267990006133914,18,0.2579232343731136,0.31475719008240455,0.01814669999293983,15,0.110642673638564,0.31884832261787527,0.005511899944394827,12,0.11846486771661767,0.3232316844133597,0.004141599987633526,10,0.10357890201369843,0.3247085307549639,0.0037206000415608287
103,SNR_0db,N,New_N_104.wav,18-15-12-10,DeepONMF_H4,4,nndsvd,0.37457826166516645,10x212,0.034242800087668,18,0.2605508400370754,0.3149873531303368,0.01924729999154806,15,0.111125228173519,0.3198258238913452,0.005486599984578788,12,0.12054492383735486,0.3185317688368931,0.004457000060938299,10,0.10743605693907415,0.32376444780934455,0.0038660999853163958
104,SNR_0db,N,New_N_105.wav,18-15-12-10,DeepONMF_H4,4,nndsvd,0.374774816138335,10x212,0.03266939998138696,18,0.26455023942498423,0.3138461446181448,0.01780290005262941,15,0.10968952882756224,0.3147445957427768,0.00583780009765178,12,0.11956372874011925,0.31516344968539917,0.00433359993621707,10,0.1066448887523402,0.33095299049295795,0.0037372999358922243
105,SNR_0db,N,New_N_106.wav,18-15-12-10,DeepONMF_H4,4,nndsvd,0.3731350494947885,10x212,0.03290009999182075,18,0.26244327134805184,0.3074409370828328,0.01808449998497963,15,0.113666158889166,0.31363460501111695,0.005908699939027429,12,0.11477880338994771,0.31700506710081383,0.004138400079682469,10,0.10260068217770908,0.31315738279286287,0.003590300097130239
106,SNR_0db,N,New_N_107.wav,18-15-12-10,DeepONMF_H4,4,nndsvd,0.3806722862803786,10x212,0.03438199998345226,18,0.26409263673671085,0.3093136217588961,0.017924699932336807,15,0.11740558657853273,0.30544817853059886,0.0065731999929994345,12,0.12036794058897032,0.3163790015501643,0.004743600031360984,10,0.10313562601925719,0.3135461253519737,0.00395729998126626
107,SNR_0db,N,New_N_108.wav,18-15-12-10,DeepONMF_H4,4,nndsvd,0.3809060408060625,10x212,0.03409440000541508,18,0.26588471735601,0.310008416244123,0.019848600029945374,15,0.11878505833265357,0.30788947300791375,0.005364999989978969,12,0.11604912134571198,0.3127990114017428,0.004132000030949712,10,0.10915862933795979,0.3110987211699839,0.0036336000775918365
108,SNR_0db,N,New_N_109.wav,18-15-12-10,DeepONMF_H4,4,nndsvd,0.37013378784657813,10x212,0.03288469999097288,18,0.25641547939496157,0.31042756675998706,0.01890080003067851,15,0.11213508578952955,0.30837525230215707,0.005372000043280423,12,0.11538663157102892,0.31310177467999656,0.004063699976541102,10,0.102113805654375,0.3132975350020768,0.0036051999777555466
