clase,archivo,ruta,variante_deep_onmf,F_001,F_002,F_003,F_004,F_005
AS,New_AS_001.wav,C:\Users\armga\OneDrive\Escritorio\TFG\Programacion objetivo\Bases de Datos\AS_New_3주기\New_AS_001.wav,perfil_softmin_errores_f8,3.2838043595971943e-07,0.39945929275295516,0.0988367661711015,0.24604593453452256,0.2556576781609847
AS,New_AS_002.wav,C:\Users\armga\OneDrive\Escritorio\TFG\Programacion objetivo\Bases de Datos\AS_New_3주기\New_AS_002.wav,perfil_softmin_errores_f8,2.678850352942825e-07,0.3815122008916711,0.07034935356074686,0.22870417116304748,0.31943400649949943
AS,New_AS_003.wav,C:\Users\armga\OneDrive\Escritorio\TFG\Programacion objetivo\Bases de Datos\AS_New_3주기\New_AS_003.wav,perfil_softmin_errores_f8,4.652166794448594e-08,0.40266478639213854,0.08229791932679553,0.21279892214216672,0.3022383256172311
AS,New_AS_004.wav,C:\Users\armga\OneDrive\Escritorio\TFG\Programacion objetivo\Bases de Datos\AS_New_3주기\New_AS_004.wav,perfil_softmin_errores_f8,6.664619129525784e-08,0.4136512852201032,0.07989596657967342,0.20019157636895857,0.3062611051850736
AS,New_AS_005.wav,C:\Users\armga\OneDrive\Escritorio\TFG\Programacion objetivo\Bases de Datos\AS_New_3주기\New_AS_005.wav,perfil_softmin_errores_f8,1.1745438751594372e-07,0.3840088616894853,0.06534482003931445,0.2618388885014027,0.28880731231541
AS,New_AS_006.wav,C:\Users\armga\OneDrive\Escritorio\TFG\Programacion objetivo\Bases de Datos\AS_New_3주기\New_AS_006.wav,perfil_softmin_errores_f8,6.644999416535972e-08,0.37578574571426454,0.07363535512079998,0.23925634644103702,0.3113224862739043
AS,New_AS_007.wav,C:\Users\armga\OneDrive\Escritorio\TFG\Programacion objetivo\Bases de Datos\AS_New_3주기\New_AS_007.wav,perfil_softmin_errores_f8,2.0198337045431026e-07,0.3331528229498563,0.08150414964889853,0.28114993035807,0.30419289505980474
AS,New_AS_008.wav,C:\Users\armga\OneDrive\Escritorio\TFG\Programacion objetivo\Bases de Datos\AS_New_3주기\New_AS_008.wav,perfil_softmin_errores_f8,8.048325751726673e-08,0.34240087557887877,0.06860306640495695,0.2836268046967904,0.30536917283611636
AS,New_AS_009.wav,C:\Users\armga\OneDrive\Escritorio\TFG\Programacion objetivo\Bases de Datos\AS_New_3주기\New_AS_009.wav,perfil_softmin_errores_f8,9.357703912165302e-08,0.39930143842202986,0.07700693355728028,0.21747951180748196,0.30621202263616876
AS,New_AS_010.wav,C:\Users\armga\OneDrive\Escritorio\TFG\Programacion objetivo\Bases de Datos\AS_New_3주기\New_AS_010.wav,perfil_softmin_errores_f8,1.193214240370619e-07,0.37971691906788657,0.08139291643803086,0.2592259306021102,0.27966411457054846
AS,New_AS_011.wav,C:\Users\armga\OneDrive\Escritorio\TFG\Programacion objetivo\Bases de Datos\AS_New_3주기\New_AS_011.wav,perfil_softmin_errores_f8,6.985291482854094e-08,0.3937030608380275,0.0719204586929493,0.23477683180637315,0.29959957880973537
AS,New_AS_012.wav,C:\Users\armga\OneDrive\Escritorio\TFG\Programacion objetivo\Bases de Datos\AS_New_3주기\New_AS_012.wav,perfil_softmin_errores_f8,7.88928306085965e-08,0.39880168374018554,0.07524950647364312,0.2532830580216805,0.27266567287166016
AS,New_AS_013.wav,C:\Users\armga\OneDrive\Escritorio\TFG\Programacion objetivo\Bases de Datos\AS_New_3주기\New_AS_013.wav,perfil_softmin_errores_f8,1.441776188235372e-07,0.33920042913824694,0.07348621142132725,0.24317613804396526,0.3441370772188417
AS,New_AS_014.wav,C:\Users\armga\OneDrive\Escritorio\TFG\Programacion objetivo\Bases de Datos\AS_New_3주기\New_AS_014.wav,perfil_softmin_errores_f8,5.047365466438782e-08,0.38907786326651134,0.05148441056174253,0.2265253214579903,0.33291235424010124
AS,New_AS_015.wav,C:\Users\armga\OneDrive\Escritorio\TFG\Programacion objetivo\Bases de Datos\AS_New_3주기\New_AS_015.wav,perfil_softmin_errores_f8,4.4979987362711925e-07,0.3459562905488466,0.08277325625175165,0.25237944090990133,0.3188905624896268
AS,New_AS_016.wav,C:\Users\armga\OneDrive\Escritorio\TFG\Programacion objetivo\Bases de Datos\AS_New_3주기\New_AS_016.wav,perfil_softmin_errores_f8,6.177607821194161e-08,0.40706995277362323,0.05921869701192929,0.23437964422463797,0.29933164421373126
AS,New_AS_017.wav,C:\Users\armga\OneDrive\Escritorio\TFG\Programacion objetivo\Bases de Datos\AS_New_3주기\New_AS_017.wav,perfil_softmin_errores_f8,1.5451036244021606e-07,0.4427407771309428,0.0627084022359738,0.2520258368931146,0.24252482922960644
AS,New_AS_018.wav,C:\Users\armga\OneDrive\Escritorio\TFG\Programacion objetivo\Bases de Datos\AS_New_3주기\New_AS_018.wav,perfil_softmin_errores_f8,1.4456270064375168e-07,0.42325597630497375,0.08046811347614749,0.23442326894451815,0.26185249671165994
AS,New_AS_019.wav,C:\Users\armga\OneDrive\Escritorio\TFG\Programacion objetivo\Bases de Datos\AS_New_3주기\New_AS_019.wav,perfil_softmin_errores_f8,4.554928821722841e-08,0.44504191337049737,0.0865600375369762,0.23216713819587512,0.23623086534736312
AS,New_AS_020.wav,C:\Users\armga\OneDrive\Escritorio\TFG\Programacion objetivo\Bases de Datos\AS_New_3주기\New_AS_020.wav,perfil_softmin_errores_f8,1.3488016854235824e-07,0.3358039897337777,0.06655105224336373,0.2445468727272911,0.3530979504153989
AS,New_AS_021.wav,C:\Users\armga\OneDrive\Escritorio\TFG\Programacion objetivo\Bases de Datos\AS_New_3주기\New_AS_021.wav,perfil_softmin_errores_f8,1.007673005099087e-07,0.39604137366019,0.07299963608989982,0.25728808296966715,0.2736708065129427
AS,New_AS_022.wav,C:\Users\armga\OneDrive\Escritorio\TFG\Programacion objetivo\Bases de Datos\AS_New_3주기\New_AS_022.wav,perfil_softmin_errores_f8,5.4666836812886994e-08,0.40675089057987557,0.08638093197369809,0.2266206235321972,0.2802474992473923
AS,New_AS_023.wav,C:\Users\armga\OneDrive\Escritorio\TFG\Programacion objetivo\Bases de Datos\AS_New_3주기\New_AS_023.wav,perfil_softmin_errores_f8,1.6951990366074593e-07,0.39649498649332726,0.09798912306186969,0.22134962881790027,0.2841660921069991
AS,New_AS_024.wav,C:\Users\armga\OneDrive\Escritorio\TFG\Programacion objetivo\Bases de Datos\AS_New_3주기\New_AS_024.wav,perfil_softmin_errores_f8,8.110568754150619e-08,0.3443985010492997,0.07318560250974747,0.2668802256054495,0.3155355897298157
AS,New_AS_025.wav,C:\Users\armga\OneDrive\Escritorio\TFG\Programacion objetivo\Bases de Datos\AS_New_3주기\New_AS_025.wav,perfil_softmin_errores_f8,1.5416448242037542e-07,0.33910907548928676,0.08287251860220286,0.2669766898254481,0.31104156191857985
AS,New_AS_026.wav,C:\Users\armga\OneDrive\Escritorio\TFG\Programacion objetivo\Bases de Datos\AS_New_3주기\New_AS_026.wav,perfil_softmin_errores_f8,9.195047185771324e-08,0.3734173691130918,0.04280911175883997,0.3316276549182674,0.2521457722593289
AS,New_AS_027.wav,C:\Users\armga\OneDrive\Escritorio\TFG\Programacion objetivo\Bases de Datos\AS_New_3주기\New_AS_027.wav,perfil_softmin_errores_f8,8.969871063331437e-08,0.3357351331640248,0.06586531974916314,0.2782528814965672,0.32014657589153417
AS,New_AS_028.wav,C:\Users\armga\OneDrive\Escritorio\TFG\Programacion objetivo\Bases de Datos\AS_New_3주기\New_AS_028.wav,perfil_softmin_errores_f8,2.3367395960519272e-07,0.3378212010702718,0.08155422750416287,0.30075783612631607,0.2798665016252897
AS,New_AS_029.wav,C:\Users\armga\OneDrive\Escritorio\TFG\Programacion objetivo\Bases de Datos\AS_New_3주기\New_AS_029.wav,perfil_softmin_errores_f8,1.8890178928133737e-07,0.32795636081380386,0.0662954177999827,0.3206336246271653,0.2851144078572589
AS,New_AS_030.wav,C:\Users\armga\OneDrive\Escritorio\TFG\Programacion objetivo\Bases de Datos\AS_New_3주기\New_AS_030.wav,perfil_softmin_errores_f8,6.716677423294638e-08,0.3766150462635311,0.06908920542527375,0.25248610646068326,0.30180957468373776
AS,New_AS_031.wav,C:\Users\armga\OneDrive\Escritorio\TFG\Programacion objetivo\Bases de Datos\AS_New_3주기\New_AS_031.wav,perfil_softmin_errores_f8,1.8475928790184707e-07,0.357608451076638,0.06317990740432393,0.3471422157323644,0.23206924102738571
AS,New_AS_032.wav,C:\Users\armga\OneDrive\Escritorio\TFG\Programacion objetivo\Bases de Datos\AS_New_3주기\New_AS_032.wav,perfil_softmin_errores_f8,4.273258596527558e-08,0.3617924113828826,0.056893769387527944,0.2993980735937108,0.28191570290329276
AS,New_AS_033.wav,C:\Users\armga\OneDrive\Escritorio\TFG\Programacion objetivo\Bases de Datos\AS_New_3주기\New_AS_033.wav,perfil_softmin_errores_f8,2.6066333770854517e-07,0.34804089808028443,0.09697293890476588,0.2723158641078821,0.2826700382437299
AS,New_AS_034.wav,C:\Users\armga\OneDrive\Escritorio\TFG\Programacion objetivo\Bases de Datos\AS_New_3주기\New_AS_034.wav,perfil_softmin_errores_f8,9.2592284595672e-08,0.3835615631878226,0.07428826920947573,0.2577396404469567,0.28441043456346055
AS,New_AS_035.wav,C:\Users\armga\OneDrive\Escritorio\TFG\Programacion objetivo\Bases de Datos\AS_New_3주기\New_AS_035.wav,perfil_softmin_errores_f8,1.2266810138221726e-07,0.3477122290176298,0.0585116646922592,0.22769333914206896,0.3660826444799406
AS,New_AS_036.wav,C:\Users\armga\OneDrive\Escritorio\TFG\Programacion objetivo\Bases de Datos\AS_New_3주기\New_AS_036.wav,perfil_softmin_errores_f8,2.0112437237363748e-07,0.30734502756122833,0.06198623333278887,0.31354694715183096,0.3171215908297794
AS,New_AS_037.wav,C:\Users\armga\OneDrive\Escritorio\TFG\Programacion objetivo\Bases de Datos\AS_New_3주기\New_AS_037.wav,perfil_softmin_errores_f8,4.6499923350197174e-08,0.3971291410674174,0.04723373610442228,0.29263340099523766,0.2630036753329993
AS,New_AS_038.wav,C:\Users\armga\OneDrive\Escritorio\TFG\Programacion objetivo\Bases de Datos\AS_New_3주기\New_AS_038.wav,perfil_softmin_errores_f8,1.2162401380133242e-07,0.37937275423166444,0.06658080234869064,0.28897192932058846,0.2650743924750426
AS,New_AS_039.wav,C:\Users\armga\OneDrive\Escritorio\TFG\Programacion objetivo\Bases de Datos\AS_New_3주기\New_AS_039.wav,perfil_softmin_errores_f8,1.7465140153069684e-07,0.3272305150346754,0.06328497013801783,0.29006426989290385,0.31942007028300134
AS,New_AS_040.wav,C:\Users\armga\OneDrive\Escritorio\TFG\Programacion objetivo\Bases de Datos\AS_New_3주기\New_AS_040.wav,perfil_softmin_errores_f8,6.833994682111087e-08,0.3117535860020469,0.0673621989440286,0.26623733687969237,0.3546468098342853
AS,New_AS_041.wav,C:\Users\armga\OneDrive\Escritorio\TFG\Programacion objetivo\Bases de Datos\AS_New_3주기\New_AS_041.wav,perfil_softmin_errores_f8,9.655213326401363e-08,0.35414976068997045,0.05964915155963663,0.30660868618891624,0.2795923050093434
AS,New_AS_042.wav,C:\Users\armga\OneDrive\Escritorio\TFG\Programacion objetivo\Bases de Datos\AS_New_3주기\New_AS_042.wav,perfil_softmin_errores_f8,2.1971505160168658e-07,0.32461395454306335,0.06608728370993905,0.33347655903026124,0.27582198300168465
AS,New_AS_043.wav,C:\Users\armga\OneDrive\Escritorio\TFG\Programacion objetivo\Bases de Datos\AS_New_3주기\New_AS_043.wav,perfil_softmin_errores_f8,7.131037811630513e-08,0.3764588224152836,0.05046429369206909,0.29307012095872015,0.280006691623549
AS,New_AS_044.wav,C:\Users\armga\OneDrive\Escritorio\TFG\Programacion objetivo\Bases de Datos\AS_New_3주기\New_AS_044.wav,perfil_softmin_errores_f8,1.282251841538141e-07,0.37140755848710055,0.07205050910361006,0.2799887305294429,0.2765530736546624
AS,New_AS_045.wav,C:\Users\armga\OneDrive\Escritorio\TFG\Programacion objetivo\Bases de Datos\AS_New_3주기\New_AS_045.wav,perfil_softmin_errores_f8,8.911081035246856e-08,0.31006875044488685,0.051564304159735126,0.3505916081472348,0.2877752481373329
AS,New_AS_046.wav,C:\Users\armga\OneDrive\Escritorio\TFG\Programacion objetivo\Bases de Datos\AS_New_3주기\New_AS_046.wav,perfil_softmin_errores_f8,2.9827840114351175e-07,0.3157369916792821,0.07349400292158824,0.296800801959567,0.31396790516116146
AS,New_AS_047.wav,C:\Users\armga\OneDrive\Escritorio\TFG\Programacion objetivo\Bases de Datos\AS_New_3주기\New_AS_047.wav,perfil_softmin_errores_f8,9.310790002832781e-08,0.30052693252036294,0.04838312624343079,0.3236304146033919,0.3274594335249143
AS,New_AS_048.wav,C:\Users\armga\OneDrive\Escritorio\TFG\Programacion objetivo\Bases de Datos\AS_New_3주기\New_AS_048.wav,perfil_softmin_errores_f8,4.810372474964338e-08,0.37125696376516637,0.052670498089685776,0.2973923314597781,0.27868015858164497
AS,New_AS_049.wav,C:\Users\armga\OneDrive\Escritorio\TFG\Programacion objetivo\Bases de Datos\AS_New_3주기\New_AS_049.wav,perfil_softmin_errores_f8,2.3300070555960383e-07,0.09858903805468469,0.04839238023989473,0.7507265764089885,0.10229177229572656
AS,New_AS_050.wav,C:\Users\armga\OneDrive\Escritorio\TFG\Programacion objetivo\Bases de Datos\AS_New_3주기\New_AS_050.wav,perfil_softmin_errores_f8,1.5718105734935376e-06,0.01887673940864564,0.09969561900572992,0.8593719319104103,0.022054137864640774
AS,New_AS_051.wav,C:\Users\armga\OneDrive\Escritorio\TFG\Programacion objetivo\Bases de Datos\AS_New_3주기\New_AS_051.wav,perfil_softmin_errores_f8,0.0002746512709896727,0.18708002699816995,0.20905099433020385,0.5201587079461875,0.08343561945444909
AS,New_AS_052.wav,C:\Users\armga\OneDrive\Escritorio\TFG\Programacion objetivo\Bases de Datos\AS_New_3주기\New_AS_052.wav,perfil_softmin_errores_f8,0.0002597391650542426,0.09700977063259367,0.22795620842739756,0.5984929560500921,0.07628132572486236
AS,New_AS_053.wav,C:\Users\armga\OneDrive\Escritorio\TFG\Programacion objetivo\Bases de Datos\AS_New_3주기\New_AS_053.wav,perfil_softmin_errores_f8,3.6091980646069777e-06,0.011934327593869679,0.13238990262704575,0.8406738959272432,0.01499826465377683
AS,New_AS_054.wav,C:\Users\armga\OneDrive\Escritorio\TFG\Programacion objetivo\Bases de Datos\AS_New_3주기\New_AS_054.wav,perfil_softmin_errores_f8,7.531470305787141e-06,0.18847292075275,0.08687701315230335,0.6688682684417839,0.05577426618285683
AS,New_AS_055.wav,C:\Users\armga\OneDrive\Escritorio\TFG\Programacion objetivo\Bases de Datos\AS_New_3주기\New_AS_055.wav,perfil_softmin_errores_f8,0.00011944043036961554,0.10964129018321433,0.21120999203944194,0.5821789931688782,0.09685028417809587
AS,New_AS_056.wav,C:\Users\armga\OneDrive\Escritorio\TFG\Programacion objetivo\Bases de Datos\AS_New_3주기\New_AS_056.wav,perfil_softmin_errores_f8,3.7751923871186935e-05,0.03748980651418836,0.24775364286680476,0.6759096552562628,0.038809143438872845
AS,New_AS_057.wav,C:\Users\armga\OneDrive\Escritorio\TFG\Programacion objetivo\Bases de Datos\AS_New_3주기\New_AS_057.wav,perfil_softmin_errores_f8,9.2328355402729e-06,0.18330070808461568,0.12610760713958263,0.6224896226961792,0.06809282924408225
AS,New_AS_058.wav,C:\Users\armga\OneDrive\Escritorio\TFG\Programacion objetivo\Bases de Datos\AS_New_3주기\New_AS_058.wav,perfil_softmin_errores_f8,1.7341991180156684e-05,0.22293398894513416,0.1473966543146672,0.5703239046170153,0.059328110132003314
AS,New_AS_059.wav,C:\Users\armga\OneDrive\Escritorio\TFG\Programacion objetivo\Bases de Datos\AS_New_3주기\New_AS_059.wav,perfil_softmin_errores_f8,5.1503706862580585e-05,0.02550980530469626,0.262867614896471,0.6837848782030609,0.02778619788890922
AS,New_AS_060.wav,C:\Users\armga\OneDrive\Escritorio\TFG\Programacion objetivo\Bases de Datos\AS_New_3주기\New_AS_060.wav,perfil_softmin_errores_f8,0.0005362160050890623,0.10795523911219233,0.23476704414168062,0.5705659028925699,0.0861755978484682
AS,New_AS_061.wav,C:\Users\armga\OneDrive\Escritorio\TFG\Programacion objetivo\Bases de Datos\AS_New_3주기\New_AS_061.wav,perfil_softmin_errores_f8,1.51406578626804e-06,0.12530593836214077,0.10009787403114875,0.7077863004647696,0.06680837307615456
AS,New_AS_062.wav,C:\Users\armga\OneDrive\Escritorio\TFG\Programacion objetivo\Bases de Datos\AS_New_3주기\New_AS_062.wav,perfil_softmin_errores_f8,2.3310315665882935e-07,0.085346675109812,0.10634672186959067,0.7644380004280095,0.043868369489431194
AS,New_AS_063.wav,C:\Users\armga\OneDrive\Escritorio\TFG\Programacion objetivo\Bases de Datos\AS_New_3주기\New_AS_063.wav,perfil_softmin_errores_f8,0.0002688619190705944,0.03744524811733716,0.18839462643474203,0.7168171156114229,0.05707414791742726
AS,New_AS_064.wav,C:\Users\armga\OneDrive\Escritorio\TFG\Programacion objetivo\Bases de Datos\AS_New_3주기\New_AS_064.wav,perfil_softmin_errores_f8,0.00012011378359197095,0.11481834573292254,0.24089168958874324,0.5536488722154856,0.09052097867925665
AS,New_AS_065.wav,C:\Users\armga\OneDrive\Escritorio\TFG\Programacion objetivo\Bases de Datos\AS_New_3주기\New_AS_065.wav,perfil_softmin_errores_f8,3.2127041779505995e-07,0.14762371986039743,0.04588015144785839,0.6767340770641428,0.1297617303571836
AS,New_AS_066.wav,C:\Users\armga\OneDrive\Escritorio\TFG\Programacion objetivo\Bases de Datos\AS_New_3주기\New_AS_066.wav,perfil_softmin_errores_f8,0.00016231491970248942,0.1480400954004498,0.2779483378615555,0.4644911118116656,0.10935814000662657
AS,New_AS_067.wav,C:\Users\armga\OneDrive\Escritorio\TFG\Programacion objetivo\Bases de Datos\AS_New_3주기\New_AS_067.wav,perfil_softmin_errores_f8,9.917277777223752e-06,0.10206277356789602,0.07813678530845988,0.7298343998276334,0.08995612401823343
AS,New_AS_068.wav,C:\Users\armga\OneDrive\Escritorio\TFG\Programacion objetivo\Bases de Datos\AS_New_3주기\New_AS_068.wav,perfil_softmin_errores_f8,0.0001098696468723679,0.08562817599033715,0.16395793161439476,0.6655694806246258,0.08473454212376995
AS,New_AS_069.wav,C:\Users\armga\OneDrive\Escritorio\TFG\Programacion objetivo\Bases de Datos\AS_New_3주기\New_AS_069.wav,perfil_softmin_errores_f8,7.781124007581937e-06,0.17674361937915883,0.05343242418287186,0.6402964806866748,0.12951969462728688
AS,New_AS_070.wav,C:\Users\armga\OneDrive\Escritorio\TFG\Programacion objetivo\Bases de Datos\AS_New_3주기\New_AS_070.wav,perfil_softmin_errores_f8,1.3114126352284808e-06,0.044642067977604685,0.05294987994651273,0.8711347207095569,0.03127201995369065
AS,New_AS_071.wav,C:\Users\armga\OneDrive\Escritorio\TFG\Programacion objetivo\Bases de Datos\AS_New_3주기\New_AS_071.wav,perfil_softmin_errores_f8,9.132020118799815e-06,0.19887610500723357,0.06969363867032065,0.6707796281595604,0.06064149614276661
AS,New_AS_072.wav,C:\Users\armga\OneDrive\Escritorio\TFG\Programacion objetivo\Bases de Datos\AS_New_3주기\New_AS_072.wav,perfil_softmin_errores_f8,7.716890221239585e-06,0.1628462038431544,0.07128844384972809,0.6871541425922045,0.07870349282469177
AS,New_AS_073.wav,C:\Users\armga\OneDrive\Escritorio\TFG\Programacion objetivo\Bases de Datos\AS_New_3주기\New_AS_073.wav,perfil_softmin_errores_f8,8.139544998441783e-06,0.1713768348720883,0.10438215532925238,0.6174553810693557,0.10677748918430519
AS,New_AS_074.wav,C:\Users\armga\OneDrive\Escritorio\TFG\Programacion objetivo\Bases de Datos\AS_New_3주기\New_AS_074.wav,perfil_softmin_errores_f8,3.0450832597599075e-05,0.10153361353964253,0.2498729178985091,0.5751702131808594,0.07339280454839156
AS,New_AS_075.wav,C:\Users\armga\OneDrive\Escritorio\TFG\Programacion objetivo\Bases de Datos\AS_New_3주기\New_AS_075.wav,perfil_softmin_errores_f8,4.9937817534703715e-06,0.12160660425168308,0.02249414427242921,0.7200125543004597,0.13588170339367447
AS,New_AS_076.wav,C:\Users\armga\OneDrive\Escritorio\TFG\Programacion objetivo\Bases de Datos\AS_New_3주기\New_AS_076.wav,perfil_softmin_errores_f8,1.175682373225501e-05,0.17205426011042804,0.07414085100158332,0.6865396714616019,0.06725346060265458
AS,New_AS_077.wav,C:\Users\armga\OneDrive\Escritorio\TFG\Programacion objetivo\Bases de Datos\AS_New_3주기\New_AS_077.wav,perfil_softmin_errores_f8,1.1240166443214589e-07,0.3650822933580243,0.06000436385831216,0.27864509717979025,0.2962681332022088
AS,New_AS_078.wav,C:\Users\armga\OneDrive\Escritorio\TFG\Programacion objetivo\Bases de Datos\AS_New_3주기\New_AS_078.wav,perfil_softmin_errores_f8,1.2588191670325808e-07,0.35579591980454467,0.056161770708807256,0.2656069044912599,0.3224352791134715
AS,New_AS_079.wav,C:\Users\armga\OneDrive\Escritorio\TFG\Programacion objetivo\Bases de Datos\AS_New_3주기\New_AS_079.wav,perfil_softmin_errores_f8,9.425190532445055e-08,0.40886159185468723,0.060517614831942526,0.265464337964764,0.26515636109670093
AS,New_AS_080.wav,C:\Users\armga\OneDrive\Escritorio\TFG\Programacion objetivo\Bases de Datos\AS_New_3주기\New_AS_080.wav,perfil_softmin_errores_f8,8.362586937348727e-08,0.34327945584618536,0.052892463236999324,0.34980306657372845,0.2540249307172174
AS,New_AS_081.wav,C:\Users\armga\OneDrive\Escritorio\TFG\Programacion objetivo\Bases de Datos\AS_New_3주기\New_AS_081.wav,perfil_softmin_errores_f8,1.3707956612684498e-07,0.33334583131191686,0.054380920902639206,0.30176902595551885,0.31050408475035884
AS,New_AS_082.wav,C:\Users\armga\OneDrive\Escritorio\TFG\Programacion objetivo\Bases de Datos\AS_New_3주기\New_AS_082.wav,perfil_softmin_errores_f8,9.779576239533879e-08,0.3516839300649087,0.05727107320201243,0.2702872124461817,0.32075768649113473
AS,New_AS_083.wav,C:\Users\armga\OneDrive\Escritorio\TFG\Programacion objetivo\Bases de Datos\AS_New_3주기\New_AS_083.wav,perfil_softmin_errores_f8,2.898522974263751e-07,0.32533366571805844,0.061977442555550176,0.3487506667437816,0.2639379351303124
AS,New_AS_084.wav,C:\Users\armga\OneDrive\Escritorio\TFG\Programacion objetivo\Bases de Datos\AS_New_3주기\New_AS_084.wav,perfil_softmin_errores_f8,2.721334298607948e-07,0.35251715275784834,0.07476577797372247,0.2989449956017808,0.27377180153321856
AS,New_AS_085.wav,C:\Users\armga\OneDrive\Escritorio\TFG\Programacion objetivo\Bases de Datos\AS_New_3주기\New_AS_085.wav,perfil_softmin_errores_f8,1.4129720631320454e-07,0.3447759034163921,0.07866565533529817,0.2709226388459326,0.30563566110517093
AS,New_AS_086.wav,C:\Users\armga\OneDrive\Escritorio\TFG\Programacion objetivo\Bases de Datos\AS_New_3주기\New_AS_086.wav,perfil_softmin_errores_f8,1.5980581565648165e-07,0.3909332277768724,0.06909362573370524,0.24722977563767312,0.2927432110459336
AS,New_AS_087.wav,C:\Users\armga\OneDrive\Escritorio\TFG\Programacion objetivo\Bases de Datos\AS_New_3주기\New_AS_087.wav,perfil_softmin_errores_f8,5.497413159174805e-08,0.3253838401119739,0.05640513761725178,0.26966830729507796,0.3485426600015648
AS,New_AS_088.wav,C:\Users\armga\OneDrive\Escritorio\TFG\Programacion objetivo\Bases de Datos\AS_New_3주기\New_AS_088.wav,perfil_softmin_errores_f8,6.842995323498716e-08,0.3152926812468959,0.04967495353085985,0.28041334098502535,0.3546189558072656
AS,New_AS_089.wav,C:\Users\armga\OneDrive\Escritorio\TFG\Programacion objetivo\Bases de Datos\AS_New_3주기\New_AS_089.wav,perfil_softmin_errores_f8,4.129279384345323e-08,0.3289498510899764,0.036676968741638935,0.294111795536252,0.3402613433393388
AS,New_AS_090.wav,C:\Users\armga\OneDrive\Escritorio\TFG\Programacion objetivo\Bases de Datos\AS_New_3주기\New_AS_090.wav,perfil_softmin_errores_f8,1.4939524856264192e-07,0.3245937900129914,0.05170178407739717,0.30454940044344914,0.3191548760709138
AS,New_AS_091.wav,C:\Users\armga\OneDrive\Escritorio\TFG\Programacion objetivo\Bases de Datos\AS_New_3주기\New_AS_091.wav,perfil_softmin_errores_f8,1.968904972080126e-07,0.3167632739653222,0.06753211032068734,0.2975301258762908,0.3181742929472024
AS,New_AS_092.wav,C:\Users\armga\OneDrive\Escritorio\TFG\Programacion objetivo\Bases de Datos\AS_New_3주기\New_AS_092.wav,perfil_softmin_errores_f8,1.196569853483304e-07,0.318452570691787,0.06209630243154975,0.27987297628285224,0.33957803093682565
AS,New_AS_093.wav,C:\Users\armga\OneDrive\Escritorio\TFG\Programacion objetivo\Bases de Datos\AS_New_3주기\New_AS_093.wav,perfil_softmin_errores_f8,2.17775795179883e-07,0.32641051379041974,0.0583855887426819,0.28725485734102324,0.32794882235008
AS,New_AS_094.wav,C:\Users\armga\OneDrive\Escritorio\TFG\Programacion objetivo\Bases de Datos\AS_New_3주기\New_AS_094.wav,perfil_softmin_errores_f8,1.0358664048092871e-07,0.36806156445351457,0.058735620741785684,0.31700364622636207,0.2561990649916973
AS,New_AS_095.wav,C:\Users\armga\OneDrive\Escritorio\TFG\Programacion objetivo\Bases de Datos\AS_New_3주기\New_AS_095.wav,perfil_softmin_errores_f8,6.045165691313083e-07,0.3585685584226482,0.059689304900199844,0.30768136449564076,0.2740601676649421
AS,New_AS_096.wav,C:\Users\armga\OneDrive\Escritorio\TFG\Programacion objetivo\Bases de Datos\AS_New_3주기\New_AS_096.wav,perfil_softmin_errores_f8,3.319282287733975e-07,0.35366077145627217,0.06686990989914196,0.28490277618122917,0.2945662105351279
AS,New_AS_097.wav,C:\Users\armga\OneDrive\Escritorio\TFG\Programacion objetivo\Bases de Datos\AS_New_3주기\New_AS_097.wav,perfil_softmin_errores_f8,5.199396522204441e-08,0.37266642095579067,0.06159323373762486,0.25010760197775156,0.31563269133486765
AS,New_AS_098.wav,C:\Users\armga\OneDrive\Escritorio\TFG\Programacion objetivo\Bases de Datos\AS_New_3주기\New_AS_098.wav,perfil_softmin_errores_f8,8.907048296845932e-08,0.32495013863099276,0.06051094298545166,0.2846543760835248,0.3298844532295478
AS,New_AS_099.wav,C:\Users\armga\OneDrive\Escritorio\TFG\Programacion objetivo\Bases de Datos\AS_New_3주기\New_AS_099.wav,perfil_softmin_errores_f8,7.171370339759336e-08,0.3994276277094516,0.04618465191479821,0.3157083693766904,0.23867927928535632
AS,New_AS_100.wav,C:\Users\armga\OneDrive\Escritorio\TFG\Programacion objetivo\Bases de Datos\AS_New_3주기\New_AS_100.wav,perfil_softmin_errores_f8,2.1514429272504936e-07,0.37807880006315986,0.07903690095215501,0.28094363920010235,0.26194044464029
AS,New_AS_101.wav,C:\Users\armga\OneDrive\Escritorio\TFG\Programacion objetivo\Bases de Datos\AS_New_3주기\New_AS_101.wav,perfil_softmin_errores_f8,9.141547100893058e-08,0.3723992174683806,0.05942231098739382,0.29713676554269,0.2710416145860647
AS,New_AS_102.wav,C:\Users\armga\OneDrive\Escritorio\TFG\Programacion objetivo\Bases de Datos\AS_New_3주기\New_AS_102.wav,perfil_softmin_errores_f8,8.532521321820537e-08,0.39470182141922244,0.07711667376067541,0.2917263197238643,0.23645509977102475
AS,New_AS_103.wav,C:\Users\armga\OneDrive\Escritorio\TFG\Programacion objetivo\Bases de Datos\AS_New_3주기\New_AS_103.wav,perfil_softmin_errores_f8,2.0319454098809084e-07,0.3197608830147908,0.07523583429279615,0.31790120257175475,0.28710187692611727
AS,New_AS_104.wav,C:\Users\armga\OneDrive\Escritorio\TFG\Programacion objetivo\Bases de Datos\AS_New_3주기\New_AS_104.wav,perfil_softmin_errores_f8,4.863225849630509e-08,0.34489141571748927,0.05441096539219314,0.291055749541016,0.30964182071704294
AS,New_AS_105.wav,C:\Users\armga\OneDrive\Escritorio\TFG\Programacion objetivo\Bases de Datos\AS_New_3주기\New_AS_105.wav,perfil_softmin_errores_f8,1.5970132161842318e-07,0.3424615246790239,0.07185194495688918,0.30374689188534804,0.2819394787774172
AS,New_AS_106.wav,C:\Users\armga\OneDrive\Escritorio\TFG\Programacion objetivo\Bases de Datos\AS_New_3주기\New_AS_106.wav,perfil_softmin_errores_f8,2.4855197321196226e-07,0.34493710327824645,0.0828699312815988,0.25549534382273537,0.3166973730654462
AS,New_AS_107.wav,C:\Users\armga\OneDrive\Escritorio\TFG\Programacion objetivo\Bases de Datos\AS_New_3주기\New_AS_107.wav,perfil_softmin_errores_f8,8.330054287222227e-08,0.35410767065105353,0.06402722523806743,0.2717821929700614,0.31008282784027474
AS,New_AS_108.wav,C:\Users\armga\OneDrive\Escritorio\TFG\Programacion objetivo\Bases de Datos\AS_New_3주기\New_AS_108.wav,perfil_softmin_errores_f8,1.4405914568325942e-07,0.33925878051026837,0.07931606553554937,0.2911240946261634,0.2903009152688732
AS,New_AS_109.wav,C:\Users\armga\OneDrive\Escritorio\TFG\Programacion objetivo\Bases de Datos\AS_New_3주기\New_AS_109.wav,perfil_softmin_errores_f8,1.1492222342851052e-07,0.3276905895339783,0.05834332391150962,0.3069460531256868,0.30701991850660193
AS,New_AS_110.wav,C:\Users\armga\OneDrive\Escritorio\TFG\Programacion objetivo\Bases de Datos\AS_New_3주기\New_AS_110.wav,perfil_softmin_errores_f8,1.1795355886084323e-07,0.31356666487493684,0.06371015335472842,0.308546720062882,0.3141763437538939
AS,New_AS_111.wav,C:\Users\armga\OneDrive\Escritorio\TFG\Programacion objetivo\Bases de Datos\AS_New_3주기\New_AS_111.wav,perfil_softmin_errores_f8,2.5772596792666322e-08,0.16097638318936405,0.039460515640782755,0.12461970737983752,0.6749433680174188
AS,New_AS_112.wav,C:\Users\armga\OneDrive\Escritorio\TFG\Programacion objetivo\Bases de Datos\AS_New_3주기\New_AS_112.wav,perfil_softmin_errores_f8,5.696228585686458e-09,0.1613548727279614,0.027623817323571255,0.09607992008677926,0.7149413841654594
AS,New_AS_113.wav,C:\Users\armga\OneDrive\Escritorio\TFG\Programacion objetivo\Bases de Datos\AS_New_3주기\New_AS_113.wav,perfil_softmin_errores_f8,3.5823358850708605e-08,0.16899695926709937,0.026904942410558057,0.09547998903714427,0.7086180734618395
AS,New_AS_114.wav,C:\Users\armga\OneDrive\Escritorio\TFG\Programacion objetivo\Bases de Datos\AS_New_3주기\New_AS_114.wav,perfil_softmin_errores_f8,1.3376203830661879e-08,0.13383238537888176,0.01589943375273928,0.1038253609214271,0.7464428065707481
AS,New_AS_115.wav,C:\Users\armga\OneDrive\Escritorio\TFG\Programacion objetivo\Bases de Datos\AS_New_3주기\New_AS_115.wav,perfil_softmin_errores_f8,1.025873504992024e-07,0.3623707353890979,0.06739628461232124,0.27747083708934145,0.292762040321889
AS,New_AS_116.wav,C:\Users\armga\OneDrive\Escritorio\TFG\Programacion objetivo\Bases de Datos\AS_New_3주기\New_AS_116.wav,perfil_softmin_errores_f8,2.202031867458928e-07,0.3258479121682487,0.0848806756594486,0.2766688200667419,0.312602371902374
AS,New_AS_117.wav,C:\Users\armga\OneDrive\Escritorio\TFG\Programacion objetivo\Bases de Datos\AS_New_3주기\New_AS_117.wav,perfil_softmin_errores_f8,1.0491249582375282e-07,0.31109655554319193,0.0521517563084955,0.28285525128060957,0.3538963319552072
AS,New_AS_118.wav,C:\Users\armga\OneDrive\Escritorio\TFG\Programacion objetivo\Bases de Datos\AS_New_3주기\New_AS_118.wav,perfil_softmin_errores_f8,3.7466006475755684e-08,0.3593841304455993,0.06409918586179722,0.288050067173124,0.2884665790534731
AS,New_AS_119.wav,C:\Users\armga\OneDrive\Escritorio\TFG\Programacion objetivo\Bases de Datos\AS_New_3주기\New_AS_119.wav,perfil_softmin_errores_f8,1.9943594385916033e-07,0.33521816686626343,0.0730477836789662,0.26391420803565746,0.3278196419831691
AS,New_AS_120.wav,C:\Users\armga\OneDrive\Escritorio\TFG\Programacion objetivo\Bases de Datos\AS_New_3주기\New_AS_120.wav,perfil_softmin_errores_f8,2.369821175883891e-07,0.3034016713885762,0.06877243209840851,0.32434781396644086,0.3034778455644567
AS,New_AS_121.wav,C:\Users\armga\OneDrive\Escritorio\TFG\Programacion objetivo\Bases de Datos\AS_New_3주기\New_AS_121.wav,perfil_softmin_errores_f8,1.50702331185839e-07,0.3505043602220055,0.07087466601964065,0.27150506187563317,0.30711576118038947
AS,New_AS_122.wav,C:\Users\armga\OneDrive\Escritorio\TFG\Programacion objetivo\Bases de Datos\AS_New_3주기\New_AS_122.wav,perfil_softmin_errores_f8,1.1628902303226666e-07,0.4336046008016071,0.07111336275455009,0.2654491177070188,0.22983280244780105
AS,New_AS_123.wav,C:\Users\armga\OneDrive\Escritorio\TFG\Programacion objetivo\Bases de Datos\AS_New_3주기\New_AS_123.wav,perfil_softmin_errores_f8,1.2843476703745506e-07,0.37097852074095916,0.09043010832275318,0.26623172934739486,0.27235951315412577
AS,New_AS_124.wav,C:\Users\armga\OneDrive\Escritorio\TFG\Programacion objetivo\Bases de Datos\AS_New_3주기\New_AS_124.wav,perfil_softmin_errores_f8,1.1331694731200277e-07,0.3386509499103695,0.0639343199918247,0.23826412164322036,0.35915049513763814
AS,New_AS_125.wav,C:\Users\armga\OneDrive\Escritorio\TFG\Programacion objetivo\Bases de Datos\AS_New_3주기\New_AS_125.wav,perfil_softmin_errores_f8,1.055026648295901e-07,0.30341409764795657,0.07068282901227248,0.2694534033685208,0.3564495644685853
AS,New_AS_126.wav,C:\Users\armga\OneDrive\Escritorio\TFG\Programacion objetivo\Bases de Datos\AS_New_3주기\New_AS_126.wav,perfil_softmin_errores_f8,4.0991087155703096e-08,0.37705900998782327,0.0642489567831766,0.2805424299637813,0.27814956227413157
AS,New_AS_127.wav,C:\Users\armga\OneDrive\Escritorio\TFG\Programacion objetivo\Bases de Datos\AS_New_3주기\New_AS_127.wav,perfil_softmin_errores_f8,9.944216767333722e-08,0.4097691371670346,0.059435437223280596,0.3271783054226764,0.20361702074484073
AS,New_AS_128.wav,C:\Users\armga\OneDrive\Escritorio\TFG\Programacion objetivo\Bases de Datos\AS_New_3주기\New_AS_128.wav,perfil_softmin_errores_f8,1.0226600872789252e-07,0.3348155060502389,0.06540415538457185,0.284893340762079,0.3148868955371014
AS,New_AS_129.wav,C:\Users\armga\OneDrive\Escritorio\TFG\Programacion objetivo\Bases de Datos\AS_New_3주기\New_AS_129.wav,perfil_softmin_errores_f8,1.0516487956925294e-06,0.6678873891681938,0.29919751401988093,0.0006686909955345848,0.03224535416759503
AS,New_AS_130.wav,C:\Users\armga\OneDrive\Escritorio\TFG\Programacion objetivo\Bases de Datos\AS_New_3주기\New_AS_130.wav,perfil_softmin_errores_f8,6.672905412901263e-07,0.6582442359721503,0.31231637721936256,0.00044419225076767035,0.028994527267178216
AS,New_AS_131.wav,C:\Users\armga\OneDrive\Escritorio\TFG\Programacion objetivo\Bases de Datos\AS_New_3주기\New_AS_131.wav,perfil_softmin_errores_f8,2.410456649712482e-07,0.3224033747482662,0.013626200989277002,0.5521017081469958,0.11186847506979594
AS,New_AS_132.wav,C:\Users\armga\OneDrive\Escritorio\TFG\Programacion objetivo\Bases de Datos\AS_New_3주기\New_AS_132.wav,perfil_softmin_errores_f8,0.0008863437782339446,0.3687357291169084,0.012267123915265105,0.38054797436430293,0.23756282882528967
AS,New_AS_133.wav,C:\Users\armga\OneDrive\Escritorio\TFG\Programacion objetivo\Bases de Datos\AS_New_3주기\New_AS_133.wav,perfil_softmin_errores_f8,2.3721532069614627e-06,0.8332027411935189,0.1662501757430652,4.328280882570905e-05,0.0005014281013833502
AS,New_AS_134.wav,C:\Users\armga\OneDrive\Escritorio\TFG\Programacion objetivo\Bases de Datos\AS_New_3주기\New_AS_134.wav,perfil_softmin_errores_f8,6.562577070296361e-08,0.42453794119003424,0.06814420419431841,0.2891155169424107,0.21820227204746587
AS,New_AS_135.wav,C:\Users\armga\OneDrive\Escritorio\TFG\Programacion objetivo\Bases de Datos\AS_New_3주기\New_AS_135.wav,perfil_softmin_errores_f8,2.3814527453521654e-06,0.8342563265231497,0.16526024453099114,3.425879727529816e-05,0.00044678869583849364
AS,New_AS_136.wav,C:\Users\armga\OneDrive\Escritorio\TFG\Programacion objetivo\Bases de Datos\AS_New_3주기\New_AS_136.wav,perfil_softmin_errores_f8,1.9892089390234652e-06,0.6584583988274411,0.3084476035747223,0.0006884848869977702,0.03240352350189987
AS,New_AS_137.wav,C:\Users\armga\OneDrive\Escritorio\TFG\Programacion objetivo\Bases de Datos\AS_New_3주기\New_AS_137.wav,perfil_softmin_errores_f8,5.762136228405768e-07,0.7677772627676123,0.22006944648543278,0.00023021039486711557,0.01192250413846513
AS,New_AS_138.wav,C:\Users\armga\OneDrive\Escritorio\TFG\Programacion objetivo\Bases de Datos\AS_New_3주기\New_AS_138.wav,perfil_softmin_errores_f8,7.051987976673385e-07,0.7148789613495989,0.26354538639847214,0.00047028390731589846,0.021104663145815203
AS,New_AS_139.wav,C:\Users\armga\OneDrive\Escritorio\TFG\Programacion objetivo\Bases de Datos\AS_New_3주기\New_AS_139.wav,perfil_softmin_errores_f8,7.306116942206362e-07,0.6888534831142354,0.29773996159810273,0.00019991691003612818,0.013205907765931528
AS,New_AS_140.wav,C:\Users\armga\OneDrive\Escritorio\TFG\Programacion objetivo\Bases de Datos\AS_New_3주기\New_AS_140.wav,perfil_softmin_errores_f8,3.322809854584535e-08,0.32715524012984226,0.027136242829230876,0.4208664630434113,0.2248420207694171
AS,New_AS_141.wav,C:\Users\armga\OneDrive\Escritorio\TFG\Programacion objetivo\Bases de Datos\AS_New_3주기\New_AS_141.wav,perfil_softmin_errores_f8,5.31236465616944e-09,0.3441094749170975,0.016647232013076215,0.45519717833395956,0.1840461094235019
AS,New_AS_142.wav,C:\Users\armga\OneDrive\Escritorio\TFG\Programacion objetivo\Bases de Datos\AS_New_3주기\New_AS_142.wav,perfil_softmin_errores_f8,5.187141011120758e-09,0.469270566066607,0.018304847545089264,0.3353337236066719,0.17709085759449075
AS,New_AS_143.wav,C:\Users\armga\OneDrive\Escritorio\TFG\Programacion objetivo\Bases de Datos\AS_New_3주기\New_AS_143.wav,perfil_softmin_errores_f8,2.6980065927477196e-09,0.47436105064837497,0.024104590638466275,0.2728506138170756,0.22868374219807652
AS,New_AS_144.wav,C:\Users\armga\OneDrive\Escritorio\TFG\Programacion objetivo\Bases de Datos\AS_New_3주기\New_AS_144.wav,perfil_softmin_errores_f8,1.0705090453157958e-08,0.5986341093398141,0.11820561682128608,0.0788410050278582,0.20431925810595122
AS,New_AS_145.wav,C:\Users\armga\OneDrive\Escritorio\TFG\Programacion objetivo\Bases de Datos\AS_New_3주기\New_AS_145.wav,perfil_softmin_errores_f8,5.730514824043219e-08,0.6163125058143791,0.09062609127693858,0.09506497471752297,0.19799637088601116
AS,New_AS_146.wav,C:\Users\armga\OneDrive\Escritorio\TFG\Programacion objetivo\Bases de Datos\AS_New_3주기\New_AS_146.wav,perfil_softmin_errores_f8,1.0173787890524948e-08,0.6240418478005049,0.08991549096439641,0.05599755303429826,0.23004509802701237
AS,New_AS_147.wav,C:\Users\armga\OneDrive\Escritorio\TFG\Programacion objetivo\Bases de Datos\AS_New_3주기\New_AS_147.wav,perfil_softmin_errores_f8,2.8901943995773585e-08,0.6332256710768459,0.09235358283099153,0.08221203363152639,0.19220868355869208
AS,New_AS_148.wav,C:\Users\armga\OneDrive\Escritorio\TFG\Programacion objetivo\Bases de Datos\AS_New_3주기\New_AS_148.wav,perfil_softmin_errores_f8,4.316678939680015e-08,0.4851933966890609,0.10989755506271243,0.08255191622074635,0.32235708886069087
AS,New_AS_149.wav,C:\Users\armga\OneDrive\Escritorio\TFG\Programacion objetivo\Bases de Datos\AS_New_3주기\New_AS_149.wav,perfil_softmin_errores_f8,9.79099265949571e-08,0.6012366119543844,0.10669987864564875,0.10036137885190458,0.1917020326381358
AS,New_AS_150.wav,C:\Users\armga\OneDrive\Escritorio\TFG\Programacion objetivo\Bases de Datos\AS_New_3주기\New_AS_150.wav,perfil_softmin_errores_f8,6.562128718543608e-09,0.6159218011571136,0.10215522419767682,0.06462391851464018,0.21729904956844084
AS,New_AS_151.wav,C:\Users\armga\OneDrive\Escritorio\TFG\Programacion objetivo\Bases de Datos\AS_New_3주기\New_AS_151.wav,perfil_softmin_errores_f8,1.4538875973296906e-07,0.5863839221650571,0.09425184012153648,0.0851449852171788,0.23421910710746788
AS,New_AS_152.wav,C:\Users\armga\OneDrive\Escritorio\TFG\Programacion objetivo\Bases de Datos\AS_New_3주기\New_AS_152.wav,perfil_softmin_errores_f8,2.1054244357641266e-06,0.616656566219839,0.23348473255606683,0.015394760956408855,0.1344618348432497
AS,New_AS_153.wav,C:\Users\armga\OneDrive\Escritorio\TFG\Programacion objetivo\Bases de Datos\AS_New_3주기\New_AS_153.wav,perfil_softmin_errores_f8,1.1972075126806289e-07,0.66172581255298,0.18674173926573073,0.010896421496062061,0.14063590696447595
AS,New_AS_154.wav,C:\Users\armga\OneDrive\Escritorio\TFG\Programacion objetivo\Bases de Datos\AS_New_3주기\New_AS_154.wav,perfil_softmin_errores_f8,1.2032499309437449e-06,0.5665492541017142,0.23735622134074366,0.01637470754746264,0.17971861376014847
AS,New_AS_155.wav,C:\Users\armga\OneDrive\Escritorio\TFG\Programacion objetivo\Bases de Datos\AS_New_3주기\New_AS_155.wav,perfil_softmin_errores_f8,1.1583357905968802e-06,0.5971004464804002,0.20609429173008065,0.017077035094700512,0.179727068359028
AS,New_AS_156.wav,C:\Users\armga\OneDrive\Escritorio\TFG\Programacion objetivo\Bases de Datos\AS_New_3주기\New_AS_156.wav,perfil_softmin_errores_f8,1.4428122383452046e-06,0.6798178063305191,0.28830464215967455,0.0006238980019626107,0.031252210695605256
AS,New_AS_157.wav,C:\Users\armga\OneDrive\Escritorio\TFG\Programacion objetivo\Bases de Datos\AS_New_3주기\New_AS_157.wav,perfil_softmin_errores_f8,4.4451527465014387e-07,0.7565245295634895,0.23290214860782116,0.00021031626451535078,0.010362561048899228
AS,New_AS_158.wav,C:\Users\armga\OneDrive\Escritorio\TFG\Programacion objetivo\Bases de Datos\AS_New_3주기\New_AS_158.wav,perfil_softmin_errores_f8,3.3495170864005935e-07,0.7627083316901948,0.21954496896948106,0.00034638574657059457,0.017399978642044924
AS,New_AS_159.wav,C:\Users\armga\OneDrive\Escritorio\TFG\Programacion objetivo\Bases de Datos\AS_New_3주기\New_AS_159.wav,perfil_softmin_errores_f8,6.961961683466829e-07,0.6806619764365476,0.30370847445493526,0.0002109759874148619,0.015417876924934114
AS,New_AS_160.wav,C:\Users\armga\OneDrive\Escritorio\TFG\Programacion objetivo\Bases de Datos\AS_New_3주기\New_AS_160.wav,perfil_softmin_errores_f8,5.262386879685038e-07,0.7094225883156381,0.2625873613515185,0.0003836627615266341,0.027605861332628854
