clase,archivo,ruta,variante_deep_onmf,F_001,F_002,F_003,F_004,F_005
AS,New_AS_001.wav,C:\Users\armga\OneDrive\Escritorio\TFG\Programacion objetivo\Bases de Datos\AS_New_3주기\New_AS_001.wav,perfil_softmin_errores_f4,0.00042949809599507566,0.29271807338757494,0.18839164770792088,0.2973147012686675,0.22114607953984164
AS,New_AS_002.wav,C:\Users\armga\OneDrive\Escritorio\TFG\Programacion objetivo\Bases de Datos\AS_New_3주기\New_AS_002.wav,perfil_softmin_errores_f4,0.0003148987247743279,0.32977254615718204,0.16767639545773366,0.27509051070152607,0.22714564895878397
AS,New_AS_003.wav,C:\Users\armga\OneDrive\Escritorio\TFG\Programacion objetivo\Bases de Datos\AS_New_3주기\New_AS_003.wav,perfil_softmin_errores_f4,0.0001410974765158919,0.3306625940459868,0.1670491742998199,0.25774376227809564,0.2444033718995819
AS,New_AS_004.wav,C:\Users\armga\OneDrive\Escritorio\TFG\Programacion objetivo\Bases de Datos\AS_New_3주기\New_AS_004.wav,perfil_softmin_errores_f4,0.00018812732016342134,0.32750549327742595,0.1666957388966028,0.2532605696498093,0.25235007085599837
AS,New_AS_005.wav,C:\Users\armga\OneDrive\Escritorio\TFG\Programacion objetivo\Bases de Datos\AS_New_3주기\New_AS_005.wav,perfil_softmin_errores_f4,0.0002809815318029779,0.30338730392461066,0.15853703488923981,0.3125911956502648,0.22520348400408186
AS,New_AS_006.wav,C:\Users\armga\OneDrive\Escritorio\TFG\Programacion objetivo\Bases de Datos\AS_New_3주기\New_AS_006.wav,perfil_softmin_errores_f4,0.00017140636956651046,0.32870994981254253,0.17631162551434254,0.2713814294389384,0.22342558886461014
AS,New_AS_007.wav,C:\Users\armga\OneDrive\Escritorio\TFG\Programacion objetivo\Bases de Datos\AS_New_3주기\New_AS_007.wav,perfil_softmin_errores_f4,0.0002953929200122404,0.30536322771941526,0.17034133874865381,0.28817264257356945,0.23582739803834935
AS,New_AS_008.wav,C:\Users\armga\OneDrive\Escritorio\TFG\Programacion objetivo\Bases de Datos\AS_New_3주기\New_AS_008.wav,perfil_softmin_errores_f4,0.00018145165256723694,0.31667402567234143,0.1672589529081427,0.29906352289557203,0.21682204687137666
AS,New_AS_009.wav,C:\Users\armga\OneDrive\Escritorio\TFG\Programacion objetivo\Bases de Datos\AS_New_3주기\New_AS_009.wav,perfil_softmin_errores_f4,0.0002153586558458214,0.3362056500665618,0.17364849252881176,0.27167616237101255,0.21825433637776814
AS,New_AS_010.wav,C:\Users\armga\OneDrive\Escritorio\TFG\Programacion objetivo\Bases de Datos\AS_New_3주기\New_AS_010.wav,perfil_softmin_errores_f4,0.00024272416890814348,0.2972474744569665,0.17306315197990588,0.30242264481112746,0.22702400458309213
AS,New_AS_011.wav,C:\Users\armga\OneDrive\Escritorio\TFG\Programacion objetivo\Bases de Datos\AS_New_3주기\New_AS_011.wav,perfil_softmin_errores_f4,0.0001678658247953807,0.3355434898051313,0.16996631377910262,0.27809668019359524,0.21622565039737543
AS,New_AS_012.wav,C:\Users\armga\OneDrive\Escritorio\TFG\Programacion objetivo\Bases de Datos\AS_New_3주기\New_AS_012.wav,perfil_softmin_errores_f4,0.000223883137239017,0.30280355332990516,0.17903400348811752,0.30594830550394614,0.21199025454079212
AS,New_AS_013.wav,C:\Users\armga\OneDrive\Escritorio\TFG\Programacion objetivo\Bases de Datos\AS_New_3주기\New_AS_013.wav,perfil_softmin_errores_f4,0.0002232332823814998,0.3257862519949195,0.16019252700923398,0.2788270261446426,0.2349709615688226
AS,New_AS_014.wav,C:\Users\armga\OneDrive\Escritorio\TFG\Programacion objetivo\Bases de Datos\AS_New_3주기\New_AS_014.wav,perfil_softmin_errores_f4,0.00017714621680986,0.32772548149883324,0.15398939402125184,0.2786376752291727,0.23947030303393238
AS,New_AS_015.wav,C:\Users\armga\OneDrive\Escritorio\TFG\Programacion objetivo\Bases de Datos\AS_New_3주기\New_AS_015.wav,perfil_softmin_errores_f4,0.00040251818237018193,0.3129429912911913,0.17391453247877564,0.26858426669834906,0.2441556913493138
AS,New_AS_016.wav,C:\Users\armga\OneDrive\Escritorio\TFG\Programacion objetivo\Bases de Datos\AS_New_3주기\New_AS_016.wav,perfil_softmin_errores_f4,0.00018478414088472233,0.3324962595073174,0.16064491381447066,0.2832864471460733,0.22338759539125397
AS,New_AS_017.wav,C:\Users\armga\OneDrive\Escritorio\TFG\Programacion objetivo\Bases de Datos\AS_New_3주기\New_AS_017.wav,perfil_softmin_errores_f4,0.0003472134965427002,0.3015423257692959,0.1624170354891677,0.3201115059731782,0.21558191927181547
AS,New_AS_018.wav,C:\Users\armga\OneDrive\Escritorio\TFG\Programacion objetivo\Bases de Datos\AS_New_3주기\New_AS_018.wav,perfil_softmin_errores_f4,0.00031579153649766183,0.31199294412622935,0.18152747807413214,0.2929584579962967,0.21320532826684405
AS,New_AS_019.wav,C:\Users\armga\OneDrive\Escritorio\TFG\Programacion objetivo\Bases de Datos\AS_New_3주기\New_AS_019.wav,perfil_softmin_errores_f4,0.00021064727792480663,0.300291515941361,0.1892345732145895,0.2953769404731739,0.21488632309295064
AS,New_AS_020.wav,C:\Users\armga\OneDrive\Escritorio\TFG\Programacion objetivo\Bases de Datos\AS_New_3주기\New_AS_020.wav,perfil_softmin_errores_f4,0.0002566905602507736,0.31435282967394657,0.17060061446475736,0.28427450970039847,0.23051535560064693
AS,New_AS_021.wav,C:\Users\armga\OneDrive\Escritorio\TFG\Programacion objetivo\Bases de Datos\AS_New_3주기\New_AS_021.wav,perfil_softmin_errores_f4,0.0002525479069235752,0.3107490255552918,0.17985125837945432,0.29702482196469987,0.21212234619363035
AS,New_AS_022.wav,C:\Users\armga\OneDrive\Escritorio\TFG\Programacion objetivo\Bases de Datos\AS_New_3주기\New_AS_022.wav,perfil_softmin_errores_f4,0.0001695146324188,0.32189241027381404,0.17095365354577144,0.2765557379342357,0.23042868361376015
AS,New_AS_023.wav,C:\Users\armga\OneDrive\Escritorio\TFG\Programacion objetivo\Bases de Datos\AS_New_3주기\New_AS_023.wav,perfil_softmin_errores_f4,0.00027812850761849763,0.31953280603242834,0.1879678055817454,0.2683595173519217,0.22386174252628613
AS,New_AS_024.wav,C:\Users\armga\OneDrive\Escritorio\TFG\Programacion objetivo\Bases de Datos\AS_New_3주기\New_AS_024.wav,perfil_softmin_errores_f4,0.00019179211361253573,0.3099563816185484,0.17178648817952805,0.29378430984305687,0.22428102824525414
AS,New_AS_025.wav,C:\Users\armga\OneDrive\Escritorio\TFG\Programacion objetivo\Bases de Datos\AS_New_3주기\New_AS_025.wav,perfil_softmin_errores_f4,0.0002266465223088297,0.3171203724932192,0.16565412802670143,0.28149208620487376,0.23550676675289678
AS,New_AS_026.wav,C:\Users\armga\OneDrive\Escritorio\TFG\Programacion objetivo\Bases de Datos\AS_New_3주기\New_AS_026.wav,perfil_softmin_errores_f4,0.00018976793715464637,0.2829111880747512,0.13408868309399427,0.37413526614549325,0.20867509474860674
AS,New_AS_027.wav,C:\Users\armga\OneDrive\Escritorio\TFG\Programacion objetivo\Bases de Datos\AS_New_3주기\New_AS_027.wav,perfil_softmin_errores_f4,0.00019367886429154184,0.2994122110677906,0.16338706409351156,0.3033545363990234,0.23365250957538294
AS,New_AS_028.wav,C:\Users\armga\OneDrive\Escritorio\TFG\Programacion objetivo\Bases de Datos\AS_New_3주기\New_AS_028.wav,perfil_softmin_errores_f4,0.0003182173675840548,0.30214092464699416,0.16769656422887674,0.30406524912604405,0.22577904463050105
AS,New_AS_029.wav,C:\Users\armga\OneDrive\Escritorio\TFG\Programacion objetivo\Bases de Datos\AS_New_3주기\New_AS_029.wav,perfil_softmin_errores_f4,0.0002740602120845721,0.29813657936997695,0.15465279879907834,0.32240696826954846,0.22452959334931166
AS,New_AS_030.wav,C:\Users\armga\OneDrive\Escritorio\TFG\Programacion objetivo\Bases de Datos\AS_New_3주기\New_AS_030.wav,perfil_softmin_errores_f4,0.00021779763691726775,0.3056103697163588,0.1620368479613271,0.29518594222281286,0.23694904246258394
AS,New_AS_031.wav,C:\Users\armga\OneDrive\Escritorio\TFG\Programacion objetivo\Bases de Datos\AS_New_3주기\New_AS_031.wav,perfil_softmin_errores_f4,0.00025297215977377246,0.29567159914483904,0.15832157607946623,0.3485561424589175,0.1971977101570034
AS,New_AS_032.wav,C:\Users\armga\OneDrive\Escritorio\TFG\Programacion objetivo\Bases de Datos\AS_New_3주기\New_AS_032.wav,perfil_softmin_errores_f4,0.00013917870285008963,0.3006061924658902,0.14457903435158123,0.33377487953487944,0.2209007149447991
AS,New_AS_033.wav,C:\Users\armga\OneDrive\Escritorio\TFG\Programacion objetivo\Bases de Datos\AS_New_3주기\New_AS_033.wav,perfil_softmin_errores_f4,0.0003282657812144648,0.30129524844271793,0.188654271451926,0.283450173352378,0.22627204097176357
AS,New_AS_034.wav,C:\Users\armga\OneDrive\Escritorio\TFG\Programacion objetivo\Bases de Datos\AS_New_3주기\New_AS_034.wav,perfil_softmin_errores_f4,0.00022889518675143415,0.3037043899628208,0.16806663718758347,0.29171827286862767,0.23628180479421665
AS,New_AS_035.wav,C:\Users\armga\OneDrive\Escritorio\TFG\Programacion objetivo\Bases de Datos\AS_New_3주기\New_AS_035.wav,perfil_softmin_errores_f4,0.0002962029150882983,0.3108771138613042,0.16249622685910559,0.27787806963702233,0.24845238672747963
AS,New_AS_036.wav,C:\Users\armga\OneDrive\Escritorio\TFG\Programacion objetivo\Bases de Datos\AS_New_3주기\New_AS_036.wav,perfil_softmin_errores_f4,0.00028383729975364546,0.29035263261278205,0.15375713761876075,0.3095774551237692,0.2460289373449345
AS,New_AS_037.wav,C:\Users\armga\OneDrive\Escritorio\TFG\Programacion objetivo\Bases de Datos\AS_New_3주기\New_AS_037.wav,perfil_softmin_errores_f4,0.00014083078912913903,0.31248892045334203,0.1409864754987896,0.34205087664374856,0.20433289661499063
AS,New_AS_038.wav,C:\Users\armga\OneDrive\Escritorio\TFG\Programacion objetivo\Bases de Datos\AS_New_3주기\New_AS_038.wav,perfil_softmin_errores_f4,0.0002815821270449314,0.28485779929411714,0.1624944113310224,0.3204700728306161,0.23189613441719953
AS,New_AS_039.wav,C:\Users\armga\OneDrive\Escritorio\TFG\Programacion objetivo\Bases de Datos\AS_New_3주기\New_AS_039.wav,perfil_softmin_errores_f4,0.0002668594097044812,0.3127568743010504,0.15117122502888705,0.2911257991753676,0.24467924208499053
AS,New_AS_040.wav,C:\Users\armga\OneDrive\Escritorio\TFG\Programacion objetivo\Bases de Datos\AS_New_3주기\New_AS_040.wav,perfil_softmin_errores_f4,0.00017055541456962613,0.3075361825905859,0.15167121222260393,0.2825063459258861,0.2581157038463544
AS,New_AS_041.wav,C:\Users\armga\OneDrive\Escritorio\TFG\Programacion objetivo\Bases de Datos\AS_New_3주기\New_AS_041.wav,perfil_softmin_errores_f4,0.0002116599851692386,0.3057045958038055,0.16597390554493935,0.3137694001303558,0.21434043853573
AS,New_AS_042.wav,C:\Users\armga\OneDrive\Escritorio\TFG\Programacion objetivo\Bases de Datos\AS_New_3주기\New_AS_042.wav,perfil_softmin_errores_f4,0.00028639874814303845,0.28740042379438735,0.15713339549544708,0.32651379220191673,0.2286659897601059
AS,New_AS_043.wav,C:\Users\armga\OneDrive\Escritorio\TFG\Programacion objetivo\Bases de Datos\AS_New_3주기\New_AS_043.wav,perfil_softmin_errores_f4,0.0002108452203067558,0.3062784889368628,0.13861295814553093,0.33754786401792686,0.21734984367937277
AS,New_AS_044.wav,C:\Users\armga\OneDrive\Escritorio\TFG\Programacion objetivo\Bases de Datos\AS_New_3주기\New_AS_044.wav,perfil_softmin_errores_f4,0.0002659057906498237,0.29614943761302814,0.15734007563953897,0.3117095995377027,0.23453498141908033
AS,New_AS_045.wav,C:\Users\armga\OneDrive\Escritorio\TFG\Programacion objetivo\Bases de Datos\AS_New_3주기\New_AS_045.wav,perfil_softmin_errores_f4,0.00016639928517171523,0.30296992010799323,0.14546499246682715,0.34150893132015386,0.20988975681985408
AS,New_AS_046.wav,C:\Users\armga\OneDrive\Escritorio\TFG\Programacion objetivo\Bases de Datos\AS_New_3주기\New_AS_046.wav,perfil_softmin_errores_f4,0.00032281322448035805,0.2924152287411426,0.16615156933629516,0.2947996801945891,0.2463107085034928
AS,New_AS_047.wav,C:\Users\armga\OneDrive\Escritorio\TFG\Programacion objetivo\Bases de Datos\AS_New_3주기\New_AS_047.wav,perfil_softmin_errores_f4,0.0002069661484472888,0.3068957008676147,0.1439432928485605,0.31896914235402457,0.2299848977813531
AS,New_AS_048.wav,C:\Users\armga\OneDrive\Escritorio\TFG\Programacion objetivo\Bases de Datos\AS_New_3주기\New_AS_048.wav,perfil_softmin_errores_f4,0.00014751975954993056,0.3108110905896618,0.14518861295339183,0.3317326273832494,0.21212014931414713
AS,New_AS_049.wav,C:\Users\armga\OneDrive\Escritorio\TFG\Programacion objetivo\Bases de Datos\AS_New_3주기\New_AS_049.wav,perfil_softmin_errores_f4,0.00048534631341056806,0.11590836610038019,0.1593603204797175,0.5424883904996779,0.1817575766068138
AS,New_AS_050.wav,C:\Users\armga\OneDrive\Escritorio\TFG\Programacion objetivo\Bases de Datos\AS_New_3주기\New_AS_050.wav,perfil_softmin_errores_f4,0.001430356673059689,0.053151075560387756,0.27508304340220613,0.5320171473614672,0.13831837700287916
AS,New_AS_051.wav,C:\Users\armga\OneDrive\Escritorio\TFG\Programacion objetivo\Bases de Datos\AS_New_3주기\New_AS_051.wav,perfil_softmin_errores_f4,0.013228851837418072,0.17349652934769932,0.2941106999484408,0.3425668357437287,0.176597083122713
AS,New_AS_052.wav,C:\Users\armga\OneDrive\Escritorio\TFG\Programacion objetivo\Bases de Datos\AS_New_3주기\New_AS_052.wav,perfil_softmin_errores_f4,0.01153165705226338,0.13258168901468165,0.2983145711142824,0.3739911045029815,0.18358097831579104
AS,New_AS_053.wav,C:\Users\armga\OneDrive\Escritorio\TFG\Programacion objetivo\Bases de Datos\AS_New_3주기\New_AS_053.wav,perfil_softmin_errores_f4,0.0017549388243686863,0.039825914555139064,0.2980300325324668,0.5326976724090282,0.1276914416789972
AS,New_AS_054.wav,C:\Users\armga\OneDrive\Escritorio\TFG\Programacion objetivo\Bases de Datos\AS_New_3주기\New_AS_054.wav,perfil_softmin_errores_f4,0.002763868667678224,0.1627282398103665,0.23055388394613102,0.4450871037852168,0.15886690379060744
AS,New_AS_055.wav,C:\Users\armga\OneDrive\Escritorio\TFG\Programacion objetivo\Bases de Datos\AS_New_3주기\New_AS_055.wav,perfil_softmin_errores_f4,0.009993404935355369,0.14558785709798155,0.2700753627482041,0.3786286797687862,0.19571469544967277
AS,New_AS_056.wav,C:\Users\armga\OneDrive\Escritorio\TFG\Programacion objetivo\Bases de Datos\AS_New_3주기\New_AS_056.wav,perfil_softmin_errores_f4,0.005245993571684684,0.080309588369404,0.33459961919918924,0.420108546338719,0.1597362525210031
AS,New_AS_057.wav,C:\Users\armga\OneDrive\Escritorio\TFG\Programacion objetivo\Bases de Datos\AS_New_3주기\New_AS_057.wav,perfil_softmin_errores_f4,0.003603568216948414,0.16512403179610763,0.25646803650021244,0.4115734643036332,0.1632308991830982
AS,New_AS_058.wav,C:\Users\armga\OneDrive\Escritorio\TFG\Programacion objetivo\Bases de Datos\AS_New_3주기\New_AS_058.wav,perfil_softmin_errores_f4,0.004504221468507967,0.17528987548842714,0.2780485646793166,0.38878287615636103,0.1533744622073874
AS,New_AS_059.wav,C:\Users\armga\OneDrive\Escritorio\TFG\Programacion objetivo\Bases de Datos\AS_New_3주기\New_AS_059.wav,perfil_softmin_errores_f4,0.0058784637174028815,0.07040790444840703,0.34368332164403037,0.4283062620342468,0.151724048155913
AS,New_AS_060.wav,C:\Users\armga\OneDrive\Escritorio\TFG\Programacion objetivo\Bases de Datos\AS_New_3주기\New_AS_060.wav,perfil_softmin_errores_f4,0.017489780637005733,0.15217161891852768,0.2873253907311604,0.35870934122465653,0.1843038684886496
AS,New_AS_061.wav,C:\Users\armga\OneDrive\Escritorio\TFG\Programacion objetivo\Bases de Datos\AS_New_3주기\New_AS_061.wav,perfil_softmin_errores_f4,0.001173590771554182,0.12951624745151094,0.22491947758649514,0.4962330272928643,0.1481576568975756
AS,New_AS_062.wav,C:\Users\armga\OneDrive\Escritorio\TFG\Programacion objetivo\Bases de Datos\AS_New_3주기\New_AS_062.wav,perfil_softmin_errores_f4,0.0005288732120455977,0.0954941450767998,0.2432684488923067,0.5172496964414421,0.14345883637740572
AS,New_AS_063.wav,C:\Users\armga\OneDrive\Escritorio\TFG\Programacion objetivo\Bases de Datos\AS_New_3주기\New_AS_063.wav,perfil_softmin_errores_f4,0.01220258256500993,0.08457120686238385,0.26955896477607494,0.4433844144368031,0.19028283135972818
AS,New_AS_064.wav,C:\Users\armga\OneDrive\Escritorio\TFG\Programacion objetivo\Bases de Datos\AS_New_3주기\New_AS_064.wav,perfil_softmin_errores_f4,0.00955536672431504,0.13900294008781416,0.28384973356138365,0.3717925716777444,0.1957993879487427
AS,New_AS_065.wav,C:\Users\armga\OneDrive\Escritorio\TFG\Programacion objetivo\Bases de Datos\AS_New_3주기\New_AS_065.wav,perfil_softmin_errores_f4,0.0006395022672688547,0.15856853099844628,0.16304281813860694,0.4868327105778229,0.19091643801785502
AS,New_AS_066.wav,C:\Users\armga\OneDrive\Escritorio\TFG\Programacion objetivo\Bases de Datos\AS_New_3주기\New_AS_066.wav,perfil_softmin_errores_f4,0.010716921526794926,0.17009122709416202,0.29764634094960474,0.33438001080845925,0.18716549962097914
AS,New_AS_067.wav,C:\Users\armga\OneDrive\Escritorio\TFG\Programacion objetivo\Bases de Datos\AS_New_3주기\New_AS_067.wav,perfil_softmin_errores_f4,0.003469741947981498,0.13597585503512838,0.20684630755874833,0.464388331648856,0.18931976380928578
AS,New_AS_068.wav,C:\Users\armga\OneDrive\Escritorio\TFG\Programacion objetivo\Bases de Datos\AS_New_3주기\New_AS_068.wav,perfil_softmin_errores_f4,0.009495797176145637,0.12488110915897044,0.26375077286573767,0.40311480261388016,0.19875751818526607
AS,New_AS_069.wav,C:\Users\armga\OneDrive\Escritorio\TFG\Programacion objetivo\Bases de Datos\AS_New_3주기\New_AS_069.wav,perfil_softmin_errores_f4,0.0027014314009771783,0.18665332944282514,0.17121486516648507,0.4377428498188847,0.20168752417082786
AS,New_AS_070.wav,C:\Users\armga\OneDrive\Escritorio\TFG\Programacion objetivo\Bases de Datos\AS_New_3주기\New_AS_070.wav,perfil_softmin_errores_f4,0.0011031336729176344,0.07304772140443283,0.2270221762573781,0.5574948561762073,0.14133211248906408
AS,New_AS_071.wav,C:\Users\armga\OneDrive\Escritorio\TFG\Programacion objetivo\Bases de Datos\AS_New_3주기\New_AS_071.wav,perfil_softmin_errores_f4,0.0033227961299472255,0.18989715833946247,0.22093754466290733,0.42849010094444717,0.15735239992323577
AS,New_AS_072.wav,C:\Users\armga\OneDrive\Escritorio\TFG\Programacion objetivo\Bases de Datos\AS_New_3주기\New_AS_072.wav,perfil_softmin_errores_f4,0.003139511111576175,0.17269296576254406,0.21276386072517625,0.4320561104097172,0.17934755199098634
AS,New_AS_073.wav,C:\Users\armga\OneDrive\Escritorio\TFG\Programacion objetivo\Bases de Datos\AS_New_3주기\New_AS_073.wav,perfil_softmin_errores_f4,0.0028815471785654835,0.18964555114915166,0.2278652046356538,0.39508971864362713,0.18451797839300188
AS,New_AS_074.wav,C:\Users\armga\OneDrive\Escritorio\TFG\Programacion objetivo\Bases de Datos\AS_New_3주기\New_AS_074.wav,perfil_softmin_errores_f4,0.00495740060924252,0.13013975914371473,0.3156684249545109,0.3791178807696383,0.17011653452289355
AS,New_AS_075.wav,C:\Users\armga\OneDrive\Escritorio\TFG\Programacion objetivo\Bases de Datos\AS_New_3주기\New_AS_075.wav,perfil_softmin_errores_f4,0.002402572261037878,0.1581844502412806,0.12861608751849346,0.49836779254172275,0.21242909743746538
AS,New_AS_076.wav,C:\Users\armga\OneDrive\Escritorio\TFG\Programacion objetivo\Bases de Datos\AS_New_3주기\New_AS_076.wav,perfil_softmin_errores_f4,0.003659014387740179,0.1819002716071012,0.2147127197417422,0.43590985687498296,0.16381813738843354
AS,New_AS_077.wav,C:\Users\armga\OneDrive\Escritorio\TFG\Programacion objetivo\Bases de Datos\AS_New_3주기\New_AS_077.wav,perfil_softmin_errores_f4,0.0002513847828045397,0.2859596345222839,0.15442449401377933,0.32550613610606377,0.23385835057506849
AS,New_AS_078.wav,C:\Users\armga\OneDrive\Escritorio\TFG\Programacion objetivo\Bases de Datos\AS_New_3주기\New_AS_078.wav,perfil_softmin_errores_f4,0.0002692180405048166,0.2955504533038515,0.14652795824741016,0.31167722972003775,0.24597514068819581
AS,New_AS_079.wav,C:\Users\armga\OneDrive\Escritorio\TFG\Programacion objetivo\Bases de Datos\AS_New_3주기\New_AS_079.wav,perfil_softmin_errores_f4,0.00022395038253619697,0.30658296194484197,0.15760393464425712,0.3172526055144657,0.21833654751389897
AS,New_AS_080.wav,C:\Users\armga\OneDrive\Escritorio\TFG\Programacion objetivo\Bases de Datos\AS_New_3주기\New_AS_080.wav,perfil_softmin_errores_f4,0.00016280860095490435,0.29678871853905325,0.1499428435009744,0.3474852724072875,0.20562035695172998
AS,New_AS_081.wav,C:\Users\armga\OneDrive\Escritorio\TFG\Programacion objetivo\Bases de Datos\AS_New_3주기\New_AS_081.wav,perfil_softmin_errores_f4,0.0002528687990480909,0.3005659004592677,0.1529735360717231,0.31879313054634556,0.22741456412361552
AS,New_AS_082.wav,C:\Users\armga\OneDrive\Escritorio\TFG\Programacion objetivo\Bases de Datos\AS_New_3주기\New_AS_082.wav,perfil_softmin_errores_f4,0.00020905137695075162,0.3164589554558584,0.15770951410360476,0.30263829449582924,0.22298418456775682
AS,New_AS_083.wav,C:\Users\armga\OneDrive\Escritorio\TFG\Programacion objetivo\Bases de Datos\AS_New_3주기\New_AS_083.wav,perfil_softmin_errores_f4,0.00032110148709430745,0.2725836734926477,0.1542612382002908,0.35126114107418716,0.22157284574578004
AS,New_AS_084.wav,C:\Users\armga\OneDrive\Escritorio\TFG\Programacion objetivo\Bases de Datos\AS_New_3주기\New_AS_084.wav,perfil_softmin_errores_f4,0.0003539351360102301,0.295749150635398,0.16352289995542701,0.31148244315819484,0.22889157111496997
AS,New_AS_085.wav,C:\Users\armga\OneDrive\Escritorio\TFG\Programacion objetivo\Bases de Datos\AS_New_3주기\New_AS_085.wav,perfil_softmin_errores_f4,0.0002350724726835441,0.3256736695717251,0.16781988837348702,0.2963659010790094,0.2099054685030949
AS,New_AS_086.wav,C:\Users\armga\OneDrive\Escritorio\TFG\Programacion objetivo\Bases de Datos\AS_New_3주기\New_AS_086.wav,perfil_softmin_errores_f4,0.0003543615100845477,0.30784555320501544,0.1614947906475,0.30315895965619305,0.22714633498120695
AS,New_AS_087.wav,C:\Users\armga\OneDrive\Escritorio\TFG\Programacion objetivo\Bases de Datos\AS_New_3주기\New_AS_087.wav,perfil_softmin_errores_f4,0.00015589762923084226,0.3153960518546668,0.13749045617501165,0.30071645943492664,0.24624113490616414
AS,New_AS_088.wav,C:\Users\armga\OneDrive\Escritorio\TFG\Programacion objetivo\Bases de Datos\AS_New_3주기\New_AS_088.wav,perfil_softmin_errores_f4,0.00017995166368832495,0.29883901865839674,0.14670273978527118,0.3021081852033645,0.25217010468927925
AS,New_AS_089.wav,C:\Users\armga\OneDrive\Escritorio\TFG\Programacion objetivo\Bases de Datos\AS_New_3주기\New_AS_089.wav,perfil_softmin_errores_f4,0.00015339336488832467,0.30158792148558583,0.1325800991330671,0.32479855572813643,0.2408800302883223
AS,New_AS_090.wav,C:\Users\armga\OneDrive\Escritorio\TFG\Programacion objetivo\Bases de Datos\AS_New_3주기\New_AS_090.wav,perfil_softmin_errores_f4,0.00023743658323188566,0.29568677995080833,0.13614464285400102,0.3382027298080734,0.2297284108038853
AS,New_AS_091.wav,C:\Users\armga\OneDrive\Escritorio\TFG\Programacion objetivo\Bases de Datos\AS_New_3주기\New_AS_091.wav,perfil_softmin_errores_f4,0.0002673474319581018,0.28428557734766596,0.1566321325777637,0.3115830281613153,0.24723191448129694
AS,New_AS_092.wav,C:\Users\armga\OneDrive\Escritorio\TFG\Programacion objetivo\Bases de Datos\AS_New_3주기\New_AS_092.wav,perfil_softmin_errores_f4,0.0002383789675648441,0.30316894565589586,0.15832206260917592,0.2991118218702526,0.23915879089711076
AS,New_AS_093.wav,C:\Users\armga\OneDrive\Escritorio\TFG\Programacion objetivo\Bases de Datos\AS_New_3주기\New_AS_093.wav,perfil_softmin_errores_f4,0.00032216081551914347,0.3076407346513668,0.15570352559675427,0.30242251470320086,0.23391106423315894
AS,New_AS_094.wav,C:\Users\armga\OneDrive\Escritorio\TFG\Programacion objetivo\Bases de Datos\AS_New_3주기\New_AS_094.wav,perfil_softmin_errores_f4,0.00024804726378473005,0.28146090003923896,0.15842384745338142,0.3344882692582783,0.22537893598531658
AS,New_AS_095.wav,C:\Users\armga\OneDrive\Escritorio\TFG\Programacion objetivo\Bases de Datos\AS_New_3주기\New_AS_095.wav,perfil_softmin_errores_f4,0.0005479846693772871,0.31462264404433005,0.1467413423186628,0.31325791250011453,0.22483011646751533
AS,New_AS_096.wav,C:\Users\armga\OneDrive\Escritorio\TFG\Programacion objetivo\Bases de Datos\AS_New_3주기\New_AS_096.wav,perfil_softmin_errores_f4,0.00036791281293188985,0.3249975164599627,0.14906025201940218,0.29661319231329586,0.22896112639440727
AS,New_AS_097.wav,C:\Users\armga\OneDrive\Escritorio\TFG\Programacion objetivo\Bases de Datos\AS_New_3주기\New_AS_097.wav,perfil_softmin_errores_f4,0.0001873898522641571,0.3017785672870774,0.15609550636141176,0.2904821110816424,0.25145642541760427
AS,New_AS_098.wav,C:\Users\armga\OneDrive\Escritorio\TFG\Programacion objetivo\Bases de Datos\AS_New_3주기\New_AS_098.wav,perfil_softmin_errores_f4,0.00021359425159042945,0.28584631373615305,0.16114766247419537,0.30166954818379754,0.25112288135426364
AS,New_AS_099.wav,C:\Users\armga\OneDrive\Escritorio\TFG\Programacion objetivo\Bases de Datos\AS_New_3주기\New_AS_099.wav,perfil_softmin_errores_f4,0.0001796446114658447,0.3067399966996137,0.14388738192941888,0.35907368598883554,0.1901192907706659
AS,New_AS_100.wav,C:\Users\armga\OneDrive\Escritorio\TFG\Programacion objetivo\Bases de Datos\AS_New_3주기\New_AS_100.wav,perfil_softmin_errores_f4,0.0003750380813635651,0.2932452297913235,0.1677150037791808,0.30830967937354187,0.23035504897459014
AS,New_AS_101.wav,C:\Users\armga\OneDrive\Escritorio\TFG\Programacion objetivo\Bases de Datos\AS_New_3주기\New_AS_101.wav,perfil_softmin_errores_f4,0.00022092927961805828,0.3045260670582658,0.1559007947851406,0.33004934569798605,0.20930286317898947
AS,New_AS_102.wav,C:\Users\armga\OneDrive\Escritorio\TFG\Programacion objetivo\Bases de Datos\AS_New_3주기\New_AS_102.wav,perfil_softmin_errores_f4,0.0002296899436691713,0.2781660035998958,0.17312293450011748,0.33023274464269753,0.21824862731362
AS,New_AS_103.wav,C:\Users\armga\OneDrive\Escritorio\TFG\Programacion objetivo\Bases de Datos\AS_New_3주기\New_AS_103.wav,perfil_softmin_errores_f4,0.00029144512898998936,0.28736850391754365,0.15725719724735196,0.325467478135981,0.2296153755701334
AS,New_AS_104.wav,C:\Users\armga\OneDrive\Escritorio\TFG\Programacion objetivo\Bases de Datos\AS_New_3주기\New_AS_104.wav,perfil_softmin_errores_f4,0.00015010342392216436,0.31159780466863957,0.15165153862688194,0.3174482546662097,0.21915229861434665
AS,New_AS_105.wav,C:\Users\armga\OneDrive\Escritorio\TFG\Programacion objetivo\Bases de Datos\AS_New_3주기\New_AS_105.wav,perfil_softmin_errores_f4,0.0002664160120896532,0.29067845703757517,0.1658610691652034,0.30946283664130564,0.23373122114382627
AS,New_AS_106.wav,C:\Users\armga\OneDrive\Escritorio\TFG\Programacion objetivo\Bases de Datos\AS_New_3주기\New_AS_106.wav,perfil_softmin_errores_f4,0.00034878840181767993,0.30580007220842625,0.16431594760062157,0.2769550501097815,0.252580141679353
AS,New_AS_107.wav,C:\Users\armga\OneDrive\Escritorio\TFG\Programacion objetivo\Bases de Datos\AS_New_3주기\New_AS_107.wav,perfil_softmin_errores_f4,0.00022162421850591352,0.3024809478457184,0.16561199680410316,0.2994085417723169,0.23227688935935561
AS,New_AS_108.wav,C:\Users\armga\OneDrive\Escritorio\TFG\Programacion objetivo\Bases de Datos\AS_New_3주기\New_AS_108.wav,perfil_softmin_errores_f4,0.0002546203723577111,0.28037908096736525,0.18125592284675884,0.31016267774482514,0.22794769806869303
AS,New_AS_109.wav,C:\Users\armga\OneDrive\Escritorio\TFG\Programacion objetivo\Bases de Datos\AS_New_3주기\New_AS_109.wav,perfil_softmin_errores_f4,0.00021352981909635884,0.29543762212098335,0.1591610289832414,0.32871631113923844,0.2164715079374405
AS,New_AS_110.wav,C:\Users\armga\OneDrive\Escritorio\TFG\Programacion objetivo\Bases de Datos\AS_New_3주기\New_AS_110.wav,perfil_softmin_errores_f4,0.0002189623385237417,0.30535787392407504,0.1610253480544701,0.3087334712329448,0.22466434444998615
AS,New_AS_111.wav,C:\Users\armga\OneDrive\Escritorio\TFG\Programacion objetivo\Bases de Datos\AS_New_3주기\New_AS_111.wav,perfil_softmin_errores_f4,0.00020481505040789266,0.35951304778092674,0.10229132233487169,0.22252747036640114,0.3154633444673925
AS,New_AS_112.wav,C:\Users\armga\OneDrive\Escritorio\TFG\Programacion objetivo\Bases de Datos\AS_New_3주기\New_AS_112.wav,perfil_softmin_errores_f4,0.00011183564265658306,0.37741868133270323,0.08318751061420651,0.2102666779626189,0.3290152944478147
AS,New_AS_113.wav,C:\Users\armga\OneDrive\Escritorio\TFG\Programacion objetivo\Bases de Datos\AS_New_3주기\New_AS_113.wav,perfil_softmin_errores_f4,0.0003406302804803987,0.34722522019317487,0.09765439696897416,0.2224074257026707,0.33237232685470003
AS,New_AS_114.wav,C:\Users\armga\OneDrive\Escritorio\TFG\Programacion objetivo\Bases de Datos\AS_New_3주기\New_AS_114.wav,perfil_softmin_errores_f4,0.00021569283536634928,0.3518573865702584,0.08151602186995882,0.22049730894866088,0.34591358977575554
AS,New_AS_115.wav,C:\Users\armga\OneDrive\Escritorio\TFG\Programacion objetivo\Bases de Datos\AS_New_3주기\New_AS_115.wav,perfil_softmin_errores_f4,0.00024808382436056594,0.30912303471759156,0.16797364374329316,0.3035191755968482,0.2191360621179065
AS,New_AS_116.wav,C:\Users\armga\OneDrive\Escritorio\TFG\Programacion objetivo\Bases de Datos\AS_New_3주기\New_AS_116.wav,perfil_softmin_errores_f4,0.00028140554613742855,0.3007316588663849,0.17106508706594717,0.2989312863731783,0.2289905621483523
AS,New_AS_117.wav,C:\Users\armga\OneDrive\Escritorio\TFG\Programacion objetivo\Bases de Datos\AS_New_3주기\New_AS_117.wav,perfil_softmin_errores_f4,0.00023914130291513452,0.3084365397294725,0.14781980108792594,0.31218191061147466,0.23132260726821172
AS,New_AS_118.wav,C:\Users\armga\OneDrive\Escritorio\TFG\Programacion objetivo\Bases de Datos\AS_New_3주기\New_AS_118.wav,perfil_softmin_errores_f4,0.00015170011148267533,0.3081752319043818,0.16214179369449244,0.3183073322548246,0.21122394203481848
AS,New_AS_119.wav,C:\Users\armga\OneDrive\Escritorio\TFG\Programacion objetivo\Bases de Datos\AS_New_3주기\New_AS_119.wav,perfil_softmin_errores_f4,0.00028115590620131126,0.30640482377319184,0.15381031038507428,0.2849833258882883,0.2545203840472443
AS,New_AS_120.wav,C:\Users\armga\OneDrive\Escritorio\TFG\Programacion objetivo\Bases de Datos\AS_New_3주기\New_AS_120.wav,perfil_softmin_errores_f4,0.0002945687658798759,0.2912237079169363,0.1422926129364406,0.3204940135984912,0.24569509678225204
AS,New_AS_121.wav,C:\Users\armga\OneDrive\Escritorio\TFG\Programacion objetivo\Bases de Datos\AS_New_3주기\New_AS_121.wav,perfil_softmin_errores_f4,0.0002466162207842234,0.30770936084164396,0.16894901066189702,0.290455928929305,0.23263908334636973
AS,New_AS_122.wav,C:\Users\armga\OneDrive\Escritorio\TFG\Programacion objetivo\Bases de Datos\AS_New_3주기\New_AS_122.wav,perfil_softmin_errores_f4,0.00029574794322644976,0.2898556974509102,0.17276281623323522,0.3208118538705498,0.21627388450207846
AS,New_AS_123.wav,C:\Users\armga\OneDrive\Escritorio\TFG\Programacion objetivo\Bases de Datos\AS_New_3주기\New_AS_123.wav,perfil_softmin_errores_f4,0.0002617607859884946,0.27782249456323266,0.1709479757104396,0.3169898858805831,0.2339778830597561
AS,New_AS_124.wav,C:\Users\armga\OneDrive\Escritorio\TFG\Programacion objetivo\Bases de Datos\AS_New_3주기\New_AS_124.wav,perfil_softmin_errores_f4,0.00021957772560895995,0.3206072484291616,0.1456166492215835,0.27450174762988677,0.2590547769937592
AS,New_AS_125.wav,C:\Users\armga\OneDrive\Escritorio\TFG\Programacion objetivo\Bases de Datos\AS_New_3주기\New_AS_125.wav,perfil_softmin_errores_f4,0.00024006617115385705,0.292878435780557,0.16701849541753536,0.2960236835235785,0.24383931910717532
AS,New_AS_126.wav,C:\Users\armga\OneDrive\Escritorio\TFG\Programacion objetivo\Bases de Datos\AS_New_3주기\New_AS_126.wav,perfil_softmin_errores_f4,0.00014094230679732598,0.3179631110077312,0.16557351674353918,0.31337264888272454,0.20294978105920766
AS,New_AS_127.wav,C:\Users\armga\OneDrive\Escritorio\TFG\Programacion objetivo\Bases de Datos\AS_New_3주기\New_AS_127.wav,perfil_softmin_errores_f4,0.00021743750576114614,0.2990848082823054,0.15607723361426068,0.3566521909363178,0.18796832966135496
AS,New_AS_128.wav,C:\Users\armga\OneDrive\Escritorio\TFG\Programacion objetivo\Bases de Datos\AS_New_3주기\New_AS_128.wav,perfil_softmin_errores_f4,0.00023159361146196262,0.3046567116430554,0.1540339170818582,0.31120450114568676,0.22987327651793757
AS,New_AS_129.wav,C:\Users\armga\OneDrive\Escritorio\TFG\Programacion objetivo\Bases de Datos\AS_New_3주기\New_AS_129.wav,perfil_softmin_errores_f4,0.0003309133368513734,0.43096790205801877,0.3867506989624881,0.011490808976388421,0.17045967666625325
AS,New_AS_130.wav,C:\Users\armga\OneDrive\Escritorio\TFG\Programacion objetivo\Bases de Datos\AS_New_3주기\New_AS_130.wav,perfil_softmin_errores_f4,0.00020954753583415125,0.4567701839248314,0.3643458872411351,0.008420520778805944,0.17025386051939342
AS,New_AS_131.wav,C:\Users\armga\OneDrive\Escritorio\TFG\Programacion objetivo\Bases de Datos\AS_New_3주기\New_AS_131.wav,perfil_softmin_errores_f4,0.00016156425499582743,0.4677077362549676,0.08528011850567911,0.2551217857710859,0.19172879521327169
AS,New_AS_132.wav,C:\Users\armga\OneDrive\Escritorio\TFG\Programacion objetivo\Bases de Datos\AS_New_3주기\New_AS_132.wav,perfil_softmin_errores_f4,0.016493030919632688,0.2706281361708978,0.08887911890343746,0.3460707647644648,0.2779289492415672
AS,New_AS_133.wav,C:\Users\armga\OneDrive\Escritorio\TFG\Programacion objetivo\Bases de Datos\AS_New_3주기\New_AS_133.wav,perfil_softmin_errores_f4,0.0004857985727177397,0.5951603567913661,0.3463820105279498,0.0035175196757450725,0.054454314432221214
AS,New_AS_134.wav,C:\Users\armga\OneDrive\Escritorio\TFG\Programacion objetivo\Bases de Datos\AS_New_3주기\New_AS_134.wav,perfil_softmin_errores_f4,0.00019941597506805935,0.29040206538638746,0.17011006244623533,0.3448506126572134,0.19443784353509574
AS,New_AS_135.wav,C:\Users\armga\OneDrive\Escritorio\TFG\Programacion objetivo\Bases de Datos\AS_New_3주기\New_AS_135.wav,perfil_softmin_errores_f4,0.0004808858868829407,0.6009026405919252,0.34526890018675876,0.003085200768223102,0.05026237256620985
AS,New_AS_136.wav,C:\Users\armga\OneDrive\Escritorio\TFG\Programacion objetivo\Bases de Datos\AS_New_3주기\New_AS_136.wav,perfil_softmin_errores_f4,0.0004579339889649146,0.4223972804157997,0.3937916519527628,0.0112687076198467,0.17208442602262583
AS,New_AS_137.wav,C:\Users\armga\OneDrive\Escritorio\TFG\Programacion objetivo\Bases de Datos\AS_New_3주기\New_AS_137.wav,perfil_softmin_errores_f4,0.00028616940928858275,0.48256987748888147,0.38797533143594304,0.00814430693912208,0.12102431472676486
AS,New_AS_138.wav,C:\Users\armga\OneDrive\Escritorio\TFG\Programacion objetivo\Bases de Datos\AS_New_3주기\New_AS_138.wav,perfil_softmin_errores_f4,0.0003082839027003647,0.4351431557591002,0.4033284369343423,0.010680105074975,0.15054001832888222
AS,New_AS_139.wav,C:\Users\armga\OneDrive\Escritorio\TFG\Programacion objetivo\Bases de Datos\AS_New_3주기\New_AS_139.wav,perfil_softmin_errores_f4,0.00026612127317780565,0.45202701951681956,0.4174959774736394,0.006508770949104699,0.12370211078725843
AS,New_AS_140.wav,C:\Users\armga\OneDrive\Escritorio\TFG\Programacion objetivo\Bases de Datos\AS_New_3주기\New_AS_140.wav,perfil_softmin_errores_f4,0.00018491572568273804,0.21085021466729173,0.14045945292627487,0.42217033284735384,0.22633508383339682
AS,New_AS_141.wav,C:\Users\armga\OneDrive\Escritorio\TFG\Programacion objetivo\Bases de Datos\AS_New_3주기\New_AS_141.wav,perfil_softmin_errores_f4,5.7327537961056265e-05,0.21075553370808092,0.1142482000546362,0.45930422501412305,0.21563471368519876
AS,New_AS_142.wav,C:\Users\armga\OneDrive\Escritorio\TFG\Programacion objetivo\Bases de Datos\AS_New_3주기\New_AS_142.wav,perfil_softmin_errores_f4,5.749771046121876e-05,0.2567159696289983,0.12282683036534921,0.42147192226642494,0.19892778002876635
AS,New_AS_143.wav,C:\Users\armga\OneDrive\Escritorio\TFG\Programacion objetivo\Bases de Datos\AS_New_3주기\New_AS_143.wav,perfil_softmin_errores_f4,4.5394526980639233e-05,0.28305243335954716,0.1309140661508596,0.35144822818183136,0.23453987778078125
AS,New_AS_144.wav,C:\Users\armga\OneDrive\Escritorio\TFG\Programacion objetivo\Bases de Datos\AS_New_3주기\New_AS_144.wav,perfil_softmin_errores_f4,0.00011230658811974391,0.36076596315547865,0.23049271307967156,0.20001045250384258,0.20861856467288745
AS,New_AS_145.wav,C:\Users\armga\OneDrive\Escritorio\TFG\Programacion objetivo\Bases de Datos\AS_New_3주기\New_AS_145.wav,perfil_softmin_errores_f4,0.00023550666791635202,0.38762394862021177,0.2176901716586703,0.19390231332104454,0.20054805973215709
AS,New_AS_146.wav,C:\Users\armga\OneDrive\Escritorio\TFG\Programacion objetivo\Bases de Datos\AS_New_3주기\New_AS_146.wav,perfil_softmin_errores_f4,0.00011619341100463433,0.411721011205251,0.21184864000695794,0.1685711907629354,0.20774296461385103
AS,New_AS_147.wav,C:\Users\armga\OneDrive\Escritorio\TFG\Programacion objetivo\Bases de Datos\AS_New_3주기\New_AS_147.wav,perfil_softmin_errores_f4,0.00019603272904866257,0.3865632452970748,0.21102040939116354,0.20393049078335113,0.19828982179936186
AS,New_AS_148.wav,C:\Users\armga\OneDrive\Escritorio\TFG\Programacion objetivo\Bases de Datos\AS_New_3주기\New_AS_148.wav,perfil_softmin_errores_f4,0.00018727400385351332,0.3661745924713977,0.21393881510237364,0.1827150970405966,0.23698422138177852
AS,New_AS_149.wav,C:\Users\armga\OneDrive\Escritorio\TFG\Programacion objetivo\Bases de Datos\AS_New_3주기\New_AS_149.wav,perfil_softmin_errores_f4,0.0003437715241148939,0.3675749611121537,0.22923506362941423,0.2031438267180061,0.19970237701631113
AS,New_AS_150.wav,C:\Users\armga\OneDrive\Escritorio\TFG\Programacion objetivo\Bases de Datos\AS_New_3주기\New_AS_150.wav,perfil_softmin_errores_f4,8.763564546333355e-05,0.38966884076167213,0.21858263943766468,0.18083469867329263,0.21082618548190726
AS,New_AS_151.wav,C:\Users\armga\OneDrive\Escritorio\TFG\Programacion objetivo\Bases de Datos\AS_New_3주기\New_AS_151.wav,perfil_softmin_errores_f4,0.0003572352987100097,0.38088950932168875,0.21335255647670845,0.19764986772812446,0.2077508311747683
AS,New_AS_152.wav,C:\Users\armga\OneDrive\Escritorio\TFG\Programacion objetivo\Bases de Datos\AS_New_3주기\New_AS_152.wav,perfil_softmin_errores_f4,0.0006394633581875346,0.40806665288910643,0.3232521827377317,0.05275807330826081,0.21528362770671347
AS,New_AS_153.wav,C:\Users\armga\OneDrive\Escritorio\TFG\Programacion objetivo\Bases de Datos\AS_New_3주기\New_AS_153.wav,perfil_softmin_errores_f4,0.00015933631292937818,0.4223062681593151,0.3139069020671298,0.04443618849417904,0.21919130496644665
AS,New_AS_154.wav,C:\Users\armga\OneDrive\Escritorio\TFG\Programacion objetivo\Bases de Datos\AS_New_3주기\New_AS_154.wav,perfil_softmin_errores_f4,0.0004956192196037437,0.38100627562902223,0.3199072161341531,0.05592489470885724,0.24266599430836366
AS,New_AS_155.wav,C:\Users\armga\OneDrive\Escritorio\TFG\Programacion objetivo\Bases de Datos\AS_New_3주기\New_AS_155.wav,perfil_softmin_errores_f4,0.00038303974364079364,0.4357645823535469,0.29894501755811315,0.04956365978573384,0.21534370055896523
AS,New_AS_156.wav,C:\Users\armga\OneDrive\Escritorio\TFG\Programacion objetivo\Bases de Datos\AS_New_3주기\New_AS_156.wav,perfil_softmin_errores_f4,0.00038976467209818246,0.4217901051807771,0.3847626761400467,0.010392422274043476,0.1826650317330345
AS,New_AS_157.wav,C:\Users\armga\OneDrive\Escritorio\TFG\Programacion objetivo\Bases de Datos\AS_New_3주기\New_AS_157.wav,perfil_softmin_errores_f4,0.00027131340818880835,0.48248907968610627,0.3944476185755654,0.007992443425742117,0.11479954490439749
AS,New_AS_158.wav,C:\Users\armga\OneDrive\Escritorio\TFG\Programacion objetivo\Bases de Datos\AS_New_3주기\New_AS_158.wav,perfil_softmin_errores_f4,0.00022353047952822358,0.45241591646684753,0.39208427809575186,0.009622908354966849,0.14565336660290562
AS,New_AS_159.wav,C:\Users\armga\OneDrive\Escritorio\TFG\Programacion objetivo\Bases de Datos\AS_New_3주기\New_AS_159.wav,perfil_softmin_errores_f4,0.00022487285229497262,0.4612832408558652,0.41946295889239305,0.005854258236524008,0.11317466916292265
AS,New_AS_160.wav,C:\Users\armga\OneDrive\Escritorio\TFG\Programacion objetivo\Bases de Datos\AS_New_3주기\New_AS_160.wav,perfil_softmin_errores_f4,0.0002365716207459934,0.44728578939620633,0.3837497065878762,0.008239502536595597,0.16048842985857578
AS,New_AS_161.wav,C:\Users\armga\OneDrive\Escritorio\TFG\Programacion objetivo\Bases de Datos\AS_New_3주기\New_AS_161.wav,perfil_softmin_errores_f4,0.00016092942293685362,0.4802356996716025,0.3865130904050251,0.006126434743791635,0.12696384575664396
