clase,archivo,ruta,variante_deep_onmf,F_001,F_002,F_003,F_004,F_005
AS,New_AS_001.wav,C:\Users\armga\OneDrive\Escritorio\TFG\Programacion objetivo\Bases de Datos\AS_New_3주기\New_AS_001.wav,perfil_softmin_errores_f4,0.0008983365338165754,0.350034511622763,0.24665038370790296,0.16468504907454187,0.23773171906097562
AS,New_AS_002.wav,C:\Users\armga\OneDrive\Escritorio\TFG\Programacion objetivo\Bases de Datos\AS_New_3주기\New_AS_002.wav,perfil_softmin_errores_f4,0.0007679972992706269,0.3929101028001534,0.18893745566565387,0.18330221523752874,0.2340822289973934
AS,New_AS_003.wav,C:\Users\armga\OneDrive\Escritorio\TFG\Programacion objetivo\Bases de Datos\AS_New_3주기\New_AS_003.wav,perfil_softmin_errores_f4,0.0002777658304119635,0.4009665497898774,0.20353606964048165,0.1471284548615047,0.2480911598777243
AS,New_AS_004.wav,C:\Users\armga\OneDrive\Escritorio\TFG\Programacion objetivo\Bases de Datos\AS_New_3주기\New_AS_004.wav,perfil_softmin_errores_f4,0.00044676477424242196,0.3967366486940002,0.20620308587806527,0.1456133820480361,0.2510001186056559
AS,New_AS_005.wav,C:\Users\armga\OneDrive\Escritorio\TFG\Programacion objetivo\Bases de Datos\AS_New_3주기\New_AS_005.wav,perfil_softmin_errores_f4,0.0009079568646652738,0.3731884308507289,0.2019204625305278,0.1738006444726877,0.25018250528139013
AS,New_AS_006.wav,C:\Users\armga\OneDrive\Escritorio\TFG\Programacion objetivo\Bases de Datos\AS_New_3주기\New_AS_006.wav,perfil_softmin_errores_f4,0.0002566386407534772,0.37132048607921375,0.2035756680943597,0.19420142097139897,0.23064578621427412
AS,New_AS_007.wav,C:\Users\armga\OneDrive\Escritorio\TFG\Programacion objetivo\Bases de Datos\AS_New_3주기\New_AS_007.wav,perfil_softmin_errores_f4,0.0005606689206482067,0.363999180359569,0.22462174277875285,0.16818379803808636,0.24263460990294364
AS,New_AS_008.wav,C:\Users\armga\OneDrive\Escritorio\TFG\Programacion objetivo\Bases de Datos\AS_New_3주기\New_AS_008.wav,perfil_softmin_errores_f4,0.00044215668149320635,0.3830163714483896,0.1926424914333397,0.20593456050787975,0.21796441992889753
AS,New_AS_009.wav,C:\Users\armga\OneDrive\Escritorio\TFG\Programacion objetivo\Bases de Datos\AS_New_3주기\New_AS_009.wav,perfil_softmin_errores_f4,0.0004293480545243101,0.38983461624981014,0.19489566750836246,0.1875249740300014,0.22731539415730168
AS,New_AS_010.wav,C:\Users\armga\OneDrive\Escritorio\TFG\Programacion objetivo\Bases de Datos\AS_New_3주기\New_AS_010.wav,perfil_softmin_errores_f4,0.0007202162942640891,0.35325903152284005,0.2245435307412924,0.17690554998941252,0.24457167145219086
AS,New_AS_011.wav,C:\Users\armga\OneDrive\Escritorio\TFG\Programacion objetivo\Bases de Datos\AS_New_3주기\New_AS_011.wav,perfil_softmin_errores_f4,0.00038460831635166274,0.3931301187452463,0.21182284728431452,0.17553041723276472,0.21913200842132277
AS,New_AS_012.wav,C:\Users\armga\OneDrive\Escritorio\TFG\Programacion objetivo\Bases de Datos\AS_New_3주기\New_AS_012.wav,perfil_softmin_errores_f4,0.0004816391260361474,0.3583169493225373,0.23606875668504576,0.18579320250912132,0.2193394523572595
AS,New_AS_013.wav,C:\Users\armga\OneDrive\Escritorio\TFG\Programacion objetivo\Bases de Datos\AS_New_3주기\New_AS_013.wav,perfil_softmin_errores_f4,0.0005639753354783325,0.3451636000399815,0.21443178705247068,0.20279786822042178,0.23704276935164761
AS,New_AS_014.wav,C:\Users\armga\OneDrive\Escritorio\TFG\Programacion objetivo\Bases de Datos\AS_New_3주기\New_AS_014.wav,perfil_softmin_errores_f4,0.0003684506456028684,0.4012129494389497,0.1735418721329057,0.1844716868917734,0.2404050408907684
AS,New_AS_015.wav,C:\Users\armga\OneDrive\Escritorio\TFG\Programacion objetivo\Bases de Datos\AS_New_3주기\New_AS_015.wav,perfil_softmin_errores_f4,0.0006739764941759317,0.3760501079686101,0.20667557346374102,0.16658406648097895,0.25001627559249395
AS,New_AS_016.wav,C:\Users\armga\OneDrive\Escritorio\TFG\Programacion objetivo\Bases de Datos\AS_New_3주기\New_AS_016.wav,perfil_softmin_errores_f4,0.0006426553033754222,0.3906057428413873,0.20332003123681758,0.18577666369499085,0.2196549069234287
AS,New_AS_017.wav,C:\Users\armga\OneDrive\Escritorio\TFG\Programacion objetivo\Bases de Datos\AS_New_3주기\New_AS_017.wav,perfil_softmin_errores_f4,0.0008712024501777536,0.37873115182765765,0.2063865326774568,0.17787157654114763,0.23613953650356004
AS,New_AS_018.wav,C:\Users\armga\OneDrive\Escritorio\TFG\Programacion objetivo\Bases de Datos\AS_New_3주기\New_AS_018.wav,perfil_softmin_errores_f4,0.0007561764647658904,0.36325320377270265,0.2282520858441207,0.17939122216982847,0.2283473117485823
AS,New_AS_019.wav,C:\Users\armga\OneDrive\Escritorio\TFG\Programacion objetivo\Bases de Datos\AS_New_3주기\New_AS_019.wav,perfil_softmin_errores_f4,0.0004776753853592467,0.36405582391194596,0.2486378117037585,0.15645408351039794,0.2303746054885384
AS,New_AS_020.wav,C:\Users\armga\OneDrive\Escritorio\TFG\Programacion objetivo\Bases de Datos\AS_New_3주기\New_AS_020.wav,perfil_softmin_errores_f4,0.0006453056799690905,0.36426653886973703,0.1814895375806572,0.21288206817869038,0.2407165496909463
AS,New_AS_021.wav,C:\Users\armga\OneDrive\Escritorio\TFG\Programacion objetivo\Bases de Datos\AS_New_3주기\New_AS_021.wav,perfil_softmin_errores_f4,0.0008543098572107113,0.3824937896853212,0.21147855009921848,0.17649089591012596,0.2286824544481237
AS,New_AS_022.wav,C:\Users\armga\OneDrive\Escritorio\TFG\Programacion objetivo\Bases de Datos\AS_New_3주기\New_AS_022.wav,perfil_softmin_errores_f4,0.00040383316339518576,0.3956183664281038,0.2233817730028062,0.14187599113199012,0.23872003627370467
AS,New_AS_023.wav,C:\Users\armga\OneDrive\Escritorio\TFG\Programacion objetivo\Bases de Datos\AS_New_3주기\New_AS_023.wav,perfil_softmin_errores_f4,0.0005864323351410295,0.3963595832319816,0.22575878185573064,0.1561124084407397,0.22118279413640687
AS,New_AS_024.wav,C:\Users\armga\OneDrive\Escritorio\TFG\Programacion objetivo\Bases de Datos\AS_New_3주기\New_AS_024.wav,perfil_softmin_errores_f4,0.0003341085362182148,0.36836795784414444,0.20636650658866357,0.19496631547121332,0.22996511155976043
AS,New_AS_025.wav,C:\Users\armga\OneDrive\Escritorio\TFG\Programacion objetivo\Bases de Datos\AS_New_3주기\New_AS_025.wav,perfil_softmin_errores_f4,0.0003783027253737933,0.38539275867004524,0.21152413164299502,0.16699190626584648,0.23571290069573947
AS,New_AS_026.wav,C:\Users\armga\OneDrive\Escritorio\TFG\Programacion objetivo\Bases de Datos\AS_New_3주기\New_AS_026.wav,perfil_softmin_errores_f4,0.0007705512584906033,0.3579610421325753,0.18644166686592456,0.23075074745587687,0.2240759922871326
AS,New_AS_027.wav,C:\Users\armga\OneDrive\Escritorio\TFG\Programacion objetivo\Bases de Datos\AS_New_3주기\New_AS_027.wav,perfil_softmin_errores_f4,0.00044971212504132306,0.35250225039849664,0.1849948078035691,0.22122561752089728,0.24082761215199566
AS,New_AS_028.wav,C:\Users\armga\OneDrive\Escritorio\TFG\Programacion objetivo\Bases de Datos\AS_New_3주기\New_AS_028.wav,perfil_softmin_errores_f4,0.0007261137262477213,0.35602206010207393,0.22235537261199947,0.18904484639363514,0.23185160716604364
AS,New_AS_029.wav,C:\Users\armga\OneDrive\Escritorio\TFG\Programacion objetivo\Bases de Datos\AS_New_3주기\New_AS_029.wav,perfil_softmin_errores_f4,0.0008003715562604528,0.3649205813650808,0.21009286959470283,0.1981390754184982,0.22604710206545767
AS,New_AS_030.wav,C:\Users\armga\OneDrive\Escritorio\TFG\Programacion objetivo\Bases de Datos\AS_New_3주기\New_AS_030.wav,perfil_softmin_errores_f4,0.00036654970848775905,0.3731835069059867,0.1917075646015893,0.1854704565679546,0.24927192221598152
AS,New_AS_031.wav,C:\Users\armga\OneDrive\Escritorio\TFG\Programacion objetivo\Bases de Datos\AS_New_3주기\New_AS_031.wav,perfil_softmin_errores_f4,0.0008418496819702792,0.35441762097714924,0.2209535214069259,0.21716070478543592,0.20662630314851874
AS,New_AS_032.wav,C:\Users\armga\OneDrive\Escritorio\TFG\Programacion objetivo\Bases de Datos\AS_New_3주기\New_AS_032.wav,perfil_softmin_errores_f4,0.00041904805549078166,0.3841693844994041,0.19765351090785385,0.1890607263015431,0.22869733023570804
AS,New_AS_033.wav,C:\Users\armga\OneDrive\Escritorio\TFG\Programacion objetivo\Bases de Datos\AS_New_3주기\New_AS_033.wav,perfil_softmin_errores_f4,0.0006858342028888826,0.36345705475935147,0.22116641584951838,0.1790312158524329,0.23565947933580841
AS,New_AS_034.wav,C:\Users\armga\OneDrive\Escritorio\TFG\Programacion objetivo\Bases de Datos\AS_New_3주기\New_AS_034.wav,perfil_softmin_errores_f4,0.0006589057534224014,0.36976637879133684,0.21757871284109406,0.1766622426509629,0.2353337599631839
AS,New_AS_035.wav,C:\Users\armga\OneDrive\Escritorio\TFG\Programacion objetivo\Bases de Datos\AS_New_3주기\New_AS_035.wav,perfil_softmin_errores_f4,0.0005471583485557483,0.3549379304318777,0.20031651059684882,0.18252641039149567,0.2616719902312222
AS,New_AS_036.wav,C:\Users\armga\OneDrive\Escritorio\TFG\Programacion objetivo\Bases de Datos\AS_New_3주기\New_AS_036.wav,perfil_softmin_errores_f4,0.0006703898421030084,0.34688645272652985,0.21279264477966178,0.20049024439416233,0.23916026825754305
AS,New_AS_037.wav,C:\Users\armga\OneDrive\Escritorio\TFG\Programacion objetivo\Bases de Datos\AS_New_3주기\New_AS_037.wav,perfil_softmin_errores_f4,0.00033715191726248797,0.37979747447816087,0.21379320302632776,0.2039626940443054,0.2021094765339435
AS,New_AS_038.wav,C:\Users\armga\OneDrive\Escritorio\TFG\Programacion objetivo\Bases de Datos\AS_New_3주기\New_AS_038.wav,perfil_softmin_errores_f4,0.0008403131782048205,0.3718405589581964,0.21173358268245526,0.18795055680481906,0.2276349883763244
AS,New_AS_039.wav,C:\Users\armga\OneDrive\Escritorio\TFG\Programacion objetivo\Bases de Datos\AS_New_3주기\New_AS_039.wav,perfil_softmin_errores_f4,0.000649365520927505,0.3763448893926683,0.17542278109268533,0.19608190014381752,0.25150106384990123
AS,New_AS_040.wav,C:\Users\armga\OneDrive\Escritorio\TFG\Programacion objetivo\Bases de Datos\AS_New_3주기\New_AS_040.wav,perfil_softmin_errores_f4,0.000436626221401324,0.35098127110339095,0.20400896941549676,0.18375802961387552,0.26081510364583543
AS,New_AS_041.wav,C:\Users\armga\OneDrive\Escritorio\TFG\Programacion objetivo\Bases de Datos\AS_New_3주기\New_AS_041.wav,perfil_softmin_errores_f4,0.0006218111492730247,0.36112396497045274,0.2153890372285112,0.1974634920697136,0.22540169458204942
AS,New_AS_042.wav,C:\Users\armga\OneDrive\Escritorio\TFG\Programacion objetivo\Bases de Datos\AS_New_3주기\New_AS_042.wav,perfil_softmin_errores_f4,0.0007225630022048873,0.3533843030194939,0.21175535313447294,0.2015487622779662,0.232589018565862
AS,New_AS_043.wav,C:\Users\armga\OneDrive\Escritorio\TFG\Programacion objetivo\Bases de Datos\AS_New_3주기\New_AS_043.wav,perfil_softmin_errores_f4,0.0006758931784272235,0.38240642052139134,0.1994973776611545,0.1882249562145183,0.22919535242450856
AS,New_AS_044.wav,C:\Users\armga\OneDrive\Escritorio\TFG\Programacion objetivo\Bases de Datos\AS_New_3주기\New_AS_044.wav,perfil_softmin_errores_f4,0.0005906056491099806,0.3540674098296605,0.196825471727167,0.20595847117314825,0.24255804162091438
AS,New_AS_045.wav,C:\Users\armga\OneDrive\Escritorio\TFG\Programacion objetivo\Bases de Datos\AS_New_3주기\New_AS_045.wav,perfil_softmin_errores_f4,0.0006687977749678212,0.3791917677853698,0.18066863291005966,0.2288135657420187,0.21065723578758405
AS,New_AS_046.wav,C:\Users\armga\OneDrive\Escritorio\TFG\Programacion objetivo\Bases de Datos\AS_New_3주기\New_AS_046.wav,perfil_softmin_errores_f4,0.0007486952585611931,0.3523707673913,0.2039604292274367,0.1923606382473778,0.2505594698753242
AS,New_AS_047.wav,C:\Users\armga\OneDrive\Escritorio\TFG\Programacion objetivo\Bases de Datos\AS_New_3주기\New_AS_047.wav,perfil_softmin_errores_f4,0.0005103579569231814,0.3549098707849715,0.19824916758577077,0.2113855882700206,0.23494501540231402
AS,New_AS_048.wav,C:\Users\armga\OneDrive\Escritorio\TFG\Programacion objetivo\Bases de Datos\AS_New_3주기\New_AS_048.wav,perfil_softmin_errores_f4,0.0005577308066914998,0.3884699813066347,0.19959609982567877,0.1893395287250208,0.22203665933597422
AS,New_AS_049.wav,C:\Users\armga\OneDrive\Escritorio\TFG\Programacion objetivo\Bases de Datos\AS_New_3주기\New_AS_049.wav,perfil_softmin_errores_f4,0.0037844444891720085,0.199758614114547,0.21472190349323897,0.4044069993278305,0.1773280385752116
AS,New_AS_050.wav,C:\Users\armga\OneDrive\Escritorio\TFG\Programacion objetivo\Bases de Datos\AS_New_3주기\New_AS_050.wav,perfil_softmin_errores_f4,0.008685077740928979,0.05836735424973073,0.20177521200717194,0.6087304290831863,0.12244192691898208
AS,New_AS_051.wav,C:\Users\armga\OneDrive\Escritorio\TFG\Programacion objetivo\Bases de Datos\AS_New_3주기\New_AS_051.wav,perfil_softmin_errores_f4,0.023869051247803315,0.1518890592551574,0.19303467622809345,0.4473615471601922,0.18384566610875352
AS,New_AS_052.wav,C:\Users\armga\OneDrive\Escritorio\TFG\Programacion objetivo\Bases de Datos\AS_New_3주기\New_AS_052.wav,perfil_softmin_errores_f4,0.02246572952928558,0.10975075919663815,0.19329758910730288,0.49306643440056347,0.18141948776620997
AS,New_AS_053.wav,C:\Users\armga\OneDrive\Escritorio\TFG\Programacion objetivo\Bases de Datos\AS_New_3주기\New_AS_053.wav,perfil_softmin_errores_f4,0.007524262046520786,0.045874407127587336,0.19759544854507874,0.6361612114616718,0.1128446708191413
AS,New_AS_054.wav,C:\Users\armga\OneDrive\Escritorio\TFG\Programacion objetivo\Bases de Datos\AS_New_3주기\New_AS_054.wav,perfil_softmin_errores_f4,0.013169658923909158,0.15882351038050088,0.21502390439454416,0.45764355167008836,0.15533937463095748
AS,New_AS_055.wav,C:\Users\armga\OneDrive\Escritorio\TFG\Programacion objetivo\Bases de Datos\AS_New_3주기\New_AS_055.wav,perfil_softmin_errores_f4,0.014461341930288335,0.14457382914051836,0.17433583142257883,0.4469572561227518,0.21967174138386267
AS,New_AS_056.wav,C:\Users\armga\OneDrive\Escritorio\TFG\Programacion objetivo\Bases de Datos\AS_New_3주기\New_AS_056.wav,perfil_softmin_errores_f4,0.012271185113083338,0.06941244279672461,0.1803449256681952,0.5833492339260242,0.15462221249597274
AS,New_AS_057.wav,C:\Users\armga\OneDrive\Escritorio\TFG\Programacion objetivo\Bases de Datos\AS_New_3주기\New_AS_057.wav,perfil_softmin_errores_f4,0.008124158461922064,0.15204113507165495,0.22677133078210088,0.45898251683910185,0.15408085884522024
AS,New_AS_058.wav,C:\Users\armga\OneDrive\Escritorio\TFG\Programacion objetivo\Bases de Datos\AS_New_3주기\New_AS_058.wav,perfil_softmin_errores_f4,0.00994155843292895,0.1660791567513671,0.23592793307358076,0.4339716611778083,0.15407969056431486
AS,New_AS_059.wav,C:\Users\armga\OneDrive\Escritorio\TFG\Programacion objetivo\Bases de Datos\AS_New_3주기\New_AS_059.wav,perfil_softmin_errores_f4,0.0142186832881805,0.06543419927908486,0.16862356485247987,0.6043231596571735,0.14740039292308119
AS,New_AS_060.wav,C:\Users\armga\OneDrive\Escritorio\TFG\Programacion objetivo\Bases de Datos\AS_New_3주기\New_AS_060.wav,perfil_softmin_errores_f4,0.03749050969915668,0.10752212075530612,0.180348329012735,0.496219141851503,0.1784198986812992
AS,New_AS_061.wav,C:\Users\armga\OneDrive\Escritorio\TFG\Programacion objetivo\Bases de Datos\AS_New_3주기\New_AS_061.wav,perfil_softmin_errores_f4,0.005813045064536501,0.10561315442978886,0.24260003506479566,0.5246448173090072,0.12132894813187181
AS,New_AS_062.wav,C:\Users\armga\OneDrive\Escritorio\TFG\Programacion objetivo\Bases de Datos\AS_New_3주기\New_AS_062.wav,perfil_softmin_errores_f4,0.003694788597779351,0.12027199053728833,0.26000109446270436,0.470332005360759,0.14570012104146896
AS,New_AS_063.wav,C:\Users\armga\OneDrive\Escritorio\TFG\Programacion objetivo\Bases de Datos\AS_New_3주기\New_AS_063.wav,perfil_softmin_errores_f4,0.03934138023141712,0.05726824854215236,0.16280972691279597,0.5885742057887983,0.15200643852483636
AS,New_AS_064.wav,C:\Users\armga\OneDrive\Escritorio\TFG\Programacion objetivo\Bases de Datos\AS_New_3주기\New_AS_064.wav,perfil_softmin_errores_f4,0.026776887463759325,0.10369616837159532,0.18506007571598757,0.4928004644266932,0.19166640402196458
AS,New_AS_065.wav,C:\Users\armga\OneDrive\Escritorio\TFG\Programacion objetivo\Bases de Datos\AS_New_3주기\New_AS_065.wav,perfil_softmin_errores_f4,0.0023997986633186525,0.19951670304071928,0.1839604373658796,0.44701289417947365,0.1671101667506088
AS,New_AS_066.wav,C:\Users\armga\OneDrive\Escritorio\TFG\Programacion objetivo\Bases de Datos\AS_New_3주기\New_AS_066.wav,perfil_softmin_errores_f4,0.026645348124255022,0.13537745564054704,0.19713389979118154,0.45090940711916694,0.18993388932484948
AS,New_AS_067.wav,C:\Users\armga\OneDrive\Escritorio\TFG\Programacion objetivo\Bases de Datos\AS_New_3주기\New_AS_067.wav,perfil_softmin_errores_f4,0.008955796511343832,0.14934269646553242,0.2188083102311416,0.4402466163946477,0.1826465803973344
AS,New_AS_068.wav,C:\Users\armga\OneDrive\Escritorio\TFG\Programacion objetivo\Bases de Datos\AS_New_3주기\New_AS_068.wav,perfil_softmin_errores_f4,0.02191005034116877,0.09471907244705606,0.1655151719338206,0.5203188320489041,0.19753687322905042
AS,New_AS_069.wav,C:\Users\armga\OneDrive\Escritorio\TFG\Programacion objetivo\Bases de Datos\AS_New_3주기\New_AS_069.wav,perfil_softmin_errores_f4,0.012512019318048212,0.2189123992527491,0.18091101111333271,0.3683062804183881,0.2193582898974819
AS,New_AS_070.wav,C:\Users\armga\OneDrive\Escritorio\TFG\Programacion objetivo\Bases de Datos\AS_New_3주기\New_AS_070.wav,perfil_softmin_errores_f4,0.004511447985490014,0.07325695723569317,0.24826522797881911,0.5741229167498639,0.09984345005013381
AS,New_AS_071.wav,C:\Users\armga\OneDrive\Escritorio\TFG\Programacion objetivo\Bases de Datos\AS_New_3주기\New_AS_071.wav,perfil_softmin_errores_f4,0.0077807462294862805,0.19099841864601314,0.2280583491696325,0.4071769248305224,0.1659855611243458
AS,New_AS_072.wav,C:\Users\armga\OneDrive\Escritorio\TFG\Programacion objetivo\Bases de Datos\AS_New_3주기\New_AS_072.wav,perfil_softmin_errores_f4,0.011540214979971543,0.16037918234991827,0.17918328422765128,0.4812581926401192,0.16763912580233975
AS,New_AS_073.wav,C:\Users\armga\OneDrive\Escritorio\TFG\Programacion objetivo\Bases de Datos\AS_New_3주기\New_AS_073.wav,perfil_softmin_errores_f4,0.00569394419748194,0.21487680533405068,0.19478731740298208,0.38542624312125734,0.19921568994422806
AS,New_AS_074.wav,C:\Users\armga\OneDrive\Escritorio\TFG\Programacion objetivo\Bases de Datos\AS_New_3주기\New_AS_074.wav,perfil_softmin_errores_f4,0.015078153971855704,0.09961820638008322,0.1875952953014282,0.5120774172548466,0.1856309270917863
AS,New_AS_075.wav,C:\Users\armga\OneDrive\Escritorio\TFG\Programacion objetivo\Bases de Datos\AS_New_3주기\New_AS_075.wav,perfil_softmin_errores_f4,0.007480215550806392,0.2088719042684839,0.16371212882606406,0.4019492267166347,0.21798652463801088
AS,New_AS_076.wav,C:\Users\armga\OneDrive\Escritorio\TFG\Programacion objetivo\Bases de Datos\AS_New_3주기\New_AS_076.wav,perfil_softmin_errores_f4,0.020623052563818856,0.16056050742692093,0.18855648402971942,0.4762264195684756,0.15403353641106513
AS,New_AS_077.wav,C:\Users\armga\OneDrive\Escritorio\TFG\Programacion objetivo\Bases de Datos\AS_New_3주기\New_AS_077.wav,perfil_softmin_errores_f4,0.0007069528813156201,0.34445491172358017,0.23202030395152295,0.1962894003674727,0.22652843107610857
AS,New_AS_078.wav,C:\Users\armga\OneDrive\Escritorio\TFG\Programacion objetivo\Bases de Datos\AS_New_3주기\New_AS_078.wav,perfil_softmin_errores_f4,0.0006528260483982962,0.3789989973367017,0.1882601428054565,0.189700032540462,0.24238800126898152
AS,New_AS_079.wav,C:\Users\armga\OneDrive\Escritorio\TFG\Programacion objetivo\Bases de Datos\AS_New_3주기\New_AS_079.wav,perfil_softmin_errores_f4,0.0005197740974524159,0.3901145381389504,0.19762574291366392,0.18634290320492206,0.2253970416450112
AS,New_AS_080.wav,C:\Users\armga\OneDrive\Escritorio\TFG\Programacion objetivo\Bases de Datos\AS_New_3주기\New_AS_080.wav,perfil_softmin_errores_f4,0.0005961765153776899,0.36126596973023795,0.20667256101967568,0.21228951781789346,0.2191757749168154
AS,New_AS_081.wav,C:\Users\armga\OneDrive\Escritorio\TFG\Programacion objetivo\Bases de Datos\AS_New_3주기\New_AS_081.wav,perfil_softmin_errores_f4,0.0007299747140250676,0.3466091991025251,0.2087002401582725,0.21758849329099555,0.22637209273418174
AS,New_AS_082.wav,C:\Users\armga\OneDrive\Escritorio\TFG\Programacion objetivo\Bases de Datos\AS_New_3주기\New_AS_082.wav,perfil_softmin_errores_f4,0.00024125983280630164,0.37941035991220107,0.20699852947438646,0.18184313146226452,0.2315067193183417
AS,New_AS_083.wav,C:\Users\armga\OneDrive\Escritorio\TFG\Programacion objetivo\Bases de Datos\AS_New_3주기\New_AS_083.wav,perfil_softmin_errores_f4,0.001220176963336168,0.3251382612035552,0.23759766594973275,0.21918534534622244,0.21685855053715333
AS,New_AS_084.wav,C:\Users\armga\OneDrive\Escritorio\TFG\Programacion objetivo\Bases de Datos\AS_New_3주기\New_AS_084.wav,perfil_softmin_errores_f4,0.0007685481222692281,0.3704764745959281,0.19760051623109953,0.17868870641866452,0.25246575463203863
AS,New_AS_085.wav,C:\Users\armga\OneDrive\Escritorio\TFG\Programacion objetivo\Bases de Datos\AS_New_3주기\New_AS_085.wav,perfil_softmin_errores_f4,0.00046821269263174446,0.38104811106484116,0.19750097732328675,0.199046393016583,0.2219363059026574
AS,New_AS_086.wav,C:\Users\armga\OneDrive\Escritorio\TFG\Programacion objetivo\Bases de Datos\AS_New_3주기\New_AS_086.wav,perfil_softmin_errores_f4,0.0007568843769147981,0.3820046128112778,0.2142196157810547,0.17985060634303685,0.22316828068771583
AS,New_AS_087.wav,C:\Users\armga\OneDrive\Escritorio\TFG\Programacion objetivo\Bases de Datos\AS_New_3주기\New_AS_087.wav,perfil_softmin_errores_f4,0.00033351978107920306,0.41792414153646423,0.18864330309041752,0.1665072415364602,0.22659179405557886
AS,New_AS_088.wav,C:\Users\armga\OneDrive\Escritorio\TFG\Programacion objetivo\Bases de Datos\AS_New_3주기\New_AS_088.wav,perfil_softmin_errores_f4,0.000310528505614067,0.34296557362918056,0.18968079194125456,0.21550160332577115,0.25154150259817976
AS,New_AS_089.wav,C:\Users\armga\OneDrive\Escritorio\TFG\Programacion objetivo\Bases de Datos\AS_New_3주기\New_AS_089.wav,perfil_softmin_errores_f4,0.0003077280396334545,0.35076658129885485,0.186228027862566,0.21705394343314194,0.2456437193658036
AS,New_AS_090.wav,C:\Users\armga\OneDrive\Escritorio\TFG\Programacion objetivo\Bases de Datos\AS_New_3주기\New_AS_090.wav,perfil_softmin_errores_f4,0.000732287307979518,0.3551689758582319,0.17817565013187242,0.2292104956738311,0.2367125910280852
AS,New_AS_091.wav,C:\Users\armga\OneDrive\Escritorio\TFG\Programacion objetivo\Bases de Datos\AS_New_3주기\New_AS_091.wav,perfil_softmin_errores_f4,0.0006549574792709283,0.3550289538710058,0.19773354464710532,0.18726086419647744,0.25932167980614046
AS,New_AS_092.wav,C:\Users\armga\OneDrive\Escritorio\TFG\Programacion objetivo\Bases de Datos\AS_New_3주기\New_AS_092.wav,perfil_softmin_errores_f4,0.0004945144962883211,0.36459443361888483,0.20373705633461145,0.18399803623246222,0.2471759593177532
AS,New_AS_093.wav,C:\Users\armga\OneDrive\Escritorio\TFG\Programacion objetivo\Bases de Datos\AS_New_3주기\New_AS_093.wav,perfil_softmin_errores_f4,0.0007435635359933559,0.35276988649634217,0.20116944568927894,0.21226147032498593,0.23305563395339957
AS,New_AS_094.wav,C:\Users\armga\OneDrive\Escritorio\TFG\Programacion objetivo\Bases de Datos\AS_New_3주기\New_AS_094.wav,perfil_softmin_errores_f4,0.0006956804865325974,0.35095198831343716,0.21893407775936102,0.19003518356765328,0.23938306987301594
AS,New_AS_095.wav,C:\Users\armga\OneDrive\Escritorio\TFG\Programacion objetivo\Bases de Datos\AS_New_3주기\New_AS_095.wav,perfil_softmin_errores_f4,0.0013903457759504724,0.3645739132645163,0.19651956634753817,0.20560942657764514,0.23190674803435002
AS,New_AS_096.wav,C:\Users\armga\OneDrive\Escritorio\TFG\Programacion objetivo\Bases de Datos\AS_New_3주기\New_AS_096.wav,perfil_softmin_errores_f4,0.0007751475697200186,0.3967219145248265,0.18798376202450479,0.18186866067339563,0.2326505152075531
AS,New_AS_097.wav,C:\Users\armga\OneDrive\Escritorio\TFG\Programacion objetivo\Bases de Datos\AS_New_3주기\New_AS_097.wav,perfil_softmin_errores_f4,0.00032613427074300945,0.39105892375213575,0.19037253423698408,0.15924586076763417,0.25899654697250296
AS,New_AS_098.wav,C:\Users\armga\OneDrive\Escritorio\TFG\Programacion objetivo\Bases de Datos\AS_New_3주기\New_AS_098.wav,perfil_softmin_errores_f4,0.0004370579953153463,0.34360456441349013,0.2023368541543035,0.1795679977055129,0.2740535257313781
AS,New_AS_099.wav,C:\Users\armga\OneDrive\Escritorio\TFG\Programacion objetivo\Bases de Datos\AS_New_3주기\New_AS_099.wav,perfil_softmin_errores_f4,0.0007249776394727188,0.37792317215093585,0.20723811878191994,0.21113466822028987,0.20297906320738168
AS,New_AS_100.wav,C:\Users\armga\OneDrive\Escritorio\TFG\Programacion objetivo\Bases de Datos\AS_New_3주기\New_AS_100.wav,perfil_softmin_errores_f4,0.0005663885178218908,0.36762334399555197,0.21630500783694756,0.17435688003373523,0.2411483796159434
AS,New_AS_101.wav,C:\Users\armga\OneDrive\Escritorio\TFG\Programacion objetivo\Bases de Datos\AS_New_3주기\New_AS_101.wav,perfil_softmin_errores_f4,0.0006046793054669965,0.37244317414417855,0.21179015856823513,0.19612660564587692,0.21903538233624245
AS,New_AS_102.wav,C:\Users\armga\OneDrive\Escritorio\TFG\Programacion objetivo\Bases de Datos\AS_New_3주기\New_AS_102.wav,perfil_softmin_errores_f4,0.0007122830433629744,0.35398895343909537,0.23010352631412778,0.1844743336317171,0.23072090357169675
AS,New_AS_103.wav,C:\Users\armga\OneDrive\Escritorio\TFG\Programacion objetivo\Bases de Datos\AS_New_3주기\New_AS_103.wav,perfil_softmin_errores_f4,0.0008377728146993057,0.35797268505811497,0.20357617664891509,0.20239503877022455,0.2352183267080462
AS,New_AS_104.wav,C:\Users\armga\OneDrive\Escritorio\TFG\Programacion objetivo\Bases de Datos\AS_New_3주기\New_AS_104.wav,perfil_softmin_errores_f4,0.0004172327444873069,0.374073549871944,0.19193439055699832,0.2093334606898896,0.22424136613668075
AS,New_AS_105.wav,C:\Users\armga\OneDrive\Escritorio\TFG\Programacion objetivo\Bases de Datos\AS_New_3주기\New_AS_105.wav,perfil_softmin_errores_f4,0.000661441185232108,0.3537417376915778,0.20781121603329816,0.1914722328938946,0.24631337219599736
AS,New_AS_106.wav,C:\Users\armga\OneDrive\Escritorio\TFG\Programacion objetivo\Bases de Datos\AS_New_3주기\New_AS_106.wav,perfil_softmin_errores_f4,0.0005850586701004772,0.3547449288592905,0.21297874924813995,0.16782629141318883,0.2638649718092804
AS,New_AS_107.wav,C:\Users\armga\OneDrive\Escritorio\TFG\Programacion objetivo\Bases de Datos\AS_New_3주기\New_AS_107.wav,perfil_softmin_errores_f4,0.0003082711367166118,0.35758144461655844,0.19591483141429425,0.19711493889829704,0.2490805139341338
AS,New_AS_108.wav,C:\Users\armga\OneDrive\Escritorio\TFG\Programacion objetivo\Bases de Datos\AS_New_3주기\New_AS_108.wav,perfil_softmin_errores_f4,0.0007527592845020963,0.33044462236345484,0.21129231090471398,0.2111939815455159,0.24631632590181324
AS,New_AS_109.wav,C:\Users\armga\OneDrive\Escritorio\TFG\Programacion objetivo\Bases de Datos\AS_New_3주기\New_AS_109.wav,perfil_softmin_errores_f4,0.0008248486079614498,0.34558327640623976,0.18804452470973937,0.23891365309922188,0.2266336971768376
AS,New_AS_110.wav,C:\Users\armga\OneDrive\Escritorio\TFG\Programacion objetivo\Bases de Datos\AS_New_3주기\New_AS_110.wav,perfil_softmin_errores_f4,0.00034237290168537575,0.3730290330739364,0.19686895997483342,0.18951194064497565,0.240247693404569
AS,New_AS_111.wav,C:\Users\armga\OneDrive\Escritorio\TFG\Programacion objetivo\Bases de Datos\AS_New_3주기\New_AS_111.wav,perfil_softmin_errores_f4,0.00030472130860612117,0.39903706221096175,0.13168725710696827,0.16746481169982336,0.3015061476736405
AS,New_AS_112.wav,C:\Users\armga\OneDrive\Escritorio\TFG\Programacion objetivo\Bases de Datos\AS_New_3주기\New_AS_112.wav,perfil_softmin_errores_f4,0.00015427926923707795,0.44004845010112115,0.11751726547268634,0.1250862232966773,0.31719378186027813
AS,New_AS_113.wav,C:\Users\armga\OneDrive\Escritorio\TFG\Programacion objetivo\Bases de Datos\AS_New_3주기\New_AS_113.wav,perfil_softmin_errores_f4,0.0005113429103632082,0.4226072381853859,0.1414958899155724,0.14129756117514905,0.2940879678135294
AS,New_AS_114.wav,C:\Users\armga\OneDrive\Escritorio\TFG\Programacion objetivo\Bases de Datos\AS_New_3주기\New_AS_114.wav,perfil_softmin_errores_f4,0.00029748645261762493,0.4205955126943493,0.11156375858105246,0.1473386888694848,0.32020455340249576
AS,New_AS_115.wav,C:\Users\armga\OneDrive\Escritorio\TFG\Programacion objetivo\Bases de Datos\AS_New_3주기\New_AS_115.wav,perfil_softmin_errores_f4,0.0006893226303506848,0.3597242216958135,0.215375114590682,0.19321219034737908,0.23099915073577468
AS,New_AS_116.wav,C:\Users\armga\OneDrive\Escritorio\TFG\Programacion objetivo\Bases de Datos\AS_New_3주기\New_AS_116.wav,perfil_softmin_errores_f4,0.0004372760783996469,0.3313765664688291,0.22189588820748554,0.21623681516967555,0.23005345407561004
AS,New_AS_117.wav,C:\Users\armga\OneDrive\Escritorio\TFG\Programacion objetivo\Bases de Datos\AS_New_3주기\New_AS_117.wav,perfil_softmin_errores_f4,0.0003615503970263741,0.3575366370227455,0.19077934719017667,0.2144924095536112,0.23683005583644018
AS,New_AS_118.wav,C:\Users\armga\OneDrive\Escritorio\TFG\Programacion objetivo\Bases de Datos\AS_New_3주기\New_AS_118.wav,perfil_softmin_errores_f4,0.0004730097772746283,0.36791462347921866,0.1969046982499802,0.21932713557863084,0.21538053291489553
AS,New_AS_119.wav,C:\Users\armga\OneDrive\Escritorio\TFG\Programacion objetivo\Bases de Datos\AS_New_3주기\New_AS_119.wav,perfil_softmin_errores_f4,0.0005514231958587975,0.37705909969616996,0.1848390758787922,0.1694235971032094,0.26812680412596956
AS,New_AS_120.wav,C:\Users\armga\OneDrive\Escritorio\TFG\Programacion objetivo\Bases de Datos\AS_New_3주기\New_AS_120.wav,perfil_softmin_errores_f4,0.0006129067068189694,0.3780253583014575,0.18821135232031866,0.17095635338225604,0.26219402928914887
AS,New_AS_121.wav,C:\Users\armga\OneDrive\Escritorio\TFG\Programacion objetivo\Bases de Datos\AS_New_3주기\New_AS_121.wav,perfil_softmin_errores_f4,0.0005490192746492631,0.35740372677458965,0.217290267005002,0.194216059831252,0.23054092711450713
AS,New_AS_122.wav,C:\Users\armga\OneDrive\Escritorio\TFG\Programacion objetivo\Bases de Datos\AS_New_3주기\New_AS_122.wav,perfil_softmin_errores_f4,0.000711478988944438,0.3541535468068846,0.2421312497829422,0.18068303908437117,0.22232068533685764
AS,New_AS_123.wav,C:\Users\armga\OneDrive\Escritorio\TFG\Programacion objetivo\Bases de Datos\AS_New_3주기\New_AS_123.wav,perfil_softmin_errores_f4,0.0005927079053877017,0.3336676032113389,0.25143008556293145,0.18428545636618687,0.23002414695415505
AS,New_AS_124.wav,C:\Users\armga\OneDrive\Escritorio\TFG\Programacion objetivo\Bases de Datos\AS_New_3주기\New_AS_124.wav,perfil_softmin_errores_f4,0.0004810789216015678,0.3886200727439906,0.1781263304695407,0.17629926334591775,0.25647325451894937
AS,New_AS_125.wav,C:\Users\armga\OneDrive\Escritorio\TFG\Programacion objetivo\Bases de Datos\AS_New_3주기\New_AS_125.wav,perfil_softmin_errores_f4,0.0005397721624836126,0.3528422180855107,0.19871463856425065,0.20706148359877707,0.24084188758897804
AS,New_AS_126.wav,C:\Users\armga\OneDrive\Escritorio\TFG\Programacion objetivo\Bases de Datos\AS_New_3주기\New_AS_126.wav,perfil_softmin_errores_f4,0.00038237438031627467,0.38953190017930084,0.2103584547591635,0.1847025605343479,0.2150247101468715
AS,New_AS_127.wav,C:\Users\armga\OneDrive\Escritorio\TFG\Programacion objetivo\Bases de Datos\AS_New_3주기\New_AS_127.wav,perfil_softmin_errores_f4,0.0007821798515024126,0.3785123020913388,0.21632859063951482,0.19768769498119293,0.20668923243645115
AS,New_AS_128.wav,C:\Users\armga\OneDrive\Escritorio\TFG\Programacion objetivo\Bases de Datos\AS_New_3주기\New_AS_128.wav,perfil_softmin_errores_f4,0.0006520432976646221,0.3637166969983052,0.21429265582956153,0.19931442934058682,0.22202417453388182
AS,New_AS_129.wav,C:\Users\armga\OneDrive\Escritorio\TFG\Programacion objetivo\Bases de Datos\AS_New_3주기\New_AS_129.wav,perfil_softmin_errores_f4,0.0005030407818128153,0.4216418089707485,0.4287291841707666,0.0078954444947235,0.14123052158194843
AS,New_AS_130.wav,C:\Users\armga\OneDrive\Escritorio\TFG\Programacion objetivo\Bases de Datos\AS_New_3주기\New_AS_130.wav,perfil_softmin_errores_f4,0.00038091138159709745,0.4279477244307956,0.4246387769605532,0.006535178855752653,0.14049740837130142
AS,New_AS_131.wav,C:\Users\armga\OneDrive\Escritorio\TFG\Programacion objetivo\Bases de Datos\AS_New_3주기\New_AS_131.wav,perfil_softmin_errores_f4,5.421955906144462e-05,0.4056806655105402,0.05638339891645117,0.37322353580062684,0.16465818021332035
AS,New_AS_132.wav,C:\Users\armga\OneDrive\Escritorio\TFG\Programacion objetivo\Bases de Datos\AS_New_3주기\New_AS_132.wav,perfil_softmin_errores_f4,0.017970255437570092,0.30167310836203654,0.09744775861870832,0.3471826394512885,0.23572623813039664
AS,New_AS_133.wav,C:\Users\armga\OneDrive\Escritorio\TFG\Programacion objetivo\Bases de Datos\AS_New_3주기\New_AS_133.wav,perfil_softmin_errores_f4,0.0005563238768381397,0.5641150623064204,0.40415867474728223,0.0039674870951309045,0.027202451974328287
AS,New_AS_134.wav,C:\Users\armga\OneDrive\Escritorio\TFG\Programacion objetivo\Bases de Datos\AS_New_3주기\New_AS_134.wav,perfil_softmin_errores_f4,0.0007778449861766829,0.3467599351638863,0.24121541140487568,0.20498851989229916,0.20625828855276226
AS,New_AS_135.wav,C:\Users\armga\OneDrive\Escritorio\TFG\Programacion objetivo\Bases de Datos\AS_New_3주기\New_AS_135.wav,perfil_softmin_errores_f4,0.0008621068642928393,0.5466483067873147,0.41850595761866327,0.004909096116121569,0.029074532613607786
AS,New_AS_136.wav,C:\Users\armga\OneDrive\Escritorio\TFG\Programacion objetivo\Bases de Datos\AS_New_3주기\New_AS_136.wav,perfil_softmin_errores_f4,0.0006707584721255327,0.4082073491274046,0.4352894400319745,0.008168316494843328,0.14766413587365204
AS,New_AS_137.wav,C:\Users\armga\OneDrive\Escritorio\TFG\Programacion objetivo\Bases de Datos\AS_New_3주기\New_AS_137.wav,perfil_softmin_errores_f4,0.000495968638604722,0.44402143625408974,0.44382514245825483,0.006454005478624247,0.10520344717042648
AS,New_AS_138.wav,C:\Users\armga\OneDrive\Escritorio\TFG\Programacion objetivo\Bases de Datos\AS_New_3주기\New_AS_138.wav,perfil_softmin_errores_f4,0.0005312907051959247,0.42451755165734817,0.4392600479781206,0.008705635070394267,0.12698547458894088
AS,New_AS_139.wav,C:\Users\armga\OneDrive\Escritorio\TFG\Programacion objetivo\Bases de Datos\AS_New_3주기\New_AS_139.wav,perfil_softmin_errores_f4,0.0003764493121562892,0.41757774426705363,0.48238476599516816,0.005204301868291872,0.09445673855733014
AS,New_AS_140.wav,C:\Users\armga\OneDrive\Escritorio\TFG\Programacion objetivo\Bases de Datos\AS_New_3주기\New_AS_140.wav,perfil_softmin_errores_f4,0.0005051162481244917,0.321511927269802,0.13746555290883045,0.22958219407753963,0.31093520949570336
AS,New_AS_141.wav,C:\Users\armga\OneDrive\Escritorio\TFG\Programacion objetivo\Bases de Datos\AS_New_3주기\New_AS_141.wav,perfil_softmin_errores_f4,0.0005814081760013786,0.331737827057285,0.14561856940927154,0.2163993668206295,0.3056628285368125
AS,New_AS_142.wav,C:\Users\armga\OneDrive\Escritorio\TFG\Programacion objetivo\Bases de Datos\AS_New_3주기\New_AS_142.wav,perfil_softmin_errores_f4,0.0002856825538423786,0.3581148493304242,0.14568050307057126,0.21274596023075848,0.28317300481440366
AS,New_AS_143.wav,C:\Users\armga\OneDrive\Escritorio\TFG\Programacion objetivo\Bases de Datos\AS_New_3주기\New_AS_143.wav,perfil_softmin_errores_f4,0.00012016433436996293,0.3830010893415823,0.14079387431677343,0.1687259038402553,0.307358968167019
AS,New_AS_144.wav,C:\Users\armga\OneDrive\Escritorio\TFG\Programacion objetivo\Bases de Datos\AS_New_3주기\New_AS_144.wav,perfil_softmin_errores_f4,0.0002520115396655861,0.460260994128941,0.21016034105706483,0.10112332573685823,0.22820332753747033
AS,New_AS_145.wav,C:\Users\armga\OneDrive\Escritorio\TFG\Programacion objetivo\Bases de Datos\AS_New_3주기\New_AS_145.wav,perfil_softmin_errores_f4,0.00038673635729778385,0.4580783839600899,0.20252724201800887,0.11028478055022507,0.22872285711437831
AS,New_AS_146.wav,C:\Users\armga\OneDrive\Escritorio\TFG\Programacion objetivo\Bases de Datos\AS_New_3주기\New_AS_146.wav,perfil_softmin_errores_f4,0.0002682889694054174,0.4830045344226637,0.20486962064268469,0.09425548132880031,0.2176020746364458
AS,New_AS_147.wav,C:\Users\armga\OneDrive\Escritorio\TFG\Programacion objetivo\Bases de Datos\AS_New_3주기\New_AS_147.wav,perfil_softmin_errores_f4,0.0002372725146760983,0.4805793630442695,0.2079539526606732,0.0873231222944887,0.2239062894858924
AS,New_AS_148.wav,C:\Users\armga\OneDrive\Escritorio\TFG\Programacion objetivo\Bases de Datos\AS_New_3주기\New_AS_148.wav,perfil_softmin_errores_f4,0.0004483496873951696,0.44685478756457836,0.20694371954255983,0.11513265632104625,0.23062048688442036
AS,New_AS_149.wav,C:\Users\armga\OneDrive\Escritorio\TFG\Programacion objetivo\Bases de Datos\AS_New_3주기\New_AS_149.wav,perfil_softmin_errores_f4,0.0006950902049246441,0.40654768381637535,0.22468271962328704,0.12598055427306667,0.24209395208234624
AS,New_AS_150.wav,C:\Users\armga\OneDrive\Escritorio\TFG\Programacion objetivo\Bases de Datos\AS_New_3주기\New_AS_150.wav,perfil_softmin_errores_f4,0.00023545363784772198,0.4696936847045227,0.21773483637874194,0.09719578197908035,0.21514024329980716
AS,New_AS_151.wav,C:\Users\armga\OneDrive\Escritorio\TFG\Programacion objetivo\Bases de Datos\AS_New_3주기\New_AS_151.wav,perfil_softmin_errores_f4,0.0006617672088388841,0.46156544185432025,0.2098140069191366,0.10102362526145653,0.22693515875624778
AS,New_AS_152.wav,C:\Users\armga\OneDrive\Escritorio\TFG\Programacion objetivo\Bases de Datos\AS_New_3주기\New_AS_152.wav,perfil_softmin_errores_f4,0.0012420049614545684,0.42140327848471115,0.3096152833499053,0.03874909198781467,0.22899034121611428
AS,New_AS_153.wav,C:\Users\armga\OneDrive\Escritorio\TFG\Programacion objetivo\Bases de Datos\AS_New_3주기\New_AS_153.wav,perfil_softmin_errores_f4,0.0005417416592704506,0.4407452158570532,0.30106463771599995,0.034088219183761974,0.2235601855839144
AS,New_AS_154.wav,C:\Users\armga\OneDrive\Escritorio\TFG\Programacion objetivo\Bases de Datos\AS_New_3주기\New_AS_154.wav,perfil_softmin_errores_f4,0.0012689137932715684,0.40691715854769894,0.30934952398574267,0.04243659108917955,0.24002781258410716
AS,New_AS_155.wav,C:\Users\armga\OneDrive\Escritorio\TFG\Programacion objetivo\Bases de Datos\AS_New_3주기\New_AS_155.wav,perfil_softmin_errores_f4,0.0006495414200222552,0.44436702009726636,0.28316316180554246,0.03513215822215274,0.2366881184550163
AS,New_AS_156.wav,C:\Users\armga\OneDrive\Escritorio\TFG\Programacion objetivo\Bases de Datos\AS_New_3주기\New_AS_156.wav,perfil_softmin_errores_f4,0.000601941563962475,0.4189898441234773,0.41951390868997784,0.007728700295709452,0.15316560532687268
AS,New_AS_157.wav,C:\Users\armga\OneDrive\Escritorio\TFG\Programacion objetivo\Bases de Datos\AS_New_3주기\New_AS_157.wav,perfil_softmin_errores_f4,0.0004427124670100109,0.4627328074822383,0.4344646017959383,0.006048366491842124,0.09631151176297131
AS,New_AS_158.wav,C:\Users\armga\OneDrive\Escritorio\TFG\Programacion objetivo\Bases de Datos\AS_New_3주기\New_AS_158.wav,perfil_softmin_errores_f4,0.00043582544099995236,0.43634009530111456,0.4273927024964575,0.008031957011580491,0.12779941974984743
AS,New_AS_159.wav,C:\Users\armga\OneDrive\Escritorio\TFG\Programacion objetivo\Bases de Datos\AS_New_3주기\New_AS_159.wav,perfil_softmin_errores_f4,0.00033025469027697033,0.4370755798228943,0.46581931416457384,0.004638944220870066,0.09213590710138495
AS,New_AS_160.wav,C:\Users\armga\OneDrive\Escritorio\TFG\Programacion objetivo\Bases de Datos\AS_New_3주기\New_AS_160.wav,perfil_softmin_errores_f4,0.0004574004714251101,0.4312712179592216,0.41271892704391483,0.006733508567161457,0.1488189459582771
AS,New_AS_161.wav,C:\Users\armga\OneDrive\Escritorio\TFG\Programacion objetivo\Bases de Datos\AS_New_3주기\New_AS_161.wav,perfil_softmin_errores_f4,0.0003025897565337892,0.4516568070233434,0.43185097636225284,0.004994193336160352,0.1111954335217097
