clase,archivo,ruta,variante_deep_onmf,F_001,F_002,F_003,F_004,F_005
AS,New_AS_001.wav,C:\Users\armga\OneDrive\Escritorio\TFG\Programacion objetivo\Bases de Datos\AS_New_3주기\New_AS_001.wav,perfil_softmin_errores_f4,9.181572416842472e-05,0.34127414685840396,0.2301384912153607,0.22887765696346635,0.1996178892386006
AS,New_AS_002.wav,C:\Users\armga\OneDrive\Escritorio\TFG\Programacion objetivo\Bases de Datos\AS_New_3주기\New_AS_002.wav,perfil_softmin_errores_f4,5.510799297238749e-05,0.40421797424029665,0.18552515606021713,0.2148469393106745,0.19535482239583923
AS,New_AS_003.wav,C:\Users\armga\OneDrive\Escritorio\TFG\Programacion objetivo\Bases de Datos\AS_New_3주기\New_AS_003.wav,perfil_softmin_errores_f4,2.08460026125111e-05,0.39806672312458086,0.19103837231088092,0.19587794602812228,0.2149961125338035
AS,New_AS_004.wav,C:\Users\armga\OneDrive\Escritorio\TFG\Programacion objetivo\Bases de Datos\AS_New_3주기\New_AS_004.wav,perfil_softmin_errores_f4,3.789491149779224e-05,0.37267577477830605,0.19887568126105226,0.19962269984607534,0.2287879492030685
AS,New_AS_005.wav,C:\Users\armga\OneDrive\Escritorio\TFG\Programacion objetivo\Bases de Datos\AS_New_3주기\New_AS_005.wav,perfil_softmin_errores_f4,6.3914796709552e-05,0.3726635659151137,0.17836974707434203,0.23870899023728273,0.210193781976552
AS,New_AS_006.wav,C:\Users\armga\OneDrive\Escritorio\TFG\Programacion objetivo\Bases de Datos\AS_New_3주기\New_AS_006.wav,perfil_softmin_errores_f4,1.8291290338242202e-05,0.37992595955865344,0.22347397922335419,0.20479604375575888,0.1917857261718952
AS,New_AS_007.wav,C:\Users\armga\OneDrive\Escritorio\TFG\Programacion objetivo\Bases de Datos\AS_New_3주기\New_AS_007.wav,perfil_softmin_errores_f4,5.994407129371413e-05,0.32725493988891935,0.22851508175197421,0.23314589506632036,0.21102413922149227
AS,New_AS_008.wav,C:\Users\armga\OneDrive\Escritorio\TFG\Programacion objetivo\Bases de Datos\AS_New_3주기\New_AS_008.wav,perfil_softmin_errores_f4,2.545743198916557e-05,0.40098433721653576,0.1798666867849565,0.24156673888404084,0.1775567796824779
AS,New_AS_009.wav,C:\Users\armga\OneDrive\Escritorio\TFG\Programacion objetivo\Bases de Datos\AS_New_3주기\New_AS_009.wav,perfil_softmin_errores_f4,3.740029208161057e-05,0.401512967829502,0.19779766973268106,0.22413519950355518,0.17651676264218008
AS,New_AS_010.wav,C:\Users\armga\OneDrive\Escritorio\TFG\Programacion objetivo\Bases de Datos\AS_New_3주기\New_AS_010.wav,perfil_softmin_errores_f4,4.425581107497462e-05,0.35929589246022575,0.2008495152378703,0.23693157584491684,0.2028787606459123
AS,New_AS_011.wav,C:\Users\armga\OneDrive\Escritorio\TFG\Programacion objetivo\Bases de Datos\AS_New_3주기\New_AS_011.wav,perfil_softmin_errores_f4,2.6222674515534577e-05,0.4027169352987978,0.20080558406411228,0.22147908769167832,0.17497217027089598
AS,New_AS_012.wav,C:\Users\armga\OneDrive\Escritorio\TFG\Programacion objetivo\Bases de Datos\AS_New_3주기\New_AS_012.wav,perfil_softmin_errores_f4,2.9839966942124457e-05,0.3570639055612013,0.23328851479285367,0.22722944598059747,0.18238829369840537
AS,New_AS_013.wav,C:\Users\armga\OneDrive\Escritorio\TFG\Programacion objetivo\Bases de Datos\AS_New_3주기\New_AS_013.wav,perfil_softmin_errores_f4,4.26226209940168e-05,0.36218598494937054,0.22495150569344086,0.22447338446484577,0.18834650227134883
AS,New_AS_014.wav,C:\Users\armga\OneDrive\Escritorio\TFG\Programacion objetivo\Bases de Datos\AS_New_3주기\New_AS_014.wav,perfil_softmin_errores_f4,2.5371712353081645e-05,0.40201462607192173,0.17984592903344832,0.21776459275845284,0.200349480423824
AS,New_AS_015.wav,C:\Users\armga\OneDrive\Escritorio\TFG\Programacion objetivo\Bases de Datos\AS_New_3주기\New_AS_015.wav,perfil_softmin_errores_f4,5.963356669302534e-05,0.3786988370495202,0.19473460592009986,0.20830976573122098,0.21819715773246595
AS,New_AS_016.wav,C:\Users\armga\OneDrive\Escritorio\TFG\Programacion objetivo\Bases de Datos\AS_New_3주기\New_AS_016.wav,perfil_softmin_errores_f4,3.8218948548586464e-05,0.40470926427738085,0.1832539913923708,0.22439289121224879,0.18760563416945092
AS,New_AS_017.wav,C:\Users\armga\OneDrive\Escritorio\TFG\Programacion objetivo\Bases de Datos\AS_New_3주기\New_AS_017.wav,perfil_softmin_errores_f4,5.468505709772148e-05,0.38261549652793087,0.1812734951768504,0.24801263530574078,0.18804368793238022
AS,New_AS_018.wav,C:\Users\armga\OneDrive\Escritorio\TFG\Programacion objetivo\Bases de Datos\AS_New_3주기\New_AS_018.wav,perfil_softmin_errores_f4,4.3761930510939565e-05,0.3886168317902923,0.21464156613021376,0.2117846920933607,0.1849131480556222
AS,New_AS_019.wav,C:\Users\armga\OneDrive\Escritorio\TFG\Programacion objetivo\Bases de Datos\AS_New_3주기\New_AS_019.wav,perfil_softmin_errores_f4,2.9762536719686402e-05,0.35620414646663995,0.22409197340133188,0.22344913751944864,0.19622498007585976
AS,New_AS_020.wav,C:\Users\armga\OneDrive\Escritorio\TFG\Programacion objetivo\Bases de Datos\AS_New_3주기\New_AS_020.wav,perfil_softmin_errores_f4,3.8672473164872936e-05,0.39167604729324695,0.17451725443461497,0.23121999794035292,0.20254802785862025
AS,New_AS_021.wav,C:\Users\armga\OneDrive\Escritorio\TFG\Programacion objetivo\Bases de Datos\AS_New_3주기\New_AS_021.wav,perfil_softmin_errores_f4,7.02795876631278e-05,0.39283684441062855,0.1854628880408465,0.2387578984552438,0.18287208950561798
AS,New_AS_022.wav,C:\Users\armga\OneDrive\Escritorio\TFG\Programacion objetivo\Bases de Datos\AS_New_3주기\New_AS_022.wav,perfil_softmin_errores_f4,2.471195668488851e-05,0.38989704171801237,0.20397712049842054,0.20603689606295233,0.20006422976392982
AS,New_AS_023.wav,C:\Users\armga\OneDrive\Escritorio\TFG\Programacion objetivo\Bases de Datos\AS_New_3주기\New_AS_023.wav,perfil_softmin_errores_f4,7.412130582338412e-05,0.36812462932655804,0.22480349337680597,0.21635668620036738,0.19064106979044512
AS,New_AS_024.wav,C:\Users\armga\OneDrive\Escritorio\TFG\Programacion objetivo\Bases de Datos\AS_New_3주기\New_AS_024.wav,perfil_softmin_errores_f4,2.050266780966976e-05,0.3618399415256819,0.21859216492056735,0.22581348129377538,0.1937339095921657
AS,New_AS_025.wav,C:\Users\armga\OneDrive\Escritorio\TFG\Programacion objetivo\Bases de Datos\AS_New_3주기\New_AS_025.wav,perfil_softmin_errores_f4,3.586194537117427e-05,0.3572409827945738,0.21863635756967736,0.2129783245797614,0.21110847311061617
AS,New_AS_026.wav,C:\Users\armga\OneDrive\Escritorio\TFG\Programacion objetivo\Bases de Datos\AS_New_3주기\New_AS_026.wav,perfil_softmin_errores_f4,3.3485250571149864e-05,0.3810896544759536,0.16265709637979564,0.27533049358383405,0.18088927030984556
AS,New_AS_027.wav,C:\Users\armga\OneDrive\Escritorio\TFG\Programacion objetivo\Bases de Datos\AS_New_3주기\New_AS_027.wav,perfil_softmin_errores_f4,3.057839749281071e-05,0.38322226705459195,0.18634630403541924,0.2386641412975897,0.19173670921490626
AS,New_AS_028.wav,C:\Users\armga\OneDrive\Escritorio\TFG\Programacion objetivo\Bases de Datos\AS_New_3주기\New_AS_028.wav,perfil_softmin_errores_f4,5.893272561378654e-05,0.3531763915733412,0.21198935471710287,0.23773419570815027,0.19704112527579196
AS,New_AS_029.wav,C:\Users\armga\OneDrive\Escritorio\TFG\Programacion objetivo\Bases de Datos\AS_New_3주기\New_AS_029.wav,perfil_softmin_errores_f4,5.951688463014818e-05,0.3556695644497174,0.19891741580096486,0.25916406615743787,0.18618943670724972
AS,New_AS_030.wav,C:\Users\armga\OneDrive\Escritorio\TFG\Programacion objetivo\Bases de Datos\AS_New_3주기\New_AS_030.wav,perfil_softmin_errores_f4,1.8367735682711005e-05,0.3691027768393161,0.1959329404535054,0.21567368392285896,0.21927223104863677
AS,New_AS_031.wav,C:\Users\armga\OneDrive\Escritorio\TFG\Programacion objetivo\Bases de Datos\AS_New_3주기\New_AS_031.wav,perfil_softmin_errores_f4,6.263639089796532e-05,0.359459002905624,0.2088997333320267,0.265848968019082,0.16572965935236944
AS,New_AS_032.wav,C:\Users\armga\OneDrive\Escritorio\TFG\Programacion objetivo\Bases de Datos\AS_New_3주기\New_AS_032.wav,perfil_softmin_errores_f4,1.80208258290218e-05,0.38429657196864336,0.1725247787415349,0.24764739958770562,0.19551322887628717
AS,New_AS_033.wav,C:\Users\armga\OneDrive\Escritorio\TFG\Programacion objetivo\Bases de Datos\AS_New_3주기\New_AS_033.wav,perfil_softmin_errores_f4,6.585947396024882e-05,0.3556201356323573,0.20793302523558746,0.23188202948737702,0.2044989501707179
AS,New_AS_034.wav,C:\Users\armga\OneDrive\Escritorio\TFG\Programacion objetivo\Bases de Datos\AS_New_3주기\New_AS_034.wav,perfil_softmin_errores_f4,5.217021807865332e-05,0.3633852001704891,0.19884011924197528,0.23436789012358794,0.20335462024586898
AS,New_AS_035.wav,C:\Users\armga\OneDrive\Escritorio\TFG\Programacion objetivo\Bases de Datos\AS_New_3주기\New_AS_035.wav,perfil_softmin_errores_f4,3.2826042933566635e-05,0.38326472068589584,0.18276695220541453,0.20966371180627444,0.22427178925948152
AS,New_AS_036.wav,C:\Users\armga\OneDrive\Escritorio\TFG\Programacion objetivo\Bases de Datos\AS_New_3주기\New_AS_036.wav,perfil_softmin_errores_f4,6.3042210709113e-05,0.3219230165152206,0.22026950752226804,0.23842044538572382,0.21932398836607836
AS,New_AS_037.wav,C:\Users\armga\OneDrive\Escritorio\TFG\Programacion objetivo\Bases de Datos\AS_New_3주기\New_AS_037.wav,perfil_softmin_errores_f4,1.513256473127809e-05,0.40409632186690175,0.20056366183394506,0.23822465318834946,0.15710023054607253
AS,New_AS_038.wav,C:\Users\armga\OneDrive\Escritorio\TFG\Programacion objetivo\Bases de Datos\AS_New_3주기\New_AS_038.wav,perfil_softmin_errores_f4,5.548482792732072e-05,0.3486502063154842,0.19889105209656383,0.2506636302160893,0.20173962654393526
AS,New_AS_039.wav,C:\Users\armga\OneDrive\Escritorio\TFG\Programacion objetivo\Bases de Datos\AS_New_3주기\New_AS_039.wav,perfil_softmin_errores_f4,4.7444646641740014e-05,0.37773923517939234,0.17789901639289288,0.2358431589016421,0.20847114487943086
AS,New_AS_040.wav,C:\Users\armga\OneDrive\Escritorio\TFG\Programacion objetivo\Bases de Datos\AS_New_3주기\New_AS_040.wav,perfil_softmin_errores_f4,3.120213892071802e-05,0.34749143244249114,0.20586612126668072,0.22087988366880001,0.22573136048310746
AS,New_AS_041.wav,C:\Users\armga\OneDrive\Escritorio\TFG\Programacion objetivo\Bases de Datos\AS_New_3주기\New_AS_041.wav,perfil_softmin_errores_f4,3.311996868013065e-05,0.37385787312268365,0.19540164301458832,0.2455502441681146,0.18515711972593327
AS,New_AS_042.wav,C:\Users\armga\OneDrive\Escritorio\TFG\Programacion objetivo\Bases de Datos\AS_New_3주기\New_AS_042.wav,perfil_softmin_errores_f4,6.216939272740384e-05,0.33976116511808296,0.21012355792190138,0.25135741087553143,0.19869569669175693
AS,New_AS_043.wav,C:\Users\armga\OneDrive\Escritorio\TFG\Programacion objetivo\Bases de Datos\AS_New_3주기\New_AS_043.wav,perfil_softmin_errores_f4,2.9359945588250446e-05,0.39312822752889265,0.17959787223451623,0.23234914384994199,0.19489539644106077
AS,New_AS_044.wav,C:\Users\armga\OneDrive\Escritorio\TFG\Programacion objetivo\Bases de Datos\AS_New_3주기\New_AS_044.wav,perfil_softmin_errores_f4,4.498114120784429e-05,0.3599484463674343,0.18915926294990115,0.2437011239989779,0.20714618554247885
AS,New_AS_045.wav,C:\Users\armga\OneDrive\Escritorio\TFG\Programacion objetivo\Bases de Datos\AS_New_3주기\New_AS_045.wav,perfil_softmin_errores_f4,2.8890669133437738e-05,0.3943834476396738,0.16750279231619847,0.2580429506324579,0.1800419187425362
AS,New_AS_046.wav,C:\Users\armga\OneDrive\Escritorio\TFG\Programacion objetivo\Bases de Datos\AS_New_3주기\New_AS_046.wav,perfil_softmin_errores_f4,7.737722156994375e-05,0.34855953299008985,0.1927683797947727,0.24278971385944456,0.215804996134123
AS,New_AS_047.wav,C:\Users\armga\OneDrive\Escritorio\TFG\Programacion objetivo\Bases de Datos\AS_New_3주기\New_AS_047.wav,perfil_softmin_errores_f4,3.573602218363324e-05,0.35937077822188834,0.18323923810146228,0.2648737604935187,0.19248048716094712
AS,New_AS_048.wav,C:\Users\armga\OneDrive\Escritorio\TFG\Programacion objetivo\Bases de Datos\AS_New_3주기\New_AS_048.wav,perfil_softmin_errores_f4,2.6294829912250768e-05,0.425406168174872,0.17716844313399327,0.22493432818508205,0.1724647656761406
AS,New_AS_049.wav,C:\Users\armga\OneDrive\Escritorio\TFG\Programacion objetivo\Bases de Datos\AS_New_3주기\New_AS_049.wav,perfil_softmin_errores_f4,0.0001641014062993871,0.10575566934265597,0.21113291792088887,0.45042081754570623,0.2325264937844496
AS,New_AS_050.wav,C:\Users\armga\OneDrive\Escritorio\TFG\Programacion objetivo\Bases de Datos\AS_New_3주기\New_AS_050.wav,perfil_softmin_errores_f4,0.0014202990857738328,0.022644734581196264,0.2923184538851776,0.5335657632713308,0.15005074917652167
AS,New_AS_051.wav,C:\Users\armga\OneDrive\Escritorio\TFG\Programacion objetivo\Bases de Datos\AS_New_3주기\New_AS_051.wav,perfil_softmin_errores_f4,0.012320211719464534,0.08809108311462376,0.3138925726540826,0.41206990434626367,0.17362622816556558
AS,New_AS_052.wav,C:\Users\armga\OneDrive\Escritorio\TFG\Programacion objetivo\Bases de Datos\AS_New_3주기\New_AS_052.wav,perfil_softmin_errores_f4,0.013130847044112015,0.0731113565966977,0.3244901854487645,0.4123560141429307,0.17691159676749513
AS,New_AS_053.wav,C:\Users\armga\OneDrive\Escritorio\TFG\Programacion objetivo\Bases de Datos\AS_New_3주기\New_AS_053.wav,perfil_softmin_errores_f4,0.0014140840683131443,0.018329319514358504,0.2537068563767102,0.5697045076215255,0.15684523241909268
AS,New_AS_054.wav,C:\Users\armga\OneDrive\Escritorio\TFG\Programacion objetivo\Bases de Datos\AS_New_3주기\New_AS_054.wav,perfil_softmin_errores_f4,0.0024527679672181023,0.0603510199987944,0.21494387484766686,0.5779222615186469,0.14433007566767378
AS,New_AS_055.wav,C:\Users\armga\OneDrive\Escritorio\TFG\Programacion objetivo\Bases de Datos\AS_New_3주기\New_AS_055.wav,perfil_softmin_errores_f4,0.003834946808521902,0.1049498315000308,0.23737791170656966,0.43729016324081593,0.2165471467440617
AS,New_AS_056.wav,C:\Users\armga\OneDrive\Escritorio\TFG\Programacion objetivo\Bases de Datos\AS_New_3주기\New_AS_056.wav,perfil_softmin_errores_f4,0.0054316577789522815,0.04093154547743962,0.30144918893361144,0.4844778921928366,0.1677097156171601
AS,New_AS_057.wav,C:\Users\armga\OneDrive\Escritorio\TFG\Programacion objetivo\Bases de Datos\AS_New_3주기\New_AS_057.wav,perfil_softmin_errores_f4,0.0011990925112841443,0.0633739461826912,0.2905567050277621,0.48489564288234477,0.1599746133959179
AS,New_AS_058.wav,C:\Users\armga\OneDrive\Escritorio\TFG\Programacion objetivo\Bases de Datos\AS_New_3주기\New_AS_058.wav,perfil_softmin_errores_f4,0.001520590044537901,0.07495593442851803,0.2954660830358165,0.4770659986789907,0.15099139381213694
AS,New_AS_059.wav,C:\Users\armga\OneDrive\Escritorio\TFG\Programacion objetivo\Bases de Datos\AS_New_3주기\New_AS_059.wav,perfil_softmin_errores_f4,0.008284781142619484,0.041983500866871845,0.31887134032502706,0.47186358561133807,0.15899679205414352
AS,New_AS_060.wav,C:\Users\armga\OneDrive\Escritorio\TFG\Programacion objetivo\Bases de Datos\AS_New_3주기\New_AS_060.wav,perfil_softmin_errores_f4,0.026581505258520054,0.06891678145650762,0.29582334982943104,0.43882162132104247,0.16985674213449875
AS,New_AS_061.wav,C:\Users\armga\OneDrive\Escritorio\TFG\Programacion objetivo\Bases de Datos\AS_New_3주기\New_AS_061.wav,perfil_softmin_errores_f4,0.0003630495068189981,0.0366358705829969,0.2160469763652912,0.6165945972671077,0.1303595062777852
AS,New_AS_062.wav,C:\Users\armga\OneDrive\Escritorio\TFG\Programacion objetivo\Bases de Datos\AS_New_3주기\New_AS_062.wav,perfil_softmin_errores_f4,0.0001410049243411234,0.05279665526352713,0.28816404071721013,0.5079328222017254,0.15096547689319617
AS,New_AS_063.wav,C:\Users\armga\OneDrive\Escritorio\TFG\Programacion objetivo\Bases de Datos\AS_New_3주기\New_AS_063.wav,perfil_softmin_errores_f4,0.019922335036204244,0.04275810044755768,0.25958337770808454,0.4958872223961484,0.18184896441200524
AS,New_AS_064.wav,C:\Users\armga\OneDrive\Escritorio\TFG\Programacion objetivo\Bases de Datos\AS_New_3주기\New_AS_064.wav,perfil_softmin_errores_f4,0.01291144188920457,0.08325369561835921,0.30138364575016274,0.40777855558899834,0.19467266115327506
AS,New_AS_065.wav,C:\Users\armga\OneDrive\Escritorio\TFG\Programacion objetivo\Bases de Datos\AS_New_3주기\New_AS_065.wav,perfil_softmin_errores_f4,8.241556002151721e-05,0.11898401847052723,0.17606038890072934,0.47228397697889885,0.23258920008982303
AS,New_AS_066.wav,C:\Users\armga\OneDrive\Escritorio\TFG\Programacion objetivo\Bases de Datos\AS_New_3주기\New_AS_066.wav,perfil_softmin_errores_f4,0.013776050271477545,0.09017159777150494,0.3261758532664519,0.3823395091365815,0.1875369895539842
AS,New_AS_067.wav,C:\Users\armga\OneDrive\Escritorio\TFG\Programacion objetivo\Bases de Datos\AS_New_3주기\New_AS_067.wav,perfil_softmin_errores_f4,0.0007879487344912381,0.07098425628228425,0.21733758131248035,0.5251024574974714,0.18578775617327273
AS,New_AS_068.wav,C:\Users\armga\OneDrive\Escritorio\TFG\Programacion objetivo\Bases de Datos\AS_New_3주기\New_AS_068.wav,perfil_softmin_errores_f4,0.00783348450673597,0.06704618120463403,0.2966142913079369,0.4290077335406149,0.19949830944007824
AS,New_AS_069.wav,C:\Users\armga\OneDrive\Escritorio\TFG\Programacion objetivo\Bases de Datos\AS_New_3주기\New_AS_069.wav,perfil_softmin_errores_f4,0.0010550572225818528,0.13199422236354955,0.17208077612239614,0.4435548028892907,0.25131514140218175
AS,New_AS_070.wav,C:\Users\armga\OneDrive\Escritorio\TFG\Programacion objetivo\Bases de Datos\AS_New_3주기\New_AS_070.wav,perfil_softmin_errores_f4,0.00036655904556737824,0.024809364344792716,0.2945708916510467,0.5639038341060895,0.11634935085250368
AS,New_AS_071.wav,C:\Users\armga\OneDrive\Escritorio\TFG\Programacion objetivo\Bases de Datos\AS_New_3주기\New_AS_071.wav,perfil_softmin_errores_f4,0.0006930563291967852,0.09567641808228722,0.23885864972154883,0.5048813273239754,0.1598905485429919
AS,New_AS_072.wav,C:\Users\armga\OneDrive\Escritorio\TFG\Programacion objetivo\Bases de Datos\AS_New_3주기\New_AS_072.wav,perfil_softmin_errores_f4,0.0027667751502144663,0.08155016056882376,0.23586810161213498,0.5132729545307371,0.1665420081380897
AS,New_AS_073.wav,C:\Users\armga\OneDrive\Escritorio\TFG\Programacion objetivo\Bases de Datos\AS_New_3주기\New_AS_073.wav,perfil_softmin_errores_f4,0.0006201885859501993,0.1242791379392357,0.22927552153203914,0.44364723727406563,0.20217791466870924
AS,New_AS_074.wav,C:\Users\armga\OneDrive\Escritorio\TFG\Programacion objetivo\Bases de Datos\AS_New_3주기\New_AS_074.wav,perfil_softmin_errores_f4,0.00984859642319923,0.07256458823601611,0.3372845834280895,0.4133368226656913,0.16696540924700393
AS,New_AS_075.wav,C:\Users\armga\OneDrive\Escritorio\TFG\Programacion objetivo\Bases de Datos\AS_New_3주기\New_AS_075.wav,perfil_softmin_errores_f4,0.0003431521467960244,0.11536757319004205,0.14080660561313751,0.4622480678859062,0.2812346011641181
AS,New_AS_076.wav,C:\Users\armga\OneDrive\Escritorio\TFG\Programacion objetivo\Bases de Datos\AS_New_3주기\New_AS_076.wav,perfil_softmin_errores_f4,0.004448856909837217,0.06642554629031953,0.20296152883504365,0.5532126759800146,0.17295139198478493
AS,New_AS_077.wav,C:\Users\armga\OneDrive\Escritorio\TFG\Programacion objetivo\Bases de Datos\AS_New_3주기\New_AS_077.wav,perfil_softmin_errores_f4,3.5589907416987674e-05,0.34453017988780577,0.21413147976656507,0.23498827656699942,0.2063144738712129
AS,New_AS_078.wav,C:\Users\armga\OneDrive\Escritorio\TFG\Programacion objetivo\Bases de Datos\AS_New_3주기\New_AS_078.wav,perfil_softmin_errores_f4,3.691706369460924e-05,0.3828935197787893,0.16991235640314997,0.2274679042165513,0.21968930253781488
AS,New_AS_079.wav,C:\Users\armga\OneDrive\Escritorio\TFG\Programacion objetivo\Bases de Datos\AS_New_3주기\New_AS_079.wav,perfil_softmin_errores_f4,3.445310593319919e-05,0.39245073234470584,0.18465330437036934,0.23385995695361061,0.1890015532253809
AS,New_AS_080.wav,C:\Users\armga\OneDrive\Escritorio\TFG\Programacion objetivo\Bases de Datos\AS_New_3주기\New_AS_080.wav,perfil_softmin_errores_f4,2.7453625746328166e-05,0.3823340469879115,0.17172260456850208,0.27045302048491543,0.17546287433292468
AS,New_AS_081.wav,C:\Users\armga\OneDrive\Escritorio\TFG\Programacion objetivo\Bases de Datos\AS_New_3주기\New_AS_081.wav,perfil_softmin_errores_f4,5.242221816686794e-05,0.3511419474245569,0.1975445452501516,0.25918512743220673,0.1920759576749179
AS,New_AS_082.wav,C:\Users\armga\OneDrive\Escritorio\TFG\Programacion objetivo\Bases de Datos\AS_New_3주기\New_AS_082.wav,perfil_softmin_errores_f4,1.5178471858533997e-05,0.3900591072678177,0.20081253824844586,0.22121600523268392,0.18789717077919407
AS,New_AS_083.wav,C:\Users\armga\OneDrive\Escritorio\TFG\Programacion objetivo\Bases de Datos\AS_New_3주기\New_AS_083.wav,perfil_softmin_errores_f4,8.471639022056286e-05,0.3195265497485152,0.22645786930518005,0.26901648765500946,0.18491437690107476
AS,New_AS_084.wav,C:\Users\armga\OneDrive\Escritorio\TFG\Programacion objetivo\Bases de Datos\AS_New_3주기\New_AS_084.wav,perfil_softmin_errores_f4,6.638778554943536e-05,0.3543248990391932,0.1863744207990632,0.25045658991844655,0.20877770245774754
AS,New_AS_085.wav,C:\Users\armga\OneDrive\Escritorio\TFG\Programacion objetivo\Bases de Datos\AS_New_3주기\New_AS_085.wav,perfil_softmin_errores_f4,2.8084838085085608e-05,0.43111995703864353,0.1901460030405799,0.22061927089362024,0.1580866841890713
AS,New_AS_086.wav,C:\Users\armga\OneDrive\Escritorio\TFG\Programacion objetivo\Bases de Datos\AS_New_3주기\New_AS_086.wav,perfil_softmin_errores_f4,4.8307269106576666e-05,0.38652154855237,0.18526032338494533,0.22726091935479747,0.20090890143878057
AS,New_AS_087.wav,C:\Users\armga\OneDrive\Escritorio\TFG\Programacion objetivo\Bases de Datos\AS_New_3주기\New_AS_087.wav,perfil_softmin_errores_f4,1.691064607277629e-05,0.3878602780408416,0.17410740790349005,0.2327262961967219,0.20528910721287377
AS,New_AS_088.wav,C:\Users\armga\OneDrive\Escritorio\TFG\Programacion objetivo\Bases de Datos\AS_New_3주기\New_AS_088.wav,perfil_softmin_errores_f4,1.570655921987827e-05,0.3832557423074289,0.17867068674455733,0.22677289301027298,0.21128497137852081
AS,New_AS_089.wav,C:\Users\armga\OneDrive\Escritorio\TFG\Programacion objetivo\Bases de Datos\AS_New_3주기\New_AS_089.wav,perfil_softmin_errores_f4,1.2755448551738752e-05,0.3679491591692451,0.18500272922158903,0.24215294328176887,0.20488241287884534
AS,New_AS_090.wav,C:\Users\armga\OneDrive\Escritorio\TFG\Programacion objetivo\Bases de Datos\AS_New_3주기\New_AS_090.wav,perfil_softmin_errores_f4,3.350732269585189e-05,0.39593716879991897,0.16165907578894376,0.2527378442393524,0.189632403849089
AS,New_AS_091.wav,C:\Users\armga\OneDrive\Escritorio\TFG\Programacion objetivo\Bases de Datos\AS_New_3주기\New_AS_091.wav,perfil_softmin_errores_f4,4.550140570289609e-05,0.35765347659479696,0.1871853328532758,0.23907593217099365,0.21603975697523076
AS,New_AS_092.wav,C:\Users\armga\OneDrive\Escritorio\TFG\Programacion objetivo\Bases de Datos\AS_New_3주기\New_AS_092.wav,perfil_softmin_errores_f4,2.5698643787259532e-05,0.387758517665724,0.1802607416681197,0.2253261033223384,0.20662893870003085
AS,New_AS_093.wav,C:\Users\armga\OneDrive\Escritorio\TFG\Programacion objetivo\Bases de Datos\AS_New_3주기\New_AS_093.wav,perfil_softmin_errores_f4,5.5344253071242657e-05,0.38466843842182274,0.19569494790911188,0.23717505449143295,0.18240621492456122
AS,New_AS_094.wav,C:\Users\armga\OneDrive\Escritorio\TFG\Programacion objetivo\Bases de Datos\AS_New_3주기\New_AS_094.wav,perfil_softmin_errores_f4,3.7686585840764183e-05,0.33451370519563645,0.2101998348016331,0.25090751832074937,0.20434125509614046
AS,New_AS_095.wav,C:\Users\armga\OneDrive\Escritorio\TFG\Programacion objetivo\Bases de Datos\AS_New_3주기\New_AS_095.wav,perfil_softmin_errores_f4,0.00012912850741163265,0.36373380318927767,0.19143363036513864,0.24623020716169855,0.19847323077647358
AS,New_AS_096.wav,C:\Users\armga\OneDrive\Escritorio\TFG\Programacion objetivo\Bases de Datos\AS_New_3주기\New_AS_096.wav,perfil_softmin_errores_f4,5.5374835988989665e-05,0.39841873897122637,0.1715622879285021,0.22709499840722103,0.2028685998570615
AS,New_AS_097.wav,C:\Users\armga\OneDrive\Escritorio\TFG\Programacion objetivo\Bases de Datos\AS_New_3주기\New_AS_097.wav,perfil_softmin_errores_f4,1.9865222852307358e-05,0.3826282839079423,0.1705626735167971,0.21912644145580248,0.22766273589660588
AS,New_AS_098.wav,C:\Users\armga\OneDrive\Escritorio\TFG\Programacion objetivo\Bases de Datos\AS_New_3주기\New_AS_098.wav,perfil_softmin_errores_f4,2.9090187651267532e-05,0.33077088848365066,0.18822620807726936,0.24273393953903455,0.2382398737123942
AS,New_AS_099.wav,C:\Users\armga\OneDrive\Escritorio\TFG\Programacion objetivo\Bases de Datos\AS_New_3주기\New_AS_099.wav,perfil_softmin_errores_f4,3.3376615567043465e-05,0.40525192011017114,0.17536898708360865,0.258746219080019,0.16059949711063412
AS,New_AS_100.wav,C:\Users\armga\OneDrive\Escritorio\TFG\Programacion objetivo\Bases de Datos\AS_New_3주기\New_AS_100.wav,perfil_softmin_errores_f4,3.711081985608846e-05,0.3753302880178926,0.20514846413673685,0.22418614486669944,0.1952979921588152
AS,New_AS_101.wav,C:\Users\armga\OneDrive\Escritorio\TFG\Programacion objetivo\Bases de Datos\AS_New_3주기\New_AS_101.wav,perfil_softmin_errores_f4,2.4113158553126453e-05,0.37740411999924933,0.20114070688124935,0.24086395200375332,0.18056710795719497
AS,New_AS_102.wav,C:\Users\armga\OneDrive\Escritorio\TFG\Programacion objetivo\Bases de Datos\AS_New_3주기\New_AS_102.wav,perfil_softmin_errores_f4,4.678345262364118e-05,0.33734591098888256,0.21105896932796528,0.2499887123466572,0.20155962388387128
AS,New_AS_103.wav,C:\Users\armga\OneDrive\Escritorio\TFG\Programacion objetivo\Bases de Datos\AS_New_3주기\New_AS_103.wav,perfil_softmin_errores_f4,5.450240323527249e-05,0.34540677211057874,0.19046486247751115,0.2579663100058035,0.20610755300287137
AS,New_AS_104.wav,C:\Users\armga\OneDrive\Escritorio\TFG\Programacion objetivo\Bases de Datos\AS_New_3주기\New_AS_104.wav,perfil_softmin_errores_f4,1.6179370353252977e-05,0.3924232295084467,0.17410950301734737,0.2454949962399094,0.18795609186394321
AS,New_AS_105.wav,C:\Users\armga\OneDrive\Escritorio\TFG\Programacion objetivo\Bases de Datos\AS_New_3주기\New_AS_105.wav,perfil_softmin_errores_f4,6.080334434649302e-05,0.331659279095822,0.2086841314041842,0.2513662809592178,0.20822950519642938
AS,New_AS_106.wav,C:\Users\armga\OneDrive\Escritorio\TFG\Programacion objetivo\Bases de Datos\AS_New_3주기\New_AS_106.wav,perfil_softmin_errores_f4,4.224608917575799e-05,0.3430969082141356,0.2157729212069766,0.20502226371262153,0.2360656607770905
AS,New_AS_107.wav,C:\Users\armga\OneDrive\Escritorio\TFG\Programacion objetivo\Bases de Datos\AS_New_3주기\New_AS_107.wav,perfil_softmin_errores_f4,2.1455765821009506e-05,0.3617375855795875,0.20787106091542168,0.22895368511555625,0.20141621262361345
AS,New_AS_108.wav,C:\Users\armga\OneDrive\Escritorio\TFG\Programacion objetivo\Bases de Datos\AS_New_3주기\New_AS_108.wav,perfil_softmin_errores_f4,6.184256125708457e-05,0.3333427286240463,0.21231136133454442,0.25742916592804516,0.1968549015521071
AS,New_AS_109.wav,C:\Users\armga\OneDrive\Escritorio\TFG\Programacion objetivo\Bases de Datos\AS_New_3주기\New_AS_109.wav,perfil_softmin_errores_f4,3.8236894345779086e-05,0.39001949426938987,0.17527466895060698,0.2546021112747773,0.18006548861088018
AS,New_AS_110.wav,C:\Users\armga\OneDrive\Escritorio\TFG\Programacion objetivo\Bases de Datos\AS_New_3주기\New_AS_110.wav,perfil_softmin_errores_f4,1.5790269320605378e-05,0.39962008485255646,0.17294030793729956,0.23635790311615149,0.19106591382467206
AS,New_AS_111.wav,C:\Users\armga\OneDrive\Escritorio\TFG\Programacion objetivo\Bases de Datos\AS_New_3주기\New_AS_111.wav,perfil_softmin_errores_f4,1.2267235788945068e-05,0.50770115119282,0.13561014207244074,0.14245825946764448,0.2142181800313058
AS,New_AS_112.wav,C:\Users\armga\OneDrive\Escritorio\TFG\Programacion objetivo\Bases de Datos\AS_New_3주기\New_AS_112.wav,perfil_softmin_errores_f4,4.166474873042139e-06,0.547262768714843,0.11126591622671286,0.12180986120689612,0.21965728737667492
AS,New_AS_113.wav,C:\Users\armga\OneDrive\Escritorio\TFG\Programacion objetivo\Bases de Datos\AS_New_3주기\New_AS_113.wav,perfil_softmin_errores_f4,1.775353416844275e-05,0.48901770421815155,0.12248354651514268,0.13442094439107422,0.2540600513414632
AS,New_AS_114.wav,C:\Users\armga\OneDrive\Escritorio\TFG\Programacion objetivo\Bases de Datos\AS_New_3주기\New_AS_114.wav,perfil_softmin_errores_f4,9.18649391359839e-06,0.5279806455086842,0.09576247763953052,0.13278839321245234,0.24345929714541936
AS,New_AS_115.wav,C:\Users\armga\OneDrive\Escritorio\TFG\Programacion objetivo\Bases de Datos\AS_New_3주기\New_AS_115.wav,perfil_softmin_errores_f4,4.8239145060013775e-05,0.3583356349105323,0.20326401952719367,0.2436763598767653,0.19467574654044864
AS,New_AS_116.wav,C:\Users\armga\OneDrive\Escritorio\TFG\Programacion objetivo\Bases de Datos\AS_New_3주기\New_AS_116.wav,perfil_softmin_errores_f4,3.868058250438549e-05,0.3516685938464834,0.2266757814029718,0.23785954575989404,0.18375739840814637
AS,New_AS_117.wav,C:\Users\armga\OneDrive\Escritorio\TFG\Programacion objetivo\Bases de Datos\AS_New_3주기\New_AS_117.wav,perfil_softmin_errores_f4,1.96266089932598e-05,0.354699417857914,0.19650298404816213,0.24066485253604844,0.2081131189488822
AS,New_AS_118.wav,C:\Users\armga\OneDrive\Escritorio\TFG\Programacion objetivo\Bases de Datos\AS_New_3주기\New_AS_118.wav,perfil_softmin_errores_f4,1.8124893486714944e-05,0.392733995097499,0.19300255232850236,0.24193572455202647,0.17230960312848545
AS,New_AS_119.wav,C:\Users\armga\OneDrive\Escritorio\TFG\Programacion objetivo\Bases de Datos\AS_New_3주기\New_AS_119.wav,perfil_softmin_errores_f4,4.2686301040064354e-05,0.38476960149647377,0.1782825562927687,0.210830367766038,0.22607478814367948
AS,New_AS_120.wav,C:\Users\armga\OneDrive\Escritorio\TFG\Programacion objetivo\Bases de Datos\AS_New_3주기\New_AS_120.wav,perfil_softmin_errores_f4,4.497675608467138e-05,0.3401233215838567,0.18161957019721497,0.24267650012004433,0.2355356313427992
AS,New_AS_121.wav,C:\Users\armga\OneDrive\Escritorio\TFG\Programacion objetivo\Bases de Datos\AS_New_3주기\New_AS_121.wav,perfil_softmin_errores_f4,3.4480343689764774e-05,0.37948194290495185,0.20022204454477985,0.22381613430988834,0.1964453978966902
AS,New_AS_122.wav,C:\Users\armga\OneDrive\Escritorio\TFG\Programacion objetivo\Bases de Datos\AS_New_3주기\New_AS_122.wav,perfil_softmin_errores_f4,4.759746834631506e-05,0.33902916033804315,0.2331609897707629,0.23437883239463933,0.19338342002820816
AS,New_AS_123.wav,C:\Users\armga\OneDrive\Escritorio\TFG\Programacion objetivo\Bases de Datos\AS_New_3주기\New_AS_123.wav,perfil_softmin_errores_f4,4.094461237348007e-05,0.3399353338780769,0.23396235427457693,0.22732887925667808,0.1987324879782946
AS,New_AS_124.wav,C:\Users\armga\OneDrive\Escritorio\TFG\Programacion objetivo\Bases de Datos\AS_New_3주기\New_AS_124.wav,perfil_softmin_errores_f4,2.79186760494325e-05,0.398884238033289,0.1709683365820712,0.20857859322251132,0.22154091348607902
AS,New_AS_125.wav,C:\Users\armga\OneDrive\Escritorio\TFG\Programacion objetivo\Bases de Datos\AS_New_3주기\New_AS_125.wav,perfil_softmin_errores_f4,4.1435447589103095e-05,0.3840111149976825,0.18814075288393772,0.22319746952631767,0.20460922714447316
AS,New_AS_126.wav,C:\Users\armga\OneDrive\Escritorio\TFG\Programacion objetivo\Bases de Datos\AS_New_3주기\New_AS_126.wav,perfil_softmin_errores_f4,1.9888217028058804e-05,0.403328349335271,0.1862682377420623,0.2408616846437485,0.16952184006188994
AS,New_AS_127.wav,C:\Users\armga\OneDrive\Escritorio\TFG\Programacion objetivo\Bases de Datos\AS_New_3주기\New_AS_127.wav,perfil_softmin_errores_f4,3.55001168204413e-05,0.37634521426368517,0.1848707492950258,0.27901412592984154,0.1597344103946271
AS,New_AS_128.wav,C:\Users\armga\OneDrive\Escritorio\TFG\Programacion objetivo\Bases de Datos\AS_New_3주기\New_AS_128.wav,perfil_softmin_errores_f4,2.6867777623887776e-05,0.388601672178175,0.19285611354061633,0.23188507572973785,0.18663027077384686
AS,New_AS_129.wav,C:\Users\armga\OneDrive\Escritorio\TFG\Programacion objetivo\Bases de Datos\AS_New_3주기\New_AS_129.wav,perfil_softmin_errores_f4,0.0002352940306848062,0.3971207511728932,0.5110379875943617,0.009537239204198508,0.08206872799786179
AS,New_AS_130.wav,C:\Users\armga\OneDrive\Escritorio\TFG\Programacion objetivo\Bases de Datos\AS_New_3주기\New_AS_130.wav,perfil_softmin_errores_f4,0.00018560711959370008,0.40966625404485907,0.5073883272060689,0.00777988582951448,0.0749799257999638
AS,New_AS_131.wav,C:\Users\armga\OneDrive\Escritorio\TFG\Programacion objetivo\Bases de Datos\AS_New_3주기\New_AS_131.wav,perfil_softmin_errores_f4,2.0933129280618938e-06,0.8062795168306944,0.05155032739673689,0.10682830371953769,0.03533975874010292
AS,New_AS_132.wav,C:\Users\armga\OneDrive\Escritorio\TFG\Programacion objetivo\Bases de Datos\AS_New_3주기\New_AS_132.wav,perfil_softmin_errores_f4,0.008805383229088087,0.37411315558784475,0.10638611814583465,0.28871351815176177,0.22198182488547072
AS,New_AS_133.wav,C:\Users\armga\OneDrive\Escritorio\TFG\Programacion objetivo\Bases de Datos\AS_New_3주기\New_AS_133.wav,perfil_softmin_errores_f4,0.0010931769786232262,0.42609657281029617,0.5514757418517295,0.004725008473784961,0.016609499885565985
AS,New_AS_134.wav,C:\Users\armga\OneDrive\Escritorio\TFG\Programacion objetivo\Bases de Datos\AS_New_3주기\New_AS_134.wav,perfil_softmin_errores_f4,4.305189324341217e-05,0.34546659062781143,0.21394043071533786,0.2653460237364954,0.17520390302711183
AS,New_AS_135.wav,C:\Users\armga\OneDrive\Escritorio\TFG\Programacion objetivo\Bases de Datos\AS_New_3주기\New_AS_135.wav,perfil_softmin_errores_f4,0.001483100649895717,0.4093574733733926,0.5655709100753223,0.005479536879874807,0.018108979021514555
AS,New_AS_136.wav,C:\Users\armga\OneDrive\Escritorio\TFG\Programacion objetivo\Bases de Datos\AS_New_3주기\New_AS_136.wav,perfil_softmin_errores_f4,0.0003553491625873411,0.37939688502833446,0.5224671561834061,0.010052059725723216,0.08772854989994894
AS,New_AS_137.wav,C:\Users\armga\OneDrive\Escritorio\TFG\Programacion objetivo\Bases de Datos\AS_New_3주기\New_AS_137.wav,perfil_softmin_errores_f4,0.00022909577948484423,0.43102643060244866,0.5101036249628768,0.006672014391718858,0.05196883426347089
AS,New_AS_138.wav,C:\Users\armga\OneDrive\Escritorio\TFG\Programacion objetivo\Bases de Datos\AS_New_3주기\New_AS_138.wav,perfil_softmin_errores_f4,0.00023156790212987315,0.3775609015512503,0.542094112684127,0.008807796635366499,0.07130562122712623
AS,New_AS_139.wav,C:\Users\armga\OneDrive\Escritorio\TFG\Programacion objetivo\Bases de Datos\AS_New_3주기\New_AS_139.wav,perfil_softmin_errores_f4,0.0001724605330997204,0.34986916172947935,0.5974963026462102,0.004505237519710185,0.04795683757150049
AS,New_AS_140.wav,C:\Users\armga\OneDrive\Escritorio\TFG\Programacion objetivo\Bases de Datos\AS_New_3주기\New_AS_140.wav,perfil_softmin_errores_f4,2.3971254119396547e-05,0.2659141643685172,0.13201336396374472,0.303888801948969,0.2981596984646496
AS,New_AS_141.wav,C:\Users\armga\OneDrive\Escritorio\TFG\Programacion objetivo\Bases de Datos\AS_New_3주기\New_AS_141.wav,perfil_softmin_errores_f4,3.6679561684168786e-05,0.3065146107911342,0.1322448521456285,0.29457401445246667,0.2666298430490864
AS,New_AS_142.wav,C:\Users\armga\OneDrive\Escritorio\TFG\Programacion objetivo\Bases de Datos\AS_New_3주기\New_AS_142.wav,perfil_softmin_errores_f4,1.089712611501908e-05,0.33625199223394003,0.14235132314665128,0.2711355503310983,0.2502502371621953
AS,New_AS_143.wav,C:\Users\armga\OneDrive\Escritorio\TFG\Programacion objetivo\Bases de Datos\AS_New_3주기\New_AS_143.wav,perfil_softmin_errores_f4,6.239475095571962e-06,0.3311129105207491,0.14836825274143295,0.2382402093822679,0.28227238788045445
AS,New_AS_144.wav,C:\Users\armga\OneDrive\Escritorio\TFG\Programacion objetivo\Bases de Datos\AS_New_3주기\New_AS_144.wav,perfil_softmin_errores_f4,1.6971848872615203e-05,0.4618618498772879,0.20604772620009973,0.14133991275757582,0.19073353931616388
AS,New_AS_145.wav,C:\Users\armga\OneDrive\Escritorio\TFG\Programacion objetivo\Bases de Datos\AS_New_3주기\New_AS_145.wav,perfil_softmin_errores_f4,1.9305549693497642e-05,0.4766225389510652,0.19638355290962534,0.13427896159849023,0.19269564099112568
AS,New_AS_146.wav,C:\Users\armga\OneDrive\Escritorio\TFG\Programacion objetivo\Bases de Datos\AS_New_3주기\New_AS_146.wav,perfil_softmin_errores_f4,1.3147308736248802e-05,0.5019679373971594,0.20680349108383048,0.1135081755844977,0.1777072486257761
AS,New_AS_147.wav,C:\Users\armga\OneDrive\Escritorio\TFG\Programacion objetivo\Bases de Datos\AS_New_3주기\New_AS_147.wav,perfil_softmin_errores_f4,1.2617249683520424e-05,0.48992656381301186,0.20155116245604046,0.12543916433144492,0.18307049214981921
AS,New_AS_148.wav,C:\Users\armga\OneDrive\Escritorio\TFG\Programacion objetivo\Bases de Datos\AS_New_3주기\New_AS_148.wav,perfil_softmin_errores_f4,2.7156877287601714e-05,0.4235254648173234,0.2170259949836688,0.1336733502399444,0.2257480330817758
AS,New_AS_149.wav,C:\Users\armga\OneDrive\Escritorio\TFG\Programacion objetivo\Bases de Datos\AS_New_3주기\New_AS_149.wav,perfil_softmin_errores_f4,3.974234359262949e-05,0.42269682883794873,0.2153257153234968,0.15848015947446348,0.2034575540204984
AS,New_AS_150.wav,C:\Users\armga\OneDrive\Escritorio\TFG\Programacion objetivo\Bases de Datos\AS_New_3주기\New_AS_150.wav,perfil_softmin_errores_f4,9.583884000613067e-06,0.500480402494466,0.21047430770516962,0.11367449076048622,0.17536121515587752
AS,New_AS_151.wav,C:\Users\armga\OneDrive\Escritorio\TFG\Programacion objetivo\Bases de Datos\AS_New_3주기\New_AS_151.wav,perfil_softmin_errores_f4,3.9144165315548173e-05,0.489529497026524,0.19852317302380212,0.12529565017501237,0.18661253560934593
AS,New_AS_152.wav,C:\Users\armga\OneDrive\Escritorio\TFG\Programacion objetivo\Bases de Datos\AS_New_3주기\New_AS_152.wav,perfil_softmin_errores_f4,0.000510095236589045,0.39789026210440204,0.37039105591503435,0.055604770835956004,0.1756038159080186
AS,New_AS_153.wav,C:\Users\armga\OneDrive\Escritorio\TFG\Programacion objetivo\Bases de Datos\AS_New_3주기\New_AS_153.wav,perfil_softmin_errores_f4,0.00015105878187999424,0.41139346462322324,0.37130121816746764,0.048374215078677944,0.16878004334875116
AS,New_AS_154.wav,C:\Users\armga\OneDrive\Escritorio\TFG\Programacion objetivo\Bases de Datos\AS_New_3주기\New_AS_154.wav,perfil_softmin_errores_f4,0.0003408876350380883,0.38136936670701915,0.3510633216597793,0.05878197106774499,0.2084444529304184
AS,New_AS_155.wav,C:\Users\armga\OneDrive\Escritorio\TFG\Programacion objetivo\Bases de Datos\AS_New_3주기\New_AS_155.wav,perfil_softmin_errores_f4,0.00027916870730811474,0.40485006380890337,0.35639123888372654,0.05601324065334737,0.18246628794671468
AS,New_AS_156.wav,C:\Users\armga\OneDrive\Escritorio\TFG\Programacion objetivo\Bases de Datos\AS_New_3주기\New_AS_156.wav,perfil_softmin_errores_f4,0.0003343464969764521,0.38282053175469316,0.5134248525246746,0.010059001394420404,0.09336126782923544
AS,New_AS_157.wav,C:\Users\armga\OneDrive\Escritorio\TFG\Programacion objetivo\Bases de Datos\AS_New_3주기\New_AS_157.wav,perfil_softmin_errores_f4,0.00023738752199824976,0.4371311952239424,0.5032818395022167,0.007104228808798943,0.052245348943043675
AS,New_AS_158.wav,C:\Users\armga\OneDrive\Escritorio\TFG\Programacion objetivo\Bases de Datos\AS_New_3주기\New_AS_158.wav,perfil_softmin_errores_f4,0.00019817172291481923,0.4076395016221388,0.5127359873162737,0.008668601005194844,0.07075773833347787
AS,New_AS_159.wav,C:\Users\armga\OneDrive\Escritorio\TFG\Programacion objetivo\Bases de Datos\AS_New_3주기\New_AS_159.wav,perfil_softmin_errores_f4,0.0001521360931387248,0.3701314700698199,0.5777914878005137,0.004251636875971649,0.047673269160556114
AS,New_AS_160.wav,C:\Users\armga\OneDrive\Escritorio\TFG\Programacion objetivo\Bases de Datos\AS_New_3주기\New_AS_160.wav,perfil_softmin_errores_f4,0.00022507800302845753,0.42166637212650115,0.4827902795257574,0.008609058275426415,0.08670921206928643
AS,New_AS_161.wav,C:\Users\armga\OneDrive\Escritorio\TFG\Programacion objetivo\Bases de Datos\AS_New_3주기\New_AS_161.wav,perfil_softmin_errores_f4,0.00013370553708412343,0.4131265574717927,0.5212235137644028,0.005740415101674993,0.05977580812504529
