indice_interno,distribucion,numero_capas,error_final,forma_h_final,segundos_extraccion,capa_1_rango,capa_1_error,capa_1_ortogonalidad_h,capa_2_rango,capa_2_error,capa_2_ortogonalidad_h,capa_3_rango,capa_3_error,capa_3_ortogonalidad_h
0,32-11-4,3,0.2891083539872126,4x212,0.06154859997332096,32,0.03077230408545064,0.4181943841527304,11,0.35467843569405144,0.20761853677596837,4,0.6391427498529083,0.20557570446251883
1,32-11-4,3,0.26623127216476494,4x212,0.049957299983361736,32,0.029075210025538416,0.4030080965383689,11,0.3559471393153948,0.22661915183354484,4,0.5604926597101264,0.22931922300337307
2,32-11-4,3,0.2881478371128277,4x212,0.06277600000612438,32,0.030007875996624238,0.4160119092721339,11,0.3808693879133646,0.18536351532797085,4,0.6288892344384827,0.18913465381647185
3,32-11-4,3,0.27107582294242594,4x212,0.05887010000878945,32,0.03319582235516729,0.4163060375271343,11,0.3565068713588238,0.22195313207792924,4,0.544304352449053,0.1762692172784637
4,32-11-4,3,0.3310371600813872,4x212,0.04696069998317398,32,0.029304956970745328,0.4000801408184878,11,0.34495053525182084,0.1732223119720866,4,0.6417704809463455,0.21448376829672303
5,32-11-4,3,0.3525134208326956,4x212,0.05761839999468066,32,0.03491377448495453,0.43158063245086836,11,0.3404063502803873,0.1921528847798965,4,0.6224516989669897,0.20528777521557903
6,32-11-4,3,0.2552019825588287,4x212,0.059202100004768,32,0.03496971647164624,0.4163728889833498,11,0.3789715253290705,0.17548540251680483,4,0.669673250518263,0.21356227611057668
7,32-11-4,3,0.2887018034406591,4x212,0.06815000000642613,32,0.035594863218921,0.4140648892822867,11,0.3482346394010082,0.20664411556392281,4,0.5805088556128719,0.18132711412472513
8,32-11-4,3,0.26804923819390947,4x212,0.07585789999575354,32,0.03108493573728043,0.4109223039692219,11,0.3794757903135845,0.1951209529777565,4,0.5958447358292153,0.22147647034208182
9,32-11-4,3,0.3239480301427625,4x212,0.07333320000907406,32,0.032053616718566894,0.4049912764553477,11,0.3462344648626027,0.19491402067773422,4,0.6451459952066654,0.19071893435299278
10,32-11-4,3,0.24059607333538738,4x212,0.06609239999670535,32,0.035812051350735494,0.3898721160485333,11,0.3256552074025857,0.2543010943706714,4,0.5694045457496871,0.2463864759416251
11,32-11-4,3,0.3291122813076457,4x212,0.049829900002805516,32,0.03353854604035289,0.3905716106641929,11,0.345291571448299,0.1734348694233618,4,0.5945918108218553,0.1856871961874584
12,32-11-4,3,0.27944984561632064,4x212,0.058809899986954406,32,0.032749578859873986,0.3946011657820781,11,0.35176713072966065,0.18874812502263186,4,0.6355033897605559,0.18013341683557912
13,32-11-4,3,0.27779069411241847,4x212,0.05880910000996664,32,0.030754100364769537,0.4062048130847738,11,0.3959164203355005,0.17209680434447377,4,0.6558580242138727,0.1804799974769403
14,32-11-4,3,0.2658857150942039,4x212,0.060708100005285814,32,0.03155250417770471,0.4075280798876525,11,0.3124069337704449,0.19840371064350076,4,0.5070706866399857,0.1748035384022094
15,32-11-4,3,0.2720368465737838,4x212,0.053080700017744675,32,0.02956634140919177,0.40191474552495127,11,0.356982863967409,0.20020425695167468,4,0.6198683101284684,0.1825770504241124
16,32-11-4,3,0.2923694347892104,4x212,0.05292919999919832,32,0.03562341764622927,0.4222078010328016,11,0.3724792955884633,0.1797335847708125,4,0.6329032550461777,0.17437072634533138
17,32-11-4,3,0.2622660344219397,4x212,0.06657580001046881,32,0.033727096694035966,0.4278128245734627,11,0.35491838461643715,0.22101799534692668,4,0.6104132471815324,0.19909865254890016
18,32-11-4,3,0.2767443537970295,4x212,0.05022010000539012,32,0.029512480962526136,0.38203759038454443,11,0.39749180647025184,0.21977192806513415,4,0.6265906595989473,0.22519723108862455
19,32-11-4,3,0.2859097258611521,4x212,0.059438099997350946,32,0.034039767556976984,0.4147932319952596,11,0.33953258497185446,0.20045744787259548,4,0.5961508023231206,0.20046760588604282
20,32-11-4,3,0.32778704978090667,4x212,0.05534130000160076,32,0.035478594278164195,0.40024905806491895,11,0.2729797080522249,0.14515956599241625,4,0.5945415008620052,0.1442745212209555
21,32-11-4,3,0.2891619787714456,4x212,0.06917150001390837,32,0.030072788013429757,0.4218822715839571,11,0.32583510597268933,0.22680232619982274,4,0.5650315247630867,0.20181764840641767
22,32-11-4,3,0.301492403811213,4x212,0.061789400002453476,32,0.03224627376684941,0.4087125731425161,11,0.33988076088468416,0.15884365707252537,4,0.6024204805511646,0.2000958488577003
23,32-11-4,3,0.23937806737232348,4x212,0.05908820001059212,32,0.025335332444130016,0.4185507737688325,11,0.3541185932390729,0.2532350736363592,4,0.6012677475188148,0.25289195074001974
24,32-11-4,3,0.38935505456666375,4x212,0.06981739998445846,32,0.03690620601598068,0.3846955041468217,11,0.373666776289984,0.15246567075508982,4,0.6580245309360218,0.26142843865179755
25,32-11-4,3,0.260188220649353,4x212,0.06253969998215325,32,0.029582604134692488,0.40767532675361584,11,0.40285328770865503,0.2165292331082576,4,0.633860601352543,0.25451119844628384
26,32-11-4,3,0.3257108434338095,4x212,0.055783299991162494,32,0.03267438557942903,0.41873824075423327,11,0.37950050874810043,0.14262476550345335,4,0.6607627031341625,0.12805321071560613
27,32-11-4,3,0.31688574736820097,4x212,0.06055599998217076,32,0.029111282576917773,0.3866473140505608,11,0.36441499552491013,0.180119780279045,4,0.575295140343806,0.18863917033715846
28,32-11-4,3,0.29383868749944225,4x212,0.06178119999822229,32,0.034733127400796746,0.4014285631170211,11,0.3329810222164174,0.1911412710097079,4,0.6057080829388,0.1701623607309768
29,32-11-4,3,0.2953771108109188,4x212,0.060844499996164814,32,0.03049540718999702,0.4152619068185252,11,0.37557436183738985,0.20689409090659974,4,0.620237298889365,0.20923112646427133
30,32-11-4,3,0.31593999743481666,4x212,0.05134889998589642,32,0.032387104478163176,0.4219072435823999,11,0.35355933684598023,0.18534153857372207,4,0.5952980969424293,0.19784620310998888
31,32-11-4,3,0.28335837715640183,4x212,0.05562690002261661,32,0.02744796444335669,0.3899625208995723,11,0.34421329061881323,0.21280882951824096,4,0.5893958051851629,0.2126748408716533
32,32-11-4,3,0.2992154258761537,4x212,0.05510870000580326,32,0.035431040218387125,0.4166573844379407,11,0.3472835090830306,0.15498605806717206,4,0.6451002005963014,0.2003346425893691
33,32-11-4,3,0.3763871270323321,4x212,0.05242049999651499,32,0.02774165860967297,0.38719789171722885,11,0.3570631794880045,0.16174556987038205,4,0.6244469890248942,0.13540314256881084
34,32-11-4,3,0.26566244164854314,4x212,0.06423679998260923,32,0.027753453727954517,0.39932685262712836,11,0.3988070143804398,0.15810321530274582,4,0.6122402110104886,0.17660499049129183
35,32-11-4,3,0.32991433954701227,4x212,0.06142129999352619,32,0.030950498969617074,0.4005193609493536,11,0.32934221930695035,0.20181741573123216,4,0.5872705398359227,0.2205098245801755
36,32-11-4,3,0.3182491970985045,4x212,0.06732610001927242,32,0.021230219835577938,0.4199013773151241,11,0.2457751394915204,0.13256898771921424,4,0.621228149563493,0.12676349057907155
37,32-11-4,3,0.23296345340680172,4x212,0.061697900004219264,32,0.021044388993227726,0.4190316660905316,11,0.26549351704170465,0.17865938113839136,4,0.645656289713634,0.10478514778626007
38,32-11-4,3,0.2960423349993789,4x212,0.045349899999564514,32,0.022892795425160768,0.4270041134000305,11,0.23786530767210637,0.1247014871746429,4,0.6013652604895581,0.09455991254200635
39,32-11-4,3,0.34165794298052987,4x212,0.05296319999615662,32,0.021450030939542043,0.41438901130752404,11,0.28426128681544227,0.1455654719307654,4,0.564108713843533,0.12394692765875885
40,32-11-4,3,0.3216154021419331,4x212,0.06539649999467656,32,0.024018189512985542,0.45181161412453574,11,0.32404057406289577,0.16036650631550659,4,0.6520858272419887,0.18725293245340977
41,32-11-4,3,0.24854285101942383,4x212,0.04927529999986291,32,0.023748598359589514,0.4493185378177403,11,0.3399080888821591,0.21319758525612606,4,0.6077716769726016,0.18086995037141965
42,32-11-4,3,0.2758710693099066,4x212,0.05135369999334216,32,0.020902460072532124,0.4384283765448803,11,0.29897041638930993,0.20139318142189544,4,0.575719612045239,0.18057969785270636
43,32-11-4,3,0.31886693049692644,4x212,0.037544599996181205,32,0.02326638164371427,0.4625565784600141,11,0.32417353088358936,0.12403526655519545,4,0.6830497781312641,0.1289761798184733
44,32-11-4,3,0.27339615584791055,4x212,0.045019100012723356,32,0.01961485913106564,0.44567279687020805,11,0.29723620703954506,0.18059906075842339,4,0.6041834003485858,0.1840893449675275
45,32-11-4,3,0.27072351520737836,4x212,0.04849640000611544,32,0.02168752672489053,0.43792717130359615,11,0.3145389448563722,0.1970830866846926,4,0.6274889587323603,0.20575707977274962
46,32-11-4,3,0.3195661332566657,4x212,0.05371250002644956,32,0.025586257787228228,0.44535668912812676,11,0.3282406327872586,0.2046814955905605,4,0.6428487979434773,0.2430506302600786
47,32-11-4,3,0.32552084243107454,4x212,0.05139569999300875,32,0.023738752615751386,0.4443533493619934,11,0.2742410686655277,0.14368407898060934,4,0.6462806091650091,0.171904015925783
48,32-11-4,3,0.2863760808716573,4x212,0.058615999994799495,32,0.02367316108157388,0.4793851662285906,11,0.3194267219831228,0.18185303465039127,4,0.6291029321125267,0.17591330363863308
49,32-11-4,3,0.26500725902666916,4x212,0.05559080000966787,32,0.023778325532898503,0.46206431380391977,11,0.3498328920266957,0.186210644960904,4,0.6416128906971578,0.20057893603359708
50,32-11-4,3,0.3214000290281285,4x212,0.05259849998401478,32,0.023927335413570703,0.43475142474111717,11,0.32781437045676837,0.14370585843840245,4,0.6555770714508435,0.16197380406249842
51,32-11-4,3,0.26532873938212626,4x212,0.05880610001622699,32,0.0225696022417842,0.45525270902668835,11,0.330937730520697,0.17914628953262526,4,0.6453913006099019,0.16801814632510678
52,32-11-4,3,0.3122557946137453,4x212,0.06086250001681037,32,0.022924783807800463,0.44730483152787565,11,0.27482569892815994,0.13530777469293134,4,0.5848711716960867,0.16869445674920155
53,32-11-4,3,0.29734050813140633,4x212,0.05686119999154471,32,0.022401633186971446,0.4545660419888125,11,0.27057538342973547,0.15378861980803446,4,0.5844215910567541,0.1305187747824053
54,32-11-4,3,0.2958449690249554,4x212,0.0471051000058651,32,0.02712685257950432,0.45544122003962434,11,0.28610247282058016,0.18780692707178484,4,0.6257514246848326,0.1296532591688642
55,32-11-4,3,0.3472103844244746,4x212,0.0577251999930013,32,0.023158606735224824,0.42572850046388383,11,0.26106304070103237,0.15042837236835527,4,0.5126928539296596,0.17584894457030797
56,32-11-4,3,0.2994650233497893,4x212,0.03902150000794791,32,0.023858125983181842,0.46265649676711296,11,0.3370987950829043,0.17058419248021894,4,0.6527730483751287,0.1645402634602758
57,32-11-4,3,0.324205407046923,4x212,0.04447480000089854,32,0.020350635249736692,0.4414464046415071,11,0.32727569092820463,0.1416138384894222,4,0.6543692704195027,0.09496729202175526
58,32-11-4,3,0.26356036867589433,4x212,0.04968409999855794,32,0.02192904232561552,0.45814722451425804,11,0.3147915109276574,0.16138618759431217,4,0.6421105251508608,0.1664589863041008
59,32-11-4,3,0.29761340192713454,4x212,0.06410069999401458,32,0.02192920147934598,0.4554083270721127,11,0.32803881407495383,0.19548563464006863,4,0.5909751182663943,0.16479584354090948
60,32-11-4,3,0.38393637327976615,4x212,0.0672750000085216,32,0.02424910439865644,0.4177140166162072,11,0.2957007896026799,0.14378278353607624,4,0.5981411744543389,0.16409731227672922
61,32-11-4,3,0.28000876405907105,4x212,0.07642310002120212,32,0.02460080694926939,0.4906739696055079,11,0.2917938288672673,0.15209597097979238,4,0.6568862822831354,0.1299823636269398
62,32-11-4,3,0.3113344109275411,4x212,0.06426059998921119,32,0.02355819201245438,0.4486132402382405,11,0.2809778579652487,0.17940894143464345,4,0.5683607276104478,0.18823803273183373
63,32-11-4,3,0.31986902067968476,4x212,0.0653609000146389,32,0.024908451543502536,0.442330919461284,11,0.2969094407369297,0.15557931509233514,4,0.649018464743065,0.16163547555569172
64,32-11-4,3,0.2971903040149442,4x212,0.07694340002490208,32,0.02219577904335038,0.4699512844496003,11,0.3172143615244246,0.13827949534966327,4,0.6520916609126065,0.15529581417836913
65,32-11-4,3,0.29548385482472644,4x212,0.04665249999379739,32,0.02323642573769866,0.43677011622625816,11,0.3334393424783971,0.17823641592492342,4,0.6284293847312191,0.19578735877673328
66,32-11-4,3,0.30346895592936673,4x212,0.0680757999944035,32,0.025608688672179046,0.49169254966089143,11,0.32839883243241225,0.19407139064472587,4,0.6094382613090847,0.16907882082727363
67,32-11-4,3,0.33142326289660545,4x212,0.07375979999778792,32,0.028427796434280648,0.426480928393322,11,0.3008600571420611,0.12358781539644532,4,0.5862416665700423,0.14423632947757065
68,32-11-4,3,0.2785447125747704,4x212,0.06154319999041036,32,0.02722936072914862,0.4131150333306588,11,0.36734539371472474,0.18566478843215006,4,0.6226904172751728,0.2095298201355741
69,32-11-4,3,0.29829125811429835,4x212,0.06154259998584166,32,0.030335480393368797,0.4230264217131418,11,0.33406302733229876,0.19529729462568826,4,0.6129887978505786,0.20511006308953247
70,32-11-4,3,0.285714274826023,4x212,0.0765759999922011,32,0.03130119283945021,0.42197275169333254,11,0.28478353023369823,0.17072488784417847,4,0.5951551144913625,0.1678854123498147
71,32-11-4,3,0.301640233857367,4x212,0.06647000001976267,32,0.027002432101957276,0.43056507556216306,11,0.32503976136874074,0.1569962248915137,4,0.6267354131114468,0.18118065824593485
72,32-11-4,3,0.31770512638488674,4x212,0.05469449999509379,32,0.030664349454943896,0.43845639573290873,11,0.33000157754766163,0.1736957009133996,4,0.6373709184130085,0.1448823856379917
73,32-11-4,3,0.27301432506124473,4x212,0.06044470000779256,32,0.033653561287724114,0.4586800185269543,11,0.3583673499922454,0.18241356706394654,4,0.6065555484510509,0.18615216347179506
74,32-11-4,3,0.26425958385071413,4x212,0.0782916999887675,32,0.028364224847301146,0.4360150492304875,11,0.29424585147938004,0.17831211055161175,4,0.5679471270986912,0.1533056755425037
75,32-11-4,3,0.3043317577430127,4x212,0.07695389998843893,32,0.028394132010167692,0.4391587093758485,11,0.3453517155641276,0.16878418333135095,4,0.6205205747065664,0.1254568912098725
76,32-11-4,3,0.3214070300769649,4x212,0.0665185000107158,32,0.03137099140965572,0.4620854058346888,11,0.35649908735215563,0.16268235671824832,4,0.6508430640315814,0.20532346676417415
77,32-11-4,3,0.29619029111758477,4x212,0.0764426999958232,32,0.026029826792499974,0.4167408428655672,11,0.3092689542829626,0.14998960366686437,4,0.6306449738833898,0.17226712015849902
78,32-11-4,3,0.23575638740954258,4x212,0.06835769998724572,32,0.03181916262891289,0.389553627582536,11,0.35901375485328424,0.1595160449892773,4,0.669091178523484,0.1559069014823181
79,32-11-4,3,0.3163615162837139,4x212,0.07244750001700595,32,0.03106463400649831,0.4435795026639702,11,0.3351285086036609,0.2023170233177265,4,0.6008330931360841,0.23359140865431074
80,32-11-4,3,0.25886439933321803,4x212,0.0783950999903027,32,0.028842432904331056,0.44928321663855725,11,0.36159688356325714,0.21782659487353087,4,0.6248554535123008,0.23876504568049498
81,32-11-4,3,0.24497399040314996,4x212,0.05926139999064617,32,0.026464561048176394,0.46319011296604773,11,0.3547606377738267,0.21536531173830492,4,0.6122710089961367,0.20725836497147712
82,32-11-4,3,0.32931095369310337,4x212,0.06508289999328554,32,0.030081528914543604,0.42084587408714447,11,0.2446207916267765,0.1513976245976464,4,0.5865109474120572,0.14311171134538925
83,32-11-4,3,0.3102005133632598,4x212,0.07881469998392276,32,0.02705350948486323,0.4464634954878309,11,0.334748545362277,0.2019150193089923,4,0.5757725839422628,0.15762396597709044
84,32-11-4,3,0.29981710045330023,4x212,0.057589400006690994,32,0.026306381186056355,0.4405812709819072,11,0.3310199618068793,0.1573673156625193,4,0.6524942439301097,0.17505732033342314
85,32-11-4,3,0.3413989907720784,4x212,0.06749539999873377,32,0.02801237054294092,0.42044756438832437,11,0.33215174548557197,0.14544958055945947,4,0.6213955156970319,0.1287065425068102
86,32-11-4,3,0.34390654794624703,4x212,0.05976800000644289,32,0.026985453101904523,0.44344403030542034,11,0.3474257888817606,0.12098534413880851,4,0.6506258971890636,0.1289653917230507
87,32-11-4,3,0.27575823867822497,4x212,0.0714696999930311,32,0.027426082561123735,0.4414355967849364,11,0.3645406142000179,0.19484777100744305,4,0.6024558499427348,0.17118658092131792
88,32-11-4,3,0.31577962890050904,4x212,0.060358499991707504,32,0.031640123514501274,0.4543324185201789,11,0.2950986185083841,0.20545804317303212,4,0.5759914740497215,0.2152629666093715
89,32-11-4,3,0.29131848930644333,4x212,0.0724202000128571,32,0.027884274812152044,0.45812228084621603,11,0.36700361500514833,0.1905673382351857,4,0.6534347522116138,0.21448728502674327
90,32-11-4,3,0.2810289125827245,4x212,0.06849910001619719,32,0.028611165976050696,0.41928347866060234,11,0.33822921528296307,0.18516626898395225,4,0.6204390839853448,0.1422932384580643
91,32-11-4,3,0.25713738447706974,4x212,0.06659529998432845,32,0.03128823617331092,0.41472572429015264,11,0.32322356796595597,0.13586849348151753,4,0.6573692765315554,0.16794933927923003
92,32-11-4,3,0.2548023975136994,4x212,0.07231739998678677,32,0.028806595890302933,0.45602319314081585,11,0.38796900074931473,0.16985544592325835,4,0.6537509855102774,0.17081525498237493
93,32-11-4,3,0.30892381269668245,4x212,0.06919909999123774,32,0.026972419687735023,0.4445003097483549,11,0.31821868441725176,0.20306018235532064,4,0.5833281865026078,0.23216825629738255
94,32-11-4,3,0.2488270665395595,4x212,0.04818030001479201,32,0.029915633896259595,0.4168735511547064,11,0.3651101181368326,0.21013350642516038,4,0.6321567809291122,0.18484265436427114
95,32-11-4,3,0.34941336368309855,4x212,0.04784079999080859,32,0.031110705494120216,0.4439982590095521,11,0.31065039022109076,0.1674631775455829,4,0.6315753170815263,0.20743163927324978
96,32-11-4,3,0.26081925189738603,4x212,0.0475019000004977,32,0.030264987138946185,0.4081245888496127,11,0.32566781832569214,0.19917250398269945,4,0.5757437612957856,0.1438615574045309
97,32-11-4,3,0.3223265638440833,4x212,0.06560810000519268,32,0.03158394742395356,0.39514637992422486,11,0.3161260893123069,0.16913668791221095,4,0.5421852625277823,0.17020934278793587
98,32-11-4,3,0.3410671240548501,4x212,0.05683469999348745,32,0.019685601264613144,0.4662372604947691,11,0.26367104619104814,0.16725118403844344,4,0.5989621822520472,0.14611236527507074
99,32-11-4,3,0.2613179549140431,4x212,0.062303799990331754,32,0.0208171153456192,0.45821073688924724,11,0.3223539614018397,0.13048912082199113,4,0.6474703010026843,0.15409635967898674
100,32-11-4,3,0.25741742152202907,4x212,0.06379310000920668,32,0.02308337634544688,0.4565353449547155,11,0.2963979685333661,0.12292396551109781,4,0.6357109920088839,0.11155005319231685
101,32-11-4,3,0.3043427885080769,4x212,0.06963199999881908,32,0.02113921780903089,0.4838571574470641,11,0.2825147649706635,0.1481559069097731,4,0.6246200491644938,0.1225039590147597
102,32-11-4,3,0.3581959373727614,4x212,0.07028350001201034,32,0.025461210339592043,0.44458277014054537,11,0.2956649330729261,0.1219317428520429,4,0.6239100889183941,0.13458495286539013
103,32-11-4,3,0.2961802419455707,4x212,0.060645899997325614,32,0.021805322642535915,0.42238301071766915,11,0.3343367331525766,0.1437869087275252,4,0.681260195622395,0.13794901914737726
104,32-11-4,3,0.283585439245064,4x212,0.06403989999671467,32,0.019885319024601632,0.467158126039656,11,0.32208220996637776,0.1417102220363137,4,0.6282562277690622,0.14469821498536892
105,32-11-4,3,0.3191556510741591,4x212,0.0647400000016205,32,0.028003765199283156,0.43702367389276237,11,0.31122171742084803,0.15003742085359115,4,0.6268927580240797,0.13208044746585793
106,32-11-4,3,0.35816309026726456,4x212,0.055878200015285984,32,0.023448651151804546,0.4537609967058095,11,0.30363005904356666,0.1349862933977578,4,0.6104481038106091,0.1295371639706805
107,32-11-4,3,0.3772272117517237,4x212,0.059577500011073425,32,0.02195803823179891,0.4686795798498692,11,0.3007418374606145,0.14285467180548395,4,0.645114769012355,0.1613309615127799
108,32-11-4,3,0.2688746116490786,4x212,0.04655990001629107,32,0.02267712528878222,0.43621879566305016,11,0.31028421438724296,0.15644716505083228,4,0.5899969094163496,0.14688597545340254
109,32-11-4,3,0.2682778182139917,4x212,0.04715550001128577,32,0.025921117392909816,0.45640926360616285,11,0.292965274023022,0.21652663016630616,4,0.5729814044555037,0.23723803642911956
110,32-11-4,3,0.3344889802841082,4x212,0.05423829998471774,32,0.0212786185559092,0.446683360806337,11,0.2645824467428606,0.1825130581978225,4,0.5412981556665695,0.16330304514123087
111,32-11-4,3,0.2733960892158024,4x212,0.0680731000029482,32,0.025181092805861463,0.43938435662982595,11,0.3295371964373425,0.1821284088547404,4,0.6510226005668208,0.16078623790242455
112,32-11-4,3,0.33832280114009383,4x212,0.06694499999866821,32,0.026866737042181572,0.4500769108134423,11,0.26657076271837993,0.17878024594591385,4,0.542017292170771,0.14629447677480537
113,32-11-4,3,0.2904707482460405,4x212,0.0627020999963861,32,0.025432388864998604,0.45120283113720194,11,0.3167310452344268,0.14962500840488832,4,0.6290176791585271,0.12276052984632856
114,32-11-4,3,0.2878811505707125,4x212,0.07246009999653324,32,0.022104392179063636,0.4423728629041965,11,0.23191420221747425,0.15192752628065714,4,0.49959463953133393,0.17121961121040793
115,32-11-4,3,0.31754454152348827,4x212,0.07893290001084097,32,0.02330601965325208,0.4582193909887861,11,0.2876866422706513,0.1487002597758753,4,0.6285364507120397,0.17181532686135773
116,32-11-4,3,0.2779313403323069,4x212,0.07084790000226349,32,0.027096252492219114,0.4315956622851264,11,0.26594123564148076,0.15252852898491007,4,0.579988970217396,0.13796743764461983
117,32-11-4,3,0.2731217895945442,4x212,0.06857639999361709,32,0.025115217586592024,0.4667042495058929,11,0.27756868874586615,0.17736522852022107,4,0.6465281474507224,0.16798484754015078
118,32-11-4,3,0.2657186719930436,4x212,0.05323400002089329,32,0.023158405234322478,0.4701990450972142,11,0.33186927964582924,0.15452158692881252,4,0.6489099334372785,0.14187579434188194
119,32-11-4,3,0.34942661232548156,4x212,0.06838350000907667,32,0.02309847659175018,0.4746044628921539,11,0.28818708378554775,0.1411596936492474,4,0.6507027306454317,0.13393985038707856
120,32-11-4,3,0.28985230736609635,4x212,0.058774600009201095,32,0.023530793266502523,0.4158412402017563,11,0.3253870339070191,0.15915794256054844,4,0.611440174993796,0.14096773717388145
121,32-11-4,3,0.30530253886892417,4x212,0.058126899995841086,32,0.027627511926912963,0.44493971293195783,11,0.2802447664675142,0.19037545692443333,4,0.5818934697401211,0.205845447076175
122,32-11-4,3,0.26739339489490743,4x212,0.06921950000105426,32,0.021675715226717386,0.4515719741886902,11,0.2604396322650184,0.22825654838331727,4,0.5518515348208656,0.18106771588376672
123,32-11-4,3,0.3666869436277577,4x212,0.055766700010281056,32,0.021478562677031163,0.4424683299163734,11,0.3069752067178692,0.1626658496282421,4,0.6146041457099749,0.17996335693826773
124,32-11-4,3,0.23925800030840844,4x212,0.0564656000060495,32,0.022373674473071557,0.4758706460336548,11,0.33667407831881313,0.1167301214832477,4,0.6819947558672517,0.12224813244607254
125,32-11-4,3,0.34067960405254155,4x212,0.0491889999830164,32,0.025339089429827058,0.44593098358897054,11,0.23256065130926273,0.11941362395265362,4,0.6514794358578608,0.09282102134609053
126,32-11-4,3,0.2873944562282236,4x212,0.0642146999889519,32,0.023279465942517393,0.4448435736495911,11,0.27784506979866436,0.1707147243324062,4,0.591013788549777,0.09628174778594355
127,32-11-4,3,0.3044593197327151,4x212,0.06739790001302026,32,0.024956160586771,0.45392914249882377,11,0.30089064504623947,0.10684022990369824,4,0.6764476981955103,0.10773511828216602
128,32-11-4,3,0.2609549066814901,4x212,0.06527900000219233,32,0.025324309903342043,0.44891648268737466,11,0.2378538655949394,0.1316069118995485,4,0.5644039863500637,0.16224806671527878
129,32-11-4,3,0.3199083991581085,4x212,0.06449640000937507,32,0.022547703355413513,0.43049011378391305,11,0.25315480585282063,0.13193684328682612,4,0.6078625076143502,0.10973386465874997
130,32-11-4,3,0.36764844845568617,4x212,0.07096439998713322,32,0.027117716877548114,0.44325219525673104,11,0.25946204231475034,0.112389289456676,4,0.6211521824368779,0.07407115973848537
131,32-11-4,3,0.4117815871150245,4x212,0.05709990000468679,32,0.027029083634158103,0.41246356284664487,11,0.2425805299845799,0.11058544730310352,4,0.5353166615423756,0.11058117158395998
132,32-11-4,3,0.35708198645509465,4x212,0.06450890001724474,32,0.025077675331018297,0.4398086177135257,11,0.27200944293401624,0.1150474144638979,4,0.6209272418011157,0.07576667958901394
133,32-11-4,3,0.3074374808814902,4x212,0.07388390001142398,32,0.024020209606974787,0.4534450709744403,11,0.23975859164097393,0.14319271793501093,4,0.6250078320485017,0.08261401915647536
134,32-11-4,3,0.3750837446234755,4x212,0.06979430001229048,32,0.021853031687277764,0.4284625536776682,11,0.2847488948726362,0.08649050456846848,4,0.6795504152218863,0.08145389901933771
135,32-11-4,3,0.29274073086765495,4x212,0.07266659999731928,32,0.01935253549405138,0.41848602286759146,11,0.27565458031344653,0.10440963329521542,4,0.6570909951067438,0.08216152532865915
136,32-11-4,3,0.33065150764915335,4x212,0.05915040001855232,32,0.02682429801098747,0.426289439955956,11,0.28009352041722635,0.06987363188853912,4,0.6852756074835552,0.06889985014538084
137,32-11-4,3,0.31035231840583977,4x212,0.05163110001012683,32,0.03046252315624815,0.44884824678020147,11,0.26315074305530106,0.15379886518389704,4,0.6327601974460735,0.13307170760774148
138,32-11-4,3,0.37280118677036794,4x212,0.055104800005210564,32,0.022282976133524184,0.4470692140802306,11,0.2627862989460452,0.10726527748042082,4,0.6305326592351974,0.05454275734188644
139,32-11-4,3,0.41565526415904175,4x212,0.0634342999837827,32,0.025649467666009316,0.43319247164365576,11,0.2783730713772956,0.09143597876398886,4,0.6387356451125853,0.10959723098372902
140,32-11-4,3,0.2972439607566047,4x212,0.049078799987910315,32,0.02366741131636977,0.4270923900230039,11,0.24964946384582748,0.0964542526078693,4,0.6915583382695636,0.08848317681999374
141,32-11-4,3,0.3225307814326489,4x212,0.06907470000442117,32,0.022554380161699968,0.41699748949401816,11,0.21670803281849077,0.10265999020838419,4,0.6141264979374076,0.10639736353539486
142,32-11-4,3,0.33523702957870977,4x212,0.054751999996369705,32,0.023824923411248585,0.43003290396309896,11,0.28370788134087094,0.1614264760946497,4,0.6197669852027315,0.11974646371213062
143,32-11-4,3,0.35743430921136593,4x212,0.07298520000767894,32,0.0259128407861361,0.4314655150085232,11,0.25920108755857835,0.10805252431158803,4,0.6329792079081821,0.0965469666275276
144,32-11-4,3,0.5180948236227417,4x212,0.0741730000008829,32,0.028940747959579568,0.441105793295505,11,0.22370888711216302,0.0924202969259031,4,0.5014648845128367,0.06029457991798657
145,32-11-4,3,0.3024848603645935,4x212,0.06044349999865517,32,0.02546117605197179,0.45320329445251556,11,0.2963059452122371,0.11263889051470356,4,0.6134539680303877,0.09522156338077349
146,32-11-4,3,0.3109622061790101,4x212,0.050305599987041205,32,0.02526111882622819,0.4461534649060928,11,0.26972159788118266,0.12312534126273511,4,0.6536084744694951,0.08552757413529193
147,32-11-4,3,0.3964449575115781,4x212,0.051744299998972565,32,0.023282918034398345,0.4335556500580239,11,0.27718204075521913,0.09921083505732586,4,0.6279350109704309,0.11202788688032982
148,32-11-4,3,0.3067134513580619,4x212,0.06345139999757521,32,0.027085039053569012,0.42786660744854327,11,0.2560769812836406,0.13629111188193277,4,0.6366948916336456,0.07589063551942664
149,32-11-4,3,0.28966072227598455,4x212,0.05159590000403114,32,0.02370445921223698,0.43553158236409967,11,0.27075027247489086,0.11013456568955621,4,0.6451982033200031,0.0996724710414596
150,32-11-4,3,0.33618792850148327,4x212,0.045025300001725554,32,0.023143040825106438,0.45870986284730425,11,0.2647134399732383,0.1451358713951258,4,0.5946371350496706,0.11787033995235591
151,32-11-4,3,0.3507512514086313,4x212,0.05327850001049228,32,0.023766492016457353,0.4244679409825399,11,0.273564079974609,0.11201241394707522,4,0.5579060709571355,0.10456604113072877
152,32-11-4,3,0.35050738427330763,4x212,0.06143010000232607,32,0.02637388662351672,0.41071647653015936,11,0.24887986509752041,0.09680009255148224,4,0.642879987425178,0.07975614712193292
153,32-11-4,3,0.3444515632589537,4x212,0.07076090000919066,32,0.023458048846732527,0.4374758244136113,11,0.2561327177488807,0.12822513789690282,4,0.6446996325143677,0.12563454589877202
154,32-11-4,3,0.31058680737452815,4x212,0.06225129999802448,32,0.02159734539629599,0.45044442214290464,11,0.3252539469917959,0.08327105322076682,4,0.701517246034692,0.10193115560564721
155,32-11-4,3,0.36670568160461925,4x212,0.06863629998406395,32,0.025249784939511435,0.443438460172363,11,0.2289862168150096,0.09007370300459713,4,0.6190896039375519,0.1156597648016235
156,32-11-4,3,0.43314640436659024,4x212,0.06772429999546148,32,0.02440407918324082,0.43240580681694546,11,0.2428707194027178,0.09518840729269402,4,0.643199122398097,0.04906173784052422
157,32-11-4,3,0.3013373931990996,4x212,0.06510350000462495,32,0.03142707090542631,0.4214508631151626,11,0.39310137212186763,0.18819060186291875,4,0.6223332758615172,0.15906469506468554
158,32-11-4,3,0.3639222047235915,4x212,0.06923810002626851,32,0.03385309722195648,0.4273983012789519,11,0.290829635651951,0.14605456852182014,4,0.5708092516687021,0.15125398559586653
159,32-11-4,3,0.3176402203870548,4x212,0.06486220000078902,32,0.028973312412006645,0.38854195439614536,11,0.3736145694007127,0.15041882879099852,4,0.655554238728101,0.13110056092350336
160,32-11-4,3,0.2532693339630127,4x212,0.06775040001957677,32,0.03555877556525914,0.4162606963787368,11,0.382669194362612,0.1993794656643069,4,0.6070200916927316,0.1954794746986992
161,32-11-4,3,0.35430389332718,4x212,0.061702700011665,32,0.033847518092429196,0.3999479031952315,11,0.27343925459013085,0.20308937973034402,4,0.5648439168122578,0.22295401889251995
162,32-11-4,3,0.26655613099366615,4x212,0.07122899999376386,32,0.031434507767672454,0.41409501329542536,11,0.3858440154335713,0.18873031279742164,4,0.6237487238699173,0.21694963509656084
163,32-11-4,3,0.2755973554563212,4x212,0.04642800000146963,32,0.03048710323710664,0.4125717607735469,11,0.35238262029274486,0.14951484360374245,4,0.6308757254725965,0.1493625548065662
164,32-11-4,3,0.33697344463581697,4x212,0.04726280001341365,32,0.03467039666864758,0.4028570549382127,11,0.3314967765767911,0.14592512611425532,4,0.5983949880932923,0.14369626452303672
165,32-11-4,3,0.2876826421942808,4x212,0.04359730001306161,32,0.034942567527282,0.4283810702377337,11,0.394308595766484,0.1742184903873512,4,0.6265322426991936,0.17136167260836688
166,32-11-4,3,0.34550424568099436,4x212,0.06799799998407252,32,0.03021097500327917,0.4124707917255994,11,0.33464861768587434,0.18128161534089723,4,0.6364545542178656,0.2190112076092768
167,32-11-4,3,0.34915190934672397,4x212,0.07044010001118295,32,0.030182044715219736,0.385453674102893,11,0.3733525673356773,0.16103020609801588,4,0.6256489204755135,0.19470964546405312
168,32-11-4,3,0.3510318824420706,4x212,0.05783099998370744,32,0.03335758686328913,0.39482986758756167,11,0.3076725706575819,0.1606549256945348,4,0.562612170748998,0.21003820159788725
169,32-11-4,3,0.3641662813714431,4x212,0.061940700019476935,32,0.030789599595299557,0.38042214381827866,11,0.3265063589304096,0.16586482207745656,4,0.5700558539484908,0.14671324082980508
170,32-11-4,3,0.26427606723500086,4x212,0.07307030001538806,32,0.03462709452730716,0.38961077723674525,11,0.3443228666210021,0.2245619094258624,4,0.561350513183651,0.2114459269956325
171,32-11-4,3,0.37005684846178505,4x212,0.06982340000104159,32,0.030543226747837916,0.39622798771906675,11,0.35899847095807924,0.17222277741828815,4,0.585935481574998,0.1778986388897703
172,32-11-4,3,0.2753274982517389,4x212,0.07120019997819327,32,0.02922956469470289,0.426685565687053,11,0.4009010276781429,0.13471543616478218,4,0.6735009095111626,0.15773939252282984
173,32-11-4,3,0.32743144819147957,4x212,0.06739159999415278,32,0.032530858479242274,0.3884619764622092,11,0.3634350170873642,0.1366761262338706,4,0.583795184686522,0.15229315095548476
174,32-11-4,3,0.33278852447744983,4x212,0.07430430001113564,32,0.030609260718178797,0.40317052530844893,11,0.38513484251109803,0.17917609140606364,4,0.615667294476688,0.18094171705621698
175,32-11-4,3,0.27304616807067356,4x212,0.07110289999400266,32,0.030546710906349642,0.3791263226656429,11,0.33972519549111535,0.24319340972457396,4,0.5576148374918941,0.2622695114153391
176,32-11-4,3,0.3726081864043584,4x212,0.06694590000552125,32,0.03411647439306293,0.40717008042564856,11,0.2827938368872278,0.18116382072244067,4,0.6028055400002225,0.22227665024552665
177,32-11-4,3,0.3310525025560737,4x212,0.06924020001315512,32,0.028956774212843497,0.4092443378620765,11,0.33505411308658517,0.17420373031431763,4,0.6573470477040585,0.22260686979191066
178,32-11-4,3,0.3895751647246418,4x212,0.06234269999549724,32,0.03148197588117929,0.38364935439869347,11,0.37062141323011094,0.1513361852321827,4,0.6385722831676278,0.16319846237649127
179,32-11-4,3,0.34982095922315837,4x212,0.06193060000077821,32,0.031047149310705385,0.393176469563851,11,0.37932439949257757,0.1621758521367974,4,0.6482935517553085,0.1625843080184017
180,32-11-4,3,0.28029394275171415,4x212,0.06841060001170263,32,0.03019765386368833,0.4096836656361071,11,0.3773389924643169,0.2206429010546872,4,0.5800051174624957,0.21134305606576376
181,32-11-4,3,0.2786522801678131,4x212,0.06583800000953488,32,0.034005020580852606,0.4058233167087918,11,0.40254940131579064,0.16172116411529616,4,0.6223773110947306,0.1288380175589089
182,32-11-4,3,0.3553724564859618,4x212,0.07062589999986812,32,0.03597808049551086,0.42731707161611554,11,0.3648150454622627,0.1481190553545475,4,0.6303970777255471,0.1595539204796197
183,32-11-4,3,0.24658506070741062,4x212,0.06323830000474118,32,0.03329867382459452,0.42182143117775056,11,0.38309649798891815,0.2085137440078626,4,0.6082080872146716,0.19310808721643155
184,32-11-4,3,0.2503712178614957,4x212,0.05595119998906739,32,0.03244698686165733,0.4082213189512023,11,0.3898371358847527,0.20404494263067385,4,0.6398187630326628,0.2538227733369001
185,32-11-4,3,0.3900743694458336,4x212,0.05488930002320558,32,0.034854092503433874,0.38949531635681717,11,0.34633525053739556,0.1449925782090995,4,0.628094796746995,0.2099434684808196
186,32-11-4,3,0.2962261665277377,4x212,0.06293379998533055,32,0.03469808076674356,0.4256072874112722,11,0.3366237091778291,0.20461130862980245,4,0.5985050421150037,0.2402618038320363
187,32-11-4,3,0.30550189959294305,4x212,0.06696589998318814,32,0.02961536547944826,0.4265360974644924,11,0.3521695988759276,0.16586481561637945,4,0.5976426621965396,0.1901781302594836
188,32-11-4,3,0.23677634301853123,4x212,0.06989469999098219,32,0.03195143830093507,0.44653331142709796,11,0.3855060181161192,0.15331758910236243,4,0.6605708446913161,0.14767388918679372
189,32-11-4,3,0.3089826730871258,4x212,0.0637808000028599,32,0.03233117648787041,0.3954921815024862,11,0.35590100595676105,0.18274668740993144,4,0.6323066055197383,0.21592412889800364
190,32-11-4,3,0.37050985642170214,4x212,0.0744515000260435,32,0.032921011655052804,0.4220616106203419,11,0.34501681939250994,0.1561337739462684,4,0.6143039271043961,0.15301837150343145
191,32-11-4,3,0.28088499959923147,4x212,0.0715990999888163,32,0.035127147479580706,0.40188308380248455,11,0.39428303724352526,0.1780615107736343,4,0.5960203361720289,0.15862578997023588
192,32-11-4,3,0.25833379128388373,4x212,0.06741069999407046,32,0.03158835362018541,0.3960581850088389,11,0.35432668861596267,0.18990548707074745,4,0.6206227147375268,0.197788452736414
193,32-11-4,3,0.3712110363390713,4x212,0.07354720000876114,32,0.023615041324524442,0.39273872696419376,11,0.2916035556062083,0.11482127371963892,4,0.6460290774754813,0.09410515411785834
194,32-11-4,3,0.31814191567719247,4x212,0.0507008999993559,32,0.026988596227824943,0.36674004623130824,11,0.27765596197929887,0.14234187958965439,4,0.5653211923420622,0.11561239771375953
195,32-11-4,3,0.4333303215678876,4x212,0.06309070001589134,32,0.027246345561233908,0.3476438800336345,11,0.2811470175664463,0.10016288777757354,4,0.6177432695299665,0.0829639105890856
196,32-11-4,3,0.4309586818032689,4x212,0.05782710001221858,32,0.030170149426779574,0.3476050460114092,11,0.2511796731445845,0.14730359005844432,4,0.5745053487761178,0.09371444506528509
197,32-11-4,3,0.3476581882207917,4x212,0.06803450000006706,32,0.02872960605965992,0.3364525809537509,11,0.22412962232029482,0.08494135886197653,4,0.5794513468758604,0.10040166685205802
198,32-11-4,3,0.3010786804502449,4x212,0.06140620002406649,32,0.027845081705668007,0.3681131387585484,11,0.28294386933861554,0.13847382374052136,4,0.5790237259630391,0.08662579971453442
199,32-11-4,3,0.4901181898116612,4x212,0.06179900001734495,32,0.026756708212885744,0.32604331971022976,11,0.24809994567192523,0.08056714395996249,4,0.5349475730411221,0.10321753017709007
200,32-11-4,3,0.37136731660151995,4x212,0.0449298000021372,32,0.04847349889169361,0.29958084638632204,11,0.39870478964956707,0.1637386004323097,4,0.5724594546873109,0.17511217899763096
201,32-11-4,3,0.40010774152866774,4x212,0.053725100005976856,32,0.04756532381252974,0.2988400548160349,11,0.3856475127399325,0.19781615230136296,4,0.600554227614957,0.20871287472810104
202,32-11-4,3,0.3568324771127678,4x212,0.05448140000225976,32,0.047644275962497845,0.29525301790236846,11,0.4249778071834051,0.14524383243445205,4,0.6261368626294678,0.1708272084147908
203,32-11-4,3,0.368750440991044,4x212,0.043576099997153506,32,0.048032518219827486,0.3286212379261447,11,0.37187171951003267,0.20163070288798418,4,0.6085205064951512,0.20118203221579922
204,32-11-4,3,0.3595074538393177,4x212,0.044862300012027845,32,0.04942989743936994,0.3238916255163344,11,0.3973564247986309,0.1825888760749434,4,0.6181133608426731,0.18639245427374015
205,32-11-4,3,0.3462770259171359,4x212,0.03942369998549111,32,0.050236043801897716,0.30747322608568145,11,0.4200584661684658,0.19016382749189084,4,0.5907169009632892,0.20653747361733044
206,32-11-4,3,0.42456346340534284,4x212,0.04768729998613708,32,0.04918922343976373,0.29306218779999704,11,0.42830138905154547,0.15153929147871414,4,0.6390609042920946,0.1801350206264264
207,32-11-4,3,0.34545601686634475,4x212,0.05010059999767691,32,0.04767854099751898,0.3252528862111515,11,0.41420399193884383,0.20124429071982003,4,0.5842941224180992,0.18187526605315962
208,32-11-4,3,0.3681115743871858,4x212,0.060925900004804134,32,0.051699776774821675,0.3007611150186962,11,0.45902176190439026,0.17412286672562602,4,0.6273309858198526,0.19359833347537092
209,32-11-4,3,0.3455602445318639,4x212,0.050391800003126264,32,0.052007853735803106,0.3031305818246375,11,0.41229789198653705,0.14836718818138833,4,0.6176277423135399,0.1617264773675622
210,32-11-4,3,0.36933081959750685,4x212,0.05154690000927076,32,0.05361617959067343,0.32227251508187454,11,0.3872322027556269,0.19838059940153877,4,0.5827873478664646,0.1824929207924644
211,32-11-4,3,0.3083436106290054,4x212,0.06169120001140982,32,0.054054910279430116,0.32353224098089445,11,0.37772643119629135,0.18780588484510677,4,0.594046698717835,0.1915226297462357
212,32-11-4,3,0.40831508956405077,4x212,0.042114100011531264,32,0.047929835055480444,0.29363376426505616,11,0.38499444850756365,0.19263343968454968,4,0.5602514226287153,0.12296572956324554
213,32-11-4,3,0.3570391956152315,4x212,0.0521555999876,32,0.0454269265332555,0.3026583998340394,11,0.41358594980956004,0.19088075989675457,4,0.5855484460390562,0.2066474688258746
