indice_interno,distribucion,numero_capas,error_final,forma_h_final,segundos_extraccion,capa_1_rango,capa_1_error,capa_1_ortogonalidad_h,capa_2_rango,capa_2_error,capa_2_ortogonalidad_h,capa_3_rango,capa_3_error,capa_3_ortogonalidad_h
0,30-13-6,3,0.2598907089014275,6x212,0.0786484999989625,30,0.03343909391875854,0.4192286780762029,13,0.3243486552370583,0.19238391573798422,6,0.5524143174752651,0.15517057078473281
1,30-13-6,3,0.3140484960615638,6x212,0.06757870002184063,30,0.033227958724205586,0.4047282865967321,13,0.31121083531705845,0.1419165948707487,6,0.5358989993566666,0.16943473740214307
2,30-13-6,3,0.35756532108976236,6x212,0.08163530001183972,30,0.034868919883187716,0.3940869816067351,13,0.2544968667518717,0.1370092067537812,6,0.5597032957850819,0.12374939115358344
3,30-13-6,3,0.2812225631475723,6x212,0.07873649999964982,30,0.03332702826293412,0.3918930167609219,13,0.3431980536333654,0.16074053708894684,6,0.539865656973421,0.16399320424802757
4,30-13-6,3,0.23089796019808437,6x212,0.08325560000957921,30,0.031157963766477552,0.42620032253610673,13,0.3097982119294805,0.19212874854872788,6,0.5312919741783872,0.15403013904862664
5,30-13-6,3,0.2690692827983876,6x212,0.08092480001505464,30,0.02884357673681356,0.4023689587817235,13,0.30238252956388256,0.1879812422215558,6,0.4932639718958598,0.21368834473055448
6,30-13-6,3,0.2950007920774665,6x212,0.08343529998091981,30,0.03313087956722065,0.4050993564929301,13,0.29273499487485843,0.17250650849898996,6,0.5023943787504211,0.16644932095435108
7,30-13-6,3,0.26983884171495237,6x212,0.07667619999847375,30,0.03493967718633066,0.41216019015724426,13,0.32841339956878796,0.18909074082756896,6,0.5273188345591422,0.18856028675529818
8,30-13-6,3,0.29500208016113666,6x212,0.0845784000121057,30,0.03581021292357384,0.4083256237901376,13,0.32313960839464173,0.16203105515281607,6,0.548050271759899,0.11565463670970318
9,30-13-6,3,0.2918218218842557,6x212,0.07233250001445413,30,0.03454466813449967,0.40905025723255745,13,0.3286980404583267,0.1950990689280548,6,0.5214820472032835,0.17782523194579175
10,30-13-6,3,0.2976546468213447,6x212,0.07969710000907071,30,0.033834440844158896,0.39866855891909075,13,0.28896069908857946,0.18945020545293234,6,0.4979859895604963,0.1827398057238728
11,30-13-6,3,0.2812053113418191,6x212,0.08504969999194145,30,0.04124720370068827,0.38648357738721834,13,0.3195120364236773,0.14015122243974062,6,0.5738959336121899,0.1228332317314144
12,30-13-6,3,0.28549241426957056,6x212,0.07874539998010732,30,0.034486038148826115,0.40730434654640063,13,0.3385627012947626,0.1726005812450549,6,0.5224202374304936,0.17010793236885027
13,30-13-6,3,0.2835004245478477,6x212,0.08035430000745691,30,0.03204011532760446,0.40070622830963243,13,0.30210111642030446,0.1589549488425091,6,0.5587752449105485,0.13921934808252578
14,30-13-6,3,0.2708026551840369,6x212,0.08588600001530722,30,0.03683417254033131,0.40353333683666703,13,0.3268641680068586,0.19405348705422049,6,0.5278479373370903,0.1734952208427236
15,30-13-6,3,0.31335757908301165,6x212,0.07770100000197999,30,0.031736908123364986,0.40734128603275294,13,0.29757735409007013,0.17526757574905266,6,0.4840343208735636,0.15842757464281648
16,30-13-6,3,0.25253700807098384,6x212,0.0749624999880325,30,0.03402343218926891,0.3805793114964545,13,0.3563219539429216,0.17807644703229764,6,0.5567252657009423,0.21529732670652865
17,30-13-6,3,0.2962304257267486,6x212,0.09385730000212789,30,0.030571055929877498,0.411933742549689,13,0.2797439362282291,0.15671855569454732,6,0.4999957605039044,0.13033834578518214
18,30-13-6,3,0.29775996410339817,6x212,0.07675569999264553,30,0.03500638401651885,0.39106430399725584,13,0.3446518296435799,0.1890348455003081,6,0.5040452811900294,0.2530820372400766
19,30-13-6,3,0.3226205690331273,6x212,0.08218859997577965,30,0.034189873282353116,0.4005310106168526,13,0.2934192557351859,0.16655630100574778,6,0.5362706206619751,0.18103669518434412
20,30-13-6,3,0.27780611858014354,6x212,0.08443839999381453,30,0.03025419306011551,0.40717362663568923,13,0.2909960645213621,0.17056828679475902,6,0.53780871853316,0.17939035679504997
21,30-13-6,3,0.2810240521136348,6x212,0.07658129997435026,30,0.03378863034618712,0.42788620890031703,13,0.3236437514585596,0.15515101461126787,6,0.5561030736998841,0.12478536158193455
22,30-13-6,3,0.27278278720619226,6x212,0.07514060000539757,30,0.03800784989145359,0.3915582492811933,13,0.29818902838054245,0.17440148388760957,6,0.4865989053835241,0.15229631270186825
23,30-13-6,3,0.28230075751285744,6x212,0.07749299998977222,30,0.03149988726987764,0.41370966153820854,13,0.32205945439634626,0.16794510669131982,6,0.5497121329915498,0.16166832175125323
24,30-13-6,3,0.31106128117044235,6x212,0.0781286999990698,30,0.03572177606998353,0.41622204146268454,13,0.2907420301470092,0.16848436298866742,6,0.5617767388024174,0.17083522937897255
25,30-13-6,3,0.29211934850123084,6x212,0.07649829998263158,30,0.02987795822028698,0.38877562868751175,13,0.3160121638241685,0.18962072613405587,6,0.5437786391447789,0.1775429977151622
26,30-13-6,3,0.2650019797035437,6x212,0.07840739999664947,30,0.03381175220362814,0.41440997244355116,13,0.32446954837324177,0.1902366788268197,6,0.4877389284454208,0.14506454977256797
27,30-13-6,3,0.26089769462887397,6x212,0.08117659998242743,30,0.02883538898092851,0.410135893140342,13,0.3033402941745084,0.1905803126749691,6,0.523919419710924,0.16176235474620962
28,30-13-6,3,0.31638558599686173,6x212,0.07712770000216551,30,0.036981216510305066,0.39149415187000647,13,0.2999211599888508,0.15377974048747534,6,0.5540199881683481,0.1400632990719165
29,30-13-6,3,0.26376840556237957,6x212,0.07385190000059083,30,0.030154604970565605,0.40940148226924017,13,0.3241680886265229,0.17072426777904864,6,0.5187291652076667,0.1246197722003096
30,30-13-6,3,0.3054320646868321,6x212,0.08088149997638538,30,0.03248764734023295,0.3978770830816024,13,0.33386095129188936,0.16864252163353952,6,0.5684475242260257,0.18479082107747274
31,30-13-6,3,0.27350978150679517,6x212,0.07761279999976978,30,0.035436293089186346,0.37579239736632963,13,0.30563163750577227,0.1961359606347846,6,0.5255564233747253,0.18464068512093723
32,30-13-6,3,0.28782987946419647,6x212,0.07737779998569749,30,0.03515055285973308,0.41538829781002945,13,0.3052200072303785,0.12237957068995815,6,0.605401477630993,0.11159592098276834
33,30-13-6,3,0.2808311456019054,6x212,0.07194140000501648,30,0.031105449554541056,0.3764299135790623,13,0.3333209520868285,0.169409640558541,6,0.5475757740408214,0.16722789465909543
34,30-13-6,3,0.29833046884659004,6x212,0.0743580000125803,30,0.03347420594383088,0.4137526621824799,13,0.2720239718875196,0.15503800190431533,6,0.5638326880363261,0.1566332591570055
35,30-13-6,3,0.2952126327434246,6x212,0.07741670001996681,30,0.03497723260765555,0.41676787966575346,13,0.2914669564122601,0.18568333028556167,6,0.5217888677899508,0.17105238740933176
36,30-13-6,3,0.27222759975842437,6x212,0.07356769999023527,30,0.019436331767149023,0.4281937858574551,13,0.20527435069006522,0.13321713442645966,6,0.5447532816162578,0.08275457508631531
37,30-13-6,3,0.2684860152896723,6x212,0.07432990000233985,30,0.02169353277161035,0.43674589640191874,13,0.20403468403379718,0.1463323719625218,6,0.4386885856688191,0.10865408842539939
38,30-13-6,3,0.3007936897853712,6x212,0.0744037999829743,30,0.02352935722841668,0.44499501039667083,13,0.22718896627959867,0.12170561852289812,6,0.5648981084765259,0.12823185555539834
39,30-13-6,3,0.3280654422726184,6x212,0.07782350000343286,30,0.021709494273400454,0.4397462935129712,13,0.2033921078464275,0.10409158759631836,6,0.5314058270674153,0.09221206058272105
40,30-13-6,3,0.26519952784269263,6x212,0.07520859999931417,30,0.02651084288007012,0.41451382548429183,13,0.29116233301969996,0.1275407735612836,6,0.5681534248719095,0.10343763928564885
41,30-13-6,3,0.27240542435436593,6x212,0.07636829998227768,30,0.02692394686557125,0.4577996028997654,13,0.2810821903596619,0.12555667280309726,6,0.546579839750449,0.10123379380004681
42,30-13-6,3,0.2597107086018087,6x212,0.08523689999128692,30,0.023057828897296077,0.43072224216718363,13,0.19996250285607325,0.1551294406033004,6,0.4515840835784368,0.09741569693050368
43,30-13-6,3,0.24967960713271456,6x212,0.07642669999040663,30,0.02396007389147613,0.46497929013553624,13,0.2683037193946904,0.15080901868400223,6,0.5330806759725757,0.1324265416320693
44,30-13-6,3,0.27928974702293147,6x212,0.08396459999494255,30,0.021951770855198314,0.4393761609651835,13,0.2644158293208415,0.13171457652183366,6,0.5428744863625342,0.12714919359752577
45,30-13-6,3,0.24795982398930105,6x212,0.07641450001392514,30,0.02352471076475066,0.43409204404472546,13,0.25147981447910894,0.11222867511518257,6,0.5645508297336224,0.10167049232748478
46,30-13-6,3,0.2728635396810698,6x212,0.07647319999523461,30,0.02475444935436475,0.4086763925535136,13,0.26711328924155553,0.1449528834632792,6,0.5475509726258336,0.11711981534102704
47,30-13-6,3,0.32941867042561984,6x212,0.08374789997469634,30,0.023929790431267913,0.4495516151895371,13,0.22960259642569875,0.1318646038756583,6,0.5537140890523576,0.119849869984355
48,30-13-6,3,0.26251314189204983,6x212,0.0877500000060536,30,0.020939715442457252,0.4441550383770464,13,0.262471866544598,0.137809352619866,6,0.5791516328033242,0.11541915525148722
49,30-13-6,3,0.3350861040868585,6x212,0.07888859999366105,30,0.02748553740580057,0.4462247343515072,13,0.27525902334232244,0.15106041935974288,6,0.579612807294516,0.165804115574171
50,30-13-6,3,0.31967633271800805,6x212,0.07363139998051338,30,0.02458838364365075,0.4249472313082878,13,0.2366487219311486,0.15941198083245828,6,0.5400706346470129,0.16632436593954159
51,30-13-6,3,0.2736628676394536,6x212,0.07128429997828789,30,0.02233604890237582,0.4647517954516063,13,0.25179928528321077,0.16521533969514784,6,0.5181065263739371,0.15217906659186628
52,30-13-6,3,0.3063027843356403,6x212,0.07132010001805611,30,0.024918439669149705,0.4349963999078834,13,0.24892458866221667,0.12472548347980017,6,0.5361016247626945,0.11986529799965812
53,30-13-6,3,0.2997094493615369,6x212,0.06903020001482219,30,0.024551110631013544,0.4497822773430304,13,0.24904949841697213,0.15019367345126766,6,0.5146079529371105,0.14509398528773412
54,30-13-6,3,0.28523736651389026,6x212,0.07281979999970645,30,0.034402311217560363,0.4524222346821592,13,0.25169712845542963,0.15056503903834242,6,0.5119525068951336,0.1390500029974377
55,30-13-6,3,0.26957296831818656,6x212,0.07551860000239685,30,0.025839926755004936,0.4367196370943327,13,0.2780513583202052,0.1461697629464477,6,0.5006691002344653,0.14372334684371055
56,30-13-6,3,0.3355836736252457,6x212,0.07552380001288839,30,0.023977756542011085,0.41980745445432854,13,0.25381094840643315,0.15517584176160096,6,0.5269747046974065,0.13072641219694636
57,30-13-6,3,0.26751172412047913,6x212,0.07497620000503957,30,0.025551039193411805,0.4529275101606408,13,0.25990923864098586,0.12642869441509,6,0.554848468736436,0.092403118494033
58,30-13-6,3,0.23407759718748442,6x212,0.07413359999191016,30,0.022139703739271554,0.45756898407523555,13,0.252183582504636,0.14453296355839726,6,0.5457108211475373,0.11585660421294475
59,30-13-6,3,0.2831901060360411,6x212,0.07590179998078384,30,0.02422883978110622,0.455256460841981,13,0.2459814292529307,0.15368269399505202,6,0.5339323005158458,0.14723629873116628
60,30-13-6,3,0.34573243321704783,6x212,0.08376559999305755,30,0.02355976916553439,0.45146522958376695,13,0.2487482902403127,0.11967090405157056,6,0.5417623213230133,0.09724774211932684
61,30-13-6,3,0.26041439463843447,6x212,0.08109299998614006,30,0.026319336768793295,0.4435741615969051,13,0.24243564527435216,0.1430412419976525,6,0.5339604384458724,0.09507838176447082
62,30-13-6,3,0.28662485683388,6x212,0.08298609999474138,30,0.02023862638964737,0.4598347460569677,13,0.24837812979733095,0.16951397784656408,6,0.5008983338362262,0.19963296780718862
63,30-13-6,3,0.28820524226589267,6x212,0.08111689999350347,30,0.023189821519888333,0.43852531959370045,13,0.28019454362002744,0.11021324991362699,6,0.5365076890600485,0.10335850471938728
64,30-13-6,3,0.2752697454884113,6x212,0.0769430999935139,30,0.02515714157854624,0.45279990984241003,13,0.2561469217454687,0.12677914246467403,6,0.5536587163741868,0.11659026797950872
65,30-13-6,3,0.25523049125668335,6x212,0.072053700016113,30,0.020356004855811186,0.4496273759367094,13,0.2814738703629602,0.15836937067720017,6,0.5681132596569974,0.12805898797173032
66,30-13-6,3,0.26623520801260137,6x212,0.07053299999097362,30,0.02134080315872992,0.46718168923495945,13,0.28285625298937483,0.13240748374576594,6,0.5634391721430773,0.09956984792305752
67,30-13-6,3,0.25151359349072955,6x212,0.07278640000731684,30,0.023359321081395407,0.4574408239667816,13,0.24001589149618838,0.17510662023557744,6,0.5365565872354712,0.1310294780051555
68,30-13-6,3,0.2412548252519668,6x212,0.07064330001594499,30,0.032684628055851504,0.43247882852628217,13,0.28107299777333317,0.14619933502382604,6,0.5520734701597019,0.12948256575825773
69,30-13-6,3,0.2722037658849574,6x212,0.0693909999972675,30,0.03472004173274051,0.4428688565989487,13,0.3420176287124761,0.13666428524785162,6,0.5993719790672162,0.10988915856708543
70,30-13-6,3,0.2826410235485109,6x212,0.1122118000057526,30,0.027853194074676978,0.4244657169350348,13,0.32571852645302063,0.1704471260470165,6,0.5281641060897442,0.1572449902693096
71,30-13-6,3,0.24906345415271025,6x212,0.06657470000209287,30,0.029532089899731124,0.4167481251868891,13,0.28639353432848114,0.18474502556165448,6,0.49584016272839665,0.1798802972634394
72,30-13-6,3,0.2667505093306668,6x212,0.07518469999195077,30,0.034631137214715085,0.44047980452640767,13,0.25051923585513625,0.1619162808710381,6,0.47123078651677813,0.12167569886897152
73,30-13-6,3,0.2778951870574416,6x212,0.07538970001041889,30,0.0326105832459212,0.438824569948574,13,0.32927165252447127,0.11128584117639341,6,0.578083638898437,0.1097869169492848
74,30-13-6,3,0.2543656675613766,6x212,0.08659479999914765,30,0.028303895611995263,0.435737013100333,13,0.24101244446861358,0.1814500934911643,6,0.3870850422272088,0.14017557018132631
75,30-13-6,3,0.26663240826063805,6x212,0.06726800001342781,30,0.03518822124051132,0.4332434141447259,13,0.32643879232260015,0.14510672876235536,6,0.551404359494843,0.12213461269673177
76,30-13-6,3,0.2817247393169299,6x212,0.07747839999501593,30,0.03092009715664644,0.43497978441882695,13,0.2796185883959598,0.13148374158015283,6,0.5703480262431041,0.11337977125876313
77,30-13-6,3,0.25936811032663243,6x212,0.08855200000107288,30,0.027273415389392784,0.43162510380281033,13,0.2861921901241071,0.1743086489135652,6,0.5236692589943546,0.1451660092241499
78,30-13-6,3,0.2565491980579656,6x212,0.07775490000494756,30,0.03277279947753068,0.41370950429983583,13,0.2681266539867093,0.21088286733760853,6,0.4833311189094441,0.16232296196006055
79,30-13-6,3,0.29083854267463566,6x212,0.07467809997615404,30,0.030294453406713932,0.42501040895406655,13,0.3188815694265936,0.13903000066548757,6,0.5407938981944497,0.1266902454982671
80,30-13-6,3,0.23669113802438135,6x212,0.08078049999312498,30,0.027196402778242597,0.4323246614947627,13,0.29558127411800406,0.14991220222226048,6,0.553156803812464,0.113349572139089
81,30-13-6,3,0.28601909124972563,6x212,0.07538179997936822,30,0.02755909017719345,0.4283212391896572,13,0.3021285695682347,0.19457300640747235,6,0.5305603426899677,0.17923404214924096
82,30-13-6,3,0.2810677567656167,6x212,0.07087280001724139,30,0.028404928875490523,0.41684958102833314,13,0.28243045634605146,0.17479897668359326,6,0.5554890303846098,0.1287515426615486
83,30-13-6,3,0.2630138272633369,6x212,0.07702779999817722,30,0.030773616713299885,0.4450198707320731,13,0.3043962472528838,0.16391860949822137,6,0.5526413091067273,0.13063191912397273
84,30-13-6,3,0.2688009794537996,6x212,0.07634940001298673,30,0.026577379849259914,0.43093631211604405,13,0.3314585568512366,0.11810726720954971,6,0.590539116383774,0.09533651030587995
85,30-13-6,3,0.2403860166292719,6x212,0.07445779998670332,30,0.0309028869859476,0.45488809253502693,13,0.274931104338305,0.13332102239591093,6,0.5663109702899943,0.10039124372599252
86,30-13-6,3,0.28389778841774854,6x212,0.0768650000100024,30,0.032104174050730606,0.4350008012458997,13,0.24000298125549838,0.1376236054329285,6,0.5090741018826505,0.11057204853258504
87,30-13-6,3,0.2680355636674333,6x212,0.07378360000438988,30,0.03176003677936952,0.4365814796501958,13,0.3074190192718674,0.174953199472331,6,0.5563578348913453,0.17994813000226972
88,30-13-6,3,0.27755965538658073,6x212,0.07833489999757148,30,0.029556304987914728,0.4606757622364802,13,0.29421189738947845,0.13490910921093105,6,0.5349812503078867,0.1297144182929682
89,30-13-6,3,0.2737093664286005,6x212,0.073707600007765,30,0.029384567083792675,0.4204532307587209,13,0.29823875498239505,0.11199246256624551,6,0.5841167228280154,0.09209367859170142
90,30-13-6,3,0.29369561560898666,6x212,0.08018250000895932,30,0.030253530730123348,0.4122149214961591,13,0.28275471327318086,0.132346129163062,6,0.5328619963424804,0.12784731747191355
91,30-13-6,3,0.31947296679676673,6x212,0.07455419999314472,30,0.03114966955809647,0.4594736136015135,13,0.27450221354638144,0.14867729058931012,6,0.5703219065692524,0.15858562965103637
92,30-13-6,3,0.29298674986610873,6x212,0.07743440000922419,30,0.030516194390220863,0.41210662999691605,13,0.27896514046695353,0.14932001497341835,6,0.5533005966128122,0.13297649592011704
93,30-13-6,3,0.2737889309211079,6x212,0.07804089999990538,30,0.028151295997168077,0.45043207355002823,13,0.26739568161703664,0.17835219813128986,6,0.5147577682245319,0.17568063042595033
94,30-13-6,3,0.31884600366654164,6x212,0.08036199997877702,30,0.02900988199148998,0.47069473646739274,13,0.3007967867796256,0.1807285490954346,6,0.5279321391687362,0.19445472164699862
95,30-13-6,3,0.33284684862335856,6x212,0.07127759998547845,30,0.029850888731083484,0.4085343032252399,13,0.2561618966381976,0.17410157996416276,6,0.46918944611887886,0.18432354233766343
96,30-13-6,3,0.2514399331244071,6x212,0.08083009999245405,30,0.029409310334060763,0.4285957891761844,13,0.30206712826611626,0.11259674025488003,6,0.5572419815438665,0.10601865896717685
97,30-13-6,3,0.25316070579232763,6x212,0.08055939999758266,30,0.032835492872973215,0.44721947380563226,13,0.2944604593697625,0.17633573405564065,6,0.5545440826186984,0.160112865469536
98,30-13-6,3,0.2490052722118062,6x212,0.07744850000017323,30,0.022530671842603663,0.4470809372395674,13,0.2860662285223494,0.15808222079550432,6,0.525324926578224,0.11394269080324453
99,30-13-6,3,0.2390925716848711,6x212,0.07727070001419634,30,0.021557224696963098,0.488297885819849,13,0.264592671771335,0.162978791598201,6,0.5300038374946296,0.11118980550448287
100,30-13-6,3,0.24085189601023238,6x212,0.0808342999953311,30,0.023077905228549668,0.4184684831143714,13,0.24061959178661366,0.1496329785515203,6,0.5477416264612274,0.10739332479605072
101,30-13-6,3,0.2665000374020299,6x212,0.07726099999854341,30,0.026101890655139914,0.43555612056116166,13,0.23118906836113462,0.15728691006304316,6,0.4808319749362361,0.1501164475245661
102,30-13-6,3,0.2527231108568813,6x212,0.07686309999553487,30,0.023238885910739724,0.46986735623493775,13,0.26020510189853185,0.19253959402874518,6,0.4957107595003092,0.16729975684237214
103,30-13-6,3,0.27573246040764116,6x212,0.07738450000761077,30,0.02259598314137016,0.44263573928783684,13,0.25172674530620076,0.10453095057857234,6,0.600454777933317,0.09749064388095857
104,30-13-6,3,0.2822300327940047,6x212,0.07573609999963082,30,0.026457602494958522,0.4262444532626301,13,0.23314524631074554,0.12656699313823055,6,0.5484352110747163,0.10070310487672053
105,30-13-6,3,0.2768477079973791,6x212,0.08129530001315288,30,0.020021919495477596,0.45864804188378794,13,0.27854603633992453,0.1454904627459255,6,0.5689673847769535,0.10425200392690853
106,30-13-6,3,0.2737437668257348,6x212,0.07893950000288896,30,0.022898308431675857,0.4520629769865786,13,0.26259943090755555,0.12714661850228473,6,0.5672991346322537,0.1052473579342518
107,30-13-6,3,0.2628080978754595,6x212,0.0816517999919597,30,0.028710348649816808,0.4316196603930737,13,0.24252635080848164,0.18188010136614574,6,0.5462827489512934,0.12678966337472392
108,30-13-6,3,0.2621886844361909,6x212,0.07014309999067336,30,0.02171316961398909,0.4542159439091373,13,0.26189422628869596,0.13255602040431394,6,0.5231230863889526,0.10777331165598807
109,30-13-6,3,0.3365558988647602,6x212,0.07876490001217462,30,0.023970547330510312,0.4441127236945743,13,0.27759081051285317,0.1308814263827773,6,0.5077785492322235,0.17144277092894164
110,30-13-6,3,0.28752818048788137,6x212,0.08376870001666248,30,0.023735390638984957,0.4561014284588704,13,0.2594292456808948,0.17442682079134458,6,0.5201554085576754,0.15600410257798034
111,30-13-6,3,0.3171017602640164,6x212,0.07833569997455925,30,0.021543255599486506,0.4274291675132371,13,0.27048861912847927,0.11128767590880333,6,0.5636702447832904,0.08905921991013228
112,30-13-6,3,0.4110889479642388,6x212,0.09509539999999106,30,0.025420771064514798,0.4663384844302918,13,0.2564976027886502,0.13769415081280034,6,0.5448378308906476,0.20487120050365112
113,30-13-6,3,0.2755314491748651,6x212,0.09154199998010881,30,0.026333343392096076,0.421881564775303,13,0.27324404602500774,0.1457701667650119,6,0.6006399794991762,0.11545501070136654
114,30-13-6,3,0.25040814053174587,6x212,0.07799859999795444,30,0.024095204590292782,0.4588598372401913,13,0.2940205062018072,0.2061207672537073,6,0.5508596534286262,0.1523600295256107
115,30-13-6,3,0.2605614657584065,6x212,0.08344889999716543,30,0.022615572899942413,0.4259789369785591,13,0.23878523999555135,0.15347199698964006,6,0.47865437455893045,0.08636369931341496
116,30-13-6,3,0.25971897713280057,6x212,0.08077279999270104,30,0.019839588374996615,0.4551248943485536,13,0.282615630522873,0.17115205778666137,6,0.5264026088686706,0.1459002168409495
117,30-13-6,3,0.3369591944395692,6x212,0.08386240000254475,30,0.023661838449511786,0.4515082768604597,13,0.22318177587412824,0.10457193692164433,6,0.5472777393020994,0.08932899185699875
118,30-13-6,3,0.24533140748968663,6x212,0.07441270002163947,30,0.026731536265269723,0.43421539019176225,13,0.27242446481202726,0.12532589982762987,6,0.5646583019458843,0.08893980754581002
119,30-13-6,3,0.3022286072159272,6x212,0.07920020000892691,30,0.023373592294744866,0.46696634739412235,13,0.2259926954538247,0.13446100208104092,6,0.5536533845237597,0.11117993548625477
120,30-13-6,3,0.2753893767726796,6x212,0.08842559999902733,30,0.02424526753868389,0.45286363695279386,13,0.28745988213713985,0.17754061994651169,6,0.5359263809992723,0.18165127641770154
121,30-13-6,3,0.2453193665585657,6x212,0.07247459999052808,30,0.024371145473286678,0.46248413217783474,13,0.2738401720774634,0.15879606378142988,6,0.5623252570894774,0.13758219705087513
122,30-13-6,3,0.24311523821789055,6x212,0.08098230001633056,30,0.023877895675223165,0.4634593846797802,13,0.281402390912343,0.18577662682110704,6,0.49832348754435446,0.13624037041720988
123,30-13-6,3,0.2723493330950355,6x212,0.07795989999431185,30,0.024352467916587815,0.4670223601127362,13,0.27192536559382746,0.1577389479260671,6,0.5186851731845024,0.11357458587491293
124,30-13-6,3,0.28463217460282014,6x212,0.0734703000052832,30,0.023028710607061922,0.45829642822965505,13,0.24930342079044684,0.12894696332178068,6,0.4949756216203467,0.07981952623983761
125,30-13-6,3,0.24825704587079275,6x212,0.09145320000243373,30,0.02710572323406964,0.44746329737828977,13,0.2177430227535363,0.12223476474579109,6,0.523076690675437,0.07901284718313614
126,30-13-6,3,0.3143046478471044,6x212,0.07541119999950752,30,0.02270726676420046,0.4423185710222808,13,0.20991362566976476,0.08421081068534586,6,0.5626650851503858,0.06900464931629795
127,30-13-6,3,0.35799563492686864,6x212,0.08097919999272563,30,0.02845295366968219,0.45333951563544633,13,0.22143336447818573,0.11717030407679233,6,0.5143197150215372,0.09077021879790244
128,30-13-6,3,0.2516371438370794,6x212,0.0759156999993138,30,0.02176254758286713,0.43626607013475666,13,0.21744695882951626,0.11280666392819665,6,0.511890273724923,0.06362014267642326
129,30-13-6,3,0.2624611467410306,6x212,0.08223960001487285,30,0.0257828544963279,0.42588228992430555,13,0.23075474799881482,0.09699946228471576,6,0.5009257112577745,0.06519576512214648
130,30-13-6,3,0.24262745652001932,6x212,0.08374819997698069,30,0.029116793415295817,0.4441768725336386,13,0.21314978815119068,0.1487536772136125,6,0.484894427863743,0.10370153719046314
131,30-13-6,3,0.2755891110096403,6x212,0.07757359999231994,30,0.02612507259421455,0.44678584443690017,13,0.24159956234674115,0.10552959530969698,6,0.5545680338696946,0.060447863409509424
132,30-13-6,3,0.394560216653904,6x212,0.08823870000196621,30,0.027491867164148604,0.40469184775018147,13,0.22283003149866323,0.06014107822211461,6,0.5549969456273,0.03975388884517155
133,30-13-6,3,0.25162160569496445,6x212,0.08209829998668283,30,0.02430318779523454,0.4690663073067403,13,0.21075720455124472,0.14190318417764716,6,0.44105471186025824,0.0828111257252592
134,30-13-6,3,0.30964031836476047,6x212,0.08315819999552332,30,0.024114030995214586,0.44989778365203836,13,0.23177043494917526,0.1433457446577097,6,0.5320072510839081,0.12552242141826409
135,30-13-6,3,0.3576971624710866,6x212,0.08517030000803061,30,0.025840804238819456,0.442879430895826,13,0.18133320127380498,0.09630794983584344,6,0.5523679151542125,0.04910283587363235
136,30-13-6,3,0.2473208894819714,6x212,0.08174230001168326,30,0.024191225805704646,0.40641906614590095,13,0.2403419384000294,0.17023264179761316,6,0.4779478508400918,0.10026190820296478
137,30-13-6,3,0.2593215501303121,6x212,0.08442460000514984,30,0.024812425054391768,0.4198796621563957,13,0.2493973870405875,0.16428545715916704,6,0.48944664841305163,0.11370596619385075
138,30-13-6,3,0.3821663927357019,6x212,0.08509139998932369,30,0.024800875378409058,0.4366773415081969,13,0.21316636206590084,0.11201445776371517,6,0.47819711095470496,0.08469640777981498
139,30-13-6,3,0.2799699310439342,6x212,0.09209510000073351,30,0.023928706335030938,0.4461522147237491,13,0.23239057500416258,0.12752190430531513,6,0.5355525127849193,0.09573738619001831
140,30-13-6,3,0.2203348632939765,6x212,0.06822570000076666,30,0.025422629641921983,0.43412520340861843,13,0.19237267167286037,0.14327055213745268,6,0.4493306104318838,0.04866503011950544
141,30-13-6,3,0.2726420800620416,6x212,0.0739756999828387,30,0.02795300972433073,0.4622292708554735,13,0.19142308148241205,0.13814137742672733,6,0.48194254536084385,0.08729429197550462
142,30-13-6,3,0.3612196624799583,6x212,0.07558509998489171,30,0.02821715459733633,0.40433385898897095,13,0.20763839220842412,0.1106194256119981,6,0.532040107891617,0.10349271964740749
143,30-13-6,3,0.23808532442917205,6x212,0.07828580000204965,30,0.028901124164861673,0.4554194624266717,13,0.23689873818850982,0.1236198874672251,6,0.5052489143708111,0.07776492893806888
144,30-13-6,3,0.25731110678344005,6x212,0.07088780001504347,30,0.02674461680004319,0.4268104145329651,13,0.20865331978921794,0.12337688340070184,6,0.4833604194230933,0.08908992061018775
145,30-13-6,3,0.2786865502318858,6x212,0.0689315999916289,30,0.026889333674656075,0.4239034214747567,13,0.22128817032135403,0.10752599513458211,6,0.5108437347071504,0.07603038805321652
146,30-13-6,3,0.23185083948761825,6x212,0.07116239998140372,30,0.02445967351349559,0.4364867261952647,13,0.20081769444968578,0.115992797896053,6,0.42814406635278246,0.06831042082123344
147,30-13-6,3,0.2672627086836289,6x212,0.07900830000289716,30,0.02641000195154692,0.4475307863882964,13,0.24620732083134755,0.1464334585180904,6,0.4933592742985236,0.08038304142260268
148,30-13-6,3,0.27796416940940993,6x212,0.07516159999067895,30,0.023566596844770655,0.47039515078801913,13,0.2215520101684061,0.13481591703610812,6,0.5052644012751166,0.07472255514792384
149,30-13-6,3,0.26588846116367343,6x212,0.07211030001053587,30,0.022203995983209067,0.4564321843751542,13,0.226162503965465,0.10552719909857239,6,0.5435415111437087,0.041586917873751746
150,30-13-6,3,0.34241191975503443,6x212,0.08657709998078644,30,0.025544177688117613,0.42427215464058393,13,0.16053583249196568,0.11801462417387408,6,0.48640689675323684,0.09006060450611292
151,30-13-6,3,0.28433920305793187,6x212,0.09283869998762384,30,0.028176204045417177,0.4354146976013564,13,0.250973064468321,0.1357730919544465,6,0.5452633119324087,0.12461468836085672
152,30-13-6,3,0.29250162057899043,6x212,0.07353429999784566,30,0.029382808212472668,0.43506594440466506,13,0.26059144409001683,0.10833301340384252,6,0.5626258894833578,0.07020920803495143
153,30-13-6,3,0.2716445668073686,6x212,0.07161370001267642,30,0.021811853456394577,0.41586806385326747,13,0.23613218546139592,0.11766654278692942,6,0.5488185696441873,0.059828019000326645
154,30-13-6,3,0.3098376925060334,6x212,0.07147870000335388,30,0.025394415190115455,0.4264469364311852,13,0.22611836851504047,0.08626365219520772,6,0.5744295932175545,0.053675535235094045
155,30-13-6,3,0.26933922591995985,6x212,0.07282909998320974,30,0.030391153425999764,0.4279450993249189,13,0.20946252944808555,0.13150979890424572,6,0.44494296107566617,0.06350079281830821
156,30-13-6,3,0.27011131652423875,6x212,0.06881479997537099,30,0.02614874485013964,0.45848526605137185,13,0.23668512885762294,0.10694368609993003,6,0.5343421379628785,0.07910729763008494
157,30-13-6,3,0.30337516080659843,6x212,0.07480850000865757,30,0.03294115899548834,0.40125356282291225,13,0.293430352067624,0.16019005287473181,6,0.5219394046370657,0.14698613355758816
158,30-13-6,3,0.3386651089303398,6x212,0.07461400001193397,30,0.029729803103740127,0.42282883376484887,13,0.28678258691040487,0.1750487198121384,6,0.49865204528909357,0.17348256295891754
159,30-13-6,3,0.2784783713648044,6x212,0.07596129999728873,30,0.03232347755546165,0.40019079591932205,13,0.34757918167977037,0.1293926850157233,6,0.5867583332204043,0.11095605908669454
160,30-13-6,3,0.2749816734928181,6x212,0.07227790000615641,30,0.03505970977658339,0.3868954324716099,13,0.32094717510401566,0.18793317619771427,6,0.5318219673860218,0.18661600796307726
161,30-13-6,3,0.30169968210232784,6x212,0.08330620001652278,30,0.03162161740473968,0.3933263612520545,13,0.29274814652942616,0.18681130572976812,6,0.5097723988666807,0.16379372960757635
162,30-13-6,3,0.31269001053389883,6x212,0.07963789999485016,30,0.033095413903831125,0.4180322543110704,13,0.27434685834810313,0.1467982133571376,6,0.4932986208375326,0.16511214656673368
163,30-13-6,3,0.2869561782709807,6x212,0.07371550000971183,30,0.031499854999309816,0.3963269327690458,13,0.33244690261619353,0.16405566078243242,6,0.5494099448790258,0.1412414657540988
164,30-13-6,3,0.27066919876752477,6x212,0.08125679998192936,30,0.027204170323920748,0.3922237227898834,13,0.31122364341062203,0.18360035687863174,6,0.51733477117102,0.18020768540734539
165,30-13-6,3,0.27008881062220835,6x212,0.08560219997889362,30,0.03326803597826355,0.3876058048267048,13,0.32057042731557733,0.16951376812062813,6,0.5273475595859101,0.18059976792175314
166,30-13-6,3,0.27850701174799486,6x212,0.07850520001375116,30,0.031004230557615958,0.3929623834328452,13,0.31438765534766505,0.17893500197572726,6,0.5003791957465064,0.13923627839971067
167,30-13-6,3,0.29858835719198545,6x212,0.07421969997812994,30,0.037432865750222775,0.37634003368017993,13,0.29483265374746387,0.1508991250034082,6,0.4967312753073248,0.1353670693772744
168,30-13-6,3,0.27175847684419513,6x212,0.08112039999105036,30,0.029748517752552623,0.40209968800378365,13,0.33517838325320926,0.16258543595770164,6,0.5775040498987284,0.17646191779894949
169,30-13-6,3,0.30571941485002485,6x212,0.08153029999812134,30,0.030376718767495706,0.41035982249757597,13,0.32582741962336625,0.13108827914659488,6,0.5901919891657443,0.11919532521636993
170,30-13-6,3,0.30171396704900955,6x212,0.07596929999999702,30,0.03487376297713406,0.3982270524102675,13,0.3093358655352115,0.20183534192259614,6,0.532562577619959,0.18920725497688917
171,30-13-6,3,0.25385226415609635,6x212,0.07628269999986514,30,0.03463927614700748,0.39690943760175484,13,0.3034639246374681,0.15002056515864945,6,0.48801898824261747,0.11558409789111854
172,30-13-6,3,0.31154048404044554,6x212,0.0773994000046514,30,0.03224994805250813,0.3862908418222423,13,0.2461657446739764,0.15966185432401195,6,0.42454132088081076,0.19897109802222657
173,30-13-6,3,0.2905754990544799,6x212,0.08135580000816844,30,0.03442361470556448,0.40439984703316606,13,0.2982698264575183,0.16589903384715035,6,0.560689898860154,0.16458936498629914
174,30-13-6,3,0.22950392604972514,6x212,0.07967730000382289,30,0.0329670679046002,0.41509568796639507,13,0.30764033864225865,0.16895154070011553,6,0.5646377471380969,0.18304136258894252
175,30-13-6,3,0.3168484271094358,6x212,0.07682039999053814,30,0.03387952830585005,0.4371769678099335,13,0.26813271877797235,0.1605941899773093,6,0.49649204966695276,0.14827901275649236
176,30-13-6,3,0.3152294061232219,6x212,0.07715950001147576,30,0.03091646228912752,0.3996622186971142,13,0.2475923160101581,0.13689349283642158,6,0.4750529664793003,0.19941953366397636
177,30-13-6,3,0.2826165982106557,6x212,0.08274299997719936,30,0.03707617085754874,0.4293319678261103,13,0.3256907590635727,0.18088518128279946,6,0.56199650078732,0.19328098353931988
178,30-13-6,3,0.3199965789558628,6x212,0.08077580001554452,30,0.03519106606039901,0.39454597649451684,13,0.31670523418592783,0.1635692873411145,6,0.5526705395263557,0.18314635021300382
179,30-13-6,3,0.36619593201128625,6x212,0.07621850000577979,30,0.03507935396611531,0.4130711493917836,13,0.3199670462479963,0.12033858180060018,6,0.5747717662047303,0.1236619381101724
180,30-13-6,3,0.25252717079284626,6x212,0.08758099999977276,30,0.030938138891103726,0.4136405498362475,13,0.3064038575051597,0.1692391753595101,6,0.5298379560308653,0.12984687501717485
181,30-13-6,3,0.30559719039474886,6x212,0.08796599999186583,30,0.03475167093423536,0.38730436999431306,13,0.30534720838839297,0.15722729110817846,6,0.5753221246641826,0.12296278757867234
182,30-13-6,3,0.32361164983218915,6x212,0.08153429999947548,30,0.03159394570776583,0.4258057320500727,13,0.33274347895570566,0.15981930877578035,6,0.5756363746908052,0.16765779075323775
183,30-13-6,3,0.2576445920010104,6x212,0.07710570000926964,30,0.03527607232183905,0.42395415997389135,13,0.2676133029812653,0.2204833204157807,6,0.4977552133162757,0.18363723292116996
184,30-13-6,3,0.326696633897933,6x212,0.07769720000214875,30,0.03498232182363542,0.42628450211150787,13,0.30525461186225233,0.1365666097557576,6,0.5681809861393706,0.16039375991319335
185,30-13-6,3,0.2530574615505376,6x212,0.07517290001851507,30,0.035444618549526616,0.3767371292981902,13,0.3548213209906914,0.12209707196859239,6,0.5980679816028142,0.08223286498422445
186,30-13-6,3,0.2706287764400867,6x212,0.0811593999969773,30,0.032168365522219765,0.39665505453430716,13,0.29900213349459737,0.14860463333843318,6,0.5201533410347432,0.13258728463589448
187,30-13-6,3,0.2937996451822956,6x212,0.07113659998867661,30,0.034424664373304076,0.4043571073382369,13,0.2983668561847567,0.16498496678552604,6,0.5155931187063542,0.1670928426552597
188,30-13-6,3,0.3745421439115067,6x212,0.07886160002090037,30,0.03298207879555072,0.3924439373688757,13,0.28438249854562914,0.1131168160938767,6,0.5523418396682594,0.1149892899161208
189,30-13-6,3,0.2846794896490115,6x212,0.08046880000620149,30,0.026690901232795584,0.3934630525989626,13,0.31460669465056873,0.19827819720247652,6,0.5183689792500258,0.16393020650787304
190,30-13-6,3,0.30056975686199255,6x212,0.07507950000581332,30,0.03401586233040382,0.4433089705279432,13,0.33646309576718403,0.1709001277974268,6,0.5390303254582689,0.15936574588281205
191,30-13-6,3,0.26868808182635967,6x212,0.08413629999267869,30,0.031158854276846792,0.4051221154915784,13,0.3363215634793174,0.1840805711368741,6,0.5148365238012346,0.14678790765097396
192,30-13-6,3,0.27762288787781486,6x212,0.07692709998809732,30,0.03247408646199307,0.3939701764927601,13,0.34056104215229427,0.16864873493390617,6,0.5372520736228489,0.1691462515514043
193,30-13-6,3,0.3351249192668176,6x212,0.0775924000190571,30,0.027040711013299943,0.3446330067365499,13,0.22369558269726716,0.09778530484997797,6,0.5509354363725448,0.0632895594588794
194,30-13-6,3,0.32684593518945226,6x212,0.08279479999328032,30,0.025726535782337315,0.32994990074527736,13,0.2539299954791543,0.08996392704303499,6,0.5615101570903274,0.06888275321654098
195,30-13-6,3,0.4452532760435689,6x212,0.08005329998559318,30,0.027522644776287918,0.3717472255714192,13,0.22659018003282308,0.08701500950743257,6,0.5298621299428202,0.09649267135670933
196,30-13-6,3,0.35159921186511955,6x212,0.08239070000126958,30,0.031134270439464398,0.33970262458636785,13,0.21910349425403533,0.07784346735922226,6,0.5911357291290454,0.05882142544463265
197,30-13-6,3,0.3395970320907148,6x212,0.0823095999949146,30,0.028899708764251224,0.36402458702547336,13,0.23239447883714998,0.08980093619113581,6,0.588419108860997,0.07012646057517007
198,30-13-6,3,0.3438056656421594,6x212,0.07786930000293069,30,0.030256967369384033,0.36467037229475235,13,0.2583002156729408,0.09328263328087086,6,0.5279680387097995,0.065580526166392
199,30-13-6,3,0.3308200761931754,6x212,0.07871309999609366,30,0.028806673103057394,0.2996574814037361,13,0.24437303899377885,0.05584009745721213,6,0.5788123299071627,0.035158019754678985
200,30-13-6,3,0.33993807824694794,6x212,0.07672519999323413,30,0.0574736775717749,0.30032492365627583,13,0.41979297129933785,0.1766134554817001,6,0.5657060598840885,0.20555327379928162
201,30-13-6,3,0.332829555382318,6x212,0.07954150001751259,30,0.049864758799596585,0.3109867094523581,13,0.3952622238680626,0.18984927867345439,6,0.5479402226321288,0.18484819825139576
202,30-13-6,3,0.38824401414149856,6x212,0.08341409999411553,30,0.05392018424439457,0.3051044744748292,13,0.3464001980374679,0.15755643031469452,6,0.49742587807938804,0.13575482947010492
203,30-13-6,3,0.3400411805408184,6x212,0.07977400001254864,30,0.057625355343673815,0.286145259930673,13,0.39596292928844184,0.1745748909217508,6,0.5401978770666223,0.16972294890218084
204,30-13-6,3,0.29609728042743066,6x212,0.08607069999561645,30,0.04883300044697145,0.30139560881224114,13,0.38002826701225617,0.19087100131052304,6,0.5465631397132023,0.192991368931677
205,30-13-6,3,0.3072394919890058,6x212,0.08967630000552163,30,0.05003901290497764,0.29412283708365894,13,0.4135525464128689,0.2028374565990563,6,0.5452359704318979,0.18246459916568916
206,30-13-6,3,0.3875573459922925,6x212,0.08409069999470375,30,0.05107072149410371,0.2778034588756711,13,0.39422519175703763,0.13841132422646654,6,0.5740472265856896,0.14328044679953353
207,30-13-6,3,0.3563999478878467,6x212,0.06943750000209548,30,0.05012337508916063,0.31198113368054964,13,0.354430899652405,0.16934549280150898,6,0.5297972723063777,0.1585736459334544
208,30-13-6,3,0.3374946680990001,6x212,0.07728749999660067,30,0.051673004883149395,0.30798875543150367,13,0.35452539158570195,0.15911603437751692,6,0.5653915296803299,0.1631004558290375
209,30-13-6,3,0.3101883736776158,6x212,0.11090590001549572,30,0.05803373303630696,0.3016055382297056,13,0.3596766686714422,0.18371750329519188,6,0.5148058351664005,0.1792605275682683
210,30-13-6,3,0.31172288782773194,6x212,0.07494670001324266,30,0.05383251682558497,0.3159826174335821,13,0.3467630264166564,0.1838311561526776,6,0.49535917048969735,0.17141754290879266
211,30-13-6,3,0.31758538954619114,6x212,0.07879699999466538,30,0.049295389456163505,0.3099312963586363,13,0.38010940814112676,0.2121586879615698,6,0.555120133921023,0.17799671404556897
212,30-13-6,3,0.3119056717740268,6x212,0.07525779999559745,30,0.05086139007713923,0.3125780814102445,13,0.3552622339747821,0.1699811027499215,6,0.5083716731686847,0.2090193019297698
213,30-13-6,3,0.32097447761811476,6x212,0.07297929999185726,30,0.046898826701930164,0.31249594600130515,13,0.37568967546306475,0.16849080215659568,6,0.523753051510992,0.15717547346632693
