indice_interno,base,clase,archivo,distribucion,representacion,numero_capas,inicializacion_onmf,error_final,forma_h_final,segundos_extraccion_deep,capa_1_rango,capa_1_error,capa_1_ortogonalidad_h,capa_1_segundos,capa_2_rango,capa_2_error,capa_2_ortogonalidad_h,capa_2_segundos,capa_3_rango,capa_3_error,capa_3_ortogonalidad_h,capa_3_segundos
0,SNR_-5db,N,New_N_001.wav,22-15-10,DeepONMF_H3,3,nndsvd,0.40117589063491316,10x212,0.03606810001656413,22,0.3093316009240428,0.3052278816991426,0.025944799999706447,15,0.2310617285534053,0.3126718297492407,0.005450799944810569,10,0.22957813804140922,0.3187312873814319,0.0038395000156015158
1,SNR_-5db,N,New_N_002.wav,22-15-10,DeepONMF_H3,3,nndsvd,0.3966572292365958,10x212,0.03284080000594258,22,0.30590695496546955,0.31587306342511057,0.023192199994809926,15,0.22162695988162173,0.3141173058031181,0.005098399939015508,10,0.22145612728279163,0.32165413196188847,0.0036501999711617827
2,SNR_-5db,N,New_N_003.wav,22-15-10,DeepONMF_H3,3,nndsvd,0.3929712359769057,10x212,0.03414660005364567,22,0.30153346679159887,0.32137176313679167,0.02397979993838817,15,0.23474921744948737,0.32109614654101226,0.005672800005413592,10,0.22388296409085476,0.3331582029348981,0.003539599943906069
3,SNR_-5db,N,New_N_004.wav,22-15-10,DeepONMF_H3,3,nndsvd,0.40218643362001155,10x212,0.037059900001622736,22,0.3107257416457739,0.31968948105857387,0.02479299996048212,15,0.23420935119558065,0.32362489163991637,0.005614700028672814,10,0.2162924451010128,0.322768784186011,0.0057700000470504165
4,SNR_-5db,N,New_N_005.wav,22-15-10,DeepONMF_H3,3,nndsvd,0.3950877102379991,10x212,0.03696950001176447,22,0.30488125097546576,0.32173647935838934,0.025601499946787953,15,0.2284411234684393,0.3190408630266472,0.006183299934491515,10,0.2246367611054893,0.3295527823904706,0.004268900025635958
5,SNR_-5db,N,New_N_006.wav,22-15-10,DeepONMF_H3,3,nndsvd,0.3968827122943619,10x212,0.0352161000482738,22,0.3033894434040367,0.3151008908165686,0.023743800004012883,15,0.23835838438420165,0.32315565554745024,0.0062865999061614275,10,0.22139017859147117,0.32258001109644724,0.004219499998725951
6,SNR_-5db,N,New_N_007.wav,22-15-10,DeepONMF_H3,3,nndsvd,0.40015562677120603,10x212,0.033535199938341975,22,0.30886107083886494,0.3124514618713972,0.02188050001859665,15,0.23003736628181012,0.3096027079947392,0.006640200037509203,10,0.2220903518579652,0.3147334538384473,0.004015899961814284
7,SNR_-5db,N,New_N_008.wav,22-15-10,DeepONMF_H3,3,nndsvd,0.3980994973865866,10x212,0.03590319992508739,22,0.3057550170308359,0.30669138309081395,0.02536379999946803,15,0.23614389939854605,0.3015852636476895,0.005777999991551042,10,0.22494978238884913,0.3211012981056315,0.0038932999595999718
8,SNR_-5db,N,New_N_009.wav,22-15-10,DeepONMF_H3,3,nndsvd,0.3989839122819325,10x212,0.034714700072072446,22,0.3062834660092389,0.3213242395239184,0.024260500096715987,15,0.23555582884128864,0.32842254022331585,0.005568299908190966,10,0.22700448613978,0.3301691546807486,0.003975800005719066
9,SNR_-5db,N,New_N_010.wav,22-15-10,DeepONMF_H3,3,nndsvd,0.39399994893606716,10x212,0.03553620004095137,22,0.3057716973093679,0.3091839160258124,0.024911199929192662,15,0.2222040600271466,0.3147071435388996,0.0056949000572785735,10,0.21961792858761833,0.3112360220974612,0.003979400033131242
10,SNR_-5db,N,New_N_011.wav,22-15-10,DeepONMF_H3,3,nndsvd,0.39779849541005596,10x212,0.03751079994253814,22,0.30791354852266284,0.31741770171410627,0.02611889992840588,15,0.2309598172574763,0.3185842320566759,0.005801200051791966,10,0.2216242757981712,0.3307811821075732,0.004712100024335086
11,SNR_-5db,N,New_N_012.wav,22-15-10,DeepONMF_H3,3,nndsvd,0.4025874854070563,10x212,0.03369200008455664,22,0.30888521773164307,0.31364927466165243,0.02298400003928691,15,0.24051155444795333,0.323231606687855,0.00536909990478307,10,0.22912773958990015,0.3358303785916759,0.004512600018642843
12,SNR_-5db,N,New_N_013.wav,22-15-10,DeepONMF_H3,3,nndsvd,0.3991645024914622,10x212,0.03334059996996075,22,0.3068316376468438,0.30806202568495455,0.02182709996122867,15,0.2293802064395618,0.3123091504431213,0.006547900033183396,10,0.2204238496667244,0.3215789424725202,0.004071399918757379
13,SNR_-5db,N,New_N_014.wav,22-15-10,DeepONMF_H3,3,nndsvd,0.3971535119714593,10x212,0.03211420006118715,22,0.306762245161195,0.3137256091071401,0.021215999964624643,15,0.2360515219013718,0.3189766517265298,0.005306400009430945,10,0.2276422242631056,0.31802847886166913,0.004622999927960336
14,SNR_-5db,N,New_N_015.wav,22-15-10,DeepONMF_H3,3,nndsvd,0.3981933647162359,10x212,0.03487680002581328,22,0.3093124755509242,0.31416659685780024,0.023891799966804683,15,0.22516167582292063,0.32584560498289417,0.005598600022494793,10,0.2181393309634751,0.3354201353763858,0.004573000012896955
15,SNR_-5db,N,New_N_016.wav,22-15-10,DeepONMF_H3,3,nndsvd,0.39809771311723197,10x212,0.03255100001115352,22,0.306428053598249,0.3029196477494962,0.022439499967731535,15,0.23462965287094337,0.31748272995924137,0.005257399985566735,10,0.22679189003653635,0.3301070377728305,0.004081699997186661
16,SNR_-5db,N,New_N_017.wav,22-15-10,DeepONMF_H3,3,nndsvd,0.4019984299771445,10x212,0.03098929999396205,22,0.3085571990434371,0.31651858217662315,0.021295799990184605,15,0.23498759282175263,0.31361482276957026,0.004986100015230477,10,0.22992722365991428,0.3257593796053217,0.0035949000157415867
17,SNR_-5db,N,New_N_018.wav,22-15-10,DeepONMF_H3,3,nndsvd,0.39659138166213037,10x212,0.03183079999871552,22,0.30593230369420116,0.31015794503796296,0.02226880006492138,15,0.23083031026631573,0.31203170987519413,0.005006599938496947,10,0.2198386533629319,0.3182726505313908,0.0035308999940752983
18,SNR_-5db,N,New_N_019.wav,22-15-10,DeepONMF_H3,3,nndsvd,0.3965948623569484,10x212,0.03322209999896586,22,0.30682284579069957,0.3203282777930295,0.023597699939273298,15,0.23185354768371938,0.3159625656941679,0.004917099955491722,10,0.22132186153702793,0.32011165999266367,0.003771499963477254
19,SNR_-5db,N,New_N_020.wav,22-15-10,DeepONMF_H3,3,nndsvd,0.3989072706718876,10x212,0.03131999995093793,22,0.30793522230384246,0.3086979606571009,0.021801099996082485,15,0.23321994899113793,0.3109888717266223,0.005049199913628399,10,0.22110295157422674,0.32713886800575515,0.0036436000373214483
20,SNR_-5db,N,New_N_021.wav,22-15-10,DeepONMF_H3,3,nndsvd,0.3973838608172703,10x212,0.032717399997636676,22,0.30582800929333154,0.3194675788416144,0.023007499985396862,15,0.22816657866623788,0.32353504619319073,0.005037300055846572,10,0.21700465899681734,0.3265958464960955,0.0035650000208988786
21,SNR_-5db,N,New_N_022.wav,22-15-10,DeepONMF_H3,3,nndsvd,0.40073233866178404,10x212,0.03478830005042255,22,0.3065097092981048,0.3125311053483656,0.024081700015813112,15,0.23717077122625888,0.3199156608060758,0.00541530002374202,10,0.23180247464257084,0.313455578343818,0.003616000059992075
22,SNR_-5db,N,New_N_023.wav,22-15-10,DeepONMF_H3,3,nndsvd,0.3986899916624605,10x212,0.034853899967856705,22,0.305858891226332,0.3134754521061658,0.0248464000178501,15,0.2296810339188579,0.31103195365178893,0.00514549994841218,10,0.2198812654230961,0.3201139302500194,0.00360769999679178
23,SNR_-5db,N,New_N_024.wav,22-15-10,DeepONMF_H3,3,nndsvd,0.4002973683225382,10x212,0.033370999968610704,22,0.30871145223692875,0.30424129918220905,0.02295579994097352,15,0.22595450926465813,0.3113529483226775,0.005217900034040213,10,0.23040452053560992,0.32247322591154354,0.0036100000143051147
24,SNR_-5db,N,New_N_025.wav,22-15-10,DeepONMF_H3,3,nndsvd,0.39734675557390864,10x212,0.03165110002737492,22,0.30778093607444706,0.3144022092653809,0.021930999937467277,15,0.23142768807849678,0.3148380975696861,0.005090199992991984,10,0.22744976406535514,0.3221940667312665,0.0035852999426424503
25,SNR_-5db,N,New_N_026.wav,22-15-10,DeepONMF_H3,3,nndsvd,0.3949618586262782,10x212,0.03365420002955943,22,0.3053497870432484,0.3134314433802232,0.024014300084672868,15,0.22781865872911197,0.31747597047934084,0.005035699927248061,10,0.22050468537564183,0.3201495910214611,0.003530199988745153
26,SNR_-5db,N,New_N_027.wav,22-15-10,DeepONMF_H3,3,nndsvd,0.40131594082497085,10x212,0.033631900092586875,22,0.30709185690220636,0.31754428590009864,0.023714300012215972,15,0.23485078904648624,0.3198040180501136,0.0051636999705806375,10,0.2216685454921753,0.3292914853630489,0.003604399971663952
27,SNR_-5db,N,New_N_028.wav,22-15-10,DeepONMF_H3,3,nndsvd,0.40023829565512414,10x212,0.03243499994277954,22,0.30637830258769994,0.30032693202616145,0.022622999968007207,15,0.23133844868581271,0.30343930895543697,0.005086499964818358,10,0.2306122958782656,0.32180704071105865,0.0035735999699681997
28,SNR_-5db,N,New_N_029.wav,22-15-10,DeepONMF_H3,3,nndsvd,0.40227339478002627,10x212,0.03589529998134822,22,0.30953902625269186,0.3150826134885582,0.025486099999397993,15,0.23056462354780577,0.3113073176945979,0.005752299912273884,10,0.2289624424339191,0.31220509389979395,0.0035914999898523092
29,SNR_-5db,N,New_N_030.wav,22-15-10,DeepONMF_H3,3,nndsvd,0.3949693865778584,10x212,0.031477299984544516,22,0.3055977076093056,0.31519796910679343,0.02190100005827844,15,0.22593833659727625,0.3168556877829388,0.004993399954400957,10,0.22676857441764825,0.32005271384296896,0.0035577999660745263
30,SNR_-5db,N,New_N_031.wav,22-15-10,DeepONMF_H3,3,nndsvd,0.4006393255901507,10x212,0.03270820004399866,22,0.30862253017524055,0.31454103755238244,0.022883799974806607,15,0.2344050591281597,0.31859566685133334,0.005123900016769767,10,0.22447208671230914,0.326093387109335,0.0037668999284505844
31,SNR_-5db,N,New_N_032.wav,22-15-10,DeepONMF_H3,3,nndsvd,0.39538209106078065,10x212,0.03284410003107041,22,0.3076992438661227,0.3139895013546159,0.023230399936437607,15,0.22807933544831605,0.32383727439747856,0.005004100035876036,10,0.22166137126897098,0.33344060209824583,0.003538799937814474
32,SNR_-5db,N,New_N_033.wav,22-15-10,DeepONMF_H3,3,nndsvd,0.39733970759593373,10x212,0.034228899981826544,22,0.3070740505840261,0.310725432282667,0.02483470004517585,15,0.23264331162131444,0.3086995586338471,0.004997999989427626,10,0.22884220965005111,0.3232647135239304,0.0036578000290319324
33,SNR_-5db,N,New_N_034.wav,22-15-10,DeepONMF_H3,3,nndsvd,0.3962338891003662,10x212,0.0326664000749588,22,0.3060622790240428,0.31418815072672734,0.02261810004711151,15,0.2250790603565532,0.3195787342573526,0.005050400039181113,10,0.21839134010237313,0.3088641571800699,0.003930799895897508
34,SNR_-5db,N,New_N_035.wav,22-15-10,DeepONMF_H3,3,nndsvd,0.39862677832507537,10x212,0.0342208999209106,22,0.306012762641317,0.31628510791597375,0.02429249999113381,15,0.22533799917216,0.3154671084592432,0.0053755000699311495,10,0.23238382452751138,0.32976992657590926,0.003579300013370812
35,SNR_-5db,N,New_N_036.wav,22-15-10,DeepONMF_H3,3,nndsvd,0.3968842965827142,10x212,0.03324930008966476,22,0.3035167844204597,0.3138798803046724,0.023499100003391504,15,0.236195813305263,0.3050591103125749,0.005061600008048117,10,0.22528586162189232,0.3079014160230021,0.0035623000003397465
36,SNR_-5db,N,New_N_037.wav,22-15-10,DeepONMF_H3,3,nndsvd,0.31370841807263183,10x212,0.0331302999984473,22,0.23071988588499945,0.29631753344506795,0.02342099999077618,15,0.14425769828908025,0.30078523003594226,0.005063799908384681,10,0.1407097084226207,0.29370989324581376,0.0036072999937459826
37,SNR_-5db,N,New_N_038.wav,22-15-10,DeepONMF_H3,3,nndsvd,0.3958027287944559,10x212,0.033083399990573525,22,0.30786958721254537,0.30368453672834494,0.023372999974526465,15,0.23053042671968124,0.30419373814616346,0.005088699981570244,10,0.22091875891429683,0.29759511001204747,0.0035767999943345785
38,SNR_-5db,N,New_N_039.wav,22-15-10,DeepONMF_H3,3,nndsvd,0.3998222619841954,10x212,0.03345170000102371,22,0.30759988517114295,0.30598334268888233,0.023594000027514994,15,0.23715817763646885,0.30808995172259845,0.005070299957878888,10,0.22422245395213394,0.3052739116687625,0.003563100006431341
39,SNR_-5db,N,New_N_040.wav,22-15-10,DeepONMF_H3,3,nndsvd,0.4026755484771857,10x212,0.03457160003017634,22,0.3072112691765959,0.3101644025276764,0.02455750002991408,15,0.2367505917326393,0.30271475935887227,0.005309400032274425,10,0.22564101185048566,0.31844590411014306,0.0037826000479981303
40,SNR_-5db,N,New_N_041.wav,22-15-10,DeepONMF_H3,3,nndsvd,0.3909244887556745,10x212,0.03339440003037453,22,0.3034088729341574,0.31811665455457716,0.02373400004580617,15,0.22112068651062247,0.3199560310715307,0.0052631000289693475,10,0.21420928701761463,0.3211723054297275,0.0036117000272497535
41,SNR_-5db,N,New_N_042.wav,22-15-10,DeepONMF_H3,3,nndsvd,0.4010558161060893,10x212,0.03290970006491989,22,0.30927572776456413,0.31584839761874534,0.023117200005799532,15,0.23173562675275794,0.3180249730661973,0.005087899975478649,10,0.22394560314385487,0.31796790535972974,0.0035752999829128385
42,SNR_-5db,N,New_N_043.wav,22-15-10,DeepONMF_H3,3,nndsvd,0.3952006939219432,10x212,0.03355559997726232,22,0.30282952377581546,0.3020290213931888,0.02359310002066195,15,0.2277548266528421,0.3103579999290052,0.00538839993532747,10,0.22129117541210183,0.3314026430429066,0.0035369000397622585
43,SNR_-5db,N,New_N_044.wav,22-15-10,DeepONMF_H3,3,nndsvd,0.4025888250748713,10x212,0.03167249995749444,22,0.3068437444477443,0.31386457297223513,0.02176769997458905,15,0.22721961712409303,0.3158944386784464,0.005059099989011884,10,0.2251546209559226,0.31286793723491496,0.003550300025381148
44,SNR_-5db,N,New_N_045.wav,22-15-10,DeepONMF_H3,3,nndsvd,0.3933512298648079,10x212,0.03401880001183599,22,0.3030183153127542,0.31664044522771423,0.02398739999625832,15,0.2275076929973862,0.32336396358030156,0.005196599988266826,10,0.21616077013342036,0.3185651391314246,0.0036238000029698014
45,SNR_-5db,N,New_N_046.wav,22-15-10,DeepONMF_H3,3,nndsvd,0.396956876545661,10x212,0.03619240003172308,22,0.3045265517031338,0.31120641821857414,0.025464799953624606,15,0.22503445664237373,0.3144128405064279,0.005419200053438544,10,0.21452051449480053,0.31887784538176767,0.004261700087226927
46,SNR_-5db,N,New_N_047.wav,22-15-10,DeepONMF_H3,3,nndsvd,0.3969986533464906,10x212,0.03699160006362945,22,0.30534328307354464,0.3176493292219925,0.025796900037676096,15,0.21980064640880526,0.3170736315551973,0.005496000056155026,10,0.21775300971271747,0.3239484325099253,0.004736099974252284
47,SNR_-5db,N,New_N_048.wav,22-15-10,DeepONMF_H3,3,nndsvd,0.3973176617424624,10x212,0.031221600016579032,22,0.3032347622133052,0.3062829476050431,0.021306000067852437,15,0.22384753677255315,0.3062358850615459,0.005043899989686906,10,0.2190129082540895,0.3381013213431214,0.004074999946169555
48,SNR_-5db,N,New_N_049.wav,22-15-10,DeepONMF_H3,3,nndsvd,0.3998913821855231,10x212,0.031233199988491833,22,0.30760387330541217,0.31326922586013095,0.021226500044576824,15,0.22610316760271904,0.32110006838395105,0.005081800045445561,10,0.21620557576574986,0.3310474047580892,0.003747199894860387
49,SNR_-5db,N,New_N_050.wav,22-15-10,DeepONMF_H3,3,nndsvd,0.3957700975403099,10x212,0.031977899954654276,22,0.30254106876710624,0.3030283011314298,0.0221216999925673,15,0.22028499295761886,0.31417268961625977,0.0050947999116033316,10,0.22071138330575005,0.321821025412015,0.0036500999704003334
50,SNR_-5db,N,New_N_051.wav,22-15-10,DeepONMF_H3,3,nndsvd,0.39751188861232734,10x212,0.03249330003745854,22,0.30639644469476596,0.2968884084746313,0.022578599979169667,15,0.22411674067693005,0.30249698922329415,0.0049570000264793634,10,0.22171870807762906,0.30568031358327785,0.0035321000032126904
51,SNR_-5db,N,New_N_052.wav,22-15-10,DeepONMF_H3,3,nndsvd,0.39551414959041037,10x212,0.0327755999751389,22,0.30493610676580457,0.3161273827734255,0.023385199951007962,15,0.22215977386119992,0.3243305608239792,0.00492790003772825,10,0.2206495198886925,0.3245031783970661,0.003485599998384714
52,SNR_-5db,N,New_N_053.wav,22-15-10,DeepONMF_H3,3,nndsvd,0.3959869560915974,10x212,0.032410599989816546,22,0.30700349539988026,0.31264406582608834,0.02193530008662492,15,0.228665791555993,0.3130859410629088,0.005728500080294907,10,0.2200873746797244,0.3160472245682199,0.003590799984522164
53,SNR_-5db,N,New_N_054.wav,22-15-10,DeepONMF_H3,3,nndsvd,0.39342339758677175,10x212,0.03401790000498295,22,0.30421290440012977,0.3141074890187807,0.02378600009251386,15,0.2256328401691864,0.3173767969198659,0.005320199998095632,10,0.21729321982687522,0.32581989530157746,0.0036973999813199043
54,SNR_-5db,N,New_N_055.wav,22-15-10,DeepONMF_H3,3,nndsvd,0.3995446333435079,10x212,0.03255500004161149,22,0.30852903216964783,0.31916028473403546,0.022735600010491908,15,0.2285707989672725,0.3242294542202734,0.005126300035044551,10,0.21178324353393327,0.32991704462580773,0.0036103999009355903
55,SNR_-5db,N,New_N_056.wav,22-15-10,DeepONMF_H3,3,nndsvd,0.39724689753020387,10x212,0.03421049995813519,22,0.30605527250693726,0.30473892147252574,0.024520799983292818,15,0.22921230578069068,0.31017026063899306,0.005012699984945357,10,0.23053690985008304,0.30628164696699567,0.003584700054489076
56,SNR_-5db,N,New_N_057.wav,22-15-10,DeepONMF_H3,3,nndsvd,0.39301970913454126,10x212,0.031102800043299794,22,0.3031043174788917,0.31882967314232946,0.02148889994714409,15,0.22278211606047257,0.3170549297024554,0.004995299968868494,10,0.2144146687219557,0.3305552415178843,0.0035466999979689717
57,SNR_-5db,N,New_N_058.wav,22-15-10,DeepONMF_H3,3,nndsvd,0.39697880794119644,10x212,0.03220020001754165,22,0.30359647112308724,0.31132354022988595,0.021956700016744435,15,0.2280171036602161,0.31934267814346445,0.0052260999800637364,10,0.22195299587954295,0.3143631279366319,0.0036441999254748225
58,SNR_-5db,N,New_N_059.wav,22-15-10,DeepONMF_H3,3,nndsvd,0.39352617751245816,10x212,0.033521899953484535,22,0.3051948251853703,0.31306903470865954,0.02318250003736466,15,0.22619023098807317,0.3150986970327518,0.005245400010608137,10,0.21307671682575927,0.3197281320205208,0.0036316000623628497
59,SNR_-5db,N,New_N_060.wav,22-15-10,DeepONMF_H3,3,nndsvd,0.3977024874002297,10x212,0.03137870004866272,22,0.3064573149079719,0.30787200171327106,0.021282300003804266,15,0.22616261094529447,0.31098079375038096,0.00535460002720356,10,0.21660592650450697,0.3309753144589953,0.003585199941881001
60,SNR_-5db,N,New_N_061.wav,22-15-10,DeepONMF_H3,3,nndsvd,0.3949856907619485,10x212,0.03560760000254959,22,0.3031218880691116,0.31266974377571166,0.025487100007012486,15,0.2237342966469527,0.31920375302413584,0.005529499961994588,10,0.216585273507667,0.32582880492766275,0.0034591000294312835
61,SNR_-5db,N,New_N_062.wav,22-15-10,DeepONMF_H3,3,nndsvd,0.39689138487285897,10x212,0.033796099945902824,22,0.30508083701565675,0.3162034042882988,0.024288900080136955,15,0.22269854387735533,0.3068616613869308,0.005003000027500093,10,0.22063349641504948,0.3166001446052004,0.0035389000549912453
62,SNR_-5db,N,New_N_063.wav,22-15-10,DeepONMF_H3,3,nndsvd,0.3963791281002184,10x212,0.031206800020299852,22,0.30229268697204165,0.3107393478684956,0.02055699995253235,15,0.2195474305078229,0.3117258711125176,0.005414900020696223,10,0.2188286492799827,0.3166759293857781,0.0036848000017926097
63,SNR_-5db,N,New_N_064.wav,22-15-10,DeepONMF_H3,3,nndsvd,0.3990995605807641,10x212,0.03413230006117374,22,0.3036465426885926,0.3136123143142711,0.024031099979765713,15,0.23345834543512645,0.30744069820585596,0.005192100070416927,10,0.2178298107785173,0.31337696914349195,0.0035930000012740493
64,SNR_-5db,N,New_N_065.wav,22-15-10,DeepONMF_H3,3,nndsvd,0.397959207506299,10x212,0.030558599974028766,22,0.30598611303389744,0.30852791439745775,0.020138300023972988,15,0.2304299517557471,0.316027008532467,0.005822399980388582,10,0.2161509460585532,0.31347306151658316,0.003612400032579899
65,SNR_-5db,N,New_N_066.wav,22-15-10,DeepONMF_H3,3,nndsvd,0.3952274955787726,10x212,0.03099370002746582,22,0.30606662596436646,0.3191029818814067,0.0207709000678733,15,0.2180562071000418,0.32249497676700806,0.0055105999344959855,10,0.21575294838436884,0.3302767015982199,0.0036961999721825123
66,SNR_-5db,N,New_N_067.wav,22-15-10,DeepONMF_H3,3,nndsvd,0.4006044053525773,10x212,0.03253259998746216,22,0.3075060528468327,0.30244653439220465,0.022559900069609284,15,0.23267254004563476,0.3072258898514085,0.005406099953688681,10,0.21445941097485668,0.31101545176257195,0.0037672999314963818
67,SNR_-5db,N,New_N_068.wav,22-15-10,DeepONMF_H3,3,nndsvd,0.3982264683314652,10x212,0.03222910000476986,22,0.30827877955908206,0.31365676451438795,0.022262100013904274,15,0.22335033243663524,0.31205026344148795,0.00503010000102222,10,0.21593084547350566,0.3091104589643475,0.004147700034081936
68,SNR_-5db,N,New_N_069.wav,22-15-10,DeepONMF_H3,3,nndsvd,0.39653875581580245,10x212,0.03331339999567717,22,0.3044859099279291,0.323465630470527,0.021982199978083372,15,0.22664700303453453,0.323488536719386,0.006222299998626113,10,0.21322592021221337,0.3352466687200375,0.0041723999893292785
69,SNR_-5db,N,New_N_070.wav,22-15-10,DeepONMF_H3,3,nndsvd,0.39695509248465266,10x212,0.03184459998738021,22,0.30502256409014605,0.31513069564204677,0.021750599960796535,15,0.22701910953344712,0.31960230412484186,0.005019199918024242,10,0.22112419822240642,0.31101619550200826,0.004168799961917102
70,SNR_-5db,N,New_N_071.wav,22-15-10,DeepONMF_H3,3,nndsvd,0.3989729735165155,10x212,0.03425939998123795,22,0.30587953795211964,0.31827343712150175,0.023860800080001354,15,0.22854651232581763,0.32275651231986335,0.0054908000165596604,10,0.22569868758853767,0.3373968743292242,0.0040478999726474285
71,SNR_-5db,N,New_N_072.wav,22-15-10,DeepONMF_H3,3,nndsvd,0.39659390348544526,10x212,0.032393200090155005,22,0.30550138751232686,0.3152875667784847,0.022473799996078014,15,0.23009677672986834,0.30763752067622674,0.005116199958138168,10,0.21649245305253034,0.3323046811582502,0.003971999976783991
72,SNR_-5db,N,New_N_073.wav,22-15-10,DeepONMF_H3,3,nndsvd,0.3956292504095642,10x212,0.03140850004274398,22,0.3051242972207157,0.31185365774642393,0.02164930000435561,15,0.22220832876134541,0.31830486670290825,0.005017500021494925,10,0.22431391713051002,0.335521054458875,0.003574900096282363
73,SNR_-5db,N,New_N_074.wav,22-15-10,DeepONMF_H3,3,nndsvd,0.39469762066769204,10x212,0.0316154999891296,22,0.30499510940758673,0.3053523616514698,0.022017800016328692,15,0.21981698630179478,0.312755029358887,0.005122700007632375,10,0.2211262668752212,0.32316572427480733,0.003596800030209124
74,SNR_-5db,N,New_N_075.wav,22-15-10,DeepONMF_H3,3,nndsvd,0.39745581680537545,10x212,0.033914700034074485,22,0.3059694708205219,0.3064123339224177,0.024628199986182153,15,0.23659827505997316,0.31885981239986627,0.004913099925033748,10,0.21549128888007799,0.32493191093333995,0.003540499950759113
75,SNR_-5db,N,New_N_076.wav,22-15-10,DeepONMF_H3,3,nndsvd,0.39582966438003253,10x212,0.03168699995148927,22,0.30565887376660295,0.3094769191777204,0.021928100031800568,15,0.2288131500291668,0.30850274495923546,0.00509230000898242,10,0.21898636393571605,0.3157113612644995,0.0035746999783441424
76,SNR_-5db,N,New_N_077.wav,22-15-10,DeepONMF_H3,3,nndsvd,0.3949898693652253,10x212,0.03375400009099394,22,0.3063888671789024,0.3174183919158195,0.02399490005336702,15,0.2297941409297914,0.32009577481307716,0.005058999988250434,10,0.2178835079621735,0.3181658434265844,0.003573399968445301
77,SNR_-5db,N,New_N_078.wav,22-15-10,DeepONMF_H3,3,nndsvd,0.40398696155694563,10x212,0.03262539999559522,22,0.31039247594752756,0.3065284713595601,0.02292050002142787,15,0.23224180006678277,0.3109318870961297,0.005008299951441586,10,0.23036538247560806,0.3137827259886214,0.0035457999911159277
78,SNR_-5db,N,New_N_079.wav,22-15-10,DeepONMF_H3,3,nndsvd,0.39750284101998995,10x212,0.03589649999048561,22,0.30506418011067876,0.3144257644211606,0.02503010001964867,15,0.23492786514085087,0.3211981539206054,0.005827400018461049,10,0.21730226459042026,0.3166914690677516,0.003955500083975494
79,SNR_-5db,N,New_N_080.wav,22-15-10,DeepONMF_H3,3,nndsvd,0.401106744510762,10x212,0.036563499947078526,22,0.31033238172543764,0.31383769170204345,0.025674400036223233,15,0.23103175187645147,0.32429998454442144,0.005260300007648766,10,0.22927118133835633,0.33754856007850587,0.004539799992926419
80,SNR_-5db,N,New_N_081.wav,22-15-10,DeepONMF_H3,3,nndsvd,0.39836918093097295,10x212,0.03193589998409152,22,0.3076333483513208,0.31941444396866925,0.022016699891537428,15,0.22880970769130685,0.32723414964304565,0.005099199945107102,10,0.21716633322014745,0.330621410979083,0.003931600018404424
81,SNR_-5db,N,New_N_082.wav,22-15-10,DeepONMF_H3,3,nndsvd,0.39578676757102443,10x212,0.03102289990056306,22,0.30529166374152045,0.31231850096477065,0.021272099926136434,15,0.22806863815597928,0.3072890305562407,0.005124800023622811,10,0.22702576916022044,0.3147205048802333,0.0035521999234333634
82,SNR_-5db,N,New_N_083.wav,22-15-10,DeepONMF_H3,3,nndsvd,0.4007225358670013,10x212,0.03229640005156398,22,0.3083096687452868,0.31707838677157885,0.022645300021395087,15,0.23318841333356027,0.31162574294499923,0.004948299960233271,10,0.22679704946924012,0.33662821457038167,0.0034904000349342823
83,SNR_-5db,N,New_N_084.wav,22-15-10,DeepONMF_H3,3,nndsvd,0.40395051724803643,10x212,0.03635449998546392,22,0.3080597719183824,0.31018106029948056,0.025569699937477708,15,0.23996549990996568,0.31617471826961835,0.004880600026808679,10,0.22212224407999775,0.31468647047972714,0.004875799990259111
84,SNR_-5db,N,New_N_085.wav,22-15-10,DeepONMF_H3,3,nndsvd,0.3980438200510351,10x212,0.03171050001401454,22,0.3080684558650401,0.30935706720302636,0.0218804000178352,15,0.2308661892534295,0.31994403571915553,0.005119399982504547,10,0.2194200094049759,0.33310462959737436,0.003582900040782988
85,SNR_-5db,N,New_N_086.wav,22-15-10,DeepONMF_H3,3,nndsvd,0.3948595489445016,10x212,0.03544570005033165,22,0.30246831919130024,0.3100964493171079,0.02470140007790178,15,0.22215927025873508,0.3219680809200673,0.005307300016283989,10,0.22061061683167488,0.3249183244137144,0.004083600011654198
86,SNR_-5db,N,New_N_087.wav,22-15-10,DeepONMF_H3,3,nndsvd,0.3982640565771252,10x212,0.03287369990721345,22,0.30761606010939624,0.3128950859506895,0.022690200014039874,15,0.22783893835811597,0.3100967940527381,0.00505509995855391,10,0.22010562441218298,0.30697667154598135,0.004110699985176325
87,SNR_-5db,N,New_N_088.wav,22-15-10,DeepONMF_H3,3,nndsvd,0.40014706940840683,10x212,0.03175849991384894,22,0.30791925012197496,0.3145170835697235,0.02171440003439784,15,0.23402157540168173,0.3189849244837253,0.005239399964921176,10,0.22686915234931446,0.31341852810049925,0.0036193999694660306
88,SNR_-5db,N,New_N_089.wav,22-15-10,DeepONMF_H3,3,nndsvd,0.39975532755347776,10x212,0.031914700055494905,22,0.30818561967373465,0.3121676242724201,0.02212650002911687,15,0.2308988736928878,0.30469609428508304,0.005035800044424832,10,0.2227640477640377,0.3149846610002731,0.003568400046788156
89,SNR_-5db,N,New_N_090.wav,22-15-10,DeepONMF_H3,3,nndsvd,0.39672993724784106,10x212,0.03342490002978593,22,0.30608732131173416,0.3113194432679171,0.023697399999946356,15,0.2278983566815715,0.318751006667316,0.005073199979960918,10,0.21673880333237933,0.32974190205445064,0.0035864999517798424
90,SNR_-5db,N,New_N_091.wav,22-15-10,DeepONMF_H3,3,nndsvd,0.40325940276965533,10x212,0.03257949999533594,22,0.3081120336971521,0.31800268896246914,0.0229856000514701,15,0.23153776630399142,0.32656417605556365,0.005067799938842654,10,0.21777507643036392,0.3162084401996046,0.003559799981303513
91,SNR_-5db,N,New_N_092.wav,22-15-10,DeepONMF_H3,3,nndsvd,0.4014978562748715,10x212,0.032474700012244284,22,0.30236656368650816,0.3104338338984181,0.02271269995253533,15,0.2357668473649976,0.296546828948825,0.005033199908211827,10,0.22812645567679485,0.2979334700618611,0.0035375000443309546
92,SNR_-5db,N,New_N_093.wav,22-15-10,DeepONMF_H3,3,nndsvd,0.3999226147785813,10x212,0.03369900002144277,22,0.3067340114391114,0.3131763096817734,0.02425720007158816,15,0.23411393408937362,0.318598659217829,0.004979399964213371,10,0.23001246025325955,0.32815113113661804,0.003523699939250946
93,SNR_-5db,N,New_N_094.wav,22-15-10,DeepONMF_H3,3,nndsvd,0.3992994876688544,10x212,0.03423949994612485,22,0.3078695569944433,0.31120559170715345,0.024704599985852838,15,0.23487496921186105,0.3016401427816032,0.005003100028261542,10,0.23529734568598723,0.3118873230181498,0.0035040000220760703
94,SNR_-5db,N,New_N_095.wav,22-15-10,DeepONMF_H3,3,nndsvd,0.39871550032481134,10x212,0.03320990002248436,22,0.306758800235535,0.31619719084909564,0.023607300012372434,15,0.2368640987414662,0.319565245705658,0.004948599962517619,10,0.21538208611055149,0.34205306206086916,0.0035059000365436077
95,SNR_-5db,N,New_N_096.wav,22-15-10,DeepONMF_H3,3,nndsvd,0.39715579934052136,10x212,0.03290760004892945,22,0.30197654397956075,0.306186082065078,0.023190799984149635,15,0.23151212932293402,0.309996906058039,0.005098600056953728,10,0.22343431429641558,0.3216058664260058,0.00355450005736202
96,SNR_-5db,N,New_N_097.wav,22-15-10,DeepONMF_H3,3,nndsvd,0.40016802290453446,10x212,0.032895299955271184,22,0.30688540257554786,0.3183678769876912,0.023366200039163232,15,0.23087450103426593,0.30807639263184966,0.005016000010073185,10,0.2125833028828759,0.32126380869896354,0.0035363000351935625
97,SNR_-5db,N,New_N_098.wav,22-15-10,DeepONMF_H3,3,nndsvd,0.3956295942234559,10x212,0.034221300040371716,22,0.30539391662117693,0.3018810572498778,0.024377499939873815,15,0.23103178908206817,0.3132978947950912,0.0050221000565215945,10,0.22139053786798174,0.32947092125027194,0.0038293999386951327
98,SNR_-5db,N,New_N_099.wav,22-15-10,DeepONMF_H3,3,nndsvd,0.3950000906990393,10x212,0.03354149998631328,22,0.30243200686124355,0.3133583578577503,0.023764400044456124,15,0.22659310952107672,0.3103398109644036,0.005063300020992756,10,0.22244657967006065,0.3200847414999386,0.0036474999506026506
99,SNR_-5db,N,New_N_100.wav,22-15-10,DeepONMF_H3,3,nndsvd,0.3952295135931738,10x212,0.034231800003908575,22,0.30293377094769286,0.31873921000110694,0.024114799918606877,15,0.22978293830129004,0.320583257453471,0.005274000111967325,10,0.2153659752547924,0.33075384924958545,0.0036726000253111124
100,SNR_-5db,N,New_N_101.wav,22-15-10,DeepONMF_H3,3,nndsvd,0.39599837692658374,10x212,0.03436829999554902,22,0.30183441536416483,0.32643119785929264,0.024037300026975572,15,0.227988651243507,0.3144002120402414,0.005067000049166381,10,0.21616484676421402,0.32141828796866595,0.0035702999448403716
101,SNR_-5db,N,New_N_102.wav,22-15-10,DeepONMF_H3,3,nndsvd,0.3986839864801265,10x212,0.0344580999808386,22,0.3035835790181679,0.3179106997733914,0.023921399959363043,15,0.22824721335082235,0.3207333077477864,0.00510109995957464,10,0.21426802419199653,0.3364813370594989,0.004440399934537709
102,SNR_-5db,N,New_N_103.wav,22-15-10,DeepONMF_H3,3,nndsvd,0.39672975193780236,10x212,0.032221200061030686,22,0.30242594700400904,0.31087833495616485,0.02247139997780323,15,0.22407262688944463,0.31909900602992214,0.005025600083172321,10,0.20882940486611679,0.32384963408336714,0.0036928000627085567
103,SNR_-5db,N,New_N_104.wav,22-15-10,DeepONMF_H3,3,nndsvd,0.39741311546689745,10x212,0.031674599973484874,22,0.30476673331675536,0.3110389641392387,0.022280999924987555,15,0.22557028369705243,0.3193777211391338,0.005015400005504489,10,0.21617741238362295,0.32222456024692625,0.0035593999782577157
104,SNR_-5db,N,New_N_105.wav,22-15-10,DeepONMF_H3,3,nndsvd,0.39707910875839497,10x212,0.032332099974155426,22,0.30436718885239383,0.3131756511298676,0.022457299986854196,15,0.21905644446627537,0.3126415971013439,0.005123600014485419,10,0.21884363449702535,0.33308256966769917,0.0036813999759033322
105,SNR_-5db,N,New_N_106.wav,22-15-10,DeepONMF_H3,3,nndsvd,0.3971890360954941,10x212,0.03281779994722456,22,0.30255868196412183,0.30442884141130766,0.023229400045238435,15,0.22333281934840304,0.3022415506535487,0.005102099967189133,10,0.22138832344019516,0.3006946676719031,0.0035462999949231744
106,SNR_-5db,N,New_N_107.wav,22-15-10,DeepONMF_H3,3,nndsvd,0.3946241579530713,10x212,0.03315070003736764,22,0.3020352270494825,0.3144717085509613,0.023362400010228157,15,0.23078845098901024,0.32084070280245724,0.005142400041222572,10,0.2185738682816113,0.33167207880351063,0.0036056999815627933
107,SNR_-5db,N,New_N_108.wav,22-15-10,DeepONMF_H3,3,nndsvd,0.3997050677797441,10x212,0.03391260001808405,22,0.3110380651513298,0.3099410949401052,0.024370600003749132,15,0.22372753542521198,0.3184484035898085,0.004996299976482987,10,0.21587824470237282,0.32282868351734056,0.0035276999697089195
108,SNR_-5db,N,New_N_109.wav,22-15-10,DeepONMF_H3,3,nndsvd,0.39303533797123225,10x212,0.03458630002569407,22,0.3022996719156673,0.30672448462898,0.024744699941948056,15,0.22069063427069008,0.3034887399712571,0.005218900041654706,10,0.2204840894504541,0.3250425923008098,0.003548300010152161
109,SNR_-5db,N,New_N_110.wav,22-15-10,DeepONMF_H3,3,nndsvd,0.39833504989274293,10x212,0.033490999951027334,22,0.30702924634988554,0.30373944445452083,0.023548300028778613,15,0.22490756343977344,0.3110682083699885,0.005322700017131865,10,0.2203061636875155,0.31756039192143665,0.0038358999881893396
110,SNR_-5db,N,New_N_111.wav,22-15-10,DeepONMF_H3,3,nndsvd,0.39635310437513743,10x212,0.03757179994136095,22,0.3038313658387463,0.31869551177962596,0.026377999922260642,15,0.22924884897688572,0.31938703830269266,0.005546800093725324,10,0.21705901548178722,0.32211424353939105,0.00472780002746731
111,SNR_-5db,N,New_N_112.wav,22-15-10,DeepONMF_H3,3,nndsvd,0.39453310786416423,10x212,0.03482210007496178,22,0.30625030751548443,0.30842800736321513,0.02455139998346567,15,0.2275230926446749,0.31781384814890207,0.005488299997523427,10,0.21904473247852527,0.31598142581925537,0.00394249998498708
112,SNR_-5db,N,New_N_113.wav,22-15-10,DeepONMF_H3,3,nndsvd,0.3968478542218607,10x212,0.0323482999810949,22,0.3052527244003377,0.32082657629594125,0.02240489993710071,15,0.22241829615384726,0.3269688488878206,0.005125499912537634,10,0.21397159234364735,0.3265607851396053,0.0039923000149428844
113,SNR_-5db,N,New_N_114.wav,22-15-10,DeepONMF_H3,3,nndsvd,0.39348874810116974,10x212,0.031542500015348196,22,0.3008372321839709,0.3175260317416678,0.021439400035887957,15,0.22413631720846988,0.31429722737933957,0.00498290010727942,10,0.22490771075049046,0.3185394688781099,0.004222500021569431
114,SNR_-5db,N,New_N_115.wav,22-15-10,DeepONMF_H3,3,nndsvd,0.39678828907979835,10x212,0.03459950000979006,22,0.3064011058518856,0.30646025441686386,0.023995100054889917,15,0.22200724339029862,0.3065466711750615,0.005450500058941543,10,0.2183598159951726,0.3110721337599741,0.0043469000374898314
115,SNR_-5db,N,New_N_116.wav,22-15-10,DeepONMF_H3,3,nndsvd,0.39287842574594345,10x212,0.034628900000825524,22,0.30282666433961597,0.30583099533573804,0.02422999998088926,15,0.2183286081829993,0.31278282129474877,0.005423299968242645,10,0.21182475123399058,0.314825540006893,0.004023800021968782
116,SNR_-5db,N,New_N_117.wav,22-15-10,DeepONMF_H3,3,nndsvd,0.39382898160087876,10x212,0.03317960002459586,22,0.3034597337669464,0.31072405395667885,0.022511699935421348,15,0.22569154595207558,0.31930178020183125,0.005376800079829991,10,0.20820035242725224,0.3151151799593273,0.00440490001346916
117,SNR_-5db,N,New_N_118.wav,22-15-10,DeepONMF_H3,3,nndsvd,0.39342409167131737,10x212,0.03521909995470196,22,0.3022565104195536,0.32193370061959264,0.023686900036409497,15,0.22240059333462786,0.3213158958361428,0.006041400018148124,10,0.2143303495857761,0.3264955106368948,0.004494799999520183
118,SNR_-5db,N,New_N_119.wav,22-15-10,DeepONMF_H3,3,nndsvd,0.39496029400478,10x212,0.03282240009866655,22,0.3049207094713882,0.31596129645544996,0.022548799985088408,15,0.2244143063533951,0.3220814932926034,0.005638200091198087,10,0.215862288287131,0.32885673219881506,0.0036576000275090337
119,SNR_-5db,N,New_N_120.wav,22-15-10,DeepONMF_H3,3,nndsvd,0.3935463684250645,10x212,0.031914299936033785,22,0.3028503189947913,0.3134950858809265,0.02189680002629757,15,0.2199761028312345,0.3150059310247148,0.005225299973972142,10,0.22414565171332493,0.3288560037720336,0.00381499994546175
120,SNR_-5db,N,New_N_121.wav,22-15-10,DeepONMF_H3,3,nndsvd,0.3990095298137007,10x212,0.03314239997416735,22,0.30760015286931547,0.31038358659154996,0.022968400036916137,15,0.22766864775622273,0.31505210115447946,0.005137000000104308,10,0.21840872880908066,0.3160139185359576,0.004111599992029369
121,SNR_-5db,N,New_N_122.wav,22-15-10,DeepONMF_H3,3,nndsvd,0.3973878906062971,10x212,0.03337299998383969,22,0.30522554638656285,0.31397702174929004,0.02225209993775934,15,0.22162693469950082,0.32185643342600884,0.005707100033760071,10,0.22310526270982217,0.3309998575256802,0.004207000019960105
122,SNR_-5db,N,New_N_123.wav,22-15-10,DeepONMF_H3,3,nndsvd,0.39500150676252904,10x212,0.033584399963729084,22,0.3013398749572549,0.30785800014594805,0.023529900005087256,15,0.219276971540219,0.3128706996440053,0.005283099948428571,10,0.21462982399087863,0.32025484231054374,0.003864999976940453
123,SNR_-5db,N,New_N_124.wav,22-15-10,DeepONMF_H3,3,nndsvd,0.3985709611794951,10x212,0.03282469999976456,22,0.3055282166156255,0.3191830712718582,0.022854099981486797,15,0.22484991791169587,0.31937907142067845,0.005094399908557534,10,0.22357493116900606,0.3216606283350168,0.004015999962575734
124,SNR_-5db,N,New_N_125.wav,22-15-10,DeepONMF_H3,3,nndsvd,0.399660934038919,10x212,0.03352430008817464,22,0.3092527965591805,0.3165283842485553,0.02300909999758005,15,0.229660088570834,0.3165882419620565,0.005365799996070564,10,0.21718829480400714,0.33287273515581467,0.0044151999754831195
125,SNR_-5db,N,New_N_126.wav,22-15-10,DeepONMF_H3,3,nndsvd,0.39635936310018455,10x212,0.031404900015331805,22,0.30212553938658704,0.31153727351891414,0.020728199975565076,15,0.2288274246169488,0.3154506632864597,0.005422300077043474,10,0.21227632430097423,0.3169551346958921,0.004415200091898441
126,SNR_-5db,N,New_N_127.wav,22-15-10,DeepONMF_H3,3,nndsvd,0.3895240256038666,10x212,0.03509220003616065,22,0.2997184392558238,0.30483861984551436,0.02362130000256002,15,0.21596813769643222,0.3100682886733393,0.006045399932190776,10,0.2178383999700984,0.31912323514854835,0.004529600031673908
127,SNR_-5db,N,New_N_128.wav,22-15-10,DeepONMF_H3,3,nndsvd,0.38799948868071915,10x212,0.03397280001081526,22,0.29902211684208513,0.3114132703025318,0.023667500005103648,15,0.2138982950091097,0.309793133582951,0.0055287000723183155,10,0.2009757196954252,0.3115586197818327,0.003821799997240305
128,SNR_-5db,N,New_N_129.wav,22-15-10,DeepONMF_H3,3,nndsvd,0.3952916212858061,10x212,0.03439349995460361,22,0.3042776051657335,0.3100655489675749,0.023931400035507977,15,0.2295650435675588,0.3108577259479701,0.005687600001692772,10,0.20733431657319787,0.31106940524401067,0.003721499931998551
129,SNR_-5db,N,New_N_130.wav,22-15-10,DeepONMF_H3,3,nndsvd,0.39194096398100275,10x212,0.03203929995652288,22,0.3001470750403879,0.31333054819215944,0.021498199901543558,15,0.21846317310874416,0.3090613338191864,0.005153799895197153,10,0.2171587010755801,0.3264112111939194,0.004426399944350123
130,SNR_-5db,N,New_N_131.wav,22-15-10,DeepONMF_H3,3,nndsvd,0.393419474838983,10x212,0.033679400105029345,22,0.30240394781316304,0.3064983289363277,0.023349300026893616,15,0.22545853123966117,0.31821020412741347,0.005567000014707446,10,0.21633672125999737,0.30809796536019474,0.0038075000047683716
131,SNR_-5db,N,New_N_132.wav,22-15-10,DeepONMF_H3,3,nndsvd,0.3918683700508878,10x212,0.032394499983638525,22,0.30165378508660123,0.3056524064752778,0.021432499983347952,15,0.21780861315270988,0.31004470465097794,0.0060792999574914575,10,0.2026682551627902,0.31290329953518775,0.003961400012485683
132,SNR_-5db,N,New_N_133.wav,22-15-10,DeepONMF_H3,3,nndsvd,0.3969842280361879,10x212,0.033819800009950995,22,0.3049565309106549,0.3008443299901428,0.023050300078466535,15,0.2224574534550686,0.30433506321770715,0.00566709996201098,10,0.2162696242030196,0.320055162196035,0.00410260003991425
133,SNR_-5db,N,New_N_134.wav,22-15-10,DeepONMF_H3,3,nndsvd,0.39762638057229777,10x212,0.03382469993084669,22,0.30305541632202193,0.3085224572472494,0.023470700019970536,15,0.219229742208925,0.3069739614641859,0.005785799934528768,10,0.21852177775743134,0.3230811844537426,0.0037391999503597617
