indice_interno,base,clase,archivo,distribucion,representacion,numero_capas,inicializacion_onmf,error_final,forma_h_final,segundos_extraccion_deep,capa_1_rango,capa_1_error,capa_1_ortogonalidad_h,capa_1_segundos,capa_2_rango,capa_2_error,capa_2_ortogonalidad_h,capa_2_segundos,capa_3_rango,capa_3_error,capa_3_ortogonalidad_h,capa_3_segundos
0,SNR_5db,N,New_N_001.wav,22-15-10,DeepONMF_H3,3,nndsvd,0.2702588181440702,10x212,0.0332898999331519,22,0.1854514266168854,0.2915026539741788,0.02268920000642538,15,0.10653971808795895,0.2943220219929467,0.005774100078269839,10,0.1036892764364454,0.29406966842051474,0.003689700039103627
1,SNR_5db,N,New_N_002.wav,22-15-10,DeepONMF_H3,3,nndsvd,0.26957082284179734,10x212,0.032326299929991364,22,0.1843168510525016,0.2991133322208238,0.021854599937796593,15,0.10667204048524731,0.29576278123133753,0.005678800051100552,10,0.10031372136861005,0.29481187216597643,0.0036415000213310122
2,SNR_5db,N,New_N_003.wav,22-15-10,DeepONMF_H3,3,nndsvd,0.2695428911218814,10x212,0.03217989997938275,22,0.18300382256166123,0.29583206192889216,0.021718400064855814,15,0.10616117259128091,0.2960292908991675,0.005734700011089444,10,0.10215017756235373,0.3089612291828284,0.0036916000535711646
3,SNR_5db,N,New_N_004.wav,22-15-10,DeepONMF_H3,3,nndsvd,0.27258803225717476,10x212,0.03198749991133809,22,0.18735180973752455,0.29693788232981017,0.020757999969646335,15,0.10905626028048447,0.29213192674444033,0.006365600042045116,10,0.10344844508885967,0.3095105068291634,0.003988299984484911
4,SNR_5db,N,New_N_005.wav,22-15-10,DeepONMF_H3,3,nndsvd,0.2717922271189097,10x212,0.03586529998574406,22,0.18531520323740636,0.29685702292080224,0.0246286999899894,15,0.10732801082478062,0.2938372044379553,0.006366699934005737,10,0.10224911342743348,0.2892588475923483,0.00402839994058013
5,SNR_5db,N,New_N_006.wav,22-15-10,DeepONMF_H3,3,nndsvd,0.27336964986619317,10x212,0.0364934999961406,22,0.18839496456032284,0.28972377583171616,0.025851999991573393,15,0.10592102639723448,0.29615044608280405,0.005759000079706311,10,0.10398329605971163,0.29404529050767086,0.004011600045487285
6,SNR_5db,N,New_N_007.wav,22-15-10,DeepONMF_H3,3,nndsvd,0.27036885679552075,10x212,0.03599429992027581,22,0.18281179760150973,0.2882916938274153,0.02562760002911091,15,0.10918765740807498,0.28620494896818716,0.005631299922242761,10,0.10217262750115741,0.2859575100163597,0.003906499943695962
7,SNR_5db,N,New_N_008.wav,22-15-10,DeepONMF_H3,3,nndsvd,0.2720031015363963,10x212,0.03628140001092106,22,0.18644493138462662,0.2883802742454146,0.026047499966807663,15,0.10609281070671527,0.2929814225637675,0.005454099969938397,10,0.1050927332853733,0.29249998421435514,0.0038886000402271748
8,SNR_5db,N,New_N_009.wav,22-15-10,DeepONMF_H3,3,nndsvd,0.27192556416767544,10x212,0.03514779999386519,22,0.18731424014737622,0.2901678726544496,0.023876599967479706,15,0.10672277959808248,0.29244004235463245,0.005703900009393692,10,0.10134157324274078,0.2895733676462717,0.004646599991247058
9,SNR_5db,N,New_N_010.wav,22-15-10,DeepONMF_H3,3,nndsvd,0.2747533445898085,10x212,0.03579400002490729,22,0.19184393256116192,0.2906148786540738,0.024405500036664307,15,0.1097073848112815,0.2952096796695934,0.005615499918349087,10,0.10095185217245708,0.30184623581955145,0.004702999955043197
10,SNR_5db,N,New_N_011.wav,22-15-10,DeepONMF_H3,3,nndsvd,0.27310477440051106,10x212,0.03496850002557039,22,0.1858084815035003,0.28655233960811777,0.02388210000935942,15,0.1103848529873628,0.2880223776491727,0.006070500006899238,10,0.10393670030475263,0.29732170082682235,0.004156999988481402
11,SNR_5db,N,New_N_012.wav,22-15-10,DeepONMF_H3,3,nndsvd,0.2752520277188391,10x212,0.035679400083608925,22,0.1877612978651372,0.28663332747195436,0.023796800058335066,15,0.10933975255006975,0.28557864612390965,0.006916799931786954,10,0.10787692054063,0.2872039439819719,0.004116899915970862
12,SNR_5db,N,New_N_013.wav,22-15-10,DeepONMF_H3,3,nndsvd,0.2703559649773845,10x212,0.04098389996215701,22,0.18441490733368,0.29632463949226107,0.024353700107894838,15,0.10618746878699184,0.3007515254125088,0.011204599984921515,10,0.10420190754794716,0.30796874266347024,0.004305199952796102
13,SNR_5db,N,New_N_014.wav,22-15-10,DeepONMF_H3,3,nndsvd,0.2743115009137777,10x212,0.03596590005327016,22,0.186217910400045,0.2979004486043239,0.02545389998704195,15,0.11001128534965433,0.2883779430675016,0.005324400030076504,10,0.10538317902692963,0.28620324385702095,0.004214200074784458
14,SNR_5db,N,New_N_015.wav,22-15-10,DeepONMF_H3,3,nndsvd,0.27501386534610817,10x212,0.03141759999562055,22,0.19012001256768898,0.29260952840272225,0.021501400042325258,15,0.10733148498161826,0.29621415333832435,0.005110400030389428,10,0.10202573202393438,0.3009965870584002,0.00370860006660223
15,SNR_5db,N,New_N_016.wav,22-15-10,DeepONMF_H3,3,nndsvd,0.2709214402852883,10x212,0.03219489997718483,22,0.1843098612986225,0.2999959076790718,0.02189660002477467,15,0.106045222849549,0.2994464428979054,0.005518700112588704,10,0.10318751274631772,0.30287986547354306,0.0035782000049948692
16,SNR_5db,N,New_N_017.wav,22-15-10,DeepONMF_H3,3,nndsvd,0.2740618157673977,10x212,0.03367099992465228,22,0.19094892465789776,0.29271299139121726,0.023885600036010146,15,0.10645775546029357,0.3036532754080376,0.0050765000050887465,10,0.10410404826102974,0.305038888271531,0.0036517000989988446
17,SNR_5db,N,New_N_018.wav,22-15-10,DeepONMF_H3,3,nndsvd,0.2737428425021521,10x212,0.031362000037916005,22,0.18731319726485496,0.2934274698021215,0.021663099993020296,15,0.11079412083705989,0.2977955157733428,0.005093500018119812,10,0.10382867167249793,0.3065268170906588,0.00357509998138994
18,SNR_5db,N,New_N_019.wav,22-15-10,DeepONMF_H3,3,nndsvd,0.27742096274730593,10x212,0.03640280000399798,22,0.18896957635871775,0.2924289693966367,0.02634600002784282,15,0.11105981417315343,0.29734159106632424,0.00500500004272908,10,0.10657780739205606,0.29785393838545116,0.003761200001463294
19,SNR_5db,N,New_N_020.wav,22-15-10,DeepONMF_H3,3,nndsvd,0.27264942430414485,10x212,0.03324160003103316,22,0.18685926595918473,0.2816411561709068,0.02292370004579425,15,0.1075959049242745,0.29137930245320487,0.005183900007978082,10,0.1018682236881787,0.29997968465376545,0.0038958999793976545
20,SNR_5db,N,New_N_021.wav,22-15-10,DeepONMF_H3,3,nndsvd,0.2697204296008741,10x212,0.03319789993111044,22,0.1841819289635631,0.2927914830754848,0.023290200042538345,15,0.10570432102541177,0.2871106813357813,0.005101799964904785,10,0.10461758352269739,0.2871711226808616,0.003700900007970631
21,SNR_5db,N,New_N_022.wav,22-15-10,DeepONMF_H3,3,nndsvd,0.2727102458918018,10x212,0.03154070000164211,22,0.1865602713854647,0.2826488711371896,0.021995299961417913,15,0.1068471183840806,0.2909856980193951,0.005031100008636713,10,0.10228378425070311,0.28662381085412564,0.0035284000914543867
22,SNR_5db,N,New_N_023.wav,22-15-10,DeepONMF_H3,3,nndsvd,0.27041483947893663,10x212,0.034574000048451126,22,0.18433688648168212,0.29955144362649705,0.024658799986355007,15,0.10647080684934739,0.30107852701237925,0.005019400035962462,10,0.10079325677423925,0.29920517805192987,0.0035018998896703124
23,SNR_5db,N,New_N_024.wav,22-15-10,DeepONMF_H3,3,nndsvd,0.2712227029019848,10x212,0.03162159991916269,22,0.18524708623360248,0.29113771276587747,0.021713700029067695,15,0.10752149236080097,0.2973187849281206,0.00501830002758652,10,0.09861071027822287,0.28907991257999516,0.0035517000360414386
24,SNR_5db,N,New_N_025.wav,22-15-10,DeepONMF_H3,3,nndsvd,0.27735036273530633,10x212,0.03387049993034452,22,0.19292184262253267,0.28533522755991214,0.024142899899743497,15,0.1085859488808298,0.27959740801795935,0.00502549996599555,10,0.10688372420181369,0.2788446782594694,0.0037296999944373965
25,SNR_5db,N,New_N_026.wav,22-15-10,DeepONMF_H3,3,nndsvd,0.27526720084164896,10x212,0.03290089999791235,22,0.18687337966166487,0.28587765059222414,0.02250259998254478,15,0.10863801586620496,0.2871773605048329,0.005680499947629869,10,0.10583780772952682,0.29541450101234706,0.0036633999552577734
26,SNR_5db,N,New_N_027.wav,22-15-10,DeepONMF_H3,3,nndsvd,0.2696771105807773,10x212,0.03441910003311932,22,0.18529622183033853,0.28946025243497026,0.024513999931514263,15,0.10498832570044016,0.2965955513919333,0.005080999922938645,10,0.10412557193978415,0.3138543933835382,0.0037420999724417925
27,SNR_5db,N,New_N_028.wav,22-15-10,DeepONMF_H3,3,nndsvd,0.27023716046089374,10x212,0.033739699982106686,22,0.18490219922596576,0.2947392488948057,0.023002900066785514,15,0.10822370239378298,0.29302443900668207,0.005291700013913214,10,0.10360785452810055,0.2940466855845988,0.0039163000183179975
28,SNR_5db,N,New_N_029.wav,22-15-10,DeepONMF_H3,3,nndsvd,0.2723667787096309,10x212,0.03344760008621961,22,0.1867946308494285,0.29069447458379083,0.023187599959783256,15,0.10732217866368227,0.2803177079538409,0.005368200014345348,10,0.10610907511510574,0.28831089373945396,0.003692799946293235
29,SNR_5db,N,New_N_030.wav,22-15-10,DeepONMF_H3,3,nndsvd,0.2743696937617193,10x212,0.032280399929732084,22,0.1869388498808585,0.2896864843112485,0.02231630007736385,15,0.11071204133718214,0.2957296856687437,0.005404899944551289,10,0.10367932165092547,0.2994095480022357,0.0035232999362051487
30,SNR_5db,N,New_N_031.wav,22-15-10,DeepONMF_H3,3,nndsvd,0.27175419793295336,10x212,0.033274299930781126,22,0.18621995987689052,0.30105412224333694,0.023531200014986098,15,0.10621786410643042,0.2978542085846777,0.005024600075557828,10,0.10140883168091638,0.3011860390871873,0.0035109000746160746
31,SNR_5db,N,New_N_032.wav,22-15-10,DeepONMF_H3,3,nndsvd,0.2769552865252809,10x212,0.03332010004669428,22,0.18796607274611782,0.29053416187975745,0.023631199961528182,15,0.1100991225550028,0.29578626203675484,0.004994499962776899,10,0.10540544157348337,0.2964653898071452,0.003522199927829206
32,SNR_5db,N,New_N_033.wav,22-15-10,DeepONMF_H3,3,nndsvd,0.27097019259115174,10x212,0.03195099998265505,22,0.18485793620946545,0.2918053198570289,0.02226280001923442,15,0.10902341320336689,0.2912436991141622,0.005147699965164065,10,0.10145821606310784,0.29030271887135495,0.0035655000247061253
33,SNR_5db,N,New_N_034.wav,22-15-10,DeepONMF_H3,3,nndsvd,0.2714276011669806,10x212,0.03287880006246269,22,0.18482200785759018,0.28620705447003714,0.02298869995865971,15,0.10583561424690116,0.27207207511030446,0.0053023999789729714,10,0.10609706527860406,0.27325329072338883,0.0035658000269904733
34,SNR_5db,N,New_N_035.wav,22-15-10,DeepONMF_H3,3,nndsvd,0.27305927829735527,10x212,0.033882100018672645,22,0.185426608668459,0.2998403601744416,0.0242745999712497,15,0.10790128973674293,0.29619186741573744,0.005149499978870153,10,0.10345975871583546,0.3002879145940848,0.00359139998909086
35,SNR_5db,N,New_N_036.wav,22-15-10,DeepONMF_H3,3,nndsvd,0.2708602910893386,10x212,0.03211250004824251,22,0.18531608889238413,0.2954089322910484,0.022215700009837747,15,0.10761791605137734,0.29322101730069683,0.00510989991016686,10,0.10135627468399226,0.2879265293979135,0.003553600050508976
36,SNR_5db,N,New_N_037.wav,22-15-10,DeepONMF_H3,3,nndsvd,0.23240757283752475,10x212,0.03333739994559437,22,0.14261401890350017,0.2893939576754983,0.02363920002244413,15,0.08152462005095697,0.277342579116613,0.005079100024886429,10,0.08134058112154012,0.2766860972901321,0.003559199976734817
37,SNR_5db,N,New_N_038.wav,22-15-10,DeepONMF_H3,3,nndsvd,0.27151889594781226,10x212,0.033739900100044906,22,0.18561436746834822,0.28683044421017234,0.024294900009408593,15,0.10658921136734145,0.2842545662901756,0.004961700062267482,10,0.10290408334146399,0.2883660664988606,0.003484399989247322
38,SNR_5db,N,New_N_039.wav,22-15-10,DeepONMF_H3,3,nndsvd,0.2719702530209441,10x212,0.03468609997071326,22,0.1859207242867246,0.2799256086635347,0.025039600091986358,15,0.10647166856701656,0.2749561030451856,0.005097399931401014,10,0.10535998982867112,0.275660639979939,0.003552400041371584
39,SNR_5db,N,New_N_040.wav,22-15-10,DeepONMF_H3,3,nndsvd,0.2734354023945638,10x212,0.03270790004171431,22,0.18586137074142603,0.281439320974205,0.023090400034561753,15,0.1086268373588912,0.2908530820111045,0.005005499930121005,10,0.10570735240828812,0.2817884762437127,0.0035312999971210957
40,SNR_5db,N,New_N_041.wav,22-15-10,DeepONMF_H3,3,nndsvd,0.2699099360854206,10x212,0.03220879996661097,22,0.17961956979979082,0.2863393975769689,0.022381799994036555,15,0.10575922050135692,0.27434235090588993,0.005219000042416155,10,0.10027597619534327,0.2743574695497107,0.0036189999664202332
41,SNR_5db,N,New_N_042.wav,22-15-10,DeepONMF_H3,3,nndsvd,0.2687974935150142,10x212,0.033190199988894165,22,0.1813826669568805,0.29648577897072625,0.023330099997110665,15,0.10475747658184273,0.2955822154909585,0.005179799976758659,10,0.10314189486049576,0.2853846772954619,0.0036264999071136117
42,SNR_5db,N,New_N_043.wav,22-15-10,DeepONMF_H3,3,nndsvd,0.2671479331426505,10x212,0.034302799962460995,22,0.17676048492841087,0.30381244275849545,0.024405500036664307,15,0.10464450522529647,0.29529229926102096,0.0050663999281823635,10,0.09844273849583511,0.30398506937946823,0.0035587999736890197
43,SNR_5db,N,New_N_044.wav,22-15-10,DeepONMF_H3,3,nndsvd,0.2662230406358171,10x212,0.03357470000628382,22,0.17943342745253676,0.298119312385926,0.02377660002093762,15,0.10375306690462799,0.29726769277717136,0.005071600084193051,10,0.09909617863499083,0.2883941711333232,0.00356780004221946
44,SNR_5db,N,New_N_045.wav,22-15-10,DeepONMF_H3,3,nndsvd,0.2659687295212577,10x212,0.03350170003250241,22,0.17784241942371196,0.290974861352949,0.023058000020682812,15,0.10472196548721492,0.29182990240288725,0.005606799968518317,10,0.10039457399919062,0.2972632648562988,0.004013999947346747
45,SNR_5db,N,New_N_046.wav,22-15-10,DeepONMF_H3,3,nndsvd,0.2665669627553969,10x212,0.036049700109288096,22,0.17730754999570827,0.2931383929437657,0.025525700068101287,15,0.1062654240163377,0.29848409745632776,0.0055883999448269606,10,0.10113057879004651,0.3013865727170171,0.003936199937015772
46,SNR_5db,N,New_N_047.wav,22-15-10,DeepONMF_H3,3,nndsvd,0.26640983945828556,10x212,0.031398799968883395,22,0.17868271374710898,0.2960877190415467,0.021892499993555248,15,0.10123701746550544,0.2865674284352771,0.005101399961858988,10,0.10009041824526788,0.3020426118552569,0.0035607999889180064
47,SNR_5db,N,New_N_048.wav,22-15-10,DeepONMF_H3,3,nndsvd,0.26581094729387145,10x212,0.031644899980165064,22,0.179596016253479,0.294668469700959,0.021812700084410608,15,0.10200052654492688,0.2987891581429154,0.005246700020506978,10,0.10144715887466324,0.31098849577802024,0.003639300004579127
48,SNR_5db,N,New_N_049.wav,22-15-10,DeepONMF_H3,3,nndsvd,0.2668825910801216,10x212,0.03217640006914735,22,0.1784306054259522,0.2937821105193289,0.022612700005993247,15,0.10595206312462374,0.29235980902141484,0.005030800006352365,10,0.10306494967299368,0.3155103782265706,0.0035308999940752983
49,SNR_5db,N,New_N_050.wav,22-15-10,DeepONMF_H3,3,nndsvd,0.26906727667996905,10x212,0.03267960005905479,22,0.1803316195133165,0.2858723883204964,0.022639999981038272,15,0.1041053031519101,0.2980029495177552,0.0053990000160411,10,0.09961144968189856,0.2968944637279104,0.0036964999744668603
50,SNR_5db,N,New_N_051.wav,22-15-10,DeepONMF_H3,3,nndsvd,0.2658354523420244,10x212,0.035107299918308854,22,0.17728947243595616,0.2930553726853703,0.0253724999492988,15,0.10365576591699477,0.3006704061610381,0.005175700061954558,10,0.09923339338755391,0.30717319605031224,0.0035973000340163708
51,SNR_5db,N,New_N_052.wav,22-15-10,DeepONMF_H3,3,nndsvd,0.2687955302301874,10x212,0.03410149994306266,22,0.17956352461073297,0.30413326650844497,0.024688799981959164,15,0.10516505458035418,0.3082172334337598,0.005039299954660237,10,0.09850238934697078,0.31158387698727136,0.0035230000503361225
52,SNR_5db,N,New_N_053.wav,22-15-10,DeepONMF_H3,3,nndsvd,0.2697628307115449,10x212,0.032240700093097985,22,0.18076352170196738,0.29709307833068205,0.022476700018160045,15,0.107537649177536,0.30257494500724025,0.005131599958986044,10,0.09934647133922046,0.30916808837276527,0.00360319996252656
53,SNR_5db,N,New_N_054.wav,22-15-10,DeepONMF_H3,3,nndsvd,0.2690250375942758,10x212,0.03195449989289045,22,0.18150791729606505,0.2919866016637467,0.022209799964912236,15,0.1045987056320505,0.29523767000461526,0.005058299982920289,10,0.09835029328790472,0.28665375120317044,0.0035328000085428357
54,SNR_5db,N,New_N_055.wav,22-15-10,DeepONMF_H3,3,nndsvd,0.2673349157417092,10x212,0.0332353999838233,22,0.1808364303977257,0.2954177559920576,0.023684500018134713,15,0.10367231953036235,0.3046044953189773,0.0050076000625267625,10,0.10204467948243261,0.3072260250539857,0.003531399997882545
55,SNR_5db,N,New_N_056.wav,22-15-10,DeepONMF_H3,3,nndsvd,0.2677318541782776,10x212,0.030896299984306097,22,0.1807779602471182,0.30503196400962834,0.020407999982126057,15,0.10710301624217557,0.3084338637897224,0.005494299926795065,10,0.10102709926612463,0.3127449017977984,0.003722399938851595
56,SNR_5db,N,New_N_057.wav,22-15-10,DeepONMF_H3,3,nndsvd,0.26656451876264403,10x212,0.032627000007778406,22,0.1760102902889933,0.2940422440675406,0.0215769000351429,15,0.10342049191459919,0.29509032125195045,0.006152499932795763,10,0.09881781850194235,0.2944829665972391,0.0036834999918937683
57,SNR_5db,N,New_N_058.wav,22-15-10,DeepONMF_H3,3,nndsvd,0.26887865767796837,10x212,0.032256499980576336,22,0.1807670461040246,0.2969804247401256,0.021465099998749793,15,0.10253922383249414,0.30425901603318356,0.0060931999469175935,10,0.09867469738581841,0.30482901486261715,0.003686599899083376
58,SNR_5db,N,New_N_059.wav,22-15-10,DeepONMF_H3,3,nndsvd,0.2663607513809218,10x212,0.03281820006668568,22,0.17804074252194074,0.29600943234478955,0.021865000016987324,15,0.10180658150829783,0.2931622738044872,0.006401499966159463,10,0.09788677326991364,0.29327643442017964,0.003713599988259375
59,SNR_5db,N,New_N_060.wav,22-15-10,DeepONMF_H3,3,nndsvd,0.2635505631880446,10x212,0.03296139999292791,22,0.17697636028549515,0.29966404818232323,0.0228105999995023,15,0.10119415987115714,0.3061329131515361,0.005497399950399995,10,0.09820562379788647,0.3138099857560603,0.0037604999961331487
60,SNR_5db,N,New_N_061.wav,22-15-10,DeepONMF_H3,3,nndsvd,0.2701625591393959,10x212,0.03232770005706698,22,0.1777748568543142,0.2902569859134415,0.021907599992118776,15,0.10952369110156318,0.28078141322815847,0.0057440000819042325,10,0.10426703149771442,0.2937566232413235,0.003739000065252185
61,SNR_5db,N,New_N_062.wav,22-15-10,DeepONMF_H3,3,nndsvd,0.26972251940386166,10x212,0.03100269997958094,22,0.17823470740657005,0.28966308703137017,0.02112940000370145,15,0.1072671466544262,0.28526774932841303,0.005054800072684884,10,0.0995212129219447,0.2905563017783948,0.004059899947606027
62,SNR_5db,N,New_N_063.wav,22-15-10,DeepONMF_H3,3,nndsvd,0.2667640791909775,10x212,0.030859300051815808,22,0.17888271079062518,0.2848867443632048,0.021097299992106855,15,0.10712982996356517,0.2960707716758515,0.005088799982331693,10,0.09919992820841814,0.28906446531328317,0.0038752000546082854
63,SNR_5db,N,New_N_064.wav,22-15-10,DeepONMF_H3,3,nndsvd,0.26621375902664934,10x212,0.03226100001484156,22,0.17640933400312045,0.2957909994546177,0.02237339993007481,15,0.10607669498736609,0.3005507526246,0.005010999972000718,10,0.09772714426286083,0.310470082784463,0.003663900075480342
64,SNR_5db,N,New_N_065.wav,22-15-10,DeepONMF_H3,3,nndsvd,0.26793633976621023,10x212,0.0320748999947682,22,0.18049389897513762,0.2927875569204409,0.022031800006516278,15,0.10472122686161602,0.29109394754423445,0.005122500006109476,10,0.1005265614953862,0.3116859713675052,0.003598300041630864
65,SNR_5db,N,New_N_066.wav,22-15-10,DeepONMF_H3,3,nndsvd,0.26924074401927406,10x212,0.03522680001333356,22,0.17904053854568855,0.29330424883651085,0.025389899965375662,15,0.10742880133800743,0.2829363575844322,0.00516060006339103,10,0.10129244531746058,0.30270758684925114,0.0036933000665158033
66,SNR_5db,N,New_N_067.wav,22-15-10,DeepONMF_H3,3,nndsvd,0.2667077018399755,10x212,0.03576749993953854,22,0.1770765072763616,0.2983949437785053,0.024584600003436208,15,0.10637983169710888,0.30353282204159415,0.006162900011986494,10,0.09932048923001979,0.30437201445908285,0.004057099926285446
67,SNR_5db,N,New_N_068.wav,22-15-10,DeepONMF_H3,3,nndsvd,0.26841372564813576,10x212,0.03356110001914203,22,0.18099890692665346,0.2860465631723448,0.023577800020575523,15,0.10265434036058907,0.28300653978453044,0.005107400007545948,10,0.10339107330659177,0.28109195042256024,0.003991000005044043
68,SNR_5db,N,New_N_069.wav,22-15-10,DeepONMF_H3,3,nndsvd,0.26811371298814907,10x212,0.03122060000896454,22,0.18188649966508674,0.2854460802807216,0.021350800059735775,15,0.10466699337235466,0.2952180559060652,0.005042799981310964,10,0.10118717837966391,0.29510952784657846,0.004004299989901483
69,SNR_5db,N,New_N_070.wav,22-15-10,DeepONMF_H3,3,nndsvd,0.2676404730466064,10x212,0.03198009997140616,22,0.18121883797787558,0.29565526032926454,0.022239199955947697,15,0.10707735776211341,0.3027492707122524,0.0051166999619454145,10,0.10274114386557473,0.3179321922951998,0.003680399968288839
70,SNR_5db,N,New_N_071.wav,22-15-10,DeepONMF_H3,3,nndsvd,0.2704740998746458,10x212,0.03172450000420213,22,0.18363414048914078,0.2952772349463665,0.022216400015167892,15,0.10592841924757092,0.29724978594229623,0.005042399978265166,10,0.100184853479528,0.3089778274556924,0.0035418999614194036
71,SNR_5db,N,New_N_072.wav,22-15-10,DeepONMF_H3,3,nndsvd,0.26858849287465153,10x212,0.03205149993300438,22,0.1822217230130364,0.2965130744449009,0.022081000031903386,15,0.10503195649422196,0.3056696079314903,0.005250499933026731,10,0.09945347464273065,0.3030326773376872,0.0035906999837607145
72,SNR_5db,N,New_N_073.wav,22-15-10,DeepONMF_H3,3,nndsvd,0.26958629786798555,10x212,0.03455690003465861,22,0.18173854017382107,0.2926297976890465,0.024853099952451885,15,0.10361716517482415,0.2998273494901425,0.005049100029282272,10,0.10227883696350878,0.3129321695263928,0.0036912999348714948
73,SNR_5db,N,New_N_074.wav,22-15-10,DeepONMF_H3,3,nndsvd,0.27192402227613127,10x212,0.036168199963867664,22,0.1825617865704914,0.2985652881668674,0.025952199939638376,15,0.10532596781913796,0.298074085687003,0.005141000030562282,10,0.10091543621165279,0.30649098103927247,0.003923999960534275
74,SNR_5db,N,New_N_075.wav,22-15-10,DeepONMF_H3,3,nndsvd,0.2698430434823794,10x212,0.03323659999296069,22,0.18452495446774406,0.2818403942163251,0.02285390009637922,15,0.10442651059700556,0.29421029063187093,0.0052161000203341246,10,0.10384476950653686,0.28844262480057126,0.004250900004990399
75,SNR_5db,N,New_N_076.wav,22-15-10,DeepONMF_H3,3,nndsvd,0.2696793390452425,10x212,0.03338449995499104,22,0.18328118723350625,0.2910983540998175,0.02319159999024123,15,0.10546505374792924,0.28388761368474813,0.005096799926832318,10,0.10282715574905812,0.29850644920307173,0.004029099945910275
76,SNR_5db,N,New_N_077.wav,22-15-10,DeepONMF_H3,3,nndsvd,0.2711544830916566,10x212,0.03274639998562634,22,0.1830587469216907,0.2855401615698617,0.02169500000309199,15,0.1073626381993527,0.28997417598232605,0.005459299893118441,10,0.10292208024396615,0.2883533991262015,0.004369399975985289
77,SNR_5db,N,New_N_078.wav,22-15-10,DeepONMF_H3,3,nndsvd,0.27120143459047513,10x212,0.035431800060905516,22,0.18417176732524693,0.30002730984580017,0.024445399991236627,15,0.10765392167987296,0.3042331695949313,0.0056477999314665794,10,0.1037923200113803,0.32351938547291975,0.004452900029718876
78,SNR_5db,N,New_N_079.wav,22-15-10,DeepONMF_H3,3,nndsvd,0.27081636300328815,10x212,0.03549969999585301,22,0.18373444795043323,0.29136761151037693,0.0245973999844864,15,0.10434351379825213,0.29461237927650064,0.005803599953651428,10,0.10269878375954898,0.3023096581948411,0.004227500059641898
79,SNR_5db,N,New_N_080.wav,22-15-10,DeepONMF_H3,3,nndsvd,0.2718451772729376,10x212,0.033990200026892126,22,0.1821366467029817,0.2936507176529854,0.023005199967883527,15,0.10594149758399174,0.2979432532665728,0.0057601999724283814,10,0.10278691758302196,0.31663248153403684,0.004300700034946203
80,SNR_5db,N,New_N_081.wav,22-15-10,DeepONMF_H3,3,nndsvd,0.2698675563744464,10x212,0.03278700006194413,22,0.18152407183266064,0.2943565607147124,0.022303599980659783,15,0.10590774368507797,0.2983279149205016,0.005521600018255413,10,0.09949087841323317,0.3116849249076229,0.00392469996586442
81,SNR_5db,N,New_N_082.wav,22-15-10,DeepONMF_H3,3,nndsvd,0.2675520590543013,10x212,0.03598509996663779,22,0.17992846275483235,0.30128846633868817,0.022503299987874925,15,0.10217078780463323,0.30036252922580065,0.006890700082294643,10,0.10262557455633724,0.3156470272684174,0.00554409995675087
82,SNR_5db,N,New_N_083.wav,22-15-10,DeepONMF_H3,3,nndsvd,0.26865168445671733,10x212,0.03303420008160174,22,0.1810600688473287,0.290535456420519,0.02210709999781102,15,0.1061000109575189,0.294220551754399,0.006229100050404668,10,0.1039959178319021,0.2875885076843477,0.00363460008520633
83,SNR_5db,N,New_N_084.wav,22-15-10,DeepONMF_H3,3,nndsvd,0.27085659637838294,10x212,0.034185800002887845,22,0.18332494702895719,0.2996215339899379,0.02380640001501888,15,0.10821626776897343,0.3097838253200055,0.00558430003002286,10,0.1028614078290393,0.30290395114433327,0.0036198999732732773
84,SNR_5db,N,New_N_085.wav,22-15-10,DeepONMF_H3,3,nndsvd,0.2681506970793651,10x212,0.03512430004775524,22,0.1809652353669293,0.30701823110248977,0.025376299978233874,15,0.1051384915257185,0.3130387365462667,0.005024700076319277,10,0.10064796890206153,0.31463405845901005,0.0036011000629514456
85,SNR_5db,N,New_N_086.wav,22-15-10,DeepONMF_H3,3,nndsvd,0.27016783240896564,10x212,0.03295659995637834,22,0.18047953057225935,0.30563133146936433,0.02232449990697205,15,0.10899750379181278,0.3083292424272245,0.0057437000796198845,10,0.09938316472597403,0.3003303401669046,0.0036693000001832843
86,SNR_5db,N,New_N_087.wav,22-15-10,DeepONMF_H3,3,nndsvd,0.2712147579684791,10x212,0.03146450000349432,22,0.18179735557561044,0.3012899501339077,0.021075000055134296,15,0.10908712999504294,0.29561382114241264,0.005729199969209731,10,0.09902062673541905,0.3020350759092511,0.003645900054834783
87,SNR_5db,N,New_N_088.wav,22-15-10,DeepONMF_H3,3,nndsvd,0.2710038110558751,10x212,0.03371659992262721,22,0.18307566265265401,0.2967471654048268,0.022952800034545362,15,0.10510722235927993,0.3046725702523153,0.005913200089707971,10,0.10359109224107768,0.3131886739744666,0.0036709000123664737
88,SNR_5db,N,New_N_089.wav,22-15-10,DeepONMF_H3,3,nndsvd,0.2694509058246512,10x212,0.03193020005710423,22,0.18246598088137841,0.29145101196136974,0.0215305999154225,15,0.1063218883685445,0.2993195024023703,0.005653899977914989,10,0.10039668090692172,0.30457467925157883,0.0037055000429973006
89,SNR_5db,N,New_N_090.wav,22-15-10,DeepONMF_H3,3,nndsvd,0.26976750870674915,10x212,0.033022799994796515,22,0.18182852346006093,0.30638570600741066,0.022385699907317758,15,0.10716477992084607,0.3133147571212105,0.005934999906457961,10,0.1022426305338968,0.3215126386936919,0.0038426999235525727
90,SNR_5db,N,New_N_091.wav,22-15-10,DeepONMF_H3,3,nndsvd,0.2681837413720542,10x212,0.0329003999941051,22,0.1815842495062088,0.29917772556296834,0.02262579998932779,15,0.10649555388089464,0.30165416077646856,0.0057212000247091055,10,0.10308391297494678,0.307558714640943,0.003695799969136715
91,SNR_5db,N,New_N_092.wav,22-15-10,DeepONMF_H3,3,nndsvd,0.2675178999586801,10x212,0.03219629998784512,22,0.1815485426713936,0.2943225794121545,0.02180039999075234,15,0.10340024348018166,0.3088177716590374,0.005662000039592385,10,0.09827770014573878,0.31848478133886354,0.003777500009164214
92,SNR_5db,N,New_N_093.wav,22-15-10,DeepONMF_H3,3,nndsvd,0.2719380787801882,10x212,0.03179550007916987,22,0.1838138864947557,0.29593980364539463,0.021476699970662594,15,0.10724367926243199,0.29433019591569654,0.0052263999823480844,10,0.10259931479616666,0.30352700298946217,0.004164799931459129
93,SNR_5db,N,New_N_094.wav,22-15-10,DeepONMF_H3,3,nndsvd,0.2707125772592545,10x212,0.03207519999705255,22,0.18467712865693056,0.2959078639875157,0.022174300043843687,15,0.10582201763880209,0.30391916728672597,0.005095100030303001,10,0.10503058132129596,0.3100244697303596,0.00390870007686317
94,SNR_5db,N,New_N_095.wav,22-15-10,DeepONMF_H3,3,nndsvd,0.2716013270797473,10x212,0.03310520004015416,22,0.1820121423466555,0.2880489893773566,0.022963800001889467,15,0.10625816306231593,0.2882455837709252,0.005099100060760975,10,0.10499000601687378,0.2920387204601189,0.0041655999375507236
95,SNR_5db,N,New_N_096.wav,22-15-10,DeepONMF_H3,3,nndsvd,0.2682526467160072,10x212,0.032665599952451885,22,0.1793620923551296,0.2947003285335545,0.02280789997894317,15,0.10543431405942574,0.29488227248764226,0.004971100017428398,10,0.10121800117410841,0.3047916813052924,0.003938799956813455
96,SNR_5db,N,New_N_097.wav,22-15-10,DeepONMF_H3,3,nndsvd,0.2682655585352028,10x212,0.03018149989657104,22,0.18193228480563883,0.2899203948972214,0.020381800015456975,15,0.10463641847621226,0.29742928110327055,0.00522280007135123,10,0.10142951070057216,0.30742205176619714,0.0036174000706523657
97,SNR_5db,N,New_N_098.wav,22-15-10,DeepONMF_H3,3,nndsvd,0.2731858594451159,10x212,0.03378800000064075,22,0.18770977255081228,0.29803175625299055,0.02389389998279512,15,0.10744199220691239,0.31362778074005276,0.005194199969992042,10,0.10139491004137957,0.3107838084319077,0.0036323999520391226
98,SNR_5db,N,New_N_099.wav,22-15-10,DeepONMF_H3,3,nndsvd,0.26741144124395216,10x212,0.032477499917149544,22,0.178133580264881,0.2922443902672886,0.022822399972938,15,0.10518613580420526,0.29676020526325053,0.005086100078187883,10,0.10233474005696401,0.29928294300412484,0.0035571000771597028
99,SNR_5db,N,New_N_100.wav,22-15-10,DeepONMF_H3,3,nndsvd,0.267543853043049,10x212,0.0330441000405699,22,0.1786618296036136,0.29277759714845286,0.023399499943479896,15,0.10195590293208355,0.28710559854238665,0.005050200037658215,10,0.10010253492695274,0.29079947405931106,0.003651399980299175
100,SNR_5db,N,New_N_101.wav,22-15-10,DeepONMF_H3,3,nndsvd,0.2647838911557454,10x212,0.03396150004118681,22,0.17838833885684954,0.2946737353925284,0.02429109998047352,15,0.10453303946475742,0.2933360746051602,0.005096700042486191,10,0.09835514432643279,0.2877947580670772,0.00355119991581887
101,SNR_5db,N,New_N_102.wav,22-15-10,DeepONMF_H3,3,nndsvd,0.2687408191671863,10x212,0.03170609998051077,22,0.17979197895222876,0.29845530109049245,0.022074899985454977,15,0.10555081161797969,0.30794708084128897,0.0051117000402882695,10,0.09961456569272872,0.31498270009057516,0.00356480001937598
102,SNR_5db,N,New_N_103.wav,22-15-10,DeepONMF_H3,3,nndsvd,0.2631924496024861,10x212,0.03304030001163483,22,0.17657579109430024,0.29657535987325223,0.023049900075420737,15,0.1015865263383927,0.28257733992518647,0.0050342000322416425,10,0.09856766213698478,0.2966359898745752,0.003600600059144199
103,SNR_5db,N,New_N_104.wav,22-15-10,DeepONMF_H3,3,nndsvd,0.26552687151237114,10x212,0.03430070006288588,22,0.17754103293193074,0.30034078376332557,0.024602600024081767,15,0.10448985136753057,0.2999235889485119,0.005024200072512031,10,0.09853076193968767,0.3157450178512056,0.003608600003644824
104,SNR_5db,N,New_N_105.wav,22-15-10,DeepONMF_H3,3,nndsvd,0.2659783264189427,10x212,0.03299580002203584,22,0.17711479686979548,0.2922823723587404,0.023383900057524443,15,0.10467260217336867,0.3082071712996498,0.00503160001244396,10,0.10020332725167284,0.315396132273241,0.003634899971075356
105,SNR_5db,N,New_N_106.wav,22-15-10,DeepONMF_H3,3,nndsvd,0.2665817961718978,10x212,0.03369299997575581,22,0.17769429715792845,0.30124712206869914,0.023683000006712973,15,0.10251831483285537,0.30322122569355486,0.005240400088950992,10,0.10218921886348116,0.3159225614782317,0.0036217999877408147
106,SNR_5db,N,New_N_107.wav,22-15-10,DeepONMF_H3,3,nndsvd,0.26610089842647916,10x212,0.033696800004690886,22,0.17832183164254797,0.2934465681265947,0.02354550000745803,15,0.10438893776018301,0.2939676170440052,0.00535160000436008,10,0.1005883738930016,0.3033692890904472,0.0036986999912187457
107,SNR_5db,N,New_N_108.wav,22-15-10,DeepONMF_H3,3,nndsvd,0.2712770782908124,10x212,0.03293059999123216,22,0.1817610121080048,0.29294577395847193,0.023282999987713993,15,0.10833450256638483,0.29437052679531783,0.00503729993943125,10,0.10397560745807041,0.29877550875168846,0.0035589999752119184
108,SNR_5db,N,New_N_109.wav,22-15-10,DeepONMF_H3,3,nndsvd,0.26445772761009617,10x212,0.032591499970294535,22,0.17504509024727694,0.294462456629842,0.022567400010302663,15,0.10239453653354577,0.2973348898788537,0.005405400064773858,10,0.09780781443845238,0.29521515789257863,0.0038429000414907932
109,SNR_5db,N,New_N_110.wav,22-15-10,DeepONMF_H3,3,nndsvd,0.2717028789654426,10x212,0.035443700035102665,22,0.18408236147326343,0.2948687191877865,0.02469400002155453,15,0.10733705176332073,0.2986805224325842,0.005676099914126098,10,0.10384654286464208,0.2892821966886673,0.004083600011654198
110,SNR_5db,N,New_N_111.wav,22-15-10,DeepONMF_H3,3,nndsvd,0.2667730885008201,10x212,0.034588700043968856,22,0.17648054851251607,0.2876994743031489,0.024312700028531253,15,0.10484793345183954,0.28907170637727025,0.00536029995419085,10,0.0989428557568515,0.2891929607159944,0.003830099944025278
111,SNR_5db,N,New_N_112.wav,22-15-10,DeepONMF_H3,3,nndsvd,0.26884547086114635,10x212,0.030960800009779632,22,0.18025043288947193,0.30184852620093766,0.02106369996909052,15,0.10370479974430276,0.3019067088109122,0.005418200045824051,10,0.10011065983281066,0.31527551038746243,0.0036175999557599425
112,SNR_5db,N,New_N_113.wav,22-15-10,DeepONMF_H3,3,nndsvd,0.2689399844764438,10x212,0.03702750010415912,22,0.17857010768180873,0.29518053145392514,0.026465100003406405,15,0.10792491399123029,0.2927763201051639,0.005705600022338331,10,0.10114749372396782,0.28567439113299764,0.0039010000182315707
113,SNR_5db,N,New_N_114.wav,22-15-10,DeepONMF_H3,3,nndsvd,0.26882051922611483,10x212,0.03239659999962896,22,0.18095263469458558,0.29863499397380755,0.022153700003400445,15,0.10430154593030637,0.30208340400558,0.0051796999759972095,10,0.10343895348151537,0.31338924000568774,0.0035906999837607145
114,SNR_5db,N,New_N_115.wav,22-15-10,DeepONMF_H3,3,nndsvd,0.2675523501920971,10x212,0.031087399926036596,22,0.1791136596735102,0.29290370284886647,0.021307799965143204,15,0.10485192756570594,0.2987810510523269,0.00511610007379204,10,0.10006353372222496,0.3068866160194176,0.0035906999837607145
115,SNR_5db,N,New_N_116.wav,22-15-10,DeepONMF_H3,3,nndsvd,0.2696348396641971,10x212,0.032595799886621535,22,0.1803241347858137,0.2910849429170623,0.02310130000114441,15,0.10598241899342402,0.2947634763431778,0.005036800052039325,10,0.10117864714212539,0.30753662781531044,0.003488200018182397
116,SNR_5db,N,New_N_117.wav,22-15-10,DeepONMF_H3,3,nndsvd,0.2670301119443833,10x212,0.03303359996061772,22,0.17712877815734468,0.299106515104715,0.023550600046291947,15,0.10489394010402692,0.2977536419680463,0.0049986999947577715,10,0.103288241427195,0.3076645213061929,0.0034906999208033085
117,SNR_5db,N,New_N_118.wav,22-15-10,DeepONMF_H3,3,nndsvd,0.2690596805182286,10x212,0.03388250002171844,22,0.18029537600595708,0.2973553263133856,0.024586500017903745,15,0.1047344472726375,0.29062084269932825,0.0049952000845223665,10,0.10315628976441372,0.30576037946853946,0.0035305999917909503
118,SNR_5db,N,New_N_119.wav,22-15-10,DeepONMF_H3,3,nndsvd,0.26754929655627646,10x212,0.033647799980826676,22,0.17852670243692942,0.2987565753684407,0.024044299963861704,15,0.10414262752356854,0.29961386075345725,0.005118499975651503,10,0.10091282501148366,0.2958784196153186,0.0035599999828264117
119,SNR_5db,N,New_N_120.wav,22-15-10,DeepONMF_H3,3,nndsvd,0.26604758380802385,10x212,0.033082099980674684,22,0.17848728574888703,0.29687295865311897,0.02326879999600351,15,0.10399473293126323,0.2958753651583972,0.005184400011785328,10,0.1012953422534859,0.29643422179196277,0.0035793998977169394
120,SNR_5db,N,New_N_121.wav,22-15-10,DeepONMF_H3,3,nndsvd,0.272305628192653,10x212,0.03379000001586974,22,0.1816191569425443,0.2941769279265584,0.023968699970282614,15,0.10763567437058118,0.2878157935789981,0.005240099970251322,10,0.1021923556277768,0.2906628156604842,0.003654700005427003
121,SNR_5db,N,New_N_122.wav,22-15-10,DeepONMF_H3,3,nndsvd,0.2699134189125346,10x212,0.034099900047294796,22,0.18091197623057542,0.2949417257209499,0.02393689996097237,15,0.1078407947029244,0.3049620332205998,0.005234900047071278,10,0.09959620204918847,0.30205495823299283,0.0038998000090941787
122,SNR_5db,N,New_N_123.wav,22-15-10,DeepONMF_H3,3,nndsvd,0.26596135279262606,10x212,0.033963199937716126,22,0.17627829003797268,0.29252197209434677,0.023785500088706613,15,0.10429693953833268,0.286663119854683,0.0050678999396041036,10,0.09895105761923247,0.29571455708124994,0.0037010000087320805
123,SNR_5db,N,New_N_124.wav,22-15-10,DeepONMF_H3,3,nndsvd,0.2686759674024102,10x212,0.03200280002783984,22,0.18088951636431969,0.3084890741929245,0.02206819993443787,15,0.10321480188872574,0.3192301778552143,0.005148999975062907,10,0.10169482342172645,0.3328823723650708,0.0037019000155851245
124,SNR_5db,N,New_N_125.wav,22-15-10,DeepONMF_H3,3,nndsvd,0.27062898923762085,10x212,0.033172299969010055,22,0.18071547173464228,0.3029448796489025,0.022872100002132356,15,0.10822929021840864,0.3132386094308807,0.005485999980010092,10,0.10056872403706801,0.3101393794496356,0.0035566999576985836
125,SNR_5db,N,New_N_126.wav,22-15-10,DeepONMF_H3,3,nndsvd,0.262639461826439,10x212,0.033813799964264035,22,0.17471447842143914,0.2927936874396373,0.024082900024950504,15,0.10312464376404457,0.29359528104537724,0.005092900013551116,10,0.09673997012197862,0.2870536632298021,0.003639300004579127
126,SNR_5db,N,New_N_127.wav,22-15-10,DeepONMF_H3,3,nndsvd,0.2637662597024815,10x212,0.03448719996958971,22,0.17500449239877852,0.28090312427629394,0.0245900999289006,15,0.10428477963721156,0.2763905599843149,0.005000700009986758,10,0.09910164097109166,0.2786639043220707,0.003753499942831695
127,SNR_5db,N,New_N_128.wav,22-15-10,DeepONMF_H3,3,nndsvd,0.2615820076901287,10x212,0.03259220009204,22,0.1738542368422817,0.2918441116482652,0.02263000002130866,15,0.1005296441401367,0.285039610871645,0.005047000013291836,10,0.09638257354798913,0.2943002974024899,0.003589399973861873
128,SNR_5db,N,New_N_129.wav,22-15-10,DeepONMF_H3,3,nndsvd,0.2609550843281538,10x212,0.032760399975813925,22,0.17424111152119906,0.2832723101979502,0.02299600001424551,15,0.10058378302345683,0.2786174725172218,0.005048300023190677,10,0.09895169516925026,0.2729218258567795,0.003667399985715747
129,SNR_5db,N,New_N_130.wav,22-15-10,DeepONMF_H3,3,nndsvd,0.2626343194110818,10x212,0.03202039992902428,22,0.17328924489416522,0.2735679959488978,0.0217560000019148,15,0.10349585468493902,0.2813204892571521,0.005398900015279651,10,0.09839907683056084,0.2900957158705063,0.0035414000740274787
130,SNR_5db,N,New_N_131.wav,22-15-10,DeepONMF_H3,3,nndsvd,0.26347467110668793,10x212,0.0320594001095742,22,0.17599350335292463,0.29580595864433223,0.0223904000595212,15,0.1027180819637529,0.2882322828231359,0.005076300003565848,10,0.09741443626217897,0.29156446347753806,0.0035675999242812395
131,SNR_5db,N,New_N_132.wav,22-15-10,DeepONMF_H3,3,nndsvd,0.26232954165301275,10x212,0.034059599973261356,22,0.17575327551813252,0.28965643488707815,0.02427910000551492,15,0.10456712848495171,0.2937701000081839,0.0049640999641269445,10,0.09576053713931686,0.3001828095346424,0.0035119999665766954
132,SNR_5db,N,New_N_133.wav,22-15-10,DeepONMF_H3,3,nndsvd,0.2639077191966371,10x212,0.03368989995215088,22,0.1765851452419767,0.29505161248097556,0.024055000045336783,15,0.10257975674078906,0.2951848044832484,0.00508050003554672,10,0.09941403881867211,0.3065280567740981,0.0035738000879064202
133,SNR_5db,N,New_N_134.wav,22-15-10,DeepONMF_H3,3,nndsvd,0.26009830768244663,10x212,0.03530830005183816,22,0.17321799217380354,0.2934257287180376,0.02534749999176711,15,0.09951302553554923,0.2849464481781866,0.005539900041185319,10,0.10146503769400496,0.2957772398778095,0.0035616999957710505
