indice_interno,distribucion,numero_capas,error_final,forma_h_final,segundos_extraccion,capa_1_rango,capa_1_error,capa_1_ortogonalidad_h,capa_2_rango,capa_2_error,capa_2_ortogonalidad_h,capa_3_rango,capa_3_error,capa_3_ortogonalidad_h,capa_4_rango,capa_4_error,capa_4_ortogonalidad_h
0,6-9-14-22,4,0.23068696327456745,22x212,0.03548260001116432,6,0.08891150300397123,0.27927779149305404,9,0.05095536732346877,0.1586261551776999,14,0.053917737278329436,0.08352821479032818,22,0.057931415491848846,0.09470573266873689
1,6-9-14-22,4,0.22583681594545288,22x212,0.033800500008510426,6,0.07639939741763906,0.312602599019295,9,0.08250782088628336,0.14914959460124985,14,0.058443526618396885,0.09675036743628365,22,0.05280197657227476,0.05612772640404727
2,6-9-14-22,4,0.26710225557205863,22x212,0.036203600000590086,6,0.10332213690305678,0.3468304654135078,9,0.1002968162329404,0.15881004412373556,14,0.05716516054116018,0.09364408318375166,22,0.07482363172167085,0.11056188141276703
3,6-9-14-22,4,0.24376133015567417,22x212,0.03614850001758896,6,0.07537077740809227,0.4416587153437289,9,0.09023005947443821,0.156692170845112,14,0.0664273469804815,0.11593224791390241,22,0.0800540095789067,0.07217978116123606
4,6-9-14-22,4,0.24225014075367018,22x212,0.03791330000967719,6,0.08054980974593184,0.2795156405338964,9,0.053713100294304345,0.17280719841411488,14,0.09200716586745784,0.1559927689893305,22,0.060780335713146165,0.10966797947725718
5,6-9-14-22,4,0.2316932420766989,22x212,0.04152329999487847,6,0.09678423110536725,0.303151644559426,9,0.053384746299247166,0.15353460219774526,14,0.05166205475173279,0.11460477792047602,22,0.05986505169680276,0.07332431942332006
6,6-9-14-22,4,0.2351362152624229,22x212,0.03648560002329759,6,0.07602479808216774,0.3327093203429998,9,0.08846129301958708,0.17959293103722598,14,0.05513745185902648,0.10442471103675284,22,0.08733713234193614,0.07278753327786548
7,6-9-14-22,4,0.24478027831385646,22x212,0.05658810000750236,6,0.08848421002791358,0.3534830214013934,9,0.10458630482109242,0.12303962566572885,14,0.05461266125363373,0.08329280316236307,22,0.06719451996201381,0.10077704670835597
8,6-9-14-22,4,0.266559185847305,22x212,0.03315840000868775,6,0.10269316421288792,0.3721410168180674,9,0.10112695049679689,0.14590839253340188,14,0.05845998594651769,0.10216074595657183,22,0.08060409423314284,0.07952075388305724
9,6-9-14-22,4,0.24478637988103658,22x212,0.03507399998488836,6,0.09444344924711995,0.288350861575694,9,0.06031236861103691,0.17724039865993615,14,0.057988155431493334,0.1284960443743459,22,0.09076545911279257,0.07066827745747456
10,6-9-14-22,4,0.23634391609977498,22x212,0.041970200021751225,6,0.08266574929802722,0.34258607394040536,9,0.055982480472668135,0.20283811317112665,14,0.06417012858174061,0.1263921783315619,22,0.08388968110328225,0.11091941730085612
11,6-9-14-22,4,0.23168880106976908,22x212,0.044759799988241866,6,0.09884728616206001,0.2786076404666483,9,0.05350377005585399,0.16455756451179665,14,0.05233629879972063,0.11685215511200048,22,0.05770632976136178,0.0778768826475491
12,6-9-14-22,4,0.2245043815967336,22x212,0.042869400000199676,6,0.07397518291254834,0.263679737564317,9,0.053234655376921555,0.1793179329626725,14,0.0520699954301863,0.09843714292442969,22,0.0680093928498545,0.09593405570321457
13,6-9-14-22,4,0.2386552328019162,22x212,0.05124469997826964,6,0.09298867959687013,0.303828564315363,9,0.1224515590808059,0.1513477298100747,14,0.052593020717152154,0.0918447923695334,22,0.055229699002719713,0.07752487113879708
14,6-9-14-22,4,0.24901694557307333,22x212,0.05752820000634529,6,0.10091470483561998,0.28659101237631307,9,0.15893782638484974,0.16022405387787503,14,0.0776979802779867,0.13503156680765704,22,0.05562992444667269,0.10063788076108847
15,6-9-14-22,4,0.2423104311704222,22x212,0.052659699984360486,6,0.08968091387195644,0.32550898001704454,9,0.05198082947650971,0.20988385416971486,14,0.07945259682909371,0.0982668151370551,22,0.06005433013285647,0.06789500379551518
16,6-9-14-22,4,0.22865827365785973,22x212,0.04334689999814145,6,0.08484839563518567,0.24589277497847833,9,0.061256286455139725,0.11682699460124958,14,0.05017558594811744,0.09119191581485162,22,0.054879226850025796,0.08153917694069496
17,6-9-14-22,4,0.24349341290398674,22x212,0.03639980001025833,6,0.09649992603651394,0.38358801525231134,9,0.09173549155967255,0.1450480918960674,14,0.0572002727090557,0.0878395066179553,22,0.05261559217856097,0.07008969599095415
18,6-9-14-22,4,0.21951183103162117,22x212,0.050441699975635856,6,0.08035247102938944,0.3285731374547772,9,0.056245092512696576,0.19051233677907237,14,0.051556459640835266,0.12168945715778952,22,0.05323399551159852,0.10315991038290702
19,6-9-14-22,4,0.25444970163970687,22x212,0.03756490000523627,6,0.1143793544357479,0.2780710076965148,9,0.05769419597320473,0.15702729521837244,14,0.06742171309324246,0.12251793637040474,22,0.053958865225270346,0.07416745950472824
20,6-9-14-22,4,0.23114864862173123,22x212,0.035587500024121255,6,0.09260049935381674,0.3033042696961774,9,0.10085423144896784,0.15269945770857443,14,0.045345244188738955,0.12972064036050632,22,0.07733082734107014,0.08375929628734083
21,6-9-14-22,4,0.22642131810727958,22x212,0.03373720002127811,6,0.08541421376177613,0.3624433793550364,9,0.059106197118904025,0.17986122484909334,14,0.06367700767196588,0.12614071171348187,22,0.05380528959805368,0.10686650849883793
22,6-9-14-22,4,0.2594263987238423,22x212,0.03713779998361133,6,0.08852859493821581,0.26058977427010255,9,0.1122197430776822,0.1596703131498486,14,0.10513358663830863,0.09400251439428221,22,0.05126479099369721,0.07495989895367275
23,6-9-14-22,4,0.22907613816293765,22x212,0.03648889999021776,6,0.0761534652449167,0.3106266853060124,9,0.07875830243568771,0.1645859554424202,14,0.05314003970013519,0.11237600324149837,22,0.06535787223151712,0.06629733827788854
24,6-9-14-22,4,0.22362368437905736,22x212,0.03998219998902641,6,0.09383244541358307,0.25640262870303593,9,0.05242726043930571,0.15620707826091187,14,0.05717171848031989,0.09982595396806936,22,0.05842284290946532,0.0781638554141528
25,6-9-14-22,4,0.22633095052372482,22x212,0.04685590000008233,6,0.08671655946587946,0.3055632676670914,9,0.055836703249984534,0.1687300087780186,14,0.05258556313216917,0.12048737064192311,22,0.05279231111786872,0.11074447274382962
26,6-9-14-22,4,0.2395487824847569,22x212,0.04131279999273829,6,0.08783425343736322,0.2879533770558456,9,0.11175473608001485,0.1953256590575307,14,0.06635533945776201,0.10910900643353764,22,0.0652856177181171,0.08055284134430894
27,6-9-14-22,4,0.2318931644246844,22x212,0.03720319998683408,6,0.09169685059255998,0.32009669801501006,9,0.06688682217148258,0.17041003151283246,14,0.05059129789332455,0.13662093759610655,22,0.052858329184021474,0.10284457975419117
28,6-9-14-22,4,0.24461290304980002,22x212,0.044124300009571016,6,0.09851144846094913,0.397000788724184,9,0.0895303342160373,0.19767531905197805,14,0.05536792599811153,0.12011511625239697,22,0.09502626334038682,0.11824117635131001
29,6-9-14-22,4,0.2452405377947262,22x212,0.03656750000664033,6,0.07595825292160373,0.3460892688227265,9,0.12319547530032962,0.1650852700287444,14,0.050121665238594196,0.10494448762600726,22,0.054393078674843505,0.0815482155787659
30,6-9-14-22,4,0.23846493771744912,22x212,0.0465828999876976,6,0.09727526876901442,0.43256843747117124,9,0.09365554377907061,0.1366571566503784,14,0.05410162264487157,0.11343558082630917,22,0.06223600891226118,0.07527790320553336
31,6-9-14-22,4,0.22620646302220002,22x212,0.04065519999130629,6,0.09220490045862897,0.3378171202867301,9,0.06703170996309792,0.16542242498990134,14,0.056600096614668576,0.11225139789774047,22,0.05233477996066551,0.07410326620159526
32,6-9-14-22,4,0.22880870704056525,22x212,0.03589139998075552,6,0.10087372877265156,0.28780985461604697,9,0.054750116796112615,0.16069328711988623,14,0.051554086641732964,0.11991638333842047,22,0.05217999041321733,0.10435906292137845
33,6-9-14-22,4,0.24989342725321267,22x212,0.0354354000010062,6,0.09238727812696346,0.32712283263632536,9,0.13490521536697728,0.16305727947061405,14,0.05599921121847842,0.11207221637358114,22,0.05921897295735749,0.08176572021371581
34,6-9-14-22,4,0.2534201359225425,22x212,0.03797829998075031,6,0.08381670233091487,0.2498922728717767,9,0.1746844146641916,0.15476867210849085,14,0.05034044256076948,0.11055545032084722,22,0.0883176391207887,0.09310066412462152
35,6-9-14-22,4,0.24915100812043264,22x212,0.04984670001431368,6,0.0965552393698212,0.2694336042156626,9,0.059790384388533326,0.166786894433606,14,0.05268247173714829,0.09413372472553347,22,0.0782288756211208,0.07651451688725548
36,6-9-14-22,4,0.2183820215305317,22x212,0.05415670000365935,6,0.06343281329607073,0.44719796465678147,9,0.07479603992438819,0.15847123168002744,14,0.05019577528755129,0.12159418872870305,22,0.06091421113314328,0.07003292011977165
37,6-9-14-22,4,0.23869838896179407,22x212,0.032093600020743906,6,0.0712749166010654,0.30829510963250956,9,0.06327734578405836,0.1665802545723459,14,0.06532157003092995,0.13365695891305804,22,0.08135199886646145,0.08002803407437259
38,6-9-14-22,4,0.23510729548209147,22x212,0.03342320001684129,6,0.06970582612640644,0.2469878554116949,9,0.0849743719482091,0.17844197607388215,14,0.05650612451860286,0.11945236675336185,22,0.0512552224909422,0.07825947044380467
39,6-9-14-22,4,0.22300142446610796,22x212,0.029856699984520674,6,0.06616690001301144,0.31393464629052015,9,0.0755612032784054,0.12278802880179729,14,0.06598169725118823,0.08709349639271939,22,0.0693599587603991,0.07949522817429007
40,6-9-14-22,4,0.22626481545440397,22x212,0.04512219998287037,6,0.0736357268023929,0.42075406129968,9,0.08051438483653159,0.16112863203359262,14,0.05833921392141331,0.09558374431757694,22,0.08076939955649802,0.060459685784803
41,6-9-14-22,4,0.2302848269100767,22x212,0.03796909999800846,6,0.07744300593007675,0.23880603194194547,9,0.0815924671678077,0.11984192131263313,14,0.07163467882516804,0.08074070283503992,22,0.052595895855753035,0.08505956108322653
42,6-9-14-22,4,0.21504951949546594,22x212,0.04329820000566542,6,0.08423448780177135,0.3561383748900752,9,0.06561887724389714,0.0982208444374847,14,0.05112637036637171,0.0764996547900715,22,0.04962354363931128,0.06497638837792935
43,6-9-14-22,4,0.22486856438536046,22x212,0.04241200000979006,6,0.08158737789052344,0.40787310813712957,9,0.06394247968369823,0.15564250070711055,14,0.05580799544223383,0.07940616634729775,22,0.049893900962189645,0.05593168617942987
44,6-9-14-22,4,0.23329050248628577,22x212,0.03728750001755543,6,0.07251291260054221,0.33937732834570944,9,0.05215779728268013,0.17768573678824567,14,0.1216784760884831,0.1229501513452348,22,0.0745879956113326,0.10514682225309503
45,6-9-14-22,4,0.24089783492359682,22x212,0.03915180001058616,6,0.06310819233063562,0.37315089761242437,9,0.08345456599928473,0.21326630878084932,14,0.06088560714340594,0.14899690257323325,22,0.08871074244387013,0.0963069083578651
46,6-9-14-22,4,0.21402962310517717,22x212,0.04941890001646243,6,0.07715473750317016,0.38863789359891715,9,0.0737617208736042,0.19940592905997337,14,0.05943324501214815,0.11449314421303464,22,0.05182577848630589,0.09480914464536896
47,6-9-14-22,4,0.23377479333709197,22x212,0.05518870000378229,6,0.07205183224674701,0.3673040462163043,9,0.0810540973712363,0.16838933563269784,14,0.08049018059658755,0.11674119995367788,22,0.05629209899538219,0.07513549997384632
48,6-9-14-22,4,0.22655915936932525,22x212,0.038480799994431436,6,0.06571696264140582,0.39320532999546004,9,0.09595009527231846,0.1574057137069553,14,0.054168464136920405,0.11116772854011905,22,0.05153877494459287,0.10461588914451923
49,6-9-14-22,4,0.21797149313503383,22x212,0.035911699989810586,6,0.07835047556885529,0.3525852492057699,9,0.08147763162198306,0.16630339306463782,14,0.06356569737714593,0.12215312406421826,22,0.055164238098142276,0.08985865000741927
50,6-9-14-22,4,0.24023948601263256,22x212,0.035431700001936406,6,0.0805125492720766,0.321972358906755,9,0.0855721577921301,0.1503078328185561,14,0.064592636199816,0.1142718277071673,22,0.07035327859501672,0.06852372903413315
51,6-9-14-22,4,0.2383946908961809,22x212,0.0338593999913428,6,0.07833399100962765,0.43050845460274273,9,0.07798227511958584,0.18389503001282106,14,0.06731188702237964,0.071160793200594,22,0.046948151886241345,0.09946233010212459
52,6-9-14-22,4,0.24416825739017428,22x212,0.04452240001410246,6,0.08275369335794043,0.3441469317977427,9,0.06311150829073901,0.17135231464560186,14,0.08224936044092253,0.10572952034531029,22,0.07916899023547776,0.08706991887921367
53,6-9-14-22,4,0.23047048830726527,22x212,0.0391276000009384,6,0.07112890143739024,0.3916749298800708,9,0.07601079343607074,0.21518465343070386,14,0.05579131648058566,0.15814550677418848,22,0.05322830796545145,0.0997422472608538
54,6-9-14-22,4,0.22305087407161234,22x212,0.03863559997989796,6,0.0800493928014433,0.3750310661000282,9,0.1244081910893619,0.12030103782689267,14,0.05021912319831172,0.1086178855436386,22,0.05249748182065078,0.08274393245205704
55,6-9-14-22,4,0.24218009267135998,22x212,0.04316649999236688,6,0.07637066459442558,0.40801838062959134,9,0.05537575554947117,0.2582233005736353,14,0.10594758716023799,0.14121983285426123,22,0.07463866228940316,0.07694384653132365
56,6-9-14-22,4,0.21774762804968364,22x212,0.035522200021659955,6,0.06807877011389232,0.40011458800719407,9,0.07287309450949261,0.16066826646954946,14,0.059650284105149616,0.1045979363894742,22,0.053167027560841545,0.10944973057722424
57,6-9-14-22,4,0.21111048345106662,22x212,0.03888199999346398,6,0.0689433713025806,0.388652891049098,9,0.11097459777987172,0.13001836011731996,14,0.05129973727547871,0.095201597418699,22,0.0523499635970659,0.09419243152192833
58,6-9-14-22,4,0.22711684281910996,22x212,0.04534290000447072,6,0.08591735199180724,0.30899160906398915,9,0.0526931270839765,0.15087644738831033,14,0.06404401047632566,0.11825426791426587,22,0.04816302804296893,0.11768441514172918
59,6-9-14-22,4,0.24219587558588554,22x212,0.038775599998189136,6,0.08646787941581985,0.31482146882888884,9,0.05863610509631616,0.15113740033945483,14,0.05190416077287477,0.09304312122235679,22,0.12073762600199134,0.08093356515189284
60,6-9-14-22,4,0.216509049973914,22x212,0.041210199997294694,6,0.07468445094177767,0.4121302538325043,9,0.06791614350506643,0.1257054178026983,14,0.05184779207948448,0.11381317235111002,22,0.047380530147763465,0.10954274736386356
61,6-9-14-22,4,0.21905737842476855,22x212,0.04326589999254793,6,0.0797216313141073,0.3412689623734972,9,0.05913981729453201,0.16218985012190523,14,0.0493473935036238,0.11852776071517114,22,0.05597425390220721,0.09879936762059285
62,6-9-14-22,4,0.21214379373336795,22x212,0.039661799994064495,6,0.06903945123452367,0.3655271400735963,9,0.05166189640745207,0.22420924793023017,14,0.055506427878983904,0.13737215624793422,22,0.05583120142218948,0.09747114850765522
63,6-9-14-22,4,0.21433754503864305,22x212,0.05259350000414997,6,0.07431285562233651,0.37111007749664066,9,0.05973097650658093,0.14632184023936454,14,0.051198797847865914,0.08724570696690574,22,0.05456498145218184,0.05758011333354849
64,6-9-14-22,4,0.22417380518059607,22x212,0.0424135000212118,6,0.07510451634044478,0.3337075523280704,9,0.09401618740713148,0.16921564890272525,14,0.05540576391791259,0.07874124126628379,22,0.059146888209196724,0.05793524686824608
65,6-9-14-22,4,0.22495056739371352,22x212,0.037591899977996945,6,0.07795581544649217,0.40651755993948774,9,0.08809602337638221,0.15757044570359147,14,0.0705900427024935,0.10548887145494117,22,0.050275937637393776,0.0793076832943859
66,6-9-14-22,4,0.23887822315646443,22x212,0.03942539999843575,6,0.07329620866699846,0.45088495525868005,9,0.074267869396074,0.18107772449023762,14,0.09006362421062286,0.08817968873120782,22,0.05540711018573324,0.09698842250240487
67,6-9-14-22,4,0.23882503718193537,22x212,0.03668440002365969,6,0.07581856544964835,0.32860151595429143,9,0.08004907053923714,0.1656854846980307,14,0.06391079521363605,0.10374778314275764,22,0.07301151218223699,0.10032144131360103
68,6-9-14-22,4,0.23963021787732516,22x212,0.04165239998837933,6,0.08735339096216257,0.4102353221802486,9,0.049877745410342,0.25550782577825076,14,0.07396316074997093,0.11499024203651263,22,0.05786156103345363,0.10117562577907889
69,6-9-14-22,4,0.2432956557015931,22x212,0.0373896999808494,6,0.06889307576948485,0.331857553324565,9,0.08727767454573285,0.16242348315448096,14,0.060310968518186445,0.11136022899106371,22,0.10339703053278414,0.06303827035368133
70,6-9-14-22,4,0.23226678168735626,22x212,0.042259000008925796,6,0.0772727171378317,0.33612632941592907,9,0.07949236437147035,0.17851715492744996,14,0.05012816192582471,0.13705988040968786,22,0.106194524391013,0.08831023867680338
71,6-9-14-22,4,0.2247062131719513,22x212,0.048472800001036376,6,0.07703167272163257,0.2581944418641814,9,0.05685014239008187,0.15320198890096165,14,0.056350759439297834,0.10225267073205326,22,0.05628686595005316,0.07165091474888646
72,6-9-14-22,4,0.22499009143589233,22x212,0.03605220001190901,6,0.07404623996634038,0.2918711955249485,9,0.0806172887435042,0.14614628954330197,14,0.048956739987094385,0.10920095194587065,22,0.0835172843699772,0.0885422491377538
73,6-9-14-22,4,0.22557040727499006,22x212,0.04669879999710247,6,0.08239539384467053,0.30263325365438304,9,0.06796758779293252,0.14437185100224834,14,0.05804161619346485,0.09817246581394821,22,0.052648111495346456,0.07974462548654926
74,6-9-14-22,4,0.2321956132287,22x212,0.06233859999338165,6,0.08470577254008867,0.23959734911766353,9,0.06469221975519175,0.10626356394231909,14,0.05169560899361513,0.10310834056544754,22,0.06724729020915361,0.08610212952225213
75,6-9-14-22,4,0.23968493654496853,22x212,0.06046320000314154,6,0.100067734072106,0.2718161686569199,9,0.058452438211053594,0.16230678170733379,14,0.05133842876907852,0.11078242845511331,22,0.05644327948223758,0.0693311743388665
76,6-9-14-22,4,0.22995936949520362,22x212,0.060132999991765246,6,0.07465500928636987,0.34554066930098154,9,0.07381297048989831,0.1826020234451065,14,0.049318248633291824,0.13835116344373882,22,0.06991185979921039,0.09799653587206988
77,6-9-14-22,4,0.22353275882386178,22x212,0.06515919999219477,6,0.0819554143818015,0.33984225192145445,9,0.06410736553437518,0.16112787449787047,14,0.0530199206043745,0.09826625786668178,22,0.053507359219674464,0.08926316460965396
78,6-9-14-22,4,0.22351241712553965,22x212,0.06390070001361892,6,0.06771332806711795,0.3063153663579216,9,0.05632567038089252,0.15174483629508279,14,0.05409245181040686,0.0969155521910958,22,0.06123201343597718,0.07315648178055764
79,6-9-14-22,4,0.2668649929876349,22x212,0.0757580999925267,6,0.09203469674087322,0.3915567421119384,9,0.11182764015035086,0.17216634678393505,14,0.06888098582058826,0.11278716520443807,22,0.08158544959246082,0.0868600468406206
80,6-9-14-22,4,0.23577677347334614,22x212,0.07485790000646375,6,0.07326115519566508,0.3451816593395523,9,0.08925499473122503,0.1700612414828181,14,0.05830130287342548,0.11349885317372733,22,0.06244892006337954,0.07222802770212317
81,6-9-14-22,4,0.23645854998203017,22x212,0.044473999994806945,6,0.08145879350290443,0.3055772136426229,9,0.1150960095665723,0.1706702060808899,14,0.06076178029631546,0.09883304209119305,22,0.055204646868857794,0.06154880810930608
82,6-9-14-22,4,0.24928431415857644,22x212,0.04646730000968091,6,0.0846266154396865,0.3104076480695267,9,0.17141242648933788,0.17165504463410464,14,0.05122747830202269,0.11287716590458952,22,0.0779634644773246,0.08904184742601122
83,6-9-14-22,4,0.2306100541484405,22x212,0.05805670001427643,6,0.07803309771423719,0.2571864853424054,9,0.09023957982040931,0.14620840697056145,14,0.055930563940138955,0.08778172675901551,22,0.05651011429715583,0.08338016640399529
84,6-9-14-22,4,0.2260357397040739,22x212,0.05629599999519996,6,0.0807559301249081,0.29588918677246595,9,0.05297248809860541,0.16965830440152224,14,0.054872782357378205,0.10326757729927073,22,0.053529921177172334,0.08188615745089725
85,6-9-14-22,4,0.22630468785393681,22x212,0.06020189999253489,6,0.07519156940044817,0.3509888014664794,9,0.05489274434525474,0.1826214351963884,14,0.056625458822330645,0.10564953218896302,22,0.05513699378816236,0.07795908217329639
86,6-9-14-22,4,0.22661884060992926,22x212,0.05122090000077151,6,0.06746884671907927,0.35969098188481585,9,0.10362642455580048,0.15070428687740586,14,0.04896365357611286,0.10518486632520226,22,0.05294538389499869,0.07975205901781984
87,6-9-14-22,4,0.23683017182512756,22x212,0.04705320001812652,6,0.07065655011145439,0.35206038094123354,9,0.10652481253131407,0.1661754168207554,14,0.0523965547248245,0.10657159308336128,22,0.053147426520454885,0.08181380701519021
88,6-9-14-22,4,0.2540509445772598,22x212,0.05916340000112541,6,0.0837507968763381,0.31998349325037456,9,0.16609739892260825,0.14438656475651343,14,0.0547531900236684,0.09472262305661704,22,0.07053752619415152,0.08396612264635023
89,6-9-14-22,4,0.23587925469124174,22x212,0.05938530000275932,6,0.08023862824673011,0.36914268835275904,9,0.07113795715972879,0.16034244657307087,14,0.0612480032602216,0.10989105797786301,22,0.06147652020717778,0.0707296869683855
90,6-9-14-22,4,0.2342587733062827,22x212,0.055039500002749264,6,0.07703377803250597,0.4236287164254543,9,0.08237702840491573,0.1983475613738583,14,0.05167759826845127,0.15980470980785932,22,0.05491923929422106,0.09962108865790771
91,6-9-14-22,4,0.23630873697220822,22x212,0.05922289998852648,6,0.08419041249632433,0.3819377797506466,9,0.12359305495991946,0.22335358648521808,14,0.049552081671389595,0.15455456269541673,22,0.0649077421595125,0.07544794341374218
92,6-9-14-22,4,0.23630657155369866,22x212,0.046855199994752184,6,0.08274103815945187,0.3074227235405424,9,0.10108696999940445,0.13668559789220125,14,0.05586233845763178,0.08493383453860442,22,0.08547172164042416,0.060665032859423075
93,6-9-14-22,4,0.2522464727499387,22x212,0.05130240001017228,6,0.07729265276446828,0.438632527028788,9,0.12243640257673805,0.16724614318981262,14,0.09093961405021812,0.12024165003895698,22,0.058185395585853894,0.06440078112271763
94,6-9-14-22,4,0.24354992065059267,22x212,0.06653750000987202,6,0.07868033225735106,0.34091254433364965,9,0.10240654575888986,0.21222887673808433,14,0.05375828399804419,0.11715436299212749,22,0.05735061810013559,0.07373062027892413
95,6-9-14-22,4,0.22969676167330927,22x212,0.044081600004574284,6,0.08291935235369018,0.3385687174979371,9,0.09819519897801565,0.18004199351890965,14,0.05777199440445375,0.10171186920141659,22,0.05150780277339865,0.07489313520598931
96,6-9-14-22,4,0.275192709193161,22x212,0.059143399994354695,6,0.07845128931715664,0.32330618027272373,9,0.10267747113778444,0.1664692934855474,14,0.13740134299812576,0.11426692732502881,22,0.09230453179394282,0.07040483436266227
97,6-9-14-22,4,0.24093655201635322,22x212,0.061137699987739325,6,0.07769923266474298,0.3436974044759752,9,0.08112672099533055,0.15322432591272842,14,0.052853316945725405,0.11474870173275441,22,0.0663198807223847,0.07268288639780891
98,6-9-14-22,4,0.25377073093094993,22x212,0.0420373999804724,6,0.08538151730051462,0.3643545172258914,9,0.10155034548741315,0.1696870279928534,14,0.08727044310365693,0.1250031586123431,22,0.05473581302829626,0.06402365347302265
99,6-9-14-22,4,0.21153582267585194,22x212,0.0437755000020843,6,0.07726350613180508,0.33513422980640156,9,0.05669235802034536,0.16947261287519325,14,0.04997996088316282,0.11585030615675618,22,0.05615825088588872,0.07160875114679552
100,6-9-14-22,4,0.21829469531032825,22x212,0.05002930000773631,6,0.061555339369986334,0.36896173330742316,9,0.06785777960860616,0.1921554271977389,14,0.0506457455569126,0.1121127986695725,22,0.058759023406175837,0.08293589808255976
101,6-9-14-22,4,0.23375827479393546,22x212,0.042979199992259964,6,0.06750294626206399,0.369792944813981,9,0.08762567548623726,0.15508803732921533,14,0.06452778909155012,0.09891577483141548,22,0.05560071214645239,0.0788819349823524
102,6-9-14-22,4,0.23356708325062372,22x212,0.05943259998457506,6,0.08552430635924223,0.35225772818612067,9,0.10194621098423191,0.20293852457044587,14,0.06320729587538494,0.10490427847214875,22,0.049654036666160584,0.08396276670798623
103,6-9-14-22,4,0.23052902201191094,22x212,0.05218910000985488,6,0.06919879013539529,0.33045566323528136,9,0.07607000715548062,0.1365947650353428,14,0.0554789980464675,0.1045884384105498,22,0.055660998310335344,0.0827920071535569
104,6-9-14-22,4,0.21934925010503806,22x212,0.05512580001959577,6,0.06375947296897079,0.399419192619476,9,0.06850208535157883,0.14868892458352828,14,0.07084586782741838,0.08152645962367622,22,0.063022268592187,0.09851168286739052
105,6-9-14-22,4,0.22103449677252007,22x212,0.04488830000627786,6,0.0763436974319372,0.32915101069714875,9,0.11639204932925587,0.11286160542014395,14,0.0519049288540964,0.09978723736024085,22,0.05007659757594824,0.06417468792676673
106,6-9-14-22,4,0.2179297465983439,22x212,0.05841959998360835,6,0.0732605531744026,0.3782290174658907,9,0.07877978526925619,0.11783859886984363,14,0.05248835091155141,0.10351914256671874,22,0.05047855316790295,0.08665793542342538
107,6-9-14-22,4,0.22157640819023147,22x212,0.05075379999470897,6,0.07677218089100965,0.43112364915925366,9,0.053746596371509976,0.1979669016834622,14,0.08462624955595355,0.10281639644080544,22,0.06838881031463309,0.06477370848460916
108,6-9-14-22,4,0.23784575223909346,22x212,0.041210000024875626,6,0.072779151443403,0.3488026263490539,9,0.07439073670525162,0.14179912576141643,14,0.09419049160859375,0.13139301564470313,22,0.06365220561727644,0.08203858952891936
109,6-9-14-22,4,0.2291773783191094,22x212,0.053224300005240366,6,0.0714978782168052,0.3222677335832641,9,0.08537590424829784,0.11686502909348911,14,0.0534673318525329,0.0832583643078923,22,0.06721181264249362,0.0761823929590319
110,6-9-14-22,4,0.2275551356630366,22x212,0.04916229998343624,6,0.0779926920011611,0.36536885319440515,9,0.1160715345761916,0.14992252970599143,14,0.05364853896781579,0.09466054366913607,22,0.051472210950804675,0.07680016671212182
111,6-9-14-22,4,0.22743253451515086,22x212,0.05177709998679347,6,0.07073759314805388,0.4072650981115853,9,0.05808157961870634,0.2335683262754839,14,0.06311604814370786,0.12713357295432276,22,0.06566335080979974,0.08898633535238192
112,6-9-14-22,4,0.2338326918326259,22x212,0.04466929999762215,6,0.07959409933852744,0.3747820328846124,9,0.13123196829768116,0.1614240803207067,14,0.05208177072246114,0.12869199878487833,22,0.059983136773396575,0.09708981289366245
113,6-9-14-22,4,0.21750481966764584,22x212,0.06222029999480583,6,0.08551329304803326,0.29964194665992816,9,0.0724230850807243,0.09865988830766875,14,0.04900019669990708,0.086130803636673,22,0.06456840993219527,0.08836177398061702
114,6-9-14-22,4,0.22623378991264556,22x212,0.05965789998299442,6,0.07310183008575324,0.3475148236711927,9,0.08879129375523911,0.10951900818546655,14,0.04868858527728929,0.11226426791095977,22,0.05430904239211918,0.07034974571263981
115,6-9-14-22,4,0.24957842578851075,22x212,0.062382300005992875,6,0.07478799993049921,0.2808565751869664,9,0.06288341688102089,0.15487497224827318,14,0.1485569659288604,0.08821171968608141,22,0.04961938009141618,0.05149791315141902
116,6-9-14-22,4,0.21783142741992637,22x212,0.052520700002787635,6,0.07332782852461969,0.3290811460782516,9,0.09046094617830888,0.13096816893150257,14,0.05103530908110219,0.1551939484159736,22,0.053177151327837506,0.10295770767601539
117,6-9-14-22,4,0.23184770484731299,22x212,0.054011000000173226,6,0.06767370683400804,0.32251215173194486,9,0.11069779720728054,0.12397647994071906,14,0.05055290746006289,0.09724959324426254,22,0.07405976323508884,0.0705820529789808
118,6-9-14-22,4,0.22705323271510164,22x212,0.04399779997766018,6,0.08669309450738442,0.23636323309044488,9,0.10611043409853467,0.14033092243941286,14,0.07984651194935236,0.09275980734691339,22,0.048576152229787777,0.09452776911045194
119,6-9-14-22,4,0.22843477879510846,22x212,0.04755210000439547,6,0.08070768725131346,0.2860493770968514,9,0.06239741156368097,0.15036427365592922,14,0.07667151754603721,0.08139290812514764,22,0.04986126331093227,0.07776136550650281
120,6-9-14-22,4,0.23920088452589866,22x212,0.049850799987325445,6,0.08379783621378922,0.35897468375360714,9,0.057162179824150554,0.18877016885948372,14,0.06552481591375435,0.11395940998901247,22,0.08778063933628806,0.08347316936572124
121,6-9-14-22,4,0.2443114710318903,22x212,0.040875299979234114,6,0.0842510950481341,0.3658003782694734,9,0.06927827452479683,0.1381974217834162,14,0.1148752601090446,0.09484199371869402,22,0.07385020520714015,0.08048100944997043
122,6-9-14-22,4,0.22086807728179542,22x212,0.04738659999566153,6,0.07835879847053766,0.19195714570798922,9,0.04784838004374541,0.11444204994667823,14,0.049405241391587494,0.09387026929691913,22,0.055079178069294764,0.07163509743481766
123,6-9-14-22,4,0.21630427424512602,22x212,0.053640600002836436,6,0.07945803215492708,0.2846340089007266,9,0.0742236762906688,0.11605945328488036,14,0.05600395463284506,0.07608373590258594,22,0.05104116829455063,0.08190876404674666
124,6-9-14-22,4,0.22892173035256588,22x212,0.04696820001117885,6,0.07978076614257643,0.3626974243067161,9,0.04756147079964741,0.21886979702328593,14,0.07308888964240566,0.12681259483121668,22,0.05959837866213749,0.09999026269156995
125,6-9-14-22,4,0.23416615138462638,22x212,0.04048910000710748,6,0.08225905027545877,0.30198046582995913,9,0.06271624667554361,0.1362202715422304,14,0.05234284217906948,0.11265569781194884,22,0.06343994758325985,0.08972913859536542
126,6-9-14-22,4,0.227696413109232,22x212,0.053978600015398115,6,0.08306984852728226,0.346369220954024,9,0.09333261893485564,0.16320107684238253,14,0.05215027602387156,0.12527361284187333,22,0.04945195813895732,0.07803562177827071
127,6-9-14-22,4,0.22544164399664865,22x212,0.05385679999017157,6,0.09017646850962004,0.4030387650890875,9,0.06106293640127447,0.1490668451363985,14,0.0860392404944432,0.08901671745888197,22,0.04886632483786286,0.09003595719630891
128,6-9-14-22,4,0.20789816372903785,22x212,0.050338400003965944,6,0.0723944268514155,0.35301419691500957,9,0.059561648668378035,0.16795884852632073,14,0.06405303184473193,0.09857889323089426,22,0.05428967335406457,0.05975659263465948
129,6-9-14-22,4,0.2315346731255295,22x212,0.0463500999903772,6,0.08689915023503798,0.3268846282379229,9,0.07311282782723065,0.1660891052094978,14,0.06412187641428856,0.11491934923231308,22,0.05613861923495232,0.07977258606020753
130,6-9-14-22,4,0.24240781337727793,22x212,0.047791499993763864,6,0.09201749405160126,0.2538838584362855,9,0.11739746078521422,0.13773135764386127,14,0.05661675878141673,0.09474216022046253,22,0.04835614944738307,0.06910315164789609
131,6-9-14-22,4,0.21808162404142198,22x212,0.06292960001155734,6,0.09234944134159837,0.2850984198155587,9,0.06983586067663654,0.14606076162262055,14,0.04915466057024124,0.1154994332738536,22,0.05278214824409358,0.10778776569550678
132,6-9-14-22,4,0.2406572239480181,22x212,0.05263449999620207,6,0.0809651891187864,0.3595492604156185,9,0.06915462601083945,0.17390957445960964,14,0.11183590623469518,0.14029625008990354,22,0.06272370109340553,0.08540477880101266
133,6-9-14-22,4,0.2201448993019199,22x212,0.05958870000904426,6,0.061345035860975214,0.3947330821636076,9,0.05135524153330298,0.22567772751118945,14,0.060266185473688554,0.14973459839188416,22,0.06042480414134115,0.10475321980441385
134,6-9-14-22,4,0.22688023273428712,22x212,0.045672900014324114,6,0.08558267416467451,0.41948313432661866,9,0.05265311613247379,0.22741140277190292,14,0.07382883270627737,0.090978132843544,22,0.04925608610684317,0.08165283586393922
135,6-9-14-22,4,0.22545562555830212,22x212,0.04739159997552633,6,0.09032196725909164,0.44119564704493713,9,0.05939303809169952,0.21475402106122624,14,0.06969359812384125,0.12488574491986662,22,0.0500387291920887,0.11361006510451771
136,6-9-14-22,4,0.21580560250003616,22x212,0.055747599981259555,6,0.07779645090976528,0.28287129893165136,9,0.08043991848464759,0.16423645595693012,14,0.06500560994719812,0.10074196154019092,22,0.04826559865810963,0.061939933419515536
137,6-9-14-22,4,0.22978591311613406,22x212,0.049440200004028156,6,0.09461208459208813,0.32900926869381875,9,0.06388191791634364,0.16008383097345857,14,0.053465154598380325,0.1273757681229989,22,0.06327359080731121,0.10416648048741231
138,6-9-14-22,4,0.237851565557961,22x212,0.05600439998670481,6,0.0926900241566541,0.3540304794994507,9,0.09260666775768084,0.20895409320238365,14,0.08916377553172163,0.12109338278854667,22,0.05555703655880498,0.06706732395984931
139,6-9-14-22,4,0.22030455446580438,22x212,0.06437489998643287,6,0.08254809458848983,0.26047059367163455,9,0.06947410506959274,0.12876815055754362,14,0.06848952040817313,0.08053778335719927,22,0.052304571012005946,0.0860403102955699
140,6-9-14-22,4,0.22813690759631347,22x212,0.0673811000015121,6,0.07228874962705174,0.37242421562433703,9,0.0632269441294287,0.18594663043532267,14,0.05297496045952493,0.12839325200332968,22,0.05638458639044279,0.07992602315241248
141,6-9-14-22,4,0.21680946199455522,22x212,0.04952369999955408,6,0.08494993892469896,0.3597792598049948,9,0.06214363578163105,0.1663956462839239,14,0.06280842277877828,0.11723698692392606,22,0.048066183754294556,0.07626983100800393
142,6-9-14-22,4,0.21123504195699702,22x212,0.061048699979437515,6,0.07702545087499146,0.2558398205323032,9,0.06449039117888943,0.14888779756048734,14,0.0605133552485779,0.1500829751687664,22,0.054403307137916766,0.08464191142405236
143,6-9-14-22,4,0.22462403739219336,22x212,0.046318500011693686,6,0.08208694051181115,0.2563418746832763,9,0.06366823294513885,0.14524625458240295,14,0.05233568699173234,0.08511211503624641,22,0.05188919316638472,0.0826398444141165
144,6-9-14-22,4,0.21683188578983267,22x212,0.06479510001372546,6,0.07993560370138754,0.3716934044526276,9,0.09825011748596453,0.1705609676547825,14,0.05253476287288262,0.15236276822912426,22,0.06938763450095844,0.09021440462699903
145,6-9-14-22,4,0.21342554947986989,22x212,0.04381409997586161,6,0.07692097228097228,0.3553633895185167,9,0.06540962209022663,0.12773623939565285,14,0.050471616954607924,0.10707383790534925,22,0.05674076976248559,0.0764159561359274
146,6-9-14-22,4,0.23457377333663587,22x212,0.046197099989512935,6,0.07557922883396598,0.23234153231653665,9,0.05355470281102725,0.1368909238501206,14,0.06983772099502096,0.09430610483231237,22,0.06053358136494408,0.07667803390507986
147,6-9-14-22,4,0.22595879814917683,22x212,0.050065799994627014,6,0.06555053479626963,0.36424672197147107,9,0.06524721817880334,0.1902065489637528,14,0.04926906756232072,0.1552740446094573,22,0.06985932280015696,0.08724796363311535
148,6-9-14-22,4,0.2224852621608486,22x212,0.046604499977547675,6,0.09942350716304182,0.4201103092619976,9,0.07298193282938865,0.12892388437960872,14,0.055622533355418155,0.11255520354620324,22,0.04909035598659644,0.09258883497382228
149,6-9-14-22,4,0.22570890080224557,22x212,0.045192699995823205,6,0.07384443134142542,0.247652784076593,9,0.06440661589476311,0.1546379592334728,14,0.06144780295969331,0.1036405648007924,22,0.059338165549005166,0.07639395173944862
150,6-9-14-22,4,0.21429126291831974,22x212,0.04724700000951998,6,0.08090457090744334,0.3173081981085201,9,0.06740140391500409,0.13853800060222873,14,0.05206157071090253,0.11169996949248247,22,0.05569483475629856,0.0820507452870844
151,6-9-14-22,4,0.23714309927852514,22x212,0.04586429998744279,6,0.06485082840968583,0.2970432205019681,9,0.06920989032660403,0.12429417925731921,14,0.10141145297234727,0.09203614148292237,22,0.06906871918882401,0.07373749587098886
152,6-9-14-22,4,0.23446679051656852,22x212,0.061119699996197596,6,0.08821095370450117,0.4292905144472056,9,0.08050353458371369,0.21623992826570151,14,0.05684360853786438,0.11783888826981517,22,0.06686200717046627,0.08585474191643924
153,6-9-14-22,4,0.24804453653387343,22x212,0.047197099978802726,6,0.08181288130757539,0.3691463591412168,9,0.06221116893815894,0.1278198056049185,14,0.15295371714184539,0.10218023983716333,22,0.06629605958882186,0.06329664530955652
154,6-9-14-22,4,0.21650409483823824,22x212,0.060178900021128356,6,0.07640283491539099,0.3490740759049056,9,0.0792672498762962,0.11974801936373439,14,0.05813296987810868,0.09140934518933269,22,0.05724636989539657,0.058066274472019896
155,6-9-14-22,4,0.241519976654271,22x212,0.04634030000306666,6,0.08636948556848627,0.3220037098311094,9,0.11636309081586378,0.1466000177384642,14,0.05331498324467471,0.11321109046233294,22,0.07439313342909952,0.0864287470081852
156,6-9-14-22,4,0.2269967228194645,22x212,0.045195699989562854,6,0.08349104781066512,0.2742598642639441,9,0.04888279710394892,0.16938925138718058,14,0.05354132989679898,0.12797529898670848,22,0.06018310613777569,0.08905420210069867
157,6-9-14-22,4,0.2252798480957292,22x212,0.048207799991359934,6,0.0839700610270803,0.3624943690115329,9,0.10790171802418619,0.15589478727528008,14,0.04741503271913356,0.12707505750077322,22,0.04963003961401527,0.08358552860307586
158,6-9-14-22,4,0.22867150370322312,22x212,0.04799640001147054,6,0.07435318150131037,0.2954516885825661,9,0.05366927028338415,0.17689128076072622,14,0.06956483481641934,0.1395963130945935,22,0.06434538166622823,0.09288512859084824
159,6-9-14-22,4,0.2537709876810207,22x212,0.05314959998941049,6,0.0908133753262186,0.1809573953639298,9,0.05298120271474942,0.13180328238714278,14,0.07885229650222485,0.07802405587783366,22,0.12001363054709485,0.08541629351764729
160,6-9-14-22,4,0.23717958945331952,22x212,0.040301699977135286,6,0.10898482053481814,0.35673336145831963,9,0.06874786894432817,0.15843650917924917,14,0.057517134392723546,0.1048894611585048,22,0.04992860788196355,0.07932407529662522
161,6-9-14-22,4,0.23433983916871465,22x212,0.0401574999850709,6,0.07905641641485689,0.29656331923700124,9,0.05319279393627493,0.17484330070522594,14,0.06144285994940136,0.13106917380775737,22,0.08216764702577083,0.08324457355301237
162,6-9-14-22,4,0.22448825206500264,22x212,0.045768799987854436,6,0.09171174869727021,0.3432380293208711,9,0.05402193785713925,0.1879313545567925,14,0.05199511245637992,0.1223794433626484,22,0.058926349686332945,0.09181624697392644
163,6-9-14-22,4,0.24210099470831933,22x212,0.054635100008454174,6,0.09923196715612989,0.3051277429849515,9,0.10404906745741845,0.16359942385498863,14,0.05593104189723269,0.11644547426320091,22,0.061837940520479924,0.08049133681641384
164,6-9-14-22,4,0.23107063182483437,22x212,0.042959699989296496,6,0.08691359406903473,0.29416287158436016,9,0.06556332493144006,0.2015238152942804,14,0.05955470965046351,0.11118906898064702,22,0.0496339478064634,0.10013224294029757
165,6-9-14-22,4,0.2492409985004179,22x212,0.049216499988688156,6,0.08685009430324225,0.3508699573598671,9,0.21539487616055444,0.2042966021711976,14,0.05740339641543613,0.13320428028089695,22,0.07050420955158676,0.08697613768960609
166,6-9-14-22,4,0.2349854119413126,22x212,0.04534689997672103,6,0.08031909629675359,0.32040197864733705,9,0.11936678477625724,0.1390122397026809,14,0.05183086191597477,0.11274448187505196,22,0.060992495814273844,0.09613784923266154
167,6-9-14-22,4,0.24191037193235757,22x212,0.046348500007297844,6,0.09583597352219257,0.27469630600382583,9,0.1262910368527398,0.14657131182590802,14,0.05307676836776387,0.10583499114483683,22,0.05382681927467828,0.09968811186054997
168,6-9-14-22,4,0.23452985270869353,22x212,0.04445240000495687,6,0.09394512396793611,0.29722267674062447,9,0.04968667673609343,0.1998700169726841,14,0.057992398645227185,0.13205217537378372,22,0.06502357640422446,0.07498083951876537
169,6-9-14-22,4,0.25294540582662434,22x212,0.056848500011255965,6,0.10130320599113703,0.25310104767465924,9,0.1305179054339132,0.1185614653156873,14,0.05471877552153175,0.08543223636135978,22,0.053106141452927746,0.05979496776045458
170,6-9-14-22,4,0.24258149702546866,22x212,0.05172040002071299,6,0.10002800012123438,0.2873516712720828,9,0.1243086211026876,0.14833539112040572,14,0.06452374704491584,0.08665681106956125,22,0.050890879316921496,0.06965371409611872
