indice_interno,clase,archivo,distribucion,numero_capas,error_final,forma_w_final,forma_h_final,capa_1_rango,capa_1_error,capa_1_ortogonalidad_h,capa_1_segundos,capa_2_rango,capa_2_error,capa_2_ortogonalidad_h,capa_2_segundos,capa_3_rango,capa_3_error,capa_3_ortogonalidad_h,capa_3_segundos,capa_4_rango,capa_4_error,capa_4_ortogonalidad_h,capa_4_segundos
0,N,New_N_001.wav,17-16-14-7,4,0.4428720704795994,126x7,7x212,17,0.046024749028557015,0.362789788799245,0.021744900004705414,16,0.1680070273153674,0.1334725896438922,0.009947899990947917,14,0.22452884543228793,0.09607381160357742,0.010127600020496175,7,0.5291511510833244,0.0767480934072852,0.0074690000037662685
1,N,New_N_002.wav,17-16-14-7,4,0.4035754164305436,126x7,7x212,17,0.047382139778367555,0.4342077562085843,0.022990600002231076,16,0.15324503819332977,0.18651576818896792,0.009587999986251816,14,0.2404163764093426,0.1493437358330647,0.009243600012268871,7,0.48131802557417047,0.14766056206894962,0.007272099988767877
2,N,New_N_003.wav,17-16-14-7,4,0.31832909789758185,126x7,7x212,17,0.04561124917249093,0.41955930208087616,0.020409600023413077,16,0.16042048278502502,0.19127566374439678,0.012522300006821752,14,0.18072442420212353,0.15437161317479145,0.0071143999812193215,7,0.5366611430234531,0.12887734631152664,0.006098600017139688
3,N,New_N_004.wav,17-16-14-7,4,0.4235207505907571,126x7,7x212,17,0.04883509333509644,0.38820933902366667,0.02367170000798069,16,0.14717489782969606,0.17383195776272434,0.008812100015347824,14,0.2373829191018898,0.11982861819492932,0.008181599987437949,7,0.5419538396746921,0.10731196854478865,0.0073259999917354435
4,N,New_N_005.wav,17-16-14-7,4,0.4571986440207731,126x7,7x212,17,0.04740091619894583,0.43058541417188345,0.01981190001242794,16,0.1632932445532545,0.15415671799563474,0.01015800001914613,14,0.19165683658978702,0.10420673999692198,0.007499200000893325,7,0.5393857608855777,0.1473655259778178,0.007629200001247227
5,N,New_N_006.wav,17-16-14-7,4,0.35939592797578523,126x7,7x212,17,0.04661394873404618,0.3683309945067047,0.02240170000004582,16,0.1540918661453581,0.17319562958609655,0.0073185999935958534,14,0.2066121354628453,0.1457331978063886,0.007322499994188547,7,0.449600105464073,0.09805681370656663,0.007799299986800179
6,N,New_N_007.wav,17-16-14-7,4,0.36325176234036216,126x7,7x212,17,0.045076305197304725,0.4245890104356767,0.021458900009747595,16,0.20058920972407393,0.1834672269649454,0.010273199994117022,14,0.28112153105311355,0.15738318781941876,0.006804800010286272,7,0.5391942571382348,0.1217507002073583,0.004776300018420443
7,N,New_N_008.wav,17-16-14-7,4,0.39585165361922586,126x7,7x212,17,0.05629942558587347,0.3728609430930757,0.01701899999170564,16,0.17137421341748554,0.19727481015680434,0.010799200012115762,14,0.223497803020585,0.1281474807363332,0.010939100000541657,7,0.5226106574705208,0.12997358700545533,0.008991700015030801
8,N,New_N_009.wav,17-16-14-7,4,0.40071071621810145,126x7,7x212,17,0.052384912283603126,0.3637702933786115,0.01939439997659065,16,0.15256613522736928,0.19326543300092763,0.011564499989617616,14,0.2228590717645493,0.15810012882455438,0.01039199999650009,7,0.49370718148903775,0.17747736165270694,0.007722399983322248
9,N,New_N_010.wav,17-16-14-7,4,0.4602286043026193,126x7,7x212,17,0.05046439890791218,0.35721414503263116,0.018266999977640808,16,0.15085291512929835,0.13178578491448048,0.006800300005124882,14,0.16997203788009912,0.10304598198528307,0.006528800004161894,7,0.5316097331429716,0.0967003126032218,0.006032500008586794
10,N,New_N_011.wav,17-16-14-7,4,0.40878114006898003,126x7,7x212,17,0.05092679919985262,0.3757946270419307,0.020199499995214865,16,0.15043865467973885,0.17806340505029372,0.00915179998264648,14,0.2040727007080096,0.12410212845862116,0.00630580002325587,7,0.5261195651872995,0.11797512247418662,0.004919200000585988
11,N,New_N_012.wav,17-16-14-7,4,0.40866903762750706,126x7,7x212,17,0.04585398610007235,0.3705114844874841,0.016037299996241927,16,0.1783321708618078,0.14998032095155125,0.008932099997764453,14,0.21702059420490424,0.10741113376731015,0.008795700006885454,7,0.4612413348542789,0.11737138975517596,0.005949999991571531
12,N,New_N_013.wav,17-16-14-7,4,0.433844221331659,126x7,7x212,17,0.04641732629018531,0.4018963719404413,0.018917900015367195,16,0.16495334079513754,0.15995398563014956,0.008032499987166375,14,0.2252251501773082,0.1343335337096025,0.0088675000006333,7,0.524533009320305,0.15218867899093308,0.007244900014484301
13,N,New_N_014.wav,17-16-14-7,4,0.4339051080872322,126x7,7x212,17,0.04999077156951849,0.3398712936617286,0.021965899999486282,16,0.14763205293174497,0.11760622288236523,0.010045000002719462,14,0.26722783360220886,0.10119610043903811,0.007768499985104427,7,0.4690166754292437,0.08606292928501413,0.005323199991835281
14,N,New_N_015.wav,17-16-14-7,4,0.43345064571536035,126x7,7x212,17,0.046944883990903734,0.4049544652070636,0.01960040000267327,16,0.1765597431427899,0.16960701485591484,0.008059399988269433,14,0.2367402180173541,0.13144667167871177,0.007791400013957173,7,0.5392358276241919,0.13707076932856552,0.00476929999422282
15,N,New_N_016.wav,17-16-14-7,4,0.39056577674408427,126x7,7x212,17,0.04868895526717482,0.3642626890497129,0.016803300008177757,16,0.18307089250973016,0.1431075165795771,0.009407699981238693,14,0.2121989666338789,0.1189115838012994,0.008810500003164634,7,0.48156215249905193,0.11473096757552577,0.008632400014903396
16,N,New_N_017.wav,17-16-14-7,4,0.39025674974484664,126x7,7x212,17,0.04824811429682747,0.41548126719440787,0.015106300008483231,16,0.15982681224722145,0.19113683154420583,0.006740900018485263,14,0.17355506345609162,0.13122656955715206,0.008167199994204566,7,0.5296619868684843,0.1396664835158133,0.006523000018205494
17,N,New_N_018.wav,17-16-14-7,4,0.36567996943223496,126x7,7x212,17,0.04465978826624855,0.37098251494962964,0.021708200016291812,16,0.16314911789034442,0.16309466476440548,0.007510899973567575,14,0.1929965531628191,0.1336399300808716,0.00876359999529086,7,0.4908066044049918,0.10011498630378643,0.004727399995317683
18,N,New_N_019.wav,17-16-14-7,4,0.3597343877572656,126x7,7x212,17,0.04931810805379531,0.3595235972548251,0.019279500003904104,16,0.1402685376184269,0.14894868201540895,0.010847400000784546,14,0.19263625007722743,0.10766856740899258,0.0064934999973047525,7,0.436878884029703,0.07584677180109914,0.00504919997183606
19,N,New_N_020.wav,17-16-14-7,4,0.40406579864228376,126x7,7x212,17,0.05191543412332496,0.39578808279291167,0.01563979999627918,16,0.16517691803513407,0.17883237601311255,0.008908399991923943,14,0.23195546969736835,0.14585856442813158,0.009707299992442131,7,0.5480243387100117,0.14522318017352784,0.007521899999119341
20,N,New_N_021.wav,17-16-14-7,4,0.4141532123649431,126x7,7x212,17,0.045090143291209195,0.3505032305605494,0.014025499986018986,16,0.17468603015560888,0.1523523076141512,0.007440500019583851,14,0.18016107627204644,0.10890459296726449,0.007366000005276874,7,0.5247447066879884,0.10966537521340544,0.0075440999935381114
21,N,New_N_022.wav,17-16-14-7,4,0.35563808029052535,126x7,7x212,17,0.04598252632249365,0.3893524220871814,0.01913810000405647,16,0.17164224688451415,0.16826393042504423,0.006362800020724535,14,0.2012410700559878,0.14922942501172956,0.006860699999378994,7,0.5218129821662935,0.1442707238539102,0.004754299996420741
22,N,New_N_023.wav,17-16-14-7,4,0.39667458854928955,126x7,7x212,17,0.04841040630000513,0.35672413335899306,0.021359699981985614,16,0.15021488299755123,0.16555678497325582,0.010825200006365776,14,0.25390447041663256,0.13038713984142464,0.006680099992081523,7,0.4482617834465773,0.10084241339955126,0.00495740000042133
23,N,New_N_024.wav,17-16-14-7,4,0.383946061864266,126x7,7x212,17,0.054640109801253,0.3958181966444106,0.014414099976420403,16,0.15371335004319045,0.19830415020458006,0.008504100027494133,14,0.22466738964234778,0.14549079862662057,0.010134900017874315,7,0.49930734727562676,0.12661739407664963,0.008592500002123415
24,N,New_N_025.wav,17-16-14-7,4,0.3956892987664902,126x7,7x212,17,0.048823228158062455,0.3879608110522845,0.01790959999198094,16,0.1586792425360136,0.17350335459225574,0.012937199993757531,14,0.20443540000365815,0.14690096751539874,0.008983400010038167,7,0.5464382288823898,0.16132593670171763,0.00888370000757277
25,N,New_N_026.wav,17-16-14-7,4,0.3703063452289509,126x7,7x212,17,0.052940258974974494,0.38406615236460945,0.02402290000463836,16,0.18686679221411664,0.1412321426347327,0.006471400003647432,14,0.21635326741580443,0.10513553476251754,0.006351899995934218,7,0.5166092579833902,0.09678758596593917,0.00510410001152195
26,N,New_N_027.wav,17-16-14-7,4,0.3571135237790415,126x7,7x212,17,0.051132692460715015,0.39919377683772445,0.023399300000164658,16,0.18228339253599812,0.18051799790268638,0.008507899998221546,14,0.22835694849253912,0.12568049294711467,0.011555900011444464,7,0.5354864729432898,0.1302004220079695,0.008982100000139326
27,N,New_N_028.wav,17-16-14-7,4,0.40676658383904546,126x7,7x212,17,0.045530025893602485,0.3456753437930351,0.022297600022284314,16,0.1663363316732738,0.13734289449471254,0.011276900011580437,14,0.23542576746828303,0.11521141881129424,0.011665600002743304,7,0.46540686805312587,0.09974219637068941,0.008989900001324713
28,N,New_N_029.wav,17-16-14-7,4,0.3869783163523687,126x7,7x212,17,0.05323268331992371,0.3784712680913405,0.014314300002297387,16,0.1666218870066614,0.1789050257749625,0.01114600000437349,14,0.2269824921038564,0.12580848979934575,0.009057600022060797,7,0.5235639099952364,0.09278950625886762,0.008786899998085573
29,N,New_N_030.wav,17-16-14-7,4,0.42465716792455777,126x7,7x212,17,0.05613242159707985,0.36625493456255365,0.023964599997270852,16,0.1451196376696965,0.17240437675328366,0.01167639999766834,14,0.15162377458198775,0.1048002700986434,0.010952300013741478,7,0.42653293087817296,0.08880197834441485,0.008475800015730783
30,N,New_N_031.wav,17-16-14-7,4,0.3551905088661201,126x7,7x212,17,0.04793108611636883,0.37701176168713557,0.02391920000081882,16,0.16267423350304686,0.16177224550014083,0.006894599995575845,14,0.17112107256168593,0.13536149809972767,0.006278400018345565,7,0.4523433074992638,0.1178801331738871,0.004714600014267489
31,N,New_N_032.wav,17-16-14-7,4,0.38456028427041217,126x7,7x212,17,0.04973689185087917,0.38082548375054526,0.018913400010205805,16,0.16526522341564373,0.18130587281561628,0.011693100008415058,14,0.17603061311392124,0.1358359161614242,0.011450799996964633,7,0.49049671129949113,0.13270576691068475,0.008999899990158156
32,N,New_N_033.wav,17-16-14-7,4,0.3895937430453762,126x7,7x212,17,0.043692363866520756,0.3907493494533142,0.01656869999715127,16,0.1544341566073762,0.18555149300682422,0.011662200005957857,14,0.17870965471589623,0.14934347163561837,0.009408400015672669,7,0.47136148636005204,0.10495741920210763,0.004756799986353144
33,N,New_N_034.wav,17-16-14-7,4,0.40823816704294846,126x7,7x212,17,0.04090346950654712,0.3686351762756855,0.014139400009298697,16,0.1577240121052079,0.16986490578851718,0.010515299974940717,14,0.1608790789701707,0.10623869954438057,0.011702799994964153,7,0.4882242146081747,0.1114911424989111,0.0068236999795772135
34,N,New_N_035.wav,17-16-14-7,4,0.4093975906428878,126x7,7x212,17,0.04575906037894326,0.3782878033440011,0.013988499995321035,16,0.12633180781284556,0.20608419781312443,0.006315299979178235,14,0.20368451335676202,0.1382857580873209,0.009289299981901422,7,0.5071702093485337,0.1254805985578235,0.009132200008025393
35,N,New_N_036.wav,17-16-14-7,4,0.4125335533469834,126x7,7x212,17,0.04852597562016877,0.36463725812423137,0.022356400004355237,16,0.1831217655178901,0.1384626951356334,0.01073409998207353,14,0.1805849137274947,0.10760646534547963,0.0062907999963499606,7,0.48144600767395107,0.08987067810459981,0.005238199984887615
36,N,New_N_037.wav,17-16-14-7,4,0.3886265583737198,126x7,7x212,17,0.030236445684541587,0.34838390080181225,0.022272400005022064,16,0.09691220616745538,0.13226723417183678,0.006361000007018447,14,0.14955302681810498,0.07232427219390883,0.006486900005256757,7,0.4089628814066691,0.07388098083784896,0.004722599987871945
37,N,New_N_038.wav,17-16-14-7,4,0.4722227794982915,126x7,7x212,17,0.03634681795528396,0.38551257360790875,0.02140620001591742,16,0.11973199061731682,0.1146686120845905,0.011385599995264784,14,0.1929156202610798,0.057458129221130895,0.006301000015810132,7,0.517675831977485,0.05100409641298891,0.004744900012155995
38,N,New_N_039.wav,17-16-14-7,4,0.4396197730344158,126x7,7x212,17,0.03376151270885286,0.38958759591760217,0.014069700002437457,16,0.12494919172628816,0.16214543575716392,0.01017409999622032,14,0.22782592241058147,0.10309961782567598,0.0096897000039462,7,0.48999180582536345,0.07328525332402858,0.005303499987348914
39,N,New_N_040.wav,17-16-14-7,4,0.41837997980784797,126x7,7x212,17,0.03229000882359365,0.396207219216807,0.013897900003939867,16,0.10482265213284236,0.11943099655404127,0.0062636999937240034,14,0.14711841694709618,0.07550434438571986,0.008427799999481067,7,0.4489046352759116,0.06936062757067768,0.009119800000917166
40,N,New_N_041.wav,17-16-14-7,4,0.4411917903946336,126x7,7x212,17,0.03902065035503046,0.4095756045529581,0.015117000002646819,16,0.13646105686676524,0.13580793773791885,0.00629980000667274,14,0.15798275722105698,0.0934048640362618,0.006269599980441853,7,0.5175198154530071,0.091503320096777,0.005223099986324087
41,N,New_N_042.wav,17-16-14-7,4,0.35635213529759246,126x7,7x212,17,0.03380691862545134,0.435393225191707,0.023160200013080612,16,0.1397887196592695,0.16039076963734894,0.01149139998597093,14,0.1871070962291422,0.11438050954636816,0.011468699987744913,7,0.526745589732308,0.08734448400157811,0.009053200017660856
42,N,New_N_043.wav,17-16-14-7,4,0.386411790181009,126x7,7x212,17,0.03917849699449503,0.40704322769646933,0.02372930001001805,16,0.12844534210562683,0.12796008072156426,0.011901300022145733,14,0.20804052168098133,0.08499428403188049,0.01152989998809062,7,0.46392577788937195,0.06446682287549756,0.009982599993236363
43,N,New_N_044.wav,17-16-14-7,4,0.4368671828947298,126x7,7x212,17,0.027850737516464965,0.4215621191092507,0.022627800004556775,16,0.14481428257798823,0.12648332346993957,0.010775899980217218,14,0.15766611798913838,0.08984968837145473,0.01116399999591522,7,0.4873318496028552,0.06791720928215528,0.00719169998774305
44,N,New_N_045.wav,17-16-14-7,4,0.376356822455179,126x7,7x212,17,0.03883347380926101,0.40507289594925877,0.021513900021091104,16,0.13537431171148945,0.16827804858572612,0.011792400007834658,14,0.16932601273289652,0.12751996919236558,0.011741900001652539,7,0.4009920228367276,0.0980632841471689,0.009431099984794855
45,N,New_N_046.wav,17-16-14-7,4,0.39536257651510753,126x7,7x212,17,0.03219926723860052,0.4093637776757653,0.01917210000101477,16,0.12204649360753031,0.18737498261061186,0.011346800019964576,14,0.17972175182020775,0.0963514433344093,0.01217289999476634,7,0.5097827967646088,0.08441675109699306,0.008183600002666935
46,N,New_N_047.wav,17-16-14-7,4,0.37348151278853947,126x7,7x212,17,0.03399691976111352,0.39593583394090265,0.02247759999590926,16,0.17531911501317152,0.12915598226888328,0.011040399986086413,14,0.2195001536599876,0.10408404644871515,0.008454299997538328,7,0.5283994730609921,0.07635333686168014,0.008460700017167255
47,N,New_N_048.wav,17-16-14-7,4,0.357237371239487,126x7,7x212,17,0.033211856966435485,0.40540327876415494,0.0199469999934081,16,0.15825878921267203,0.15662045468880806,0.009883399994578212,14,0.15955029201610588,0.11021732725705903,0.010098800004925579,7,0.5255272344726752,0.09469257012250483,0.005920399999013171
48,N,New_N_049.wav,17-16-14-7,4,0.3744923193792825,126x7,7x212,17,0.03272322488525046,0.45694443992819855,0.019507699995301664,16,0.14952226359396228,0.19398491164492623,0.007895899994764477,14,0.12054137236424341,0.14934228170086353,0.01048990001436323,7,0.40675801905225023,0.1508446067383716,0.007300800003577024
49,N,New_N_050.wav,17-16-14-7,4,0.3931635205284652,126x7,7x212,17,0.038206765630123596,0.3734195335486188,0.022377499990398064,16,0.16622684449849204,0.15375741615918878,0.008883899979991838,14,0.18477483548341198,0.0848840362098958,0.009705200005555525,7,0.48024110053454705,0.05225514364216107,0.008236800000304356
50,N,New_N_051.wav,17-16-14-7,4,0.37393753619096226,126x7,7x212,17,0.04659917534904765,0.3897681032565308,0.021179999981541187,16,0.13968084893573912,0.12119392921661921,0.011900799989234656,14,0.1708882129421635,0.08995549449295696,0.011349899985361844,7,0.49329615131882854,0.07293051290247998,0.009479000000283122
51,N,New_N_052.wav,17-16-14-7,4,0.37424749219884074,126x7,7x212,17,0.039828749575159056,0.4511958208205947,0.02041820000158623,16,0.14613123903399233,0.15185189267913804,0.009774799982551485,14,0.18919879048942595,0.0916622059620186,0.01055629999609664,7,0.4746816009740476,0.08398029665867904,0.005350900028133765
52,N,New_N_053.wav,17-16-14-7,4,0.41930681860383173,126x7,7x212,17,0.03798182774107514,0.39440460397226185,0.01617160000023432,16,0.13267072797370966,0.15362351222055937,0.007159300002967939,14,0.20944076721072483,0.08444806450514773,0.008099800004856661,7,0.5252166670570751,0.10203151780656435,0.008298799977637827
53,N,New_N_054.wav,17-16-14-7,4,0.38944150924892235,126x7,7x212,17,0.03982722831536751,0.43153601027788363,0.020572599984006956,16,0.14791460362062978,0.10611416752895332,0.011410500010242686,14,0.26383878544114864,0.062417340160690137,0.009825099987210706,7,0.5425868800770819,0.05149886193303041,0.005513700016308576
54,N,New_N_055.wav,17-16-14-7,4,0.4338226125070194,126x7,7x212,17,0.03742995475902223,0.44153927935081755,0.020795000018551946,16,0.17118807888111515,0.1648427866410224,0.010296000022208318,14,0.2064559471454469,0.09385115504367753,0.01150459999917075,7,0.5646926745573696,0.10511527041696153,0.005030900007113814
55,N,New_N_056.wav,17-16-14-7,4,0.44365748898509966,126x7,7x212,17,0.04550853835948313,0.4067375354676589,0.016693600016878918,16,0.14819489760237944,0.16951410346670967,0.006983200000831857,14,0.19292844740395473,0.11406892399575545,0.008656099991640076,7,0.4734172370147251,0.13987314947709822,0.006845099997008219
56,N,New_N_057.wav,17-16-14-7,4,0.43206501647168355,126x7,7x212,17,0.04021385415604448,0.42794055797998315,0.02058119999128394,16,0.1537522946033811,0.19133418669499988,0.007031200017081574,14,0.20756267484405028,0.12165046790453816,0.0077985999814700335,7,0.5212149830651133,0.11668432612615083,0.0065085999958682805
57,N,New_N_058.wav,17-16-14-7,4,0.4299667526634107,126x7,7x212,17,0.039161750788501905,0.4261210804357326,0.02227310001035221,16,0.16927629099265948,0.1607536736795828,0.010956800018902868,14,0.17911322319568712,0.10302416922411953,0.010374599980423227,7,0.49771368778176545,0.07719206073361001,0.00752360001206398
58,N,New_N_059.wav,17-16-14-7,4,0.3942093372176916,126x7,7x212,17,0.034794149418241334,0.4185445873011057,0.019978299998911098,16,0.17081274991605228,0.16467263113429778,0.012914999999338761,14,0.2265133623384194,0.07432665287925287,0.010294299980159849,7,0.5758462359137809,0.07616093060603248,0.007931800006190315
59,N,New_N_060.wav,17-16-14-7,4,0.3943651323722209,126x7,7x212,17,0.03385676334262241,0.4521115418337222,0.02012289999402128,16,0.11851237106981533,0.1486064240439598,0.007809999980963767,14,0.1951013211731303,0.08375621721277927,0.009755100007168949,7,0.4192202584451734,0.08096353972573837,0.007581699988804758
60,N,New_N_061.wav,17-16-14-7,4,0.3916064250861796,126x7,7x212,17,0.039281583168555026,0.42447525828818605,0.017926700005773455,16,0.12645514408459324,0.1597406742142898,0.006943100015632808,14,0.1878160320462015,0.11788375821239476,0.010616400017170236,7,0.46788905367164857,0.12000006728599563,0.004863200010731816
61,N,New_N_062.wav,17-16-14-7,4,0.4107508361594256,126x7,7x212,17,0.03450939828726398,0.40054956553808596,0.020839100005105138,16,0.14828101676261277,0.15156102180975198,0.012041700014378875,14,0.2468793258045725,0.09395863493213487,0.011694999993778765,7,0.5053513891946625,0.0890913052424285,0.009093800006667152
62,N,New_N_063.wav,17-16-14-7,4,0.4390693882917249,126x7,7x212,17,0.03498394290506297,0.4040017861425677,0.02223130001220852,16,0.11372558260307876,0.12719080623035883,0.008785400015767664,14,0.24638327194675363,0.07861307199884814,0.009921899996697903,7,0.5223299552256826,0.06454098837231893,0.004852800018852577
63,N,New_N_064.wav,17-16-14-7,4,0.5020476437941843,126x7,7x212,17,0.044135609131402666,0.4169349069898275,0.019699700002092868,16,0.1365293701283747,0.1419966920064106,0.009807900001760572,14,0.17163769858668346,0.08076820386435822,0.011319799988996238,7,0.523055880234621,0.11009885431640451,0.007720900001004338
64,N,New_N_065.wav,17-16-14-7,4,0.40604985742593236,126x7,7x212,17,0.03712579758252862,0.4526650193107083,0.019710799999302253,16,0.13614234279023207,0.19591033595432888,0.007010200002696365,14,0.22909291957401479,0.11350213680745089,0.006474499998148531,7,0.5308342762489757,0.12421519940682435,0.005932800006121397
65,N,New_N_066.wav,17-16-14-7,4,0.41540515257686544,126x7,7x212,17,0.03494981675838557,0.4083953759660635,0.019977499992819503,16,0.16646462468542708,0.12331111667724336,0.007148799981223419,14,0.22276434788723465,0.08402478000048778,0.008517899987054989,7,0.48590757944118673,0.06709830518824417,0.009150700003374368
66,N,New_N_067.wav,17-16-14-7,4,0.38716934455947666,126x7,7x212,17,0.03397049765964765,0.40833431933636155,0.018033000000286847,16,0.12873352500525076,0.15969007394420215,0.01176679998752661,14,0.2200395772771462,0.1147561111083524,0.00944669998716563,7,0.4543952704057462,0.10252838163201196,0.007332999986829236
67,N,New_N_068.wav,17-16-14-7,4,0.4013269774519522,126x7,7x212,17,0.04186351358385915,0.4501716876926191,0.018597799993585795,16,0.1715473259440731,0.1450662940749716,0.007146499992813915,14,0.19462651725923247,0.09147658484546457,0.008936700003687292,7,0.5099052156180826,0.10382781703570015,0.007187000010162592
68,N,New_N_069.wav,17-16-14-7,4,0.3665193575307761,126x7,7x212,17,0.04191959520445583,0.40478322118581156,0.02015259998734109,16,0.15808381616312064,0.14241538240868798,0.006535200023790821,14,0.15994246053659728,0.09862166678321396,0.009113000007346272,7,0.5404468494328885,0.08435960371159369,0.004808500001672655
69,N,New_N_070.wav,17-16-14-7,4,0.37123469926280683,126x7,7x212,17,0.044773940669135835,0.3694646023495832,0.022354699991410598,16,0.15864672859228082,0.1520140646242907,0.009948199993232265,14,0.1744381202397149,0.11871771721027582,0.00927189999492839,7,0.5136206405704897,0.12583205789588106,0.004847400006838143
70,N,New_N_071.wav,17-16-14-7,4,0.37298122340079987,126x7,7x212,17,0.04778420252898515,0.3985372957889177,0.024206699978094548,16,0.16338861173232158,0.1471987888943271,0.009056800015969202,14,0.1972144161230099,0.10572795516527299,0.012650400021811947,7,0.517721453452462,0.08216608978316067,0.0071564000099897385
71,N,New_N_072.wav,17-16-14-7,4,0.36021831166985896,126x7,7x212,17,0.04232449794126068,0.3890466553954574,0.020756100013386458,16,0.12840527983772718,0.18455383173864776,0.008437600015895441,14,0.14376468082111882,0.12889976754304924,0.010400200000731274,7,0.44713177299919465,0.10913251787317649,0.008556499989936128
72,N,New_N_073.wav,17-16-14-7,4,0.43402719102589415,126x7,7x212,17,0.041955092596640174,0.4133441496099041,0.019165300007443875,16,0.16035763901970645,0.16373093200883795,0.007121600006939843,14,0.23225527526904408,0.09191958615358144,0.006629000010434538,7,0.5205550143461011,0.10925356147535505,0.004787599988048896
73,N,New_N_074.wav,17-16-14-7,4,0.43045358469195816,126x7,7x212,17,0.045215220963617644,0.3878684508344887,0.02086089999647811,16,0.15121801301547416,0.14652168746492605,0.010642200009897351,14,0.18417847879276247,0.09075475474259319,0.010737000004155561,7,0.48815233371347044,0.1046200702242985,0.009059700008947402
74,N,New_N_075.wav,17-16-14-7,4,0.3839516591479157,126x7,7x212,17,0.04588701521985557,0.3955118532651558,0.0179954000050202,16,0.152375828801071,0.15621415265643807,0.008798099996056408,14,0.18070260498012894,0.11259155872333203,0.009084999997867271,7,0.45300908139327184,0.13120028852724527,0.009607700019842014
75,N,New_N_076.wav,17-16-14-7,4,0.37782737045669484,126x7,7x212,17,0.03866599239269242,0.33841064582590485,0.02028169998084195,16,0.1505909864129462,0.1355002539341467,0.0067414999939501286,14,0.21443123704590236,0.11280356210037247,0.006466100021498278,7,0.5454374104442127,0.09405961121662694,0.004867700015893206
76,N,New_N_077.wav,17-16-14-7,4,0.40891101138417196,126x7,7x212,17,0.04577119515174568,0.3959060469925021,0.021555600018473342,16,0.16231908431396963,0.16261258172668935,0.009175699990009889,14,0.2826444174419746,0.09670888615184808,0.008177600015187636,7,0.5337775459266684,0.08721741607547821,0.008838000008836389
77,N,New_N_078.wav,17-16-14-7,4,0.43177689662417784,126x7,7x212,17,0.04701223602289892,0.42928344824607634,0.014598000008845702,16,0.1531194373931791,0.13155085502002933,0.01079349999781698,14,0.23073043469366178,0.08045292759853329,0.011618499993346632,7,0.5340969501592767,0.09264436212127079,0.009515599987935275
78,N,New_N_079.wav,17-16-14-7,4,0.4269991033073022,126x7,7x212,17,0.047661313616345735,0.33264733962195836,0.015268999995896593,16,0.12330602367886019,0.16522444939877962,0.011260600003879517,14,0.16813628773710235,0.08853161467800175,0.009681600000476465,7,0.5035550742233682,0.07483504482700071,0.004802900017239153
79,N,New_N_080.wav,17-16-14-7,4,0.39026440313408356,126x7,7x212,17,0.04171100184843988,0.37339057269606735,0.019894600001862273,16,0.14253345716393082,0.15157419096860136,0.009617600007914007,14,0.2049116880245932,0.10487015049155043,0.0073050000064540654,7,0.52385631839381,0.11366752721788094,0.006533100007800385
80,N,New_N_081.wav,17-16-14-7,4,0.3697899608544087,126x7,7x212,17,0.038496539167122,0.40170405082821065,0.02265519998036325,16,0.1993733872222658,0.16252787667742288,0.007672099978663027,14,0.17159902197531474,0.11522768946558391,0.010511400003451854,7,0.5162786117813101,0.11748865953702692,0.009547299996484071
81,N,New_N_082.wav,17-16-14-7,4,0.3856162132128068,126x7,7x212,17,0.04823139825676238,0.39125658111308115,0.01843389999703504,16,0.15250885065075412,0.13840527556448162,0.006710499990731478,14,0.13561153751259655,0.08033212044962902,0.011221399996429682,7,0.49832236449822226,0.07235756292868163,0.008931699994718656
82,N,New_N_083.wav,17-16-14-7,4,0.4403230237841486,126x7,7x212,17,0.04365858377862673,0.3555406807506359,0.019310600007884204,16,0.1441092325106647,0.11386318244739625,0.00753249999252148,14,0.17475090173719404,0.0772496357170195,0.006897899991599843,7,0.519147352415999,0.09847014562375289,0.006698599987430498
83,N,New_N_084.wav,17-16-14-7,4,0.42949588469904326,126x7,7x212,17,0.04288350179761114,0.411279767567867,0.0213274999987334,16,0.1514611910516992,0.1634174309684534,0.011047599982703105,14,0.1626529360171633,0.11504758754074815,0.008614300022600219,7,0.5142275315749718,0.12445543840657182,0.008734400005778298
84,N,New_N_085.wav,17-16-14-7,4,0.44902669885578894,126x7,7x212,17,0.039929987767598416,0.3882845713292456,0.01653029999579303,16,0.13793628060027777,0.10519438322764414,0.009238800004823133,14,0.2280407217123595,0.051325707467405814,0.010976099991239607,7,0.5307066592073327,0.06364294792262329,0.007843800005502999
85,N,New_N_086.wav,17-16-14-7,4,0.3968390596442455,126x7,7x212,17,0.04606585251624369,0.38981594738847436,0.019779499998549,16,0.14504986362089334,0.11842781652552876,0.006992500013438985,14,0.19775775071907323,0.07296871268626647,0.0068860999890603125,7,0.49980796243124515,0.05704888654197027,0.005611300002783537
86,N,New_N_087.wav,17-16-14-7,4,0.3558558579250445,126x7,7x212,17,0.04086541670955791,0.4254721227697363,0.019874799996614456,16,0.151732036231459,0.17547234180116955,0.010312800004612654,14,0.23200797993371094,0.11861322925087324,0.007517999998526648,7,0.47302867910548646,0.07715623061126459,0.005629499995848164
87,N,New_N_088.wav,17-16-14-7,4,0.379064824983562,126x7,7x212,17,0.04189884422814713,0.41490048029278703,0.018929300014860928,16,0.15674915285621333,0.17600786145958328,0.010212399996817112,14,0.20495366411428229,0.11868493700358301,0.01143489999230951,7,0.571768412387975,0.13993379399277922,0.008007600001292303
88,N,New_N_089.wav,17-16-14-7,4,0.36005561997752134,126x7,7x212,17,0.039405040853022204,0.4328782712341,0.021445199992740527,16,0.15897444078876108,0.19616058818240756,0.009104199998546392,14,0.20882328641566514,0.1070545975729202,0.008432500006165355,7,0.47376694062166297,0.0877127771457854,0.006129700021119788
89,N,New_N_090.wav,17-16-14-7,4,0.36655271945678686,126x7,7x212,17,0.04867121431565683,0.3771809100450184,0.02199130001827143,16,0.124193280286863,0.1725255438747583,0.012207699997816235,14,0.1867197438170875,0.11108329417817184,0.008809899998595938,7,0.48591704680871634,0.09774875150101293,0.0068540000065695494
90,N,New_N_091.wav,17-16-14-7,4,0.38625255045004275,126x7,7x212,17,0.04292152603368321,0.42481413827601117,0.018138299987185746,16,0.16844614247254017,0.16793827653807772,0.010853199986740947,14,0.1868708885994473,0.13141779858466918,0.009246300003724173,7,0.5229998172544709,0.09785196846466764,0.0057106999738607556
91,N,New_N_092.wav,17-16-14-7,4,0.4564078037972945,126x7,7x212,17,0.050072679553377006,0.3917365223712165,0.024185299989767373,16,0.1692225961377697,0.1392291712093525,0.011836099991342053,14,0.22165166616325077,0.10074181053920014,0.011119700007839128,7,0.5191334939069369,0.12203879623731499,0.010307300020940602
92,N,New_N_093.wav,17-16-14-7,4,0.3896896784309217,126x7,7x212,17,0.04254099628688602,0.4129366582653015,0.02372029999969527,16,0.15876334343127538,0.16108164931253496,0.007418900000629947,14,0.20592596465644467,0.10576342077297442,0.011331700021401048,7,0.4779833162774418,0.08946389501107212,0.009584400017047301
93,N,New_N_094.wav,17-16-14-7,4,0.42733445525488084,126x7,7x212,17,0.047464891162778154,0.40116487811307094,0.021485599980223924,16,0.1689372434703212,0.16815058902416696,0.011156299995491281,14,0.2528515291729797,0.11863436956915718,0.012538600014522672,7,0.5000027530660738,0.13414944809397927,0.006450500019127503
94,N,New_N_095.wav,17-16-14-7,4,0.40010923516477603,126x7,7x212,17,0.04169282214506741,0.4049429181773398,0.016905900003621355,16,0.1794414106461993,0.14976397215485568,0.009826299996348098,14,0.23858093936994854,0.10377909485773681,0.01039040001342073,7,0.5200312095399486,0.12045823184666989,0.005494999990332872
95,N,New_N_096.wav,17-16-14-7,4,0.38351954993698983,126x7,7x212,17,0.042505679433642064,0.41732333646356223,0.02126979999593459,16,0.14621424886066853,0.1882243037249926,0.010656700003892183,14,0.2456852478134828,0.14662432359108213,0.010865599993849173,7,0.4866200359017049,0.1311427207673135,0.009141699993051589
96,N,New_N_097.wav,17-16-14-7,4,0.32283598955695714,126x7,7x212,17,0.04483681158877312,0.3880733174358305,0.024200000014388934,16,0.15890272467389605,0.17025595280746986,0.007045500009553507,14,0.1570223170900201,0.13662454753406028,0.009995400003390387,7,0.38457191800216434,0.12256155286684967,0.008398299978580326
97,N,New_N_098.wav,17-16-14-7,4,0.3819091575135122,126x7,7x212,17,0.04368997499881667,0.39126079012138165,0.021679099998436868,16,0.1232499047858599,0.19818007405401872,0.00929260000702925,14,0.19038332829011084,0.1212559825564053,0.007043699995847419,7,0.4191070703880126,0.08573083935102428,0.005694299994502217
98,N,New_N_099.wav,17-16-14-7,4,0.379965460671239,126x7,7x212,17,0.041562464786421845,0.4195036494542139,0.02024460001848638,16,0.16968160591338283,0.11743625489868374,0.011445799987995997,14,0.22247319243849242,0.08145448368028532,0.011741900001652539,7,0.5350064167113966,0.07665841878284387,0.009139700006926432
99,N,New_N_100.wav,17-16-14-7,4,0.3968391974196943,126x7,7x212,17,0.03488646781133707,0.44106117551872487,0.019213999999919906,16,0.1442087521094765,0.15717534200661906,0.009882500016828999,14,0.1852073745659734,0.1201903974909511,0.010134800017112866,7,0.5044673965180902,0.09877324331263108,0.007933199987746775
100,N,New_N_101.wav,17-16-14-7,4,0.3890911662407343,126x7,7x212,17,0.029017227526337702,0.4441659535206854,0.020252299989806488,16,0.1605059766430062,0.18815216599903,0.007213700009742752,14,0.21843418306312518,0.1418192406945556,0.009545800014166161,7,0.4802285814765761,0.14489185366700308,0.008887000003596768
101,N,New_N_102.wav,17-16-14-7,4,0.33147106174882973,126x7,7x212,17,0.03330673363845413,0.41852030301385007,0.021924400003626943,16,0.1341481640390492,0.13212794200129216,0.007359299983363599,14,0.15540676735912318,0.10013300305858285,0.010080600011860952,7,0.5004490582329089,0.06563202592018635,0.007183000008808449
102,N,New_N_103.wav,17-16-14-7,4,0.38356100329864845,126x7,7x212,17,0.03470453965749832,0.4376286996384053,0.023251799982972443,16,0.15185955299082557,0.16306387508919182,0.007907800027169287,14,0.19692662929129678,0.10540357507172936,0.007865099993068725,7,0.47916209131714643,0.08555182568347156,0.009560599981341511
103,N,New_N_104.wav,17-16-14-7,4,0.36097508240427595,126x7,7x212,17,0.04106082382360397,0.4193804291522142,0.020655800006352365,16,0.15496573878569547,0.12843554623679757,0.009460300003411248,14,0.1841428105034611,0.09751755120820961,0.010730000009061769,7,0.4937242538305247,0.06133506619244503,0.008451599976979196
104,N,New_N_105.wav,17-16-14-7,4,0.4118968329487464,126x7,7x212,17,0.035275942846318555,0.4258521333496099,0.015089099993929267,16,0.1410941629381781,0.1407997460832726,0.011328900000080466,14,0.23839536766437358,0.057409695103017154,0.010052099998574704,7,0.5841064265459782,0.05563923044289235,0.007015699986368418
105,N,New_N_106.wav,17-16-14-7,4,0.3872733015005268,126x7,7x212,17,0.03559125932447401,0.44443390234167984,0.017689300002530217,16,0.1663276115543222,0.1741213057833118,0.012086800008546561,14,0.2149721800524634,0.1239975739530486,0.011353200010489672,7,0.5006552813646249,0.08872898802056517,0.006683300016447902
106,N,New_N_107.wav,17-16-14-7,4,0.37645262264640705,126x7,7x212,17,0.0386656054029858,0.42187321889761814,0.020657400018535554,16,0.12370119423875754,0.1714004442263781,0.0076354999910108745,14,0.20196018638622568,0.10128927628855167,0.01118610001867637,7,0.4619748925843492,0.0828751646464822,0.008761900011450052
107,N,New_N_108.wav,17-16-14-7,4,0.37948127430276946,126x7,7x212,17,0.03738888698217273,0.3945581693531137,0.02155609999317676,16,0.1450580168969341,0.1324078322894358,0.011308899993309751,14,0.2035621295360552,0.08686668894469199,0.011692899977788329,7,0.5539463808059056,0.06746687410179586,0.009065399994142354
108,N,New_N_109.wav,17-16-14-7,4,0.38567735591271246,126x7,7x212,17,0.035192577887112324,0.40341708089098033,0.023252999992109835,16,0.1491286133036128,0.19349767789498326,0.010146199987502769,14,0.22240153111826702,0.10663011751103695,0.00871769999503158,7,0.5107548030438156,0.0758375717125113,0.007861899997806177
109,N,New_N_110.wav,17-16-14-7,4,0.3943029245698017,126x7,7x212,17,0.03284463589111355,0.4291464919177933,0.015101600001798943,16,0.14617791099986904,0.1390038607775858,0.0096526000124868,14,0.17968990053380263,0.10059206454481118,0.011038700002245605,7,0.4750544366495341,0.06892644548028916,0.008155200019245967
110,N,New_N_111.wav,17-16-14-7,4,0.34536770302555375,126x7,7x212,17,0.035518746812630585,0.4394314945802069,0.01920440001413226,16,0.15034491555090773,0.1457846597456839,0.009390099992742762,14,0.21954585062278867,0.10521824176907228,0.006835499982116744,7,0.43712764222274564,0.08657775787911029,0.004730499989818782
111,N,New_N_112.wav,17-16-14-7,4,0.40203126491113267,126x7,7x212,17,0.03275409195142671,0.3796154312863404,0.018979700020281598,16,0.10306838241290929,0.1681058572313186,0.010173600021516904,14,0.1638781028427772,0.11820859320167972,0.01007049999316223,7,0.4455630526690225,0.0889064637022831,0.01000979999662377
112,N,New_N_113.wav,17-16-14-7,4,0.3929541037431166,126x7,7x212,17,0.03584593048839355,0.4195907432732128,0.015593699994497001,16,0.15065767052385412,0.14178755989396277,0.009257800003979355,14,0.27958790227661495,0.08417936625922316,0.012742199993226677,7,0.5308279373281571,0.06593844651472286,0.007973300002049655
113,N,New_N_114.wav,17-16-14-7,4,0.46177054883718527,126x7,7x212,17,0.03901255751733231,0.3873615248251731,0.017047800007276237,16,0.14042055461378194,0.11222148490003275,0.009492399985902011,14,0.2404189274340483,0.0747280780770704,0.006832000013673678,7,0.5031242742337616,0.05826154028896504,0.00823030000901781
114,N,New_N_115.wav,17-16-14-7,4,0.36687147252556634,126x7,7x212,17,0.04065471010700554,0.43232952424125204,0.02003889999468811,16,0.15674941341497461,0.1587703470830641,0.01203360001090914,14,0.20462661862661943,0.11925007772549513,0.011836799996672198,7,0.4982182094108636,0.08035435797580258,0.009093800006667152
115,N,New_N_116.wav,17-16-14-7,4,0.409383176168214,126x7,7x212,17,0.037374545750194665,0.42984109702089884,0.01953620000858791,16,0.1358845517550582,0.1269588653226765,0.009944400022504851,14,0.1989490553679547,0.06899441044104498,0.011712300009094179,7,0.512929581635235,0.05407576876331452,0.008996699994895607
116,N,New_N_117.wav,17-16-14-7,4,0.4083949466016784,126x7,7x212,17,0.044722116640165566,0.44601502971867574,0.014747000008355826,16,0.14235869587452762,0.15231602978189743,0.009070000000065193,14,0.17508220631339064,0.08635087693606423,0.009475599974393845,7,0.4449127013989674,0.0535717511411388,0.007407099998090416
117,N,New_N_118.wav,17-16-14-7,4,0.39089784280676326,126x7,7x212,17,0.035717394246877775,0.4241496097818277,0.02300759998615831,16,0.13066721707553694,0.1678456262705603,0.010606499999994412,14,0.20876973277561145,0.08604487991760684,0.008505400008289143,7,0.5572469073082775,0.06653068491179027,0.00861250000889413
118,N,New_N_119.wav,17-16-14-7,4,0.3960781151275581,126x7,7x212,17,0.040965195663089725,0.426410827261633,0.0240953000029549,16,0.15536127438042285,0.16303624140802972,0.011740599991753697,14,0.25350823820488577,0.0924215257899342,0.011570300004677847,7,0.573336325665378,0.06714525275684402,0.009368500002892688
119,N,New_N_120.wav,17-16-14-7,4,0.4704763344915346,126x7,7x212,17,0.031692177085815613,0.42420676905912413,0.024355000001378357,16,0.1254632312701184,0.12807671487403466,0.012084699992556125,14,0.19484443873820603,0.07136979563471021,0.012052000005496666,7,0.49879153030984524,0.06635340666351226,0.008922600012738258
120,N,New_N_121.wav,17-16-14-7,4,0.43247658931126226,126x7,7x212,17,0.037237911102775696,0.45678450948469085,0.020888600003672764,16,0.14314137413274416,0.1273842551693773,0.011242800013860688,14,0.18318377979740952,0.06680335743695343,0.012540600000647828,7,0.4510662114009035,0.05812500538845754,0.005170600023120642
121,N,New_N_122.wav,17-16-14-7,4,0.4089583500265473,126x7,7x212,17,0.038053664762129895,0.35962011476126343,0.01481160000548698,16,0.14615206382781826,0.12531031531292594,0.009661400021286681,14,0.20977127215503552,0.07691271869234725,0.010387999995145947,7,0.5406880186852512,0.09524965905758438,0.0070275999896693975
122,N,New_N_123.wav,17-16-14-7,4,0.3988350212268464,126x7,7x212,17,0.03621442605163578,0.42981571232569055,0.019986100000096485,16,0.1315096670663504,0.16176044990376018,0.012160599988419563,14,0.17196939694286623,0.1041781276753165,0.010546800011070445,7,0.4847852000019286,0.06871177729291746,0.005394300009356812
123,N,New_N_124.wav,17-16-14-7,4,0.4358608874024067,126x7,7x212,17,0.040401398960642834,0.4033699092655005,0.02140600001439452,16,0.1244459688166997,0.15885829994207726,0.01091950002592057,14,0.19567160561026314,0.08758796538529609,0.008816299989121035,7,0.46895554418052626,0.05587803849432839,0.004913200013106689
124,N,New_N_125.wav,17-16-14-7,4,0.4060005047174925,126x7,7x212,17,0.03605863130763053,0.427493982239127,0.015725199977168813,16,0.1151281402046744,0.14804850080458135,0.010674199991626665,14,0.25301188706052824,0.07451339501126056,0.011505400005262345,7,0.48933074878529426,0.06539044541311505,0.006534400017699227
