indice_interno,base,clase,archivo,distribucion,representacion,numero_capas,inicializacion_onmf,error_final,forma_h_final,segundos_extraccion_deep,capa_1_rango,capa_1_error,capa_1_ortogonalidad_h,capa_1_segundos,capa_2_rango,capa_2_error,capa_2_ortogonalidad_h,capa_2_segundos,capa_3_rango,capa_3_error,capa_3_ortogonalidad_h,capa_3_segundos,capa_4_rango,capa_4_error,capa_4_ortogonalidad_h,capa_4_segundos
0,SNR_0db,N,New_N_001.wav,16-13-10-8,DeepONMF_H4,4,nndsvd,0.3831337489637254,8x212,0.028357599978335202,16,0.27158651196613043,0.3054637907194547,0.01658059994224459,13,0.12191236534881364,0.3033160144397832,0.004195000045001507,10,0.1331656610180423,0.3082698575762411,0.0034817999694496393,8,0.11151725911633938,0.3051744754313757,0.0029418000485748053
1,SNR_0db,N,New_N_002.wav,16-13-10-8,DeepONMF_H4,4,nndsvd,0.37923344722419783,8x212,0.027624799986369908,16,0.26900877616684826,0.3286232846368261,0.01492270000744611,13,0.11311177420373622,0.3316286586363456,0.005020700045861304,10,0.11858961744717791,0.32714777479385165,0.0037053999258205295,8,0.10907813176496006,0.32588455405329025,0.002777599962428212
2,SNR_0db,N,New_N_003.wav,16-13-10-8,DeepONMF_H4,4,nndsvd,0.38416809439080835,8x212,0.028087800019420683,16,0.27362189505344603,0.32009355832289876,0.01568569999653846,13,0.11532870881313896,0.3255912671331047,0.004308000090532005,10,0.12066348637684213,0.3259277843161791,0.004117100033909082,8,0.10810539965822327,0.31832826539765385,0.0029992000199854374
3,SNR_0db,N,New_N_004.wav,16-13-10-8,DeepONMF_H4,4,nndsvd,0.38312304980551387,8x212,0.027327399933710694,16,0.2747854679411852,0.3288097755439816,0.015621299971826375,13,0.11683000727138704,0.33100548804299146,0.0042389000300318,10,0.12463097622387555,0.34327007516645514,0.003511000075377524,8,0.11035266507986038,0.3352523396464881,0.0028746998868882656
4,SNR_0db,N,New_N_005.wav,16-13-10-8,DeepONMF_H4,4,nndsvd,0.38201063475130004,8x212,0.027844500029459596,16,0.271285670989051,0.31808832992982256,0.015109599917195737,13,0.11580330681979298,0.3141093870151306,0.004909200011752546,10,0.12146137756858949,0.317087766411595,0.0035924999974668026,8,0.11274245630826184,0.31629815504279385,0.002794099971652031
5,SNR_0db,N,New_N_006.wav,16-13-10-8,DeepONMF_H4,4,nndsvd,0.3837839491808851,8x212,0.02871480002067983,16,0.2734447014243851,0.31803350469119973,0.015679200063459575,13,0.12273061469584982,0.3223645498620012,0.005087199970148504,10,0.12299310344313577,0.3289266864265168,0.003916200017556548,8,0.11125346398804653,0.32263603082032255,0.002826999989338219
6,SNR_0db,N,New_N_007.wav,16-13-10-8,DeepONMF_H4,4,nndsvd,0.38498916949330847,8x212,0.028349299915134907,16,0.2731546747562204,0.31535891296371527,0.015484399977140129,13,0.12302745420249028,0.3158234296982791,0.005310000036843121,10,0.12737942630231797,0.3120640747072415,0.003522900049574673,8,0.10555707997282592,0.3071308493940396,0.003064099932089448
7,SNR_0db,N,New_N_008.wav,16-13-10-8,DeepONMF_H4,4,nndsvd,0.38103191104951395,8x212,0.027382600004784763,16,0.2684818139678379,0.3190387928966351,0.015688000014051795,13,0.12428912490795259,0.3227061498583677,0.004288300056941807,10,0.12642592475303177,0.3151716379342488,0.0034655999625101686,8,0.11373978217482666,0.32548519046017554,0.002701299963518977
8,SNR_0db,N,New_N_009.wav,16-13-10-8,DeepONMF_H4,4,nndsvd,0.38107741706869896,8x212,0.027833100059069693,16,0.27012066173132665,0.32147294552105643,0.015632100054062903,13,0.11809419375404323,0.3318144348594953,0.004592999932356179,10,0.12410068152816518,0.32806482197834386,0.003711799974553287,8,0.11389444866564337,0.3298884033074708,0.002824900089763105
9,SNR_0db,N,New_N_010.wav,16-13-10-8,DeepONMF_H4,4,nndsvd,0.38037831933720007,8x212,0.02735059999395162,16,0.2714215874520726,0.3204996228000354,0.015344900079071522,13,0.11651068089362486,0.323837985732155,0.004443100071512163,10,0.12508519406969407,0.33225938196934035,0.003520200029015541,8,0.11296439453644021,0.33519703192310174,0.0031090000411495566
10,SNR_0db,N,New_N_011.wav,16-13-10-8,DeepONMF_H4,4,nndsvd,0.382663214775629,8x212,0.026602300000377,16,0.27206186823742734,0.3209123268477902,0.01462660008110106,13,0.12415669559262042,0.3255548509127362,0.004503799951635301,10,0.12040293820434009,0.3298664367632497,0.003612399916164577,8,0.11304380525483682,0.3335317360499976,0.002805400057695806
11,SNR_0db,N,New_N_012.wav,16-13-10-8,DeepONMF_H4,4,nndsvd,0.38324788836531376,8x212,0.03173029993195087,16,0.273761547898349,0.3034365795116298,0.01817339996341616,13,0.12162390777482744,0.31456447356686823,0.0054978999542072415,10,0.12168267490630448,0.31055999907404214,0.004032699973322451,8,0.11045922072859461,0.3146137230320195,0.0031238000374287367
12,SNR_0db,N,New_N_013.wav,16-13-10-8,DeepONMF_H4,4,nndsvd,0.3827743307050591,8x212,0.031582600087858737,16,0.2703389036160451,0.32528728565631443,0.017739499919116497,13,0.11791231679621446,0.32643783838643337,0.0055339999962598085,10,0.1213759369554029,0.330867352770445,0.004192099906504154,8,0.11092451154175294,0.33356323754237266,0.0032177999382838607
13,SNR_0db,N,New_N_014.wav,16-13-10-8,DeepONMF_H4,4,nndsvd,0.3781265453130837,8x212,0.03225169994402677,16,0.26902949738763293,0.32024478036385795,0.0175126000540331,13,0.11772198000417824,0.3199766045396601,0.005646599922329187,10,0.12125103362285246,0.3162382884875454,0.0050533999456092715,8,0.11101750111961071,0.30688899100898137,0.0031544999219477177
14,SNR_0db,N,New_N_015.wav,16-13-10-8,DeepONMF_H4,4,nndsvd,0.3883171991041059,8x212,0.03176109993364662,16,0.27823497445860546,0.3120883692981136,0.017953700036741793,13,0.1266605030745939,0.3082727882861606,0.004929899936541915,10,0.12423033588346871,0.32712861441186303,0.00461509998422116,8,0.10868786037363598,0.3292637334453429,0.0033145000925287604
15,SNR_0db,N,New_N_016.wav,16-13-10-8,DeepONMF_H4,4,nndsvd,0.38475413202833597,8x212,0.03593360004015267,16,0.27674630113617077,0.3087914001119086,0.020870300009846687,13,0.12021737481457213,0.30595846841076035,0.005006699939258397,10,0.12553718786523133,0.31320275335069186,0.005639999988488853,8,0.11051476200829637,0.30479892633469696,0.0035206000320613384
16,SNR_0db,N,New_N_017.wav,16-13-10-8,DeepONMF_H4,4,nndsvd,0.3874098420940494,8x212,0.0325153999729082,16,0.27846777224149283,0.3206064550873657,0.0186265999218449,13,0.1237178933083797,0.3256480557456787,0.005224999971687794,10,0.12408680781827149,0.32980257075493485,0.004550199955701828,8,0.1148349855300016,0.3301271755271601,0.0032328000525012612
17,SNR_0db,N,New_N_018.wav,16-13-10-8,DeepONMF_H4,4,nndsvd,0.3851036843288863,8x212,0.030770700075663626,16,0.27430090947823577,0.31571217139383,0.017491200007498264,13,0.11814526059355396,0.3130757331655006,0.004890399985015392,10,0.12455546905578398,0.3146948667403081,0.004146000021137297,8,0.11556001455618402,0.31842498325528024,0.003371200058609247
18,SNR_0db,N,New_N_019.wav,16-13-10-8,DeepONMF_H4,4,nndsvd,0.38300051301607946,8x212,0.029712599935010076,16,0.2732289692307186,0.31180594347530755,0.016633199993520975,13,0.11708488712339495,0.3219671796234837,0.004829599987715483,10,0.12218724813961926,0.3216429007379922,0.0037040000315755606,8,0.11155657397896623,0.31402155273475263,0.003445400041528046
19,SNR_0db,N,New_N_020.wav,16-13-10-8,DeepONMF_H4,4,nndsvd,0.38354967038921667,8x212,0.02888990007340908,16,0.27308330802058334,0.32594704913370776,0.01620290009304881,13,0.12075442666693352,0.32939120964754065,0.004728200030513108,10,0.1205860611910557,0.32158392338235353,0.003824999905191362,8,0.10930198083711422,0.3125233954321524,0.0029708000365644693
20,SNR_0db,N,New_N_021.wav,16-13-10-8,DeepONMF_H4,4,nndsvd,0.38087002258835523,8x212,0.03013989992905408,16,0.27015324670647617,0.3238994369601438,0.016377899912185967,13,0.11706431680876005,0.3142435972562095,0.006270800018683076,10,0.1245817045540689,0.31179091117041147,0.003676300053484738,8,0.11158970445446657,0.3154381255412963,0.0028427999932318926
21,SNR_0db,N,New_N_022.wav,16-13-10-8,DeepONMF_H4,4,nndsvd,0.38660627593446373,8x212,0.027623699977993965,16,0.2746532083830729,0.3231482142317444,0.015726300072856247,13,0.11805773691495716,0.31868538963030146,0.004194699926301837,10,0.12306645604705747,0.31568391815687263,0.003767700050957501,8,0.11445810060499732,0.3087479123948776,0.002938700024969876
22,SNR_0db,N,New_N_023.wav,16-13-10-8,DeepONMF_H4,4,nndsvd,0.37925915603044197,8x212,0.026963100070133805,16,0.2674724816321635,0.32266285059094707,0.015559499966911972,13,0.1158697106074841,0.32181321570726534,0.004349100054241717,10,0.12384584990927049,0.32756487079691743,0.0034325000597164035,8,0.11041461668330829,0.3258007557488258,0.002736800001002848
23,SNR_0db,N,New_N_024.wav,16-13-10-8,DeepONMF_H4,4,nndsvd,0.38577535690620507,8x212,0.028468200005590916,16,0.2741374458234676,0.3198568407761274,0.01550510001834482,13,0.11470166396456954,0.3204275009283313,0.005564799997955561,10,0.12694586362741853,0.3134892877694947,0.003575399983674288,8,0.11008917721873791,0.3107740856848004,0.0027933999663218856
24,SNR_0db,N,New_N_025.wav,16-13-10-8,DeepONMF_H4,4,nndsvd,0.38500622118712907,8x212,0.02881109993904829,16,0.27451551399069135,0.3191028957246072,0.015912099974229932,13,0.1205894943826554,0.3199195109985845,0.005177499959245324,10,0.12790183250937912,0.3234825253078561,0.0037884999765083194,8,0.11027607640055495,0.31982241340599454,0.002905900008045137
25,SNR_0db,N,New_N_026.wav,16-13-10-8,DeepONMF_H4,4,nndsvd,0.3856275031618087,8x212,0.026886200066655874,16,0.2733852355218389,0.3285381394342254,0.015345000079832971,13,0.11975772505515456,0.3261970663896845,0.004347099922597408,10,0.1236071952398113,0.3120132970722943,0.0034675999777391553,8,0.11482130840741976,0.3186696105104415,0.002722500008530915
26,SNR_0db,N,New_N_027.wav,16-13-10-8,DeepONMF_H4,4,nndsvd,0.3790092483999476,8x212,0.028729300014674664,16,0.2714492267240484,0.3184839308733256,0.016010000021196902,13,0.11501738861262897,0.3214749879490769,0.005251899943687022,10,0.12209664835678813,0.3155681070830605,0.0035695000551640987,8,0.11060043195615313,0.32033330808704247,0.0028057999443262815
27,SNR_0db,N,New_N_028.wav,16-13-10-8,DeepONMF_H4,4,nndsvd,0.38283334143565595,8x212,0.027484099962748587,16,0.27264875228340424,0.3254556018165566,0.015552700031548738,13,0.12256456474440432,0.32303440772497294,0.004036300000734627,10,0.1264748219401672,0.32734568053623975,0.003993099904619157,8,0.1090842158868837,0.33130708271821063,0.0028586999978870153
28,SNR_0db,N,New_N_029.wav,16-13-10-8,DeepONMF_H4,4,nndsvd,0.38553521006246966,8x212,0.02735909994225949,16,0.2781587640584105,0.3121388118766173,0.01543519995175302,13,0.12692898401096656,0.31716877988106634,0.004616999998688698,10,0.12496774626440549,0.32883808101662576,0.0033907999750226736,8,0.11351025071922773,0.3227403411462166,0.002679100027307868
29,SNR_0db,N,New_N_030.wav,16-13-10-8,DeepONMF_H4,4,nndsvd,0.37951101881981913,8x212,0.027625099988654256,16,0.27091457908287314,0.317042587855564,0.015307300025597215,13,0.11811348662461735,0.3200545307290664,0.004887899965979159,10,0.1229902216099894,0.3333999368677618,0.0035889000864699483,8,0.11225537522036376,0.331943386517947,0.002801200025714934
30,SNR_0db,N,New_N_031.wav,16-13-10-8,DeepONMF_H4,4,nndsvd,0.3823924848170968,8x212,0.028245799941942096,16,0.2733193656711011,0.31996190406386177,0.01590660004876554,13,0.11963948338268388,0.3177453051068929,0.004555599996820092,10,0.12219295531852366,0.31563912753681966,0.004133699927479029,8,0.1116834115764423,0.3117267629210629,0.0029104999266564846
31,SNR_0db,N,New_N_032.wav,16-13-10-8,DeepONMF_H4,4,nndsvd,0.3822324687016819,8x212,0.02746890007983893,16,0.27188184245790054,0.3201613628025675,0.016117900027893484,13,0.12377338314521144,0.3200963466097143,0.00411600002553314,10,0.1260916885637342,0.3189217211686536,0.003447700059041381,8,0.11015421254258781,0.3138215247364152,0.002756799920462072
32,SNR_0db,N,New_N_033.wav,16-13-10-8,DeepONMF_H4,4,nndsvd,0.3837954457827751,8x212,0.027912399964407086,16,0.27268177192214055,0.3216741743335003,0.01556300010997802,13,0.11890448927264,0.3268601781090303,0.004972799913957715,10,0.12431642205260444,0.32525082406508155,0.003504499909467995,8,0.11311228416006106,0.3226412558783143,0.002770800027064979
33,SNR_0db,N,New_N_034.wav,16-13-10-8,DeepONMF_H4,4,nndsvd,0.3827237356153533,8x212,0.029466500040143728,16,0.2721615470548483,0.31992342471037577,0.01619120000395924,13,0.12122653943155043,0.3224105063511421,0.005032700020819902,10,0.12356701350456742,0.33215968957151903,0.00442270003259182,8,0.10892645624984536,0.32180207742413675,0.0028428001096472144
34,SNR_0db,N,New_N_035.wav,16-13-10-8,DeepONMF_H4,4,nndsvd,0.3810048164437542,8x212,0.028149499907158315,16,0.27251533826667074,0.3083110789714756,0.015754199936054647,13,0.12344529062228085,0.31516878820219235,0.004467700025998056,10,0.11943726863547363,0.3167212635897896,0.003392399987205863,8,0.10749678190377,0.30889845133413096,0.0035866000689566135
35,SNR_0db,N,New_N_036.wav,16-13-10-8,DeepONMF_H4,4,nndsvd,0.38504724762084735,8x212,0.028403299977071583,16,0.2712043370200721,0.3181307782596062,0.015280800056643784,13,0.12378408120765876,0.31918453732221685,0.005345099954865873,10,0.12606120614960376,0.3115616387330612,0.0036607999354600906,8,0.10772565682575479,0.31240016022234507,0.0028533999575302005
36,SNR_0db,N,New_N_037.wav,16-13-10-8,DeepONMF_H4,4,nndsvd,0.3243601894918592,8x212,0.02841549995355308,16,0.20076822053385346,0.30396295393999057,0.016253799898549914,13,0.08795596758403999,0.30048270051078146,0.004595399950630963,10,0.09146532651789009,0.2928207232731885,0.0037186999106779695,8,0.08423961204993652,0.28924222116317344,0.00286979996599257
37,SNR_0db,N,New_N_038.wav,16-13-10-8,DeepONMF_H4,4,nndsvd,0.3831500344104215,8x212,0.028574700001627207,16,0.2697415309892351,0.3122540503976019,0.01632109994534403,13,0.11876781333293063,0.31409545393559174,0.004770500003360212,10,0.12306208777052322,0.308127633406542,0.003557399963028729,8,0.10818589836242218,0.29779375138618985,0.002959999954327941
38,SNR_0db,N,New_N_039.wav,16-13-10-8,DeepONMF_H4,4,nndsvd,0.38398722563057663,8x212,0.027639899984933436,16,0.2759498043704713,0.3099730807948062,0.016120399930514395,13,0.12018172010567682,0.3127527484244052,0.0041594000067561865,10,0.12956583978700223,0.3145953340718603,0.0034975999733433127,8,0.11202980586353609,0.31379641109347567,0.0027438000543043017
39,SNR_0db,N,New_N_040.wav,16-13-10-8,DeepONMF_H4,4,nndsvd,0.3826370167169649,8x212,0.02899799996521324,16,0.2732483539505666,0.3120753185616347,0.016642500064335763,13,0.11779688619257296,0.31487611679246014,0.004848600015975535,10,0.12326925449599296,0.31297757963509015,0.003751800046302378,8,0.10577135244425394,0.2964772604436234,0.0029135000659152865
40,SNR_0db,N,New_N_041.wav,16-13-10-8,DeepONMF_H4,4,nndsvd,0.38018674976286077,8x212,0.027851499966345727,16,0.2696469323009849,0.32693649627809795,0.015636600088328123,13,0.11776647614594006,0.32840235019109854,0.004181099939160049,10,0.12090274813502233,0.32695314215078436,0.004006600007414818,8,0.10654711753539965,0.32982450652262246,0.003216500044800341
41,SNR_0db,N,New_N_042.wav,16-13-10-8,DeepONMF_H4,4,nndsvd,0.3875635748212745,8x212,0.027181899989955127,16,0.2750327078641847,0.3064382384002536,0.015513299964368343,13,0.11561896562621403,0.3054732324164093,0.004228800069540739,10,0.12444998802179488,0.29404089116681253,0.003540900070220232,8,0.10735370087713342,0.2923664104734121,0.0028502000495791435
42,SNR_0db,N,New_N_043.wav,16-13-10-8,DeepONMF_H4,4,nndsvd,0.37935859729672644,8x212,0.029001899994909763,16,0.26582908231574515,0.3231781606520973,0.01650510006584227,13,0.1187094938814299,0.3264021783506726,0.004924300010316074,10,0.11539571799719615,0.33260474666787415,0.003548600012436509,8,0.1051104693931557,0.3231452483206519,0.0028485999209806323
43,SNR_0db,N,New_N_044.wav,16-13-10-8,DeepONMF_H4,4,nndsvd,0.380226229553379,8x212,0.028623500023968518,16,0.27054926769003007,0.33090311880047096,0.015299600083380938,13,0.1119535706230896,0.33805621213492215,0.005368899903260171,10,0.11848725011944646,0.3393194733153296,0.003954199957661331,8,0.10476112224422532,0.3361721372576449,0.0028536999598145485
44,SNR_0db,N,New_N_045.wav,16-13-10-8,DeepONMF_H4,4,nndsvd,0.3800798518747848,8x212,0.02776369999628514,16,0.2685753314946118,0.3239854738044455,0.01584989996626973,13,0.12056996325533456,0.32106831890465515,0.004444600082933903,10,0.12058893285592975,0.33159569433663133,0.0034286000300198793,8,0.10414134041251684,0.3318620781759297,0.0030923999147489667
45,SNR_0db,N,New_N_046.wav,16-13-10-8,DeepONMF_H4,4,nndsvd,0.37796906277831643,8x212,0.02750019996892661,16,0.2635936284212088,0.3221035255973698,0.015249500051140785,13,0.11531215267165244,0.3224280270692792,0.004726499901153147,10,0.12372566627892449,0.33119165551936697,0.003652999992482364,8,0.1077941037532229,0.33322842003119935,0.0028199999360367656
46,SNR_0db,N,New_N_047.wav,16-13-10-8,DeepONMF_H4,4,nndsvd,0.3750277505293853,8x212,0.029199699987657368,16,0.26642825906108214,0.3202336695287521,0.016270100022666156,13,0.11257794653263137,0.32367120375023856,0.005023599951528013,10,0.12228002839917619,0.3446265099225738,0.0040348999900743365,8,0.10366599986373962,0.3364908229431558,0.0028913000132888556
47,SNR_0db,N,New_N_048.wav,16-13-10-8,DeepONMF_H4,4,nndsvd,0.37812354245525526,8x212,0.027617699932307005,16,0.265461386070924,0.32209538488924644,0.01587980007752776,13,0.11144708392097605,0.3280710943967661,0.004307099967263639,10,0.1170683387130694,0.3300885317605308,0.00343729997985065,8,0.10277250669480809,0.34007993967043976,0.0030837999656796455
48,SNR_0db,N,New_N_049.wav,16-13-10-8,DeepONMF_H4,4,nndsvd,0.3800843510939462,8x212,0.026563400053419173,16,0.26960021009555835,0.32254813822641887,0.014924800023436546,13,0.11910818472543629,0.33490799047225966,0.004383499966934323,10,0.11998830288042336,0.33412183805880846,0.0035380999324843287,8,0.10965721676463668,0.34854155003030546,0.0027800999814644456
49,SNR_0db,N,New_N_050.wav,16-13-10-8,DeepONMF_H4,4,nndsvd,0.3801224138573362,8x212,0.029556000023148954,16,0.2697389437401553,0.31274318646716204,0.015934100025333464,13,0.11416992336478458,0.3116625632446336,0.005712799960747361,10,0.11898984551549394,0.32209724133154716,0.0036967999767512083,8,0.10948330213826286,0.3232046377010587,0.0029322999762371182
50,SNR_0db,N,New_N_051.wav,16-13-10-8,DeepONMF_H4,4,nndsvd,0.3759955071146447,8x212,0.027292100014165044,16,0.26508934862712874,0.3124849671544209,0.015324599924497306,13,0.11338861197273935,0.3246390981912311,0.004576600040309131,10,0.11471432530219285,0.3288382803811482,0.003526399959810078,8,0.10618031182993354,0.3220561065918836,0.003095399937592447
51,SNR_0db,N,New_N_052.wav,16-13-10-8,DeepONMF_H4,4,nndsvd,0.37943258784925876,8x212,0.026871099951677024,16,0.26960672123888496,0.32110765281819825,0.01481760002207011,13,0.11498410278361779,0.3267537580522851,0.0045501000713557005,10,0.11941988011860777,0.34141872056077927,0.0037072000559419394,8,0.10600837017314677,0.3523226734035742,0.002887899987399578
52,SNR_0db,N,New_N_053.wav,16-13-10-8,DeepONMF_H4,4,nndsvd,0.3855946311020258,8x212,0.03195520001463592,16,0.2722857312411716,0.30666127342341143,0.01726540003437549,13,0.11869782693710595,0.313572841316707,0.005592399975284934,10,0.11987854294343389,0.32470112297937787,0.004495400004088879,8,0.10557960231358303,0.33848268938018833,0.003516299999319017
53,SNR_0db,N,New_N_054.wav,16-13-10-8,DeepONMF_H4,4,nndsvd,0.3813942654372176,8x212,0.030956999980844557,16,0.26929357149935773,0.3172203411092035,0.017628400004468858,13,0.11680847278181446,0.3220739791096439,0.00505509995855391,10,0.11816819512078887,0.3320670702187614,0.004198299953714013,8,0.107455722562122,0.3282203077416786,0.0031703999266028404
54,SNR_0db,N,New_N_055.wav,16-13-10-8,DeepONMF_H4,4,nndsvd,0.3831446701661075,8x212,0.027988099958747625,16,0.2721548298037933,0.311723171384137,0.015802199952304363,13,0.11660977796715302,0.3217808980045969,0.004711200017482042,10,0.11826880596427326,0.32579745675177335,0.0035237999400123954,8,0.10283035960860243,0.32929405731423006,0.0031574999447911978
55,SNR_0db,N,New_N_056.wav,16-13-10-8,DeepONMF_H4,4,nndsvd,0.3803513166851019,8x212,0.02719040005467832,16,0.26641253939531023,0.31481946314605636,0.015532099991105497,13,0.11355017586351035,0.3128772469625477,0.004228200064972043,10,0.12074760996542748,0.319221213051924,0.0035314999986439943,8,0.10933647179823167,0.32027938195269146,0.0027704000240191817
56,SNR_0db,N,New_N_057.wav,16-13-10-8,DeepONMF_H4,4,nndsvd,0.37605273070697004,8x212,0.02934200002346188,16,0.2653675896280194,0.318231060808917,0.016241699922829866,13,0.10996867534804226,0.3328103562617816,0.005563699989579618,10,0.11760943114435268,0.3371617149557099,0.0035788000095635653,8,0.10338021343707757,0.32665311558034676,0.002811600104905665
57,SNR_0db,N,New_N_058.wav,16-13-10-8,DeepONMF_H4,4,nndsvd,0.3799400802476655,8x212,0.02780669997446239,16,0.2690510496616897,0.31325282606788935,0.01543829997535795,13,0.11313983700852749,0.32132292120106787,0.004516499931924045,10,0.11780737076488508,0.32840192297892795,0.003660400048829615,8,0.10721519851687275,0.32126290366015525,0.003079600050114095
58,SNR_0db,N,New_N_059.wav,16-13-10-8,DeepONMF_H4,4,nndsvd,0.381118103188527,8x212,0.0268553999485448,16,0.2683099298129664,0.31765919139156984,0.015050600050017238,13,0.11296770800015082,0.3194544742704811,0.004310499993152916,10,0.12464376516971772,0.3254597381777341,0.0035846999380737543,8,0.10969920063628756,0.3295616408537275,0.0028235999634489417
59,SNR_0db,N,New_N_060.wav,16-13-10-8,DeepONMF_H4,4,nndsvd,0.37859800627992696,8x212,0.02856080001220107,16,0.26751719806726443,0.31911934566087463,0.0159362000413239,13,0.11783924961306602,0.31754750236872786,0.005085899960249662,10,0.11812194444834949,0.3123705294459934,0.0036140000447630882,8,0.10274116108662129,0.31449518811788185,0.002814000006765127
60,SNR_0db,N,New_N_061.wav,16-13-10-8,DeepONMF_H4,4,nndsvd,0.38210938334115896,8x212,0.0285637000342831,16,0.2684275374358437,0.3130157850925934,0.016296999994665384,13,0.12029486433692597,0.3183261836021667,0.004568100092001259,10,0.1174607059157032,0.31629334423211125,0.003891700063832104,8,0.10679848933843063,0.31262165444266926,0.0029733999399468303
61,SNR_0db,N,New_N_062.wav,16-13-10-8,DeepONMF_H4,4,nndsvd,0.3826043671971353,8x212,0.027011999976821244,16,0.2679965960871367,0.3173061418002017,0.015443399897776544,13,0.11941725520519512,0.309184554640662,0.004177799914032221,10,0.12077957453834066,0.32012037724050185,0.0036733000306412578,8,0.10892490694417188,0.32351279983147535,0.0028393000829964876
62,SNR_0db,N,New_N_063.wav,16-13-10-8,DeepONMF_H4,4,nndsvd,0.38035665213213116,8x212,0.02767770003993064,16,0.2669892702470151,0.3190632456859502,0.015439599985256791,13,0.11505500425016495,0.3144529442851346,0.004533299943432212,10,0.11825471686510287,0.31231174301931436,0.0035731999669224024,8,0.10623061957098978,0.31119564742507544,0.002827499993145466
63,SNR_0db,N,New_N_064.wav,16-13-10-8,DeepONMF_H4,4,nndsvd,0.3801230994581791,8x212,0.027977699995972216,16,0.2660819024929944,0.3177665749938524,0.015560800093226135,13,0.11652796338143868,0.32441392773724725,0.004682199913077056,10,0.12109844546645192,0.322880954433419,0.0037323000142350793,8,0.10838585299751646,0.32741810913169456,0.003008000086992979
64,SNR_0db,N,New_N_065.wav,16-13-10-8,DeepONMF_H4,4,nndsvd,0.3756373899730551,8x212,0.02756499999668449,16,0.2645057751685326,0.3171833118217915,0.016002200078219175,13,0.11092162525394333,0.31377107982844565,0.00407729996368289,10,0.11689970695605272,0.31471646307887335,0.0034306999295949936,8,0.10407955080782019,0.3195119351107077,0.003100799978710711
65,SNR_0db,N,New_N_066.wav,16-13-10-8,DeepONMF_H4,4,nndsvd,0.3811004886314447,8x212,0.028592999908141792,16,0.26696325579950925,0.32511571910569675,0.015784499933943152,13,0.11450732165085385,0.32051996015045037,0.005290100001730025,10,0.12077290399397353,0.3261799447461336,0.003603599965572357,8,0.1056360586859012,0.3289799519624304,0.0028241999680176377
66,SNR_0db,N,New_N_067.wav,16-13-10-8,DeepONMF_H4,4,nndsvd,0.3781856923231692,8x212,0.028826800058595836,16,0.2671936135636393,0.3119262630341153,0.016413100063800812,13,0.11502811639832301,0.3107838917185569,0.004250900004990399,10,0.11872615977931698,0.3189228792063379,0.0041615000227466226,8,0.10399686789611824,0.3108857572666527,0.003015899914316833
67,SNR_0db,N,New_N_068.wav,16-13-10-8,DeepONMF_H4,4,nndsvd,0.3836443929697971,8x212,0.027579499990679324,16,0.2721271281317037,0.3242573462264512,0.015626200009137392,13,0.12109893302411817,0.3245892183075813,0.00415890000294894,10,0.11850597227561785,0.33399241658526263,0.0034739000257104635,8,0.10528655338780929,0.331551554930184,0.0028871999820694327
68,SNR_0db,N,New_N_069.wav,16-13-10-8,DeepONMF_H4,4,nndsvd,0.3778436375644823,8x212,0.027918700012378395,16,0.2698647861859591,0.3210048463766389,0.015521800029091537,13,0.11740286080785496,0.3207131531416608,0.005002200021408498,10,0.12028852151862493,0.313414568834304,0.0036050999769940972,8,0.11102635188196829,0.32044604721300585,0.0028578999917954206
69,SNR_0db,N,New_N_070.wav,16-13-10-8,DeepONMF_H4,4,nndsvd,0.379470555065078,8x212,0.03008979989681393,16,0.27041547206163247,0.33503954752637466,0.015970899956300855,13,0.11923147258724501,0.3369921599101548,0.005321300006471574,10,0.12284323456849325,0.3497353678525982,0.004827999975532293,8,0.10972115199148737,0.34317203704800064,0.002903599990531802
70,SNR_0db,N,New_N_071.wav,16-13-10-8,DeepONMF_H4,4,nndsvd,0.3802815074086949,8x212,0.029016199987381697,16,0.2687923464733679,0.33279659290049124,0.016480699996463954,13,0.11365490426369844,0.3321794501637795,0.004500000039115548,10,0.1166822306488549,0.3360486345211971,0.003689599921926856,8,0.10739619058244923,0.34306988067089467,0.0033931999932974577
71,SNR_0db,N,New_N_072.wav,16-13-10-8,DeepONMF_H4,4,nndsvd,0.3828306175935954,8x212,0.027253299951553345,16,0.2715591612336354,0.3170020340770117,0.015616599936038256,13,0.11881487154610058,0.33483029375633044,0.004334299941547215,10,0.12625225321675515,0.3327508940551256,0.0035693999379873276,8,0.11260075159153322,0.3472310161377636,0.002800700021907687
72,SNR_0db,N,New_N_073.wav,16-13-10-8,DeepONMF_H4,4,nndsvd,0.37953956926678456,8x212,0.02896829997189343,16,0.27114826681176224,0.33029489747625274,0.015978100011125207,13,0.11892659794875285,0.33890861487289814,0.0056634999345988035,10,0.11914857658113072,0.34393782649052085,0.003542599966749549,8,0.10639784807190517,0.3379541706209433,0.002790599945001304
73,SNR_0db,N,New_N_074.wav,16-13-10-8,DeepONMF_H4,4,nndsvd,0.3803541084924634,8x212,0.02836980007123202,16,0.2717659584815134,0.3238530893079416,0.01598050002939999,13,0.1126089403256818,0.32432166300432513,0.004682700033299625,10,0.12180340570059921,0.319353487019329,0.003946599899791181,8,0.10804318638431377,0.3236775997086677,0.002875500009395182
74,SNR_0db,N,New_N_075.wav,16-13-10-8,DeepONMF_H4,4,nndsvd,0.38277006206372066,8x212,0.027280400041490793,16,0.26961073452468637,0.31748315200041294,0.015820300090126693,13,0.11738106245568466,0.31343545638813214,0.004403900005854666,10,0.1224204934660552,0.3177609483904703,0.0034413000103086233,8,0.11118165207672379,0.31975007385953197,0.0027306999545544386
75,SNR_0db,N,New_N_076.wav,16-13-10-8,DeepONMF_H4,4,nndsvd,0.3797510548483871,8x212,0.02785870002117008,16,0.27014038215545716,0.3118791122229441,0.015280400053597987,13,0.1165261502091857,0.32277882328985186,0.0052559999749064445,10,0.11853216200500488,0.3183101030864434,0.003547100001014769,8,0.1086451769340722,0.30946883885626253,0.0027712000301107764
76,SNR_0db,N,New_N_077.wav,16-13-10-8,DeepONMF_H4,4,nndsvd,0.3835198925722022,8x212,0.029749799985438585,16,0.27094015242334135,0.3195628444868092,0.016457899939268827,13,0.11990115749484309,0.3201254750202833,0.005102699971757829,10,0.12052626635230773,0.3142870423241818,0.004369499976746738,8,0.10919619219061023,0.3138462379760693,0.002949699992313981
77,SNR_0db,N,New_N_078.wav,16-13-10-8,DeepONMF_H4,4,nndsvd,0.3838088471850441,8x212,0.027299299952574074,16,0.2730972582527611,0.31104753693140297,0.015460899914614856,13,0.11550285067050833,0.3172526649198704,0.004292699974030256,10,0.12106482169396975,0.32722843607115354,0.003508100053295493,8,0.10975447161841913,0.31111911762174743,0.0031540999189019203
78,SNR_0db,N,New_N_079.wav,16-13-10-8,DeepONMF_H4,4,nndsvd,0.38237660032166193,8x212,0.02710299997124821,16,0.267436514379862,0.31920709501901784,0.015008899965323508,13,0.11562383695704924,0.3204290685041648,0.004852900048717856,10,0.12033041786331301,0.31238314278106283,0.0035523000406101346,8,0.11294710397750911,0.30829924335257225,0.002771400031633675
79,SNR_0db,N,New_N_080.wav,16-13-10-8,DeepONMF_H4,4,nndsvd,0.3807263721388544,8x212,0.02868540002964437,16,0.2719641310060543,0.3054145957932854,0.015704000019468367,13,0.12341471579002303,0.30157386814289777,0.005240099970251322,10,0.12138780572634084,0.3080749399930866,0.0038452999433502555,8,0.10909999734903914,0.31398445404019537,0.002860700013116002
80,SNR_0db,N,New_N_081.wav,16-13-10-8,DeepONMF_H4,4,nndsvd,0.38098272125327703,8x212,0.02748970000538975,16,0.270441373960718,0.3272757510174767,0.015525100054219365,13,0.11490367084311551,0.33060698508576675,0.004423099919222295,10,0.12173149927988756,0.33525865156348833,0.003598600043915212,8,0.11254566893351232,0.3383312776634533,0.002899400074966252
81,SNR_0db,N,New_N_082.wav,16-13-10-8,DeepONMF_H4,4,nndsvd,0.37841776732746185,8x212,0.026672600070014596,16,0.26806791740182156,0.3232539511749887,0.01459100004285574,13,0.11643753850616345,0.3220938360364251,0.004545100033283234,10,0.12038876270369286,0.34188210296078314,0.003626000019721687,8,0.10631821539363455,0.34265209035598826,0.0028383000753819942
82,SNR_0db,N,New_N_083.wav,16-13-10-8,DeepONMF_H4,4,nndsvd,0.3779854899354267,8x212,0.028832699987106025,16,0.2695792746841888,0.3211931197297988,0.016519100056029856,13,0.11438869507709577,0.3265983545272692,0.004533899948000908,10,0.1236509447702832,0.3291667632873746,0.003822700004093349,8,0.10855548994518559,0.3240493888116824,0.002900000079534948
83,SNR_0db,N,New_N_084.wav,16-13-10-8,DeepONMF_H4,4,nndsvd,0.3848654990028198,8x212,0.027146599953994155,16,0.27272850441894425,0.32888955239051004,0.01552590006031096,13,0.1194547652811983,0.3154501143092858,0.004423699923790991,10,0.11655108593240983,0.3224881598903124,0.003433799953199923,8,0.10867736258342031,0.3217820810727096,0.0027507999911904335
84,SNR_0db,N,New_N_085.wav,16-13-10-8,DeepONMF_H4,4,nndsvd,0.38005423409589045,8x212,0.02699499996379018,16,0.26828687889734715,0.3112124296748374,0.01498189999256283,13,0.11921142028159969,0.31988930082958605,0.004633100004866719,10,0.12220706531327591,0.3402448253679837,0.0035707999486476183,8,0.10665955528426946,0.33321088638596,0.002798000001348555
85,SNR_0db,N,New_N_086.wav,16-13-10-8,DeepONMF_H4,4,nndsvd,0.3814476150560725,8x212,0.028844199958257377,16,0.2690839108104939,0.3189701729213759,0.01592290005646646,13,0.11362987057228534,0.31270592268120395,0.00519139994867146,10,0.12054998446065476,0.31391979095500233,0.0037804999155923724,8,0.10717553615271196,0.31776651041222237,0.0028235999634489417
86,SNR_0db,N,New_N_087.wav,16-13-10-8,DeepONMF_H4,4,nndsvd,0.38265002776016266,8x212,0.02731639996636659,16,0.27161129430272046,0.3182959588280286,0.015715999994426966,13,0.11548675935755531,0.3151771445872225,0.004196000052616,10,0.12467056180483442,0.31432506681782485,0.003409800003282726,8,0.10836653183106794,0.32096971053446516,0.0027074000099673867
87,SNR_0db,N,New_N_088.wav,16-13-10-8,DeepONMF_H4,4,nndsvd,0.38235232578666606,8x212,0.028199800057336688,16,0.27103169593742815,0.31237346000579663,0.01563100004568696,13,0.11756500073438515,0.3170297312702754,0.004963999963365495,10,0.12082423364087545,0.32536580900723444,0.003635200089775026,8,0.11147131975155807,0.3178179969673858,0.002826599986292422
88,SNR_0db,N,New_N_089.wav,16-13-10-8,DeepONMF_H4,4,nndsvd,0.37750921001053306,8x212,0.029964199988171458,16,0.2686247885128326,0.32289990125303436,0.017083899932913482,13,0.11197019547583466,0.31751092111265095,0.004927400033921003,10,0.12385000572029149,0.32813357412848776,0.003911799984052777,8,0.10656939987350825,0.3310762891942374,0.002960899961180985
89,SNR_0db,N,New_N_090.wav,16-13-10-8,DeepONMF_H4,4,nndsvd,0.3824050677767042,8x212,0.02809099992737174,16,0.27023541760031716,0.31965780538605787,0.015929599991068244,13,0.1178829699782282,0.3241653267649599,0.004488500067964196,10,0.11911674044419027,0.3232484794025423,0.003406900097616017,8,0.10852257233076688,0.32076779581303516,0.0034410000080242753
90,SNR_0db,N,New_N_091.wav,16-13-10-8,DeepONMF_H4,4,nndsvd,0.3856938526250243,8x212,0.02895189996343106,16,0.26751719484056896,0.3108069556566762,0.016659499960951507,13,0.12333280359143008,0.3170344457562821,0.004557499894872308,10,0.12010649908520014,0.3090479959860527,0.003879799973219633,8,0.1106279284473873,0.3044976144099395,0.0030970999505370855
91,SNR_0db,N,New_N_092.wav,16-13-10-8,DeepONMF_H4,4,nndsvd,0.38079721037378716,8x212,0.03037739999126643,16,0.2710984000084156,0.320474725100109,0.017076699994504452,13,0.113785878505456,0.32840405634186537,0.005442099994979799,10,0.12081868699404713,0.33411310119796517,0.003880099975503981,8,0.10506226028243236,0.3274607383792785,0.002992199966683984
92,SNR_0db,N,New_N_093.wav,16-13-10-8,DeepONMF_H4,4,nndsvd,0.3790284954022618,8x212,0.030837700003758073,16,0.2678898287631957,0.31763810737760034,0.01703389990143478,13,0.11330206810816151,0.31344080156178533,0.006004200084134936,10,0.12367101717687203,0.32765731377158364,0.0038517999928444624,8,0.11496943695428334,0.3416808911837085,0.003057599999010563
93,SNR_0db,N,New_N_094.wav,16-13-10-8,DeepONMF_H4,4,nndsvd,0.3818560008310019,8x212,0.03023240005131811,16,0.27164296268031424,0.32253076221247523,0.016542500001378357,13,0.11891597703771209,0.31443096571882423,0.005300799966789782,10,0.12251776838417969,0.3277981517145816,0.004467600025236607,8,0.1086930940984939,0.33611096793805073,0.0031117999460548162
94,SNR_0db,N,New_N_095.wav,16-13-10-8,DeepONMF_H4,4,nndsvd,0.3838302597914836,8x212,0.02965300006326288,16,0.27214651269260104,0.317400756983884,0.016812800080515444,13,0.12263682061038994,0.31554060996974753,0.004476199974305928,10,0.12112769097547325,0.319104889145128,0.003781799925491214,8,0.10332657875349073,0.3208747880695992,0.0036744000390172005
95,SNR_0db,N,New_N_096.wav,16-13-10-8,DeepONMF_H4,4,nndsvd,0.3778395843082413,8x212,0.030342399957589805,16,0.2699201268209782,0.32201423060244694,0.017298699938692153,13,0.11664986019786847,0.31515170623701355,0.004866200033575296,10,0.12185916417698411,0.3245751029253159,0.0038473999593406916,8,0.10321797987233974,0.3177640961119863,0.00321939995046705
96,SNR_0db,N,New_N_097.wav,16-13-10-8,DeepONMF_H4,4,nndsvd,0.37961346035438737,8x212,0.029803800047375262,16,0.26743509806642357,0.32406469114728037,0.0164265000494197,13,0.11817060662580685,0.30532686588215524,0.005179499974474311,10,0.11502878112124039,0.2988132862242059,0.003893100074492395,8,0.10411870835362116,0.3000038504364584,0.003054400091059506
97,SNR_0db,N,New_N_098.wav,16-13-10-8,DeepONMF_H4,4,nndsvd,0.38097187411096073,8x212,0.031080499989911914,16,0.27353367220349895,0.3253767934338381,0.01789510005619377,13,0.11549911058596231,0.32981950269911486,0.005097700050100684,10,0.12162383307372729,0.33214667824729754,0.003937000059522688,8,0.1105157644779195,0.3374510103619001,0.003090800018981099
98,SNR_0db,N,New_N_099.wav,16-13-10-8,DeepONMF_H4,4,nndsvd,0.3795864803824016,8x212,0.03029429994057864,16,0.2666089853329538,0.3181001776484267,0.016554899979382753,13,0.11639899875011372,0.32643630614766805,0.005587000050581992,10,0.11833764065004598,0.32720059367146803,0.00415579997934401,8,0.11023136666925447,0.3434890864256114,0.003091100021265447
99,SNR_0db,N,New_N_100.wav,16-13-10-8,DeepONMF_H4,4,nndsvd,0.3852393368086601,8x212,0.02954299992416054,16,0.27423386989226517,0.3100433823626202,0.016498800017870963,13,0.1149396836870838,0.31555716069539996,0.00445809995289892,10,0.12079621738941596,0.3098738463214071,0.004422100028023124,8,0.10887058432333888,0.3099353710634272,0.003291000030003488
100,SNR_0db,N,New_N_101.wav,16-13-10-8,DeepONMF_H4,4,nndsvd,0.37725204820666436,8x212,0.029741300037130713,16,0.265689872027274,0.31343450186257915,0.017092599999159575,13,0.1118573697495649,0.31447706924256225,0.004490100080147386,10,0.11707453149661826,0.31861171861832355,0.0037597999908030033,8,0.10705651139539037,0.32857664627724803,0.0033611999824643135
101,SNR_0db,N,New_N_102.wav,16-13-10-8,DeepONMF_H4,4,nndsvd,0.38019615531982615,8x212,0.028200500062666833,16,0.2676462448807786,0.32217336529447754,0.015616000047884881,13,0.11570783925937535,0.32221551670143733,0.004874299978837371,10,0.12434185305555123,0.3257182875079559,0.0036467000609263778,8,0.10426652262652823,0.3276148601761561,0.0028245000867173076
102,SNR_0db,N,New_N_103.wav,16-13-10-8,DeepONMF_H4,4,nndsvd,0.3771055253763478,8x212,0.029102199943736196,16,0.26394960768781245,0.31756359682782515,0.016103699919767678,13,0.1194071690750692,0.32705668902973006,0.0052022000309079885,10,0.1190998633558578,0.3360175618259625,0.0037105000810697675,8,0.10549022440551492,0.3462173332757721,0.0028324000304564834
103,SNR_0db,N,New_N_104.wav,16-13-10-8,DeepONMF_H4,4,nndsvd,0.38501946264383796,8x212,0.027844600030221045,16,0.2673306440716498,0.3193366458445858,0.015583000029437244,13,0.11468076202975398,0.3204424643700311,0.004618899896740913,10,0.12448134669910302,0.3177842474968568,0.003449500072747469,8,0.11643468288820145,0.3267831565460804,0.0032157000387087464
104,SNR_0db,N,New_N_105.wav,16-13-10-8,DeepONMF_H4,4,nndsvd,0.3825771080257649,8x212,0.02728410006966442,16,0.27065221272767254,0.3177296509996573,0.015343099948950112,13,0.11660919481201452,0.318523454882513,0.004414499970152974,10,0.12483204218587766,0.328849807610755,0.0036956999683752656,8,0.10868601404418181,0.33014156483170026,0.002864499925635755
105,SNR_0db,N,New_N_106.wav,16-13-10-8,DeepONMF_H4,4,nndsvd,0.38157502664526266,8x212,0.029578099958598614,16,0.2692261752263611,0.31077080153825754,0.0169643999543041,13,0.11298148483589923,0.31380194839619246,0.00526570004876703,10,0.11860921417207954,0.31729438104238555,0.003554799943231046,8,0.10864584121844942,0.3203979738132799,0.002769300015643239
106,SNR_0db,N,New_N_107.wav,16-13-10-8,DeepONMF_H4,4,nndsvd,0.38328191856557015,8x212,0.028407900012098253,16,0.2707652593608133,0.3149765429852787,0.016308199963532388,13,0.1205930777115711,0.3128855854262588,0.004482300020754337,10,0.12335485491404533,0.3135970204754631,0.0038582999259233475,8,0.11009886280893022,0.31803800184750297,0.002883699955418706
107,SNR_0db,N,New_N_108.wav,16-13-10-8,DeepONMF_H4,4,nndsvd,0.38459414886695675,8x212,0.026997399982064962,16,0.27281225986123114,0.3132570376115699,0.01584120001643896,13,0.1182127781413298,0.31676634363657624,0.0041356999427080154,10,0.12080798413991645,0.31676240998135446,0.0034838999854400754,8,0.1088607939099865,0.30662201458518407,0.0027631999691948295
108,SNR_0db,N,New_N_109.wav,16-13-10-8,DeepONMF_H4,4,nndsvd,0.3772263154984155,8x212,0.027986699948087335,16,0.2632473063929763,0.31574103968967493,0.015694500063546002,13,0.11621429011476428,0.3171264172190548,0.0047417000168934464,10,0.1189072554108259,0.33232096958733776,0.0036524999886751175,8,0.1011204089671156,0.3268885849913851,0.002837599953636527
109,SNR_0db,N,New_N_110.wav,16-13-10-8,DeepONMF_H4,4,nndsvd,0.3810386044818755,8x212,0.028272300027310848,16,0.2712964859578087,0.32072715925553713,0.015507700038142502,13,0.11264800776788791,0.329397303359883,0.005229600006714463,10,0.1170857438334139,0.3325211925052091,0.0036834999918937683,8,0.10891526938251468,0.3337436018448225,0.0028148998972028494
