indice_interno,base,clase,archivo,distribucion,representacion,numero_capas,inicializacion_onmf,error_final,forma_h_final,segundos_extraccion_deep,capa_1_rango,capa_1_error,capa_1_ortogonalidad_h,capa_1_segundos,capa_2_rango,capa_2_error,capa_2_ortogonalidad_h,capa_2_segundos,capa_3_rango,capa_3_error,capa_3_ortogonalidad_h,capa_3_segundos
0,original,N,New_N_001.wav,26-14-8,DeepONMF_H3,3,nndsvd,0.1857294085254922,8x212,0.0595958000048995,26,0.07935525077302276,0.18650355308826624,0.04409149999264628,14,0.05638749732714897,0.189163932316681,0.008627800038084388,8,0.05923164502535669,0.21503053001112557,0.0055695000337436795
1,original,N,New_N_002.wav,26-14-8,DeepONMF_H3,3,nndsvd,0.18427067245749681,8x212,0.058051600004546344,26,0.07040694358489992,0.2084608831247929,0.04270280001219362,14,0.057392929295948934,0.16716699176906802,0.008297899970784783,8,0.06188238744604494,0.20244916368037527,0.005705800023861229
2,original,N,New_N_003.wav,26-14-8,DeepONMF_H3,3,nndsvd,0.1854728604137158,8x212,0.059033700032159686,26,0.07727050732900907,0.16255383396467685,0.043439800036139786,14,0.056292965450971,0.17392962162983477,0.008016400039196014,8,0.06004399743499874,0.2236438807193437,0.0063461000099778175
3,original,N,New_N_004.wav,26-14-8,DeepONMF_H3,3,nndsvd,0.18679108632181418,8x212,0.05633819999638945,26,0.07509095213791388,0.18129209563404827,0.0427293999819085,14,0.057373191977525155,0.16495045026666794,0.007757500046864152,8,0.06173340992077238,0.21876377899081323,0.004775899928063154
4,original,N,New_N_005.wav,26-14-8,DeepONMF_H3,3,nndsvd,0.18450442234246553,8x212,0.05558709998149425,26,0.07440201191279038,0.1793452850337848,0.04081399994902313,14,0.05680734888454755,0.19214057681278274,0.007983100018464029,8,0.059907637783135896,0.2525716083003366,0.005815800046548247
5,original,N,New_N_006.wav,26-14-8,DeepONMF_H3,3,nndsvd,0.18599704431483124,8x212,0.07139830000232905,26,0.07917243469453095,0.1883595308248069,0.04346430010627955,14,0.05702237933121899,0.16072433157482893,0.015991899999789894,8,0.0598383611163929,0.1828153520738571,0.010573599953204393
6,original,N,New_N_007.wav,26-14-8,DeepONMF_H3,3,nndsvd,0.18727983750489416,8x212,0.06486859999131411,26,0.07133710792184562,0.18002684518004264,0.04918939992785454,14,0.058148310619078276,0.18907391944689195,0.009269199916161597,8,0.06282079745430019,0.22326906408444375,0.005063799908384681
7,original,N,New_N_008.wav,26-14-8,DeepONMF_H3,3,nndsvd,0.184989805865349,8x212,0.05572770000435412,26,0.06924728173247056,0.16871469622612942,0.04149109998252243,14,0.05675626286499125,0.17749380944624193,0.008062500040978193,8,0.06597321084885509,0.20767690777165607,0.004922899999655783
8,original,N,New_N_009.wav,26-14-8,DeepONMF_H3,3,nndsvd,0.18884426779821012,8x212,0.0569649999961257,26,0.07314495525329921,0.17777737222545045,0.042431100038811564,14,0.05834866794685258,0.1251269211573694,0.007980700000189245,8,0.0646645202766602,0.15302235894037,0.005439900094643235
9,original,N,New_N_010.wav,26-14-8,DeepONMF_H3,3,nndsvd,0.18819367751877644,8x212,0.059573200065642595,26,0.08076726624331218,0.17050861524072025,0.04176449996884912,14,0.057095335542042755,0.1792378663213195,0.009633299894630909,8,0.06447860182619637,0.207668350401141,0.006708499975502491
10,original,N,New_N_011.wav,26-14-8,DeepONMF_H3,3,nndsvd,0.18635664535235863,8x212,0.057867600000463426,26,0.0718034427591733,0.18155820053013313,0.04336840007454157,14,0.05674026577548982,0.1835074590833253,0.008025599992834032,8,0.06310738615346469,0.2790106136499867,0.005426699994131923
11,original,N,New_N_012.wav,26-14-8,DeepONMF_H3,3,nndsvd,0.18531547446428542,8x212,0.062081499956548214,26,0.07109855593854778,0.1956403911452293,0.04371170001104474,14,0.05766576254615018,0.17958424408630702,0.01216270006261766,8,0.06111293224844796,0.2574219752221213,0.004859799984842539
12,original,N,New_N_013.wav,26-14-8,DeepONMF_H3,3,nndsvd,0.1894414822585754,8x212,0.06700160005129874,26,0.07865175995983271,0.17269768706139488,0.049892199924215674,14,0.056703750518103446,0.18012940789984025,0.010774100082926452,8,0.06253468569012692,0.2530587650961253,0.004983499995432794
13,original,N,New_N_014.wav,26-14-8,DeepONMF_H3,3,nndsvd,0.18501082539120184,8x212,0.058359500020742416,26,0.07497787734758295,0.20444024017927948,0.04380500002298504,14,0.05648441122106463,0.19399595154205015,0.008447000058367848,8,0.05999561804466386,0.30372295207284716,0.0048117999685928226
14,original,N,New_N_015.wav,26-14-8,DeepONMF_H3,3,nndsvd,0.1885950355843009,8x212,0.058113600010983646,26,0.07533660441748899,0.1787031779076999,0.04324799997266382,14,0.05787081131076569,0.17594676296877226,0.007969900034368038,8,0.06274711249838677,0.22455252656547509,0.005782000022009015
15,original,N,New_N_016.wav,26-14-8,DeepONMF_H3,3,nndsvd,0.18614371772409816,8x212,0.06530880008358508,26,0.0733666872700921,0.1629154907479619,0.04794050008058548,14,0.05702929959889746,0.17455629667464026,0.011077300063334405,8,0.06335846334566947,0.23939391032197427,0.0053023999789729714
16,original,N,New_N_017.wav,26-14-8,DeepONMF_H3,3,nndsvd,0.18890735704729578,8x212,0.05675610003527254,26,0.07711211052400425,0.17671302168419978,0.04256959992926568,14,0.05768073116281003,0.13825647427162016,0.008098199963569641,8,0.062378724361237314,0.18749628883500913,0.00494689994957298
17,original,N,New_N_018.wav,26-14-8,DeepONMF_H3,3,nndsvd,0.1863000268834912,8x212,0.056722600013017654,26,0.07727486918138199,0.1880687803491292,0.04126040008850396,14,0.05694245308655317,0.18466251615602208,0.007935200002975762,8,0.06003369051594992,0.1896704276376187,0.00621400005184114
18,original,N,New_N_019.wav,26-14-8,DeepONMF_H3,3,nndsvd,0.18702257742777173,8x212,0.05319989996496588,26,0.07960259350177978,0.1822639663524369,0.039432400022633374,14,0.05649101663063872,0.1896245795981415,0.007983900024555624,8,0.060543723121834314,0.22808076373826336,0.004776399931870401
19,original,N,New_N_020.wav,26-14-8,DeepONMF_H3,3,nndsvd,0.18600642538526413,8x212,0.055420299991965294,26,0.07866814219875555,0.18832672839879092,0.04150859999936074,14,0.05694176613239838,0.15949249139893407,0.007814400014467537,8,0.059660138568372004,0.2059773603667448,0.005139899905771017
20,original,N,New_N_021.wav,26-14-8,DeepONMF_H3,3,nndsvd,0.18448628492415778,8x212,0.05611110001336783,26,0.0716320053671007,0.187652622293781,0.04190830001607537,14,0.057065067829889904,0.19542517537268522,0.008020300068892539,8,0.06105152587735106,0.20403861160935324,0.00491760007571429
21,original,N,New_N_022.wav,26-14-8,DeepONMF_H3,3,nndsvd,0.18346061909415376,8x212,0.05549950001295656,26,0.07407706314095899,0.18161484951333176,0.04172690003179014,14,0.05673734289009362,0.14602636305287808,0.007771200034767389,8,0.059437380749559905,0.16629119634021058,0.005004700040444732
22,original,N,New_N_023.wav,26-14-8,DeepONMF_H3,3,nndsvd,0.19131899469437158,8x212,0.054758000071160495,26,0.07051371927754763,0.15422567147052435,0.040776200010441244,14,0.05872072698526203,0.13691018829490928,0.00782729999627918,8,0.06755983924888546,0.16690318318000325,0.00524070009123534
23,original,N,New_N_024.wav,26-14-8,DeepONMF_H3,3,nndsvd,0.18897697730166488,8x212,0.05525089998263866,26,0.07315459493347606,0.17464548737220845,0.04100229998584837,14,0.061169550962500645,0.15814660541630735,0.008205599966458976,8,0.06210445808173769,0.17414664564658575,0.004809799953363836
24,original,N,New_N_025.wav,26-14-8,DeepONMF_H3,3,nndsvd,0.19255988730043025,8x212,0.05465900001581758,26,0.07852201946866104,0.16047993132174151,0.039356500026769936,14,0.058628362056177295,0.14578812073996364,0.009027300053276122,8,0.06899360393700216,0.24814173464234032,0.004977300064638257
25,original,N,New_N_026.wav,26-14-8,DeepONMF_H3,3,nndsvd,0.19048419403553046,8x212,0.05733679991681129,26,0.07557941561281938,0.1714122483257125,0.042231100029312074,14,0.05734811841032381,0.161239288030511,0.007831000024452806,8,0.06706427997964463,0.201462323775008,0.005987899960018694
26,original,N,New_N_027.wav,26-14-8,DeepONMF_H3,3,nndsvd,0.185798230929865,8x212,0.06136629998218268,26,0.074044420150701,0.15934829551402674,0.046944000059738755,14,0.057418358513425645,0.16422706113840885,0.008213700028136373,8,0.06057610645353643,0.2411458648640755,0.004812899976968765
27,original,N,New_N_028.wav,26-14-8,DeepONMF_H3,3,nndsvd,0.18370537650284738,8x212,0.060133099905215204,26,0.07477881959209438,0.17617140525196812,0.043593900045379996,14,0.05607709402342845,0.16446133046445693,0.010345099959522486,8,0.058486527381039884,0.1854734807941074,0.004841999965719879
28,original,N,New_N_029.wav,26-14-8,DeepONMF_H3,3,nndsvd,0.18729941296624228,8x212,0.05729500006418675,26,0.07235943798295214,0.1712564154363417,0.043451700010336936,14,0.05750962030793703,0.1631333389614858,0.007902999990619719,8,0.06271588763986728,0.16600882198202685,0.004763000062666833
29,original,N,New_N_030.wav,26-14-8,DeepONMF_H3,3,nndsvd,0.18872657679207253,8x212,0.05618559999857098,26,0.07657506818736615,0.20212972276785768,0.041722599999047816,14,0.06152924260348765,0.1522755928119021,0.007758200052194297,8,0.06147752350585145,0.16288049964298315,0.005330500076524913
30,original,N,New_N_031.wav,26-14-8,DeepONMF_H3,3,nndsvd,0.18779292341168471,8x212,0.059437100077047944,26,0.07666633229719787,0.18570405766485468,0.045349600026383996,14,0.05756961638377488,0.17159771101262936,0.007932899985462427,8,0.06489947665405328,0.21634024177941244,0.005179499974474311
31,original,N,New_N_032.wav,26-14-8,DeepONMF_H3,3,nndsvd,0.1891909314830369,8x212,0.055359399993903935,26,0.07716394292367003,0.17297410223551257,0.04093169991392642,14,0.058999555991122665,0.1470252948267142,0.008183299913071096,8,0.06380911478150009,0.15303067739934542,0.0052275999914854765
32,original,N,New_N_033.wav,26-14-8,DeepONMF_H3,3,nndsvd,0.187356030165825,8x212,0.05754990002606064,26,0.07242113294541003,0.18123380295579225,0.042467899969778955,14,0.05863939994702644,0.17330677343970663,0.008226599893532693,8,0.06375480293800069,0.23321327944910195,0.005669599981047213
33,original,N,New_N_034.wav,26-14-8,DeepONMF_H3,3,nndsvd,0.18617972166236613,8x212,0.05565679993014783,26,0.07530513029951909,0.18030382809252474,0.041720999986864626,14,0.05681142949982587,0.15100585869162805,0.007986299926415086,8,0.061288928707533226,0.1678015464883885,0.004779099952429533
34,original,N,New_N_035.wav,26-14-8,DeepONMF_H3,3,nndsvd,0.18666936237498183,8x212,0.08673640002962202,26,0.07507115910194799,0.17766246376714273,0.060774900019168854,14,0.057346828673699494,0.15388390565976318,0.013908199965953827,8,0.061399379776286594,0.18647107486497486,0.01059489999897778
35,original,N,New_N_036.wav,26-14-8,DeepONMF_H3,3,nndsvd,0.18824991007600966,8x212,0.07145109993871301,26,0.07427722769866253,0.16315768510323983,0.05026779999025166,14,0.05790950363506755,0.17370290260592533,0.012297100038267672,8,0.061611151308620826,0.23454854690040242,0.007630700012668967
36,original,N,New_N_037.wav,26-14-8,DeepONMF_H3,3,nndsvd,0.17954221649108448,8x212,0.061339300009422004,26,0.06746698347343273,0.16127348892799528,0.04531479999423027,14,0.0555580328467389,0.17705367019175203,0.009884299943223596,8,0.05751698341628465,0.23722534559021288,0.00496060005389154
37,original,N,New_N_038.wav,26-14-8,DeepONMF_H3,3,nndsvd,0.17926210645793422,8x212,0.06646899995394051,26,0.06821549905382061,0.15179874917573574,0.04691359994467348,14,0.055714884281252576,0.16592945509632903,0.011181299923919141,8,0.056898597295251166,0.2162446887057577,0.007156999898143113
38,original,N,New_N_039.wav,26-14-8,DeepONMF_H3,3,nndsvd,0.179048606105178,8x212,0.06807779998052865,26,0.06746553793599917,0.14826626115748642,0.04511439998168498,14,0.05557966428045287,0.15233419188634617,0.012765899999067187,8,0.0574342290252755,0.20161203331105618,0.00905529991723597
39,original,N,New_N_040.wav,26-14-8,DeepONMF_H3,3,nndsvd,0.1787438714354111,8x212,0.0703992999624461,26,0.06706068871889774,0.15755133317287368,0.04770680004730821,14,0.05554124293095543,0.1644077767149927,0.015940299956128,8,0.05674494720171559,0.22897866010269263,0.005343500059098005
40,original,N,New_N_041.wav,26-14-8,DeepONMF_H3,3,nndsvd,0.17898932461104755,8x212,0.058179000043310225,26,0.0646155715867471,0.17683934138668977,0.04364309995435178,14,0.056018330003183965,0.19434815886938953,0.008438500110059977,8,0.056875450314322167,0.25816862770479043,0.004804100026376545
41,original,N,New_N_042.wav,26-14-8,DeepONMF_H3,3,nndsvd,0.1803764245281536,8x212,0.05834550003055483,26,0.06470416348585982,0.17978015025387312,0.04379290004726499,14,0.055818821858331785,0.1182918265859639,0.008512699976563454,8,0.05924127323252505,0.1669831742775263,0.0049242000095546246
42,original,N,New_N_043.wav,26-14-8,DeepONMF_H3,3,nndsvd,0.17927719861257455,8x212,0.05631620006170124,26,0.06516726802834127,0.19540473128721322,0.04157799994572997,14,0.0557415484572201,0.17811223055745046,0.008526299963705242,8,0.05662067041177695,0.19534831785442291,0.00494870007969439
43,original,N,New_N_044.wav,26-14-8,DeepONMF_H3,3,nndsvd,0.17856223442215585,8x212,0.057604100089520216,26,0.06290215262009295,0.20862319506351507,0.04259179998189211,14,0.05584698301970825,0.18886806149501084,0.007927300059236586,8,0.057121615152588054,0.2501532789827362,0.005609100102446973
44,original,N,New_N_045.wav,26-14-8,DeepONMF_H3,3,nndsvd,0.18184166422456136,8x212,0.055643899948336184,26,0.06763085628346824,0.17021444564089763,0.04102400003466755,14,0.05617494116093397,0.1369929963024769,0.008433899958617985,8,0.05953518923252102,0.17132626951831081,0.004814599989913404
45,original,N,New_N_046.wav,26-14-8,DeepONMF_H3,3,nndsvd,0.17956540095784998,8x212,0.056196599965915084,26,0.06506814778392928,0.1936718367366008,0.04204500000923872,14,0.055656516593153404,0.17636272364561156,0.008012000005692244,8,0.057580003826162386,0.29844119513133627,0.004842899972572923
46,original,N,New_N_047.wav,26-14-8,DeepONMF_H3,3,nndsvd,0.17862925511562555,8x212,0.05707560002338141,26,0.06479234677843167,0.17208878041895392,0.042515600100159645,14,0.05561115924597749,0.18119267706351855,0.008491399930790067,8,0.0568068067390302,0.23833778422327093,0.004815899999812245
47,original,N,New_N_048.wav,26-14-8,DeepONMF_H3,3,nndsvd,0.18157173657760567,8x212,0.056434999918565154,26,0.07280296564206273,0.17915331732315865,0.04159409995190799,14,0.055597514721519435,0.14699560708821213,0.008359600091353059,8,0.05648309615264862,0.19781988831321787,0.005462200031615794
48,original,N,New_N_049.wav,26-14-8,DeepONMF_H3,3,nndsvd,0.1783103821575983,8x212,0.05688799999188632,26,0.06115728566386469,0.2118084899863805,0.04140629991889,14,0.05603166296574671,0.1910938277524302,0.008697499986737967,8,0.056851164134071756,0.1909347013238189,0.00582870002835989
49,original,N,New_N_050.wav,26-14-8,DeepONMF_H3,3,nndsvd,0.1790001395622422,8x212,0.06185209995601326,26,0.06627152220831262,0.18814556786672892,0.045487400027923286,14,0.05558796587264502,0.18169477715908755,0.009437000029720366,8,0.056098795921890876,0.2220917834279243,0.005576000083237886
50,original,N,New_N_051.wav,26-14-8,DeepONMF_H3,3,nndsvd,0.18154273323418976,8x212,0.06892690004315227,26,0.07191996995532209,0.161057983748988,0.05274620000272989,14,0.05559879761095206,0.19049315281569865,0.008264900068752468,8,0.05683233708999337,0.2200894414042236,0.006777800037525594
51,original,N,New_N_052.wav,26-14-8,DeepONMF_H3,3,nndsvd,0.17930374483991424,8x212,0.07479009998496622,26,0.06422866816052819,0.18120428396061397,0.045658999937586486,14,0.055676463282791785,0.1649846771550951,0.01650210004299879,8,0.057368038498362896,0.233313816924904,0.011210400029085577
52,original,N,New_N_053.wav,26-14-8,DeepONMF_H3,3,nndsvd,0.17936796279299644,8x212,0.06155510002281517,26,0.06621437272785044,0.18365352601006157,0.0470811000559479,14,0.055627261877749024,0.1942577906624329,0.008077300037257373,8,0.05678752110998965,0.31219121236212866,0.00498710002284497
53,original,N,New_N_054.wav,26-14-8,DeepONMF_H3,3,nndsvd,0.1785219529002697,8x212,0.05486949998885393,26,0.06440513269514332,0.17659975851619536,0.04061070003081113,14,0.05578093871279555,0.17554681038864803,0.00828219996765256,8,0.056345812411691294,0.25660103598548367,0.004827099968679249
54,original,N,New_N_055.wav,26-14-8,DeepONMF_H3,3,nndsvd,0.17837067399414036,8x212,0.05613979999907315,26,0.06289162033000524,0.19467976323792693,0.042564100003801286,14,0.05557704380770999,0.2250584880949336,0.007788000046275556,8,0.05764917516066416,0.2240973567650368,0.00477830006275326
55,original,N,New_N_056.wav,26-14-8,DeepONMF_H3,3,nndsvd,0.18042006995490426,8x212,0.05618489999324083,26,0.0643870245066213,0.20049046965879255,0.04178129998035729,14,0.055885809643141424,0.16561327946032764,0.008001700043678284,8,0.05864132696810624,0.1965675686632308,0.005159099935553968
56,original,N,New_N_057.wav,26-14-8,DeepONMF_H3,3,nndsvd,0.17883211755397205,8x212,0.05654979997780174,26,0.06428658146200843,0.22621873913642926,0.042085799970664084,14,0.05567994391868238,0.20856200190468924,0.008362900000065565,8,0.05637574933677317,0.24776414581730513,0.004773400025442243
57,original,N,New_N_058.wav,26-14-8,DeepONMF_H3,3,nndsvd,0.17830742181601425,8x212,0.057636799989268184,26,0.06256848198728795,0.2016570364861113,0.04235640005208552,14,0.05590647762707524,0.20335216700222014,0.007759900065138936,8,0.056844691007110044,0.26455114106257144,0.0062432000413537025
58,original,N,New_N_059.wav,26-14-8,DeepONMF_H3,3,nndsvd,0.1788613464497145,8x212,0.056408600066788495,26,0.0653877684309039,0.18087149734492847,0.04201390000525862,14,0.055645452736186866,0.20358034977574713,0.008297399966977537,8,0.056902275259914,0.2491149884378258,0.004791200044564903
59,original,N,New_N_060.wav,26-14-8,DeepONMF_H3,3,nndsvd,0.17949991841614168,8x212,0.05690010008402169,26,0.06838586436791065,0.1982699910513112,0.04190860001835972,14,0.05553124424736279,0.19076814420868182,0.008551399921998382,8,0.05602518422812515,0.2588249211986281,0.0050348000368103385
60,original,N,New_N_061.wav,26-14-8,DeepONMF_H3,3,nndsvd,0.18002384859158294,8x212,0.058946600067429245,26,0.06462796198991529,0.18971500489305046,0.043737599975429475,14,0.05608206877517011,0.172332134539192,0.009198199957609177,8,0.057621019636952014,0.22435301601653737,0.004824400064535439
61,original,N,New_N_062.wav,26-14-8,DeepONMF_H3,3,nndsvd,0.17798467589901282,8x212,0.05633980000857264,26,0.06320964925879123,0.2053692925569844,0.042171499924734235,14,0.055589168033967885,0.26357426781416665,0.007978699984960258,8,0.05634834064047547,0.31549151299885353,0.004929900052957237
62,original,N,New_N_063.wav,26-14-8,DeepONMF_H3,3,nndsvd,0.17967955278056214,8x212,0.05403440003283322,26,0.06414762022000148,0.17767077810631257,0.03999030007980764,14,0.056271938997361784,0.1841545075862554,0.007758000050671399,8,0.05720351857507931,0.24005308398051967,0.005051100044511259
63,original,N,New_N_064.wav,26-14-8,DeepONMF_H3,3,nndsvd,0.17859304986743121,8x212,0.05516709992662072,26,0.06313358646527024,0.18543486555275676,0.040294400067068636,14,0.0557912771307817,0.17791977247408858,0.008426100015640259,8,0.05725096051007201,0.25550839835599576,0.004831800004467368
64,original,N,New_N_065.wav,26-14-8,DeepONMF_H3,3,nndsvd,0.17964387714010577,8x212,0.05490720004308969,26,0.06430474067208147,0.1800372759594906,0.040360899991355836,14,0.05586309668583561,0.167269807523621,0.008399600046686828,8,0.05885740222841257,0.19885684800058293,0.004799699992872775
65,original,N,New_N_066.wav,26-14-8,DeepONMF_H3,3,nndsvd,0.17831377035761267,8x212,0.05522219999693334,26,0.06226507658358204,0.18131401255679272,0.04111860005650669,14,0.05574543749856274,0.17685298282048537,0.00785850000102073,8,0.05732868790954521,0.23740609915060226,0.004747900064103305
66,original,N,New_N_067.wav,26-14-8,DeepONMF_H3,3,nndsvd,0.17836132227097748,8x212,0.056460399995557964,26,0.061395473148287465,0.2045259731195094,0.04176930000539869,14,0.055803992812339394,0.1986115304746972,0.008403699961490929,8,0.05757760129992712,0.23190031374094527,0.005115800071507692
67,original,N,New_N_068.wav,26-14-8,DeepONMF_H3,3,nndsvd,0.18053919827572404,8x212,0.05797179997898638,26,0.06591594915571833,0.17406035701541958,0.04298140003811568,14,0.05571438547648906,0.1932287927940484,0.008681099978275597,8,0.05915480128935789,0.22825208238306866,0.004966099979355931
68,original,N,New_N_069.wav,26-14-8,DeepONMF_H3,3,nndsvd,0.18138068005549376,8x212,0.0617137000663206,26,0.06958423850170703,0.17455372129700997,0.044210299965925515,14,0.05621728693787534,0.17686684240453768,0.010800600051879883,8,0.05786867615326641,0.27851640250425824,0.005600899923592806
69,original,N,New_N_070.wav,26-14-8,DeepONMF_H3,3,nndsvd,0.18258014398967773,8x212,0.06209519994445145,26,0.06979439217644616,0.15716020127577568,0.04624719999264926,14,0.05698861437594728,0.1785924491770014,0.008545599994249642,8,0.06030638909151846,0.2611623202729084,0.006290900055319071
70,original,N,New_N_071.wav,26-14-8,DeepONMF_H3,3,nndsvd,0.1811245103496343,8x212,0.0840376999694854,26,0.06604615516440122,0.17896948260990247,0.056781599996611476,14,0.05635732936728998,0.15929895651723897,0.015085000079125166,8,0.05827379660409341,0.1920254528005014,0.010979499900713563
71,original,N,New_N_072.wav,26-14-8,DeepONMF_H3,3,nndsvd,0.1830764828698919,8x212,0.06274560000747442,26,0.07025834203755761,0.17240841908796434,0.0465711000142619,14,0.056268795503511555,0.1843809563485543,0.009246999979950488,8,0.06035479241006011,0.25127950776661295,0.005680500064045191
72,original,N,New_N_073.wav,26-14-8,DeepONMF_H3,3,nndsvd,0.18277402978492638,8x212,0.060900499927811325,26,0.06963950724863588,0.17187539407926763,0.04541920009069145,14,0.05619793438873376,0.1733118910120051,0.009041399927809834,8,0.05965943988045826,0.22012846718901644,0.004945099935866892
73,original,N,New_N_074.wav,26-14-8,DeepONMF_H3,3,nndsvd,0.181260759875006,8x212,0.0640953000402078,26,0.06617938738645295,0.1777420036975396,0.048389200004749,14,0.056333938331313164,0.16482216040579503,0.009436299907974899,8,0.058944732085991734,0.20404571139399266,0.004870899952948093
74,original,N,New_N_075.wav,26-14-8,DeepONMF_H3,3,nndsvd,0.18103098402953335,8x212,0.058795099961571395,26,0.0691106393919619,0.17161068262210835,0.04353639995679259,14,0.05634694013221624,0.2006412686077105,0.008338300045579672,8,0.058133210181854904,0.2371315716590489,0.005859200027771294
75,original,N,New_N_076.wav,26-14-8,DeepONMF_H3,3,nndsvd,0.18417706637637793,8x212,0.05752140004187822,26,0.0723088259433644,0.17831289430529454,0.042823499999940395,14,0.05642928529873672,0.19191129094427462,0.008611600031144917,8,0.0589723155700929,0.2917449580576866,0.005043199984356761
76,original,N,New_N_077.wav,26-14-8,DeepONMF_H3,3,nndsvd,0.1808422252082415,8x212,0.05857880006078631,26,0.0660991063731267,0.19109005592848965,0.04392620001453906,14,0.056165424594954154,0.16378727701146628,0.00831329997163266,8,0.05741173558266208,0.20282083950591653,0.005308500025421381
77,original,N,New_N_078.wav,26-14-8,DeepONMF_H3,3,nndsvd,0.1804138418289835,8x212,0.05727879994083196,26,0.06488908066594727,0.18346393714541248,0.04205410007853061,14,0.05619503657928839,0.18462728301877573,0.00889409997034818,8,0.05826364492387571,0.21126053583878823,0.005140100023709238
78,original,N,New_N_079.wav,26-14-8,DeepONMF_H3,3,nndsvd,0.18324167695920457,8x212,0.060596699942834675,26,0.07014329659961992,0.18566971046976097,0.04567170003429055,14,0.056737065907967114,0.18057365529485478,0.008490400039590895,8,0.05997158626929135,0.2598849222986222,0.0054061999544501305
79,original,N,New_N_080.wav,26-14-8,DeepONMF_H3,3,nndsvd,0.18297856576422084,8x212,0.06095590000040829,26,0.07053525734465035,0.16219737794364344,0.04400019999593496,14,0.056398389452464275,0.16100149256962096,0.009776100050657988,8,0.05952158558798616,0.2318382070085587,0.0061567999655380845
80,original,N,New_N_081.wav,26-14-8,DeepONMF_H3,3,nndsvd,0.18263300816350259,8x212,0.06018849997781217,26,0.07291934031251653,0.18454401373031673,0.04432270000688732,14,0.05600633948663233,0.15701216293131803,0.009065299993380904,8,0.05748174879804742,0.2028892888997112,0.005706000025384128
81,original,N,New_N_082.wav,26-14-8,DeepONMF_H3,3,nndsvd,0.18059670213072498,8x212,0.06140110001433641,26,0.06436653702294111,0.1851722712142372,0.04694929998368025,14,0.05659256897031098,0.22636121903590395,0.007908799918368459,8,0.05812298417157918,0.26172342767881523,0.005439999978989363
82,original,N,New_N_083.wav,26-14-8,DeepONMF_H3,3,nndsvd,0.18298330172322738,8x212,0.06219739990774542,26,0.0717970143834013,0.19069730346952862,0.046573800034821033,14,0.0561617314193552,0.13872103674168945,0.009247899986803532,8,0.05880389622044236,0.16604968220836222,0.004855899955146015
83,original,N,New_N_084.wav,26-14-8,DeepONMF_H3,3,nndsvd,0.1816943446660398,8x212,0.058457499952055514,26,0.0670065767413999,0.17480330745983927,0.04414000001270324,14,0.05636761299309335,0.1572378295122697,0.008184200036339462,8,0.058966239754984176,0.21354005318644514,0.0048328000120818615
84,original,N,New_N_085.wav,26-14-8,DeepONMF_H3,3,nndsvd,0.1801396402889199,8x212,0.060783699969761074,26,0.0662945762662828,0.18677612563319893,0.045047399937175214,14,0.056119315715393595,0.1881633242312989,0.009133499930612743,8,0.058431765293756335,0.20865204755374428,0.005303999991156161
85,original,N,New_N_086.wav,26-14-8,DeepONMF_H3,3,nndsvd,0.1837114567165265,8x212,0.06189370003994554,26,0.07266564075059494,0.19658054545401257,0.046269399928860366,14,0.056730621621143736,0.16561674744004226,0.008962199906818569,8,0.059356847924568884,0.19420430436740485,0.005606699967756867
86,original,N,New_N_087.wav,26-14-8,DeepONMF_H3,3,nndsvd,0.18309766489189847,8x212,0.060210099909454584,26,0.06924948379934785,0.17314802534888638,0.04509679996408522,14,0.056657904949405494,0.14407182880181288,0.008792700013145804,8,0.05946179033208879,0.1939462598739549,0.005129800061695278
87,original,N,New_N_088.wav,26-14-8,DeepONMF_H3,3,nndsvd,0.1822682529462503,8x212,0.060808499925769866,26,0.06843025809481412,0.18561031222869626,0.046303899958729744,14,0.05622455965372752,0.1747477635351084,0.008136900025419891,8,0.060612440424449854,0.23284757303487727,0.005026399972848594
88,original,N,New_N_089.wav,26-14-8,DeepONMF_H3,3,nndsvd,0.1805500271877524,8x212,0.06329299998469651,26,0.06676191025974333,0.1877199243950889,0.045857899938710034,14,0.055999932333192906,0.19621375431818996,0.010784199927002192,8,0.0584674628756731,0.2441392304220519,0.005365899996832013
89,original,N,New_N_090.wav,26-14-8,DeepONMF_H3,3,nndsvd,0.18150688775295604,8x212,0.06180769996717572,26,0.07001767814007988,0.16556464737355822,0.045294899959117174,14,0.056365588446686175,0.1791779684041966,0.009825700079090893,8,0.05809940112558811,0.2624979881212211,0.005195299978367984
90,original,N,New_N_091.wav,26-14-8,DeepONMF_H3,3,nndsvd,0.18196688946722614,8x212,0.060600000084377825,26,0.06969782717812464,0.15488887081270067,0.045130599988624454,14,0.05669290305340502,0.15184821624589037,0.008526699966751039,8,0.06073391969949641,0.25165236335626506,0.005949100013822317
91,original,N,New_N_092.wav,26-14-8,DeepONMF_H3,3,nndsvd,0.17948387117807185,8x212,0.05931919999420643,26,0.06503935892620881,0.1776363999810003,0.04389119998086244,14,0.056109533697829284,0.19556101055477138,0.00937529990915209,8,0.05784448612863019,0.21601776420456228,0.004855599952861667
92,original,N,New_N_093.wav,26-14-8,DeepONMF_H3,3,nndsvd,0.18417059788020723,8x212,0.06081489997450262,26,0.06673402525558612,0.14291717019809588,0.04551389999687672,14,0.05668799231154934,0.1301569205987678,0.008274300023913383,8,0.06290115006757915,0.1660789170141118,0.005995300016365945
93,original,N,New_N_094.wav,26-14-8,DeepONMF_H3,3,nndsvd,0.1839534189371138,8x212,0.05813919997308403,26,0.06992342876575577,0.19017065709250822,0.0432392000220716,14,0.05621615489897923,0.20382905850188193,0.00837539997883141,8,0.06272656174576367,0.2587433169002928,0.00551899999845773
94,original,N,New_N_095.wav,26-14-8,DeepONMF_H3,3,nndsvd,0.18041623563093545,8x212,0.059935899917036295,26,0.0676312769951507,0.19734569217034373,0.04420950007624924,14,0.05572352304672833,0.1969224331116654,0.009777999948710203,8,0.057715489825738715,0.22624825500203816,0.004906000103801489
95,original,N,New_N_096.wav,26-14-8,DeepONMF_H3,3,nndsvd,0.1842486720106655,8x212,0.05871879996266216,26,0.07363683319813683,0.18807802461065298,0.044023600057698786,14,0.05638552868625188,0.1765816985270111,0.008276100037619472,8,0.058959020429928184,0.24215879640547958,0.005041299969889224
96,original,N,New_N_097.wav,26-14-8,DeepONMF_H3,3,nndsvd,0.18346204305478542,8x212,0.0617995000211522,26,0.07175288784628762,0.19428546145723344,0.04707390000112355,14,0.05656514911658465,0.14353088866768607,0.0084198999684304,8,0.059790677246200456,0.20386464861579354,0.004865900031290948
97,original,N,New_N_098.wav,26-14-8,DeepONMF_H3,3,nndsvd,0.18175148661284196,8x212,0.05775379994884133,26,0.06944712349563763,0.18763440100244563,0.04288930003531277,14,0.05628197561908222,0.19041876008234426,0.008377899997867644,8,0.0593467128917508,0.24541427042052005,0.005491800024174154
98,original,N,New_N_099.wav,26-14-8,DeepONMF_H3,3,nndsvd,0.17904817045164934,8x212,0.06378440000116825,26,0.06489861867319084,0.20705545292156285,0.04396909999195486,14,0.055753637542394485,0.22392552151970394,0.010604299954138696,8,0.056887603594784564,0.30082526382615793,0.007733200094662607
99,original,N,New_N_100.wav,26-14-8,DeepONMF_H3,3,nndsvd,0.1782971303871408,8x212,0.0587820999789983,26,0.0626588866379432,0.2094583944360261,0.04395610000938177,14,0.05574542035054926,0.15655933652418616,0.008468599990010262,8,0.05711639427007843,0.15664836122198997,0.004838000051677227
100,original,N,New_N_101.wav,26-14-8,DeepONMF_H3,3,nndsvd,0.17821232634743803,8x212,0.05718669993802905,26,0.062289236757003326,0.18206833870183295,0.04297870001755655,14,0.05576550707347797,0.15867291718561496,0.00785120006185025,8,0.05674674680696927,0.18899152887781326,0.005167499999515712
101,original,N,New_N_102.wav,26-14-8,DeepONMF_H3,3,nndsvd,0.17894901493138565,8x212,0.0564240999519825,26,0.0629050249424079,0.1939211083221277,0.041454600053839386,14,0.055581125937631135,0.21612405093636292,0.008136800024658442,8,0.05782670370215661,0.23633696746184082,0.005724700051359832
102,original,N,New_N_103.wav,26-14-8,DeepONMF_H3,3,nndsvd,0.17833558506614886,8x212,0.05820789991412312,26,0.06339895976430178,0.19361306546285226,0.043197000049985945,14,0.05562475525029128,0.21287002910696348,0.008763100020587444,8,0.057020604078124475,0.29984179249423676,0.00502699997741729
103,original,N,New_N_104.wav,26-14-8,DeepONMF_H3,3,nndsvd,0.1789633277647585,8x212,0.07280379999428988,26,0.0646727929586413,0.20747160731828249,0.050742699997499585,14,0.05583004777392046,0.2059587320058252,0.012976700090803206,8,0.056776613536903144,0.2803240128242403,0.007905400008894503
104,original,N,New_N_105.wav,26-14-8,DeepONMF_H3,3,nndsvd,0.1777308983560777,8x212,0.06323729990981519,26,0.06200236093829008,0.21852625129626682,0.046789800049737096,14,0.05557929280874329,0.18847533623996846,0.010090499999932945,8,0.056735917183937466,0.2654065191937319,0.005005499930121005
105,original,N,New_N_106.wav,26-14-8,DeepONMF_H3,3,nndsvd,0.1789359603752628,8x212,0.06317229999694973,26,0.06484903921050529,0.16980911303801025,0.046767699997872114,14,0.05571531187124016,0.17946355151443946,0.009939500014297664,8,0.0565820368066619,0.2250338937478063,0.004839800065383315
106,original,N,New_N_107.wav,26-14-8,DeepONMF_H3,3,nndsvd,0.17802880470420748,8x212,0.06497810001019388,26,0.06257636518065882,0.19487044474680443,0.045102400006726384,14,0.055748345974561575,0.21050992299519286,0.013744500000029802,8,0.05634385837521701,0.28309717193811423,0.005174200050532818
107,original,N,New_N_108.wav,26-14-8,DeepONMF_H3,3,nndsvd,0.1800744323667827,8x212,0.06452959997113794,26,0.06722187873792645,0.1822531208163995,0.046081000007689,14,0.05562121372171203,0.18334537015805624,0.012204499915242195,8,0.05689286503639806,0.2426052436260188,0.00504179997369647
108,original,N,New_N_109.wav,26-14-8,DeepONMF_H3,3,nndsvd,0.17829225512456578,8x212,0.06805239990353584,26,0.06052366521313804,0.18064029584613314,0.04609320010058582,14,0.055742496963825196,0.16672063743552176,0.013757100095972419,8,0.056957424337487156,0.28333547495812994,0.0070729999570176005
109,original,N,New_N_110.wav,26-14-8,DeepONMF_H3,3,nndsvd,0.1794704498110205,8x212,0.06108790007419884,26,0.06459626614119722,0.17831093700608225,0.044419099926017225,14,0.05586945699132042,0.18838826357227817,0.008013600017875433,8,0.05736783136654123,0.25781939316022184,0.007442299975082278
110,original,N,New_N_111.wav,26-14-8,DeepONMF_H3,3,nndsvd,0.17776467373121432,8x212,0.05972540006041527,26,0.060699027413952916,0.20448677643164612,0.0455715999705717,14,0.055709207251001085,0.21634413730090987,0.008011500001884997,8,0.057333336889911664,0.24259548936661388,0.005024000070989132
111,original,N,New_N_112.wav,26-14-8,DeepONMF_H3,3,nndsvd,0.17817775969505503,8x212,0.056933099986054,26,0.06231360880986644,0.18668472774857578,0.04262610001023859,14,0.055923436897491775,0.20745899266156645,0.00794579996727407,8,0.05617143666955118,0.282115002132509,0.0050995999481529
112,original,N,New_N_113.wav,26-14-8,DeepONMF_H3,3,nndsvd,0.17869556908106454,8x212,0.057229200028814375,26,0.06337822747442994,0.1697217312287108,0.042839800007641315,14,0.055932055294666,0.14803986165202335,0.008450599969364703,8,0.05754163809010327,0.19320696784295016,0.00480490003246814
113,original,N,New_N_114.wav,26-14-8,DeepONMF_H3,3,nndsvd,0.18146107002817038,8x212,0.05873930000234395,26,0.06978625965794444,0.1720967213101153,0.04369079996831715,14,0.05559719281061098,0.15830911540076012,0.008193399989977479,8,0.057970411727394026,0.20280543549279617,0.0054612000240013
114,original,N,New_N_115.wav,26-14-8,DeepONMF_H3,3,nndsvd,0.1784007428366061,8x212,0.06167770002502948,26,0.06295503702886605,0.20073825432861878,0.046186599996872246,14,0.05581437464359629,0.1928914846524548,0.008358299965038896,8,0.056843953601062605,0.2730606494542355,0.005411699996329844
115,original,N,New_N_116.wav,26-14-8,DeepONMF_H3,3,nndsvd,0.17846003369748917,8x212,0.057614299934357405,26,0.06405523988136717,0.15938259256195383,0.0431503999279812,14,0.05566171158695905,0.14875471027736503,0.008148099994286895,8,0.05694551894828986,0.1993583036494395,0.004832100006751716
116,original,N,New_N_117.wav,26-14-8,DeepONMF_H3,3,nndsvd,0.17776749910256973,8x212,0.05736440001055598,26,0.06264271184815973,0.22540411391927806,0.04241140000522137,14,0.05562567161909572,0.27200192622856406,0.008411400020122528,8,0.05595786491765779,0.31946303481763566,0.005271399975754321
117,original,N,New_N_118.wav,26-14-8,DeepONMF_H3,3,nndsvd,0.17916795876363417,8x212,0.058756900019943714,26,0.0648437463705338,0.17015125485907975,0.04366560000926256,14,0.05576094645006636,0.14967615564126538,0.008905500057153404,8,0.05688349984680766,0.16971927667751205,0.005012999987229705
118,original,N,New_N_119.wav,26-14-8,DeepONMF_H3,3,nndsvd,0.17932453355028696,8x212,0.05631550005637109,26,0.06497505331504899,0.17724506268724524,0.0421339999884367,14,0.055709824264275516,0.2167164575491429,0.008313799975439906,8,0.05690613707044074,0.26092702887221375,0.004791000043042004
119,original,N,New_N_120.wav,26-14-8,DeepONMF_H3,3,nndsvd,0.17923452229730963,8x212,0.05998280004132539,26,0.06537287448697031,0.19908237976178308,0.04474170005414635,14,0.05577987017483344,0.1827241619644157,0.008360199979506433,8,0.05686527761588367,0.2549752415765466,0.005662900046445429
120,original,N,New_N_121.wav,26-14-8,DeepONMF_H3,3,nndsvd,0.17841252120799966,8x212,0.05895999993663281,26,0.06185821400443763,0.16914899990177393,0.044210199965164065,14,0.05593366329814627,0.16643728882596376,0.00869709998369217,8,0.0580650112903552,0.21149223624878613,0.004899100051261485
121,original,N,New_N_122.wav,26-14-8,DeepONMF_H3,3,nndsvd,0.1818903224641496,8x212,0.05811890005134046,26,0.0651476143594491,0.19535038282766365,0.04299970006104559,14,0.056784489298670256,0.14048508839157137,0.008531600004062057,8,0.05962197747376887,0.1903172926757648,0.0052556999726220965
122,original,N,New_N_123.wav,26-14-8,DeepONMF_H3,3,nndsvd,0.17891477413667864,8x212,0.05629940005019307,26,0.06216055456417635,0.1852972516285675,0.04169520002324134,14,0.05584590272738831,0.1605572125202456,0.00834439997561276,8,0.05758572057506565,0.23240777837315166,0.00514549994841218
123,original,N,New_N_124.wav,26-14-8,DeepONMF_H3,3,nndsvd,0.17822660101316937,8x212,0.0567119000479579,26,0.06121395228271216,0.20505508856456467,0.04210149997379631,14,0.05553215199244673,0.17811439772990617,0.00817120005376637,8,0.058201717377751566,0.20795387553709935,0.005467600072734058
124,original,N,New_N_125.wav,26-14-8,DeepONMF_H3,3,nndsvd,0.17939797952273503,8x212,0.06611249991692603,26,0.06558507324636532,0.20315572383171956,0.04218089999631047,14,0.05571075260669768,0.17762205544727364,0.014629400102421641,8,0.05687751820450329,0.23829436401730256,0.008094699936918914
125,original,N,New_N_126.wav,26-14-8,DeepONMF_H3,3,nndsvd,0.1811300885725322,8x212,0.06376819999422878,26,0.07233258957644277,0.15964235324470108,0.049612300004810095,14,0.05559660658768489,0.17576609838714546,0.008180400007404387,8,0.05684004915728649,0.2591101467765824,0.00486270000692457
126,original,N,New_N_127.wav,26-14-8,DeepONMF_H3,3,nndsvd,0.1803783243370799,8x212,0.05863779992796481,26,0.06555830554357078,0.15602904982610571,0.04388350003864616,14,0.056662266487499356,0.18183085865525633,0.00852949998807162,8,0.05807104490471729,0.26451828982659936,0.0048408000729978085
127,original,N,New_N_128.wav,26-14-8,DeepONMF_H3,3,nndsvd,0.18159128860708623,8x212,0.06579320004675537,26,0.06658629778660032,0.13844575282766583,0.04916819999925792,14,0.05628318388979263,0.19393680620007794,0.008301199995912611,8,0.05921515592915105,0.27168903242852477,0.007236400037072599
128,original,N,New_N_129.wav,26-14-8,DeepONMF_H3,3,nndsvd,0.18051075856316323,8x212,0.06066269997972995,26,0.06335871259389177,0.16662686280603806,0.04611400002613664,14,0.05592752501607365,0.18296286867318426,0.008315499988384545,8,0.06007281144612257,0.21430461932803047,0.0049851000076159835
129,original,N,New_N_130.wav,26-14-8,DeepONMF_H3,3,nndsvd,0.17966936992553448,8x212,0.061466599931009114,26,0.06369514892664604,0.17872557742137818,0.045185199938714504,14,0.05599327113711382,0.20795812964419078,0.010064200032502413,8,0.05709452049659302,0.284278772730831,0.00483729992993176
130,original,N,New_N_131.wav,26-14-8,DeepONMF_H3,3,nndsvd,0.17962621517148894,8x212,0.06260279996786267,26,0.06681275501458601,0.15926696936275486,0.04604569997172803,14,0.055842206204658205,0.19570042174823538,0.009244699962437153,8,0.057194665570025775,0.2576294544866787,0.006090800045058131
131,original,N,New_N_132.wav,26-14-8,DeepONMF_H3,3,nndsvd,0.18237397366695257,8x212,0.06114249990787357,26,0.0712053533521979,0.1781126947207492,0.04669300001114607,14,0.055993347429660785,0.14098129934776593,0.007925800047814846,8,0.05917691298342313,0.2128383674616849,0.00542559998575598
132,original,N,New_N_133.wav,26-14-8,DeepONMF_H3,3,nndsvd,0.17930710989683776,8x212,0.05694809998385608,26,0.06450766740764875,0.18393112727596156,0.04197710007429123,14,0.05611016548178669,0.18701826520234302,0.009091999963857234,8,0.05814229510435859,0.24724315625987398,0.004807999939657748
133,original,N,New_N_134.wav,26-14-8,DeepONMF_H3,3,nndsvd,0.17957781918859778,8x212,0.06081960001029074,26,0.06468415110137805,0.17896316364333775,0.04125490004662424,14,0.05580454401895927,0.19389638340039053,0.01236089994199574,8,0.05724161796593057,0.2783493244974293,0.00620639999397099
134,original,N,New_N_135.wav,26-14-8,DeepONMF_H3,3,nndsvd,0.18643712078362584,8x212,0.05723500007297844,26,0.06510700470826285,0.15247475709204636,0.042530600097961724,14,0.05944079736318293,0.14512723943196762,0.00859320000745356,8,0.06253120113718981,0.19300084802217127,0.005132599966600537
